         2,2020092000,   -0.251,   -0.333,   -0.245, -999.000, -999.000,   -0.250,   -0.333,   -0.244, -999.000, -999.000,    0.094,    0.034,    0.094, -999.000, -999.000,    0.094,    0.034,    0.094, -999.000, -999.000,
         2,2020091918,   -0.247,   -0.328,   -0.241, -999.000, -999.000,   -0.246,   -0.328,   -0.241, -999.000, -999.000,    0.093,    0.034,    0.093, -999.000, -999.000,    0.093,    0.034,    0.093, -999.000, -999.000,
         2,2020091912,   -0.242,   -0.326,   -0.235, -999.000, -999.000,   -0.241,   -0.326,   -0.234, -999.000, -999.000,    0.092,    0.036,    0.092, -999.000, -999.000,    0.092,    0.036,    0.092, -999.000, -999.000,
         2,2020091906,   -0.239,   -0.328,   -0.232, -999.000, -999.000,   -0.239,   -0.328,   -0.232, -999.000, -999.000,    0.091,    0.036,    0.090, -999.000, -999.000,    0.091,    0.036,    0.090, -999.000, -999.000,
         2,2020091900,   -0.244,   -0.339,   -0.237, -999.000, -999.000,   -0.244,   -0.339,   -0.237, -999.000, -999.000,    0.094,    0.039,    0.093, -999.000, -999.000,    0.094,    0.039,    0.093, -999.000, -999.000,
         2,2020091818,   -0.246,   -0.344,   -0.238, -999.000, -999.000,   -0.246,   -0.343,   -0.238, -999.000, -999.000,    0.094,    0.037,    0.093, -999.000, -999.000,    0.094,    0.037,    0.093, -999.000, -999.000,
         2,2020091812,   -0.242,   -0.340,   -0.233, -999.000, -999.000,   -0.242,   -0.340,   -0.233, -999.000, -999.000,    0.094,    0.035,    0.093, -999.000, -999.000,    0.094,    0.035,    0.093, -999.000, -999.000,
         2,2020091806,   -0.239,   -0.338,   -0.229, -999.000, -999.000,   -0.239,   -0.338,   -0.229, -999.000, -999.000,    0.094,    0.035,    0.092, -999.000, -999.000,    0.094,    0.035,    0.092, -999.000, -999.000,
         2,2020091800,   -0.246,   -0.345,   -0.237, -999.000, -999.000,   -0.246,   -0.345,   -0.237, -999.000, -999.000,    0.095,    0.036,    0.093, -999.000, -999.000,    0.095,    0.036,    0.093, -999.000, -999.000,
         2,2020091718,   -0.251,   -0.348,   -0.242, -999.000, -999.000,   -0.251,   -0.348,   -0.243, -999.000, -999.000,    0.095,    0.037,    0.093, -999.000, -999.000,    0.095,    0.037,    0.093, -999.000, -999.000,
         2,2020091712,   -0.249,   -0.338,   -0.240, -999.000, -999.000,   -0.248,   -0.338,   -0.240, -999.000, -999.000,    0.092,    0.036,    0.092, -999.000, -999.000,    0.092,    0.036,    0.092, -999.000, -999.000,
         2,2020091706,   -0.246,   -0.337,   -0.238, -999.000, -999.000,   -0.246,   -0.337,   -0.237, -999.000, -999.000,    0.092,    0.036,    0.091, -999.000, -999.000,    0.092,    0.036,    0.091, -999.000, -999.000,
         2,2020091700,   -0.251,   -0.349,   -0.243, -999.000, -999.000,   -0.251,   -0.349,   -0.243, -999.000, -999.000,    0.094,    0.036,    0.093, -999.000, -999.000,    0.094,    0.036,    0.093, -999.000, -999.000,
         2,2020091618,   -0.249,   -0.344,   -0.241, -999.000, -999.000,   -0.249,   -0.344,   -0.241, -999.000, -999.000,    0.094,    0.037,    0.093, -999.000, -999.000,    0.094,    0.037,    0.093, -999.000, -999.000,
         2,2020091612,   -0.245,   -0.335,   -0.237, -999.000, -999.000,   -0.245,   -0.335,   -0.237, -999.000, -999.000,    0.091,    0.036,    0.090, -999.000, -999.000,    0.091,    0.036,    0.090, -999.000, -999.000,
         2,2020091606,   -0.244,   -0.336,   -0.236, -999.000, -999.000,   -0.244,   -0.336,   -0.236, -999.000, -999.000,    0.090,    0.036,    0.089, -999.000, -999.000,    0.090,    0.036,    0.089, -999.000, -999.000,
         2,2020091600,   -0.252,   -0.347,   -0.244, -999.000, -999.000,   -0.252,   -0.346,   -0.244, -999.000, -999.000,    0.093,    0.037,    0.092, -999.000, -999.000,    0.093,    0.037,    0.092, -999.000, -999.000,
         2,2020091518,   -0.251,   -0.347,   -0.244, -999.000, -999.000,   -0.252,   -0.347,   -0.244, -999.000, -999.000,    0.094,    0.037,    0.093, -999.000, -999.000,    0.094,    0.037,    0.093, -999.000, -999.000,
         2,2020091512,   -0.251,   -0.342,   -0.243, -999.000, -999.000,   -0.252,   -0.341,   -0.244, -999.000, -999.000,    0.094,    0.037,    0.093, -999.000, -999.000,    0.094,    0.037,    0.093, -999.000, -999.000,
         2,2020091506,   -0.252,   -0.343,   -0.244, -999.000, -999.000,   -0.252,   -0.343,   -0.245, -999.000, -999.000,    0.092,    0.036,    0.092, -999.000, -999.000,    0.092,    0.036,    0.092, -999.000, -999.000,
         2,2020091500,   -0.258,   -0.350,   -0.251, -999.000, -999.000,   -0.257,   -0.349,   -0.251, -999.000, -999.000,    0.094,    0.037,    0.094, -999.000, -999.000,    0.094,    0.037,    0.094, -999.000, -999.000,
         2,2020091418,   -0.258,   -0.349,   -0.252, -999.000, -999.000,   -0.258,   -0.349,   -0.252, -999.000, -999.000,    0.096,    0.038,    0.095, -999.000, -999.000,    0.096,    0.038,    0.095, -999.000, -999.000,
         2,2020091412,   -0.249,   -0.337,   -0.241, -999.000, -999.000,   -0.249,   -0.337,   -0.241, -999.000, -999.000,    0.093,    0.037,    0.093, -999.000, -999.000,    0.093,    0.036,    0.093, -999.000, -999.000,
         2,2020091406,   -0.250,   -0.344,   -0.242, -999.000, -999.000,   -0.250,   -0.344,   -0.242, -999.000, -999.000,    0.094,    0.037,    0.093, -999.000, -999.000,    0.094,    0.037,    0.093, -999.000, -999.000,
         2,2020091400,   -0.254,   -0.351,   -0.246, -999.000, -999.000,   -0.254,   -0.351,   -0.246, -999.000, -999.000,    0.096,    0.037,    0.095, -999.000, -999.000,    0.096,    0.037,    0.095, -999.000, -999.000,
         2,2020091318,   -0.252,   -0.344,   -0.245, -999.000, -999.000,   -0.252,   -0.344,   -0.246, -999.000, -999.000,    0.098,    0.037,    0.097, -999.000, -999.000,    0.098,    0.037,    0.097, -999.000, -999.000,
         2,2020091312,   -0.251,   -0.342,   -0.241, -999.000, -999.000,   -0.251,   -0.341,   -0.242, -999.000, -999.000,    0.095,    0.036,    0.095, -999.000, -999.000,    0.095,    0.036,    0.095, -999.000, -999.000,
         2,2020091306,   -0.251,   -0.344,   -0.243, -999.000, -999.000,   -0.251,   -0.343,   -0.243, -999.000, -999.000,    0.096,    0.035,    0.095, -999.000, -999.000,    0.096,    0.035,    0.095, -999.000, -999.000,
         2,2020091300,   -0.252,   -0.350,   -0.243, -999.000, -999.000,   -0.252,   -0.351,   -0.244, -999.000, -999.000,    0.096,    0.036,    0.095, -999.000, -999.000,    0.096,    0.036,    0.095, -999.000, -999.000,
         2,2020091218,   -0.249,   -0.355,   -0.239, -999.000, -999.000,   -0.249,   -0.355,   -0.239, -999.000, -999.000,    0.098,    0.037,    0.096, -999.000, -999.000,    0.098,    0.037,    0.096, -999.000, -999.000,
         2,2020091212,   -0.244,   -0.345,   -0.233, -999.000, -999.000,   -0.245,   -0.345,   -0.233, -999.000, -999.000,    0.096,    0.037,    0.093, -999.000, -999.000,    0.096,    0.037,    0.093, -999.000, -999.000,
         2,2020091206,   -0.246,   -0.342,   -0.237, -999.000, -999.000,   -0.246,   -0.342,   -0.237, -999.000, -999.000,    0.094,    0.035,    0.092, -999.000, -999.000,    0.094,    0.035,    0.092, -999.000, -999.000,
         2,2020091200,   -0.251,   -0.349,   -0.242, -999.000, -999.000,   -0.252,   -0.349,   -0.242, -999.000, -999.000,    0.096,    0.036,    0.094, -999.000, -999.000,    0.096,    0.037,    0.094, -999.000, -999.000,
         2,2020091118,   -0.249,   -0.362,   -0.240, -999.000, -999.000,   -0.249,   -0.361,   -0.240, -999.000, -999.000,    0.098,    0.034,    0.096, -999.000, -999.000,    0.098,    0.034,    0.096, -999.000, -999.000,
         2,2020091112,   -0.242,   -0.344,   -0.232, -999.000, -999.000,   -0.242,   -0.344,   -0.232, -999.000, -999.000,    0.094,    0.037,    0.092, -999.000, -999.000,    0.094,    0.037,    0.092, -999.000, -999.000,
         2,2020091106,   -0.246,   -0.344,   -0.238, -999.000, -999.000,   -0.246,   -0.343,   -0.238, -999.000, -999.000,    0.094,    0.037,    0.093, -999.000, -999.000,    0.094,    0.037,    0.093, -999.000, -999.000,
         2,2020091100,   -0.250,   -0.350,   -0.241, -999.000, -999.000,   -0.250,   -0.350,   -0.242, -999.000, -999.000,    0.097,    0.038,    0.096, -999.000, -999.000,    0.097,    0.038,    0.096, -999.000, -999.000,
         2,2020091018,   -0.250,   -0.351,   -0.242, -999.000, -999.000,   -0.250,   -0.351,   -0.242, -999.000, -999.000,    0.098,    0.040,    0.097, -999.000, -999.000,    0.098,    0.040,    0.097, -999.000, -999.000,
         2,2020091012,   -0.242,   -0.340,   -0.234, -999.000, -999.000,   -0.243,   -0.340,   -0.234, -999.000, -999.000,    0.095,    0.038,    0.093, -999.000, -999.000,    0.095,    0.038,    0.093, -999.000, -999.000,
         2,2020091006,   -0.244,   -0.340,   -0.237, -999.000, -999.000,   -0.244,   -0.339,   -0.237, -999.000, -999.000,    0.093,    0.038,    0.092, -999.000, -999.000,    0.093,    0.038,    0.092, -999.000, -999.000,
         2,2020091000,   -0.249,   -0.344,   -0.242, -999.000, -999.000,   -0.249,   -0.343,   -0.242, -999.000, -999.000,    0.094,    0.039,    0.094, -999.000, -999.000,    0.094,    0.039,    0.094, -999.000, -999.000,
         2,2020090918,   -0.246,   -0.343,   -0.239, -999.000, -999.000,   -0.247,   -0.343,   -0.240, -999.000, -999.000,    0.095,    0.041,    0.094, -999.000, -999.000,    0.095,    0.041,    0.094, -999.000, -999.000,
         2,2020090912,   -0.234,   -0.332,   -0.226, -999.000, -999.000,   -0.234,   -0.332,   -0.226, -999.000, -999.000,    0.092,    0.038,    0.090, -999.000, -999.000,    0.092,    0.038,    0.090, -999.000, -999.000,
         2,2020090906,   -0.240,   -0.335,   -0.233, -999.000, -999.000,   -0.240,   -0.334,   -0.233, -999.000, -999.000,    0.092,    0.039,    0.091, -999.000, -999.000,    0.092,    0.039,    0.091, -999.000, -999.000,
         2,2020090900,   -0.241,   -0.339,   -0.234, -999.000, -999.000,   -0.242,   -0.338,   -0.234, -999.000, -999.000,    0.093,    0.038,    0.091, -999.000, -999.000,    0.093,    0.038,    0.091, -999.000, -999.000,
         2,2020090818,   -0.244,   -0.339,   -0.238, -999.000, -999.000,   -0.245,   -0.339,   -0.238, -999.000, -999.000,    0.095,    0.039,    0.094, -999.000, -999.000,    0.095,    0.039,    0.094, -999.000, -999.000,
         2,2020090812,   -0.250,   -0.344,   -0.242, -999.000, -999.000,   -0.251,   -0.344,   -0.243, -999.000, -999.000,    0.095,    0.038,    0.094, -999.000, -999.000,    0.095,    0.038,    0.094, -999.000, -999.000,
         2,2020090806,   -0.249,   -0.341,   -0.242, -999.000, -999.000,   -0.249,   -0.340,   -0.242, -999.000, -999.000,    0.092,    0.037,    0.092, -999.000, -999.000,    0.092,    0.036,    0.092, -999.000, -999.000,
         2,2020090800,   -0.246,   -0.340,   -0.238, -999.000, -999.000,   -0.245,   -0.340,   -0.238, -999.000, -999.000,    0.092,    0.035,    0.091, -999.000, -999.000,    0.092,    0.035,    0.091, -999.000, -999.000,
         2,2020090718,   -0.247,   -0.343,   -0.239, -999.000, -999.000,   -0.246,   -0.343,   -0.239, -999.000, -999.000,    0.095,    0.036,    0.094, -999.000, -999.000,    0.095,    0.036,    0.094, -999.000, -999.000,
         2,2020090712,   -0.246,   -0.342,   -0.237, -999.000, -999.000,   -0.246,   -0.341,   -0.237, -999.000, -999.000,    0.096,    0.036,    0.095, -999.000, -999.000,    0.096,    0.036,    0.095, -999.000, -999.000,
         2,2020090706,   -0.248,   -0.341,   -0.240, -999.000, -999.000,   -0.247,   -0.341,   -0.240, -999.000, -999.000,    0.095,    0.034,    0.094, -999.000, -999.000,    0.095,    0.034,    0.094, -999.000, -999.000,
         2,2020090700,   -0.246,   -0.342,   -0.237, -999.000, -999.000,   -0.245,   -0.342,   -0.237, -999.000, -999.000,    0.093,    0.034,    0.092, -999.000, -999.000,    0.093,    0.034,    0.092, -999.000, -999.000,
         2,2020090618,   -0.252,   -0.355,   -0.242, -999.000, -999.000,   -0.251,   -0.355,   -0.242, -999.000, -999.000,    0.098,    0.035,    0.097, -999.000, -999.000,    0.098,    0.035,    0.097, -999.000, -999.000,
         2,2020090612,   -0.251,   -0.353,   -0.240, -999.000, -999.000,   -0.250,   -0.352,   -0.240, -999.000, -999.000,    0.099,    0.035,    0.097, -999.000, -999.000,    0.099,    0.035,    0.097, -999.000, -999.000,
         2,2020090606,   -0.250,   -0.345,   -0.242, -999.000, -999.000,   -0.250,   -0.345,   -0.242, -999.000, -999.000,    0.096,    0.036,    0.096, -999.000, -999.000,    0.096,    0.036,    0.096, -999.000, -999.000,
         2,2020090600,   -0.252,   -0.346,   -0.244, -999.000, -999.000,   -0.251,   -0.346,   -0.244, -999.000, -999.000,    0.096,    0.036,    0.095, -999.000, -999.000,    0.096,    0.036,    0.095, -999.000, -999.000,
         2,2020090518,   -0.256,   -0.359,   -0.247, -999.000, -999.000,   -0.256,   -0.360,   -0.247, -999.000, -999.000,    0.099,    0.038,    0.097, -999.000, -999.000,    0.099,    0.038,    0.097, -999.000, -999.000,
         2,2020090512,   -0.248,   -0.347,   -0.238, -999.000, -999.000,   -0.248,   -0.347,   -0.238, -999.000, -999.000,    0.094,    0.037,    0.092, -999.000, -999.000,    0.094,    0.037,    0.092, -999.000, -999.000,
         2,2020090506,   -0.250,   -0.345,   -0.241, -999.000, -999.000,   -0.249,   -0.344,   -0.241, -999.000, -999.000,    0.094,    0.037,    0.093, -999.000, -999.000,    0.094,    0.037,    0.093, -999.000, -999.000,
         2,2020090500,   -0.245,   -0.343,   -0.237, -999.000, -999.000,   -0.245,   -0.343,   -0.236, -999.000, -999.000,    0.094,    0.038,    0.092, -999.000, -999.000,    0.094,    0.038,    0.092, -999.000, -999.000,
         2,2020090418,   -0.249,   -0.350,   -0.238, -999.000, -999.000,   -0.249,   -0.350,   -0.238, -999.000, -999.000,    0.097,    0.038,    0.095, -999.000, -999.000,    0.097,    0.039,    0.095, -999.000, -999.000,
         2,2020090412,   -0.245,   -0.347,   -0.233, -999.000, -999.000,   -0.245,   -0.347,   -0.233, -999.000, -999.000,    0.098,    0.037,    0.096, -999.000, -999.000,    0.098,    0.036,    0.096, -999.000, -999.000,
         2,2020090406,   -0.250,   -0.344,   -0.240, -999.000, -999.000,   -0.250,   -0.344,   -0.240, -999.000, -999.000,    0.097,    0.036,    0.096, -999.000, -999.000,    0.097,    0.036,    0.096, -999.000, -999.000,
         2,2020090400,   -0.246,   -0.341,   -0.238, -999.000, -999.000,   -0.247,   -0.341,   -0.238, -999.000, -999.000,    0.095,    0.036,    0.094, -999.000, -999.000,    0.095,    0.036,    0.094, -999.000, -999.000,
         2,2020090318,   -0.252,   -0.354,   -0.242, -999.000, -999.000,   -0.253,   -0.354,   -0.243, -999.000, -999.000,    0.099,    0.038,    0.097, -999.000, -999.000,    0.099,    0.038,    0.097, -999.000, -999.000,
         2,2020090312,   -0.245,   -0.348,   -0.233, -999.000, -999.000,   -0.245,   -0.348,   -0.233, -999.000, -999.000,    0.098,    0.038,    0.096, -999.000, -999.000,    0.098,    0.038,    0.096, -999.000, -999.000,
         2,2020090306,   -0.245,   -0.341,   -0.237, -999.000, -999.000,   -0.246,   -0.340,   -0.237, -999.000, -999.000,    0.094,    0.037,    0.093, -999.000, -999.000,    0.094,    0.036,    0.093, -999.000, -999.000,
         2,2020090300,   -0.249,   -0.346,   -0.241, -999.000, -999.000,   -0.250,   -0.346,   -0.241, -999.000, -999.000,    0.096,    0.037,    0.095, -999.000, -999.000,    0.096,    0.037,    0.095, -999.000, -999.000,
         2,2020090218,   -0.253,   -0.349,   -0.244, -999.000, -999.000,   -0.253,   -0.349,   -0.244, -999.000, -999.000,    0.099,    0.038,    0.098, -999.000, -999.000,    0.099,    0.038,    0.098, -999.000, -999.000,
         2,2020090212,   -0.250,   -0.347,   -0.241, -999.000, -999.000,   -0.251,   -0.346,   -0.241, -999.000, -999.000,    0.099,    0.037,    0.098, -999.000, -999.000,    0.099,    0.037,    0.098, -999.000, -999.000,
         2,2020090206,   -0.247,   -0.337,   -0.239, -999.000, -999.000,   -0.247,   -0.337,   -0.239, -999.000, -999.000,    0.094,    0.036,    0.093, -999.000, -999.000,    0.094,    0.036,    0.093, -999.000, -999.000,
         2,2020090200,   -0.243,   -0.330,   -0.235, -999.000, -999.000,   -0.243,   -0.330,   -0.235, -999.000, -999.000,    0.092,    0.035,    0.091, -999.000, -999.000,    0.092,    0.035,    0.091, -999.000, -999.000,
         2,2020090118,   -0.247,   -0.337,   -0.239, -999.000, -999.000,   -0.247,   -0.336,   -0.239, -999.000, -999.000,    0.094,    0.036,    0.093, -999.000, -999.000,    0.094,    0.036,    0.093, -999.000, -999.000,
         2,2020090106,   -0.238,   -0.326,   -0.232, -999.000, -999.000,   -0.238,   -0.325,   -0.232, -999.000, -999.000,    0.090,    0.033,    0.089, -999.000, -999.000,    0.090,    0.033,    0.089, -999.000, -999.000,
         2,2020090100,   -0.246,   -0.329,   -0.240, -999.000, -999.000,   -0.247,   -0.330,   -0.240, -999.000, -999.000,    0.091,    0.035,    0.091, -999.000, -999.000,    0.091,    0.035,    0.091, -999.000, -999.000,
         2,2020083118,   -0.255,   -0.339,   -0.249, -999.000, -999.000,   -0.256,   -0.339,   -0.250, -999.000, -999.000,    0.095,    0.038,    0.095, -999.000, -999.000,    0.095,    0.037,    0.095, -999.000, -999.000,
         2,2020083106,   -0.249,   -0.335,   -0.242, -999.000, -999.000,   -0.249,   -0.335,   -0.243, -999.000, -999.000,    0.090,    0.035,    0.089, -999.000, -999.000,    0.090,    0.034,    0.089, -999.000, -999.000,
         2,2020083100,   -0.248,   -0.332,   -0.241, -999.000, -999.000,   -0.248,   -0.332,   -0.241, -999.000, -999.000,    0.088,    0.034,    0.088, -999.000, -999.000,    0.088,    0.034,    0.088, -999.000, -999.000,
         2,2020083018,   -0.256,   -0.340,   -0.248, -999.000, -999.000,   -0.256,   -0.340,   -0.249, -999.000, -999.000,    0.091,    0.035,    0.091, -999.000, -999.000,    0.091,    0.035,    0.091, -999.000, -999.000,
         2,2020083006,   -0.241,   -0.328,   -0.234, -999.000, -999.000,   -0.241,   -0.329,   -0.234, -999.000, -999.000,    0.087,    0.034,    0.086, -999.000, -999.000,    0.087,    0.034,    0.086, -999.000, -999.000,
         2,2020083000,   -0.240,   -0.327,   -0.233, -999.000, -999.000,   -0.241,   -0.328,   -0.234, -999.000, -999.000,    0.085,    0.034,    0.084, -999.000, -999.000,    0.085,    0.034,    0.084, -999.000, -999.000,
