         8,2020092000,   -2.090, -999.000,   -2.090, -999.000, -999.000,   -2.091, -999.000,   -2.091, -999.000, -999.000,    1.500, -999.000,    1.500, -999.000, -999.000,    1.500, -999.000,    1.500, -999.000, -999.000,
         8,2020091918,   -2.036, -999.000,   -2.036, -999.000, -999.000,   -2.037, -999.000,   -2.037, -999.000, -999.000,    1.497, -999.000,    1.497, -999.000, -999.000,    1.497, -999.000,    1.497, -999.000, -999.000,
         8,2020091912,   -2.002, -999.000,   -2.002, -999.000, -999.000,   -2.007, -999.000,   -2.007, -999.000, -999.000,    1.498, -999.000,    1.498, -999.000, -999.000,    1.498, -999.000,    1.498, -999.000, -999.000,
         8,2020091906,   -1.956, -999.000,   -1.956, -999.000, -999.000,   -1.956, -999.000,   -1.956, -999.000, -999.000,    1.435, -999.000,    1.435, -999.000, -999.000,    1.435, -999.000,    1.435, -999.000, -999.000,
         8,2020091900,   -2.026, -999.000,   -2.026, -999.000, -999.000,   -2.026, -999.000,   -2.026, -999.000, -999.000,    1.461, -999.000,    1.461, -999.000, -999.000,    1.461, -999.000,    1.461, -999.000, -999.000,
         8,2020091818,   -1.971, -999.000,   -1.971, -999.000, -999.000,   -1.971, -999.000,   -1.971, -999.000, -999.000,    1.460, -999.000,    1.460, -999.000, -999.000,    1.460, -999.000,    1.460, -999.000, -999.000,
         8,2020091812,   -1.985, -999.000,   -1.985, -999.000, -999.000,   -1.986, -999.000,   -1.986, -999.000, -999.000,    1.505, -999.000,    1.505, -999.000, -999.000,    1.505, -999.000,    1.505, -999.000, -999.000,
         8,2020091806,   -1.884, -999.000,   -1.884, -999.000, -999.000,   -1.884, -999.000,   -1.884, -999.000, -999.000,    1.432, -999.000,    1.432, -999.000, -999.000,    1.432, -999.000,    1.432, -999.000, -999.000,
         8,2020091800,   -1.995, -999.000,   -1.995, -999.000, -999.000,   -1.995, -999.000,   -1.995, -999.000, -999.000,    1.455, -999.000,    1.455, -999.000, -999.000,    1.455, -999.000,    1.455, -999.000, -999.000,
         8,2020091718,   -1.891, -999.000,   -1.891, -999.000, -999.000,   -1.893, -999.000,   -1.893, -999.000, -999.000,    1.385, -999.000,    1.385, -999.000, -999.000,    1.385, -999.000,    1.385, -999.000, -999.000,
         8,2020091712,   -2.054, -999.000,   -2.054, -999.000, -999.000,   -2.062, -999.000,   -2.062, -999.000, -999.000,    1.483, -999.000,    1.483, -999.000, -999.000,    1.483, -999.000,    1.483, -999.000, -999.000,
         8,2020091706,   -2.059, -999.000,   -2.059, -999.000, -999.000,   -2.059, -999.000,   -2.059, -999.000, -999.000,    1.513, -999.000,    1.513, -999.000, -999.000,    1.513, -999.000,    1.513, -999.000, -999.000,
         8,2020091700,   -2.090, -999.000,   -2.090, -999.000, -999.000,   -2.091, -999.000,   -2.091, -999.000, -999.000,    1.497, -999.000,    1.497, -999.000, -999.000,    1.497, -999.000,    1.497, -999.000, -999.000,
         8,2020091618,   -2.033, -999.000,   -2.033, -999.000, -999.000,   -2.038, -999.000,   -2.038, -999.000, -999.000,    1.476, -999.000,    1.476, -999.000, -999.000,    1.476, -999.000,    1.476, -999.000, -999.000,
         8,2020091612,   -2.120, -999.000,   -2.120, -999.000, -999.000,   -2.125, -999.000,   -2.125, -999.000, -999.000,    1.506, -999.000,    1.506, -999.000, -999.000,    1.506, -999.000,    1.506, -999.000, -999.000,
         8,2020091606,   -2.072, -999.000,   -2.072, -999.000, -999.000,   -2.071, -999.000,   -2.071, -999.000, -999.000,    1.463, -999.000,    1.463, -999.000, -999.000,    1.463, -999.000,    1.463, -999.000, -999.000,
         8,2020091600,   -2.147, -999.000,   -2.147, -999.000, -999.000,   -2.148, -999.000,   -2.148, -999.000, -999.000,    1.483, -999.000,    1.483, -999.000, -999.000,    1.483, -999.000,    1.483, -999.000, -999.000,
         8,2020091518,   -2.072, -999.000,   -2.072, -999.000, -999.000,   -2.074, -999.000,   -2.074, -999.000, -999.000,    1.476, -999.000,    1.476, -999.000, -999.000,    1.476, -999.000,    1.476, -999.000, -999.000,
         8,2020091512,   -2.133, -999.000,   -2.133, -999.000, -999.000,   -2.135, -999.000,   -2.135, -999.000, -999.000,    1.511, -999.000,    1.511, -999.000, -999.000,    1.511, -999.000,    1.511, -999.000, -999.000,
         8,2020091506,   -2.109, -999.000,   -2.109, -999.000, -999.000,   -2.111, -999.000,   -2.111, -999.000, -999.000,    1.465, -999.000,    1.465, -999.000, -999.000,    1.465, -999.000,    1.465, -999.000, -999.000,
         8,2020091500,   -2.134, -999.000,   -2.134, -999.000, -999.000,   -2.135, -999.000,   -2.135, -999.000, -999.000,    1.478, -999.000,    1.478, -999.000, -999.000,    1.478, -999.000,    1.478, -999.000, -999.000,
         8,2020091418,   -2.054, -999.000,   -2.054, -999.000, -999.000,   -2.058, -999.000,   -2.058, -999.000, -999.000,    1.482, -999.000,    1.482, -999.000, -999.000,    1.482, -999.000,    1.482, -999.000, -999.000,
         8,2020091412,   -2.105, -999.000,   -2.105, -999.000, -999.000,   -2.099, -999.000,   -2.099, -999.000, -999.000,    1.530, -999.000,    1.530, -999.000, -999.000,    1.530, -999.000,    1.530, -999.000, -999.000,
         8,2020091406,   -2.042, -999.000,   -2.042, -999.000, -999.000,   -2.043, -999.000,   -2.043, -999.000, -999.000,    1.499, -999.000,    1.499, -999.000, -999.000,    1.499, -999.000,    1.499, -999.000, -999.000,
         8,2020091400,   -2.058, -999.000,   -2.058, -999.000, -999.000,   -2.064, -999.000,   -2.064, -999.000, -999.000,    1.525, -999.000,    1.525, -999.000, -999.000,    1.525, -999.000,    1.525, -999.000, -999.000,
         8,2020091318,   -1.947, -999.000,   -1.947, -999.000, -999.000,   -1.951, -999.000,   -1.951, -999.000, -999.000,    1.494, -999.000,    1.494, -999.000, -999.000,    1.494, -999.000,    1.494, -999.000, -999.000,
         8,2020091312,   -2.026, -999.000,   -2.026, -999.000, -999.000,   -2.036, -999.000,   -2.036, -999.000, -999.000,    1.548, -999.000,    1.548, -999.000, -999.000,    1.548, -999.000,    1.548, -999.000, -999.000,
         8,2020091306,   -1.933, -999.000,   -1.933, -999.000, -999.000,   -1.935, -999.000,   -1.935, -999.000, -999.000,    1.503, -999.000,    1.503, -999.000, -999.000,    1.503, -999.000,    1.503, -999.000, -999.000,
         8,2020091300,   -1.938, -999.000,   -1.938, -999.000, -999.000,   -1.946, -999.000,   -1.946, -999.000, -999.000,    1.458, -999.000,    1.458, -999.000, -999.000,    1.458, -999.000,    1.458, -999.000, -999.000,
         8,2020091218,   -1.704, -999.000,   -1.704, -999.000, -999.000,   -1.706, -999.000,   -1.706, -999.000, -999.000,    1.348, -999.000,    1.348, -999.000, -999.000,    1.348, -999.000,    1.348, -999.000, -999.000,
         8,2020091212,   -1.669, -999.000,   -1.669, -999.000, -999.000,   -1.672, -999.000,   -1.672, -999.000, -999.000,    1.334, -999.000,    1.334, -999.000, -999.000,    1.334, -999.000,    1.334, -999.000, -999.000,
         8,2020091206,   -1.865, -999.000,   -1.865, -999.000, -999.000,   -1.865, -999.000,   -1.865, -999.000, -999.000,    1.368, -999.000,    1.368, -999.000, -999.000,    1.368, -999.000,    1.368, -999.000, -999.000,
         8,2020091200,   -1.925, -999.000,   -1.925, -999.000, -999.000,   -1.927, -999.000,   -1.927, -999.000, -999.000,    1.404, -999.000,    1.404, -999.000, -999.000,    1.404, -999.000,    1.404, -999.000, -999.000,
         8,2020091118,   -1.733, -999.000,   -1.733, -999.000, -999.000,   -1.736, -999.000,   -1.736, -999.000, -999.000,    1.295, -999.000,    1.295, -999.000, -999.000,    1.295, -999.000,    1.295, -999.000, -999.000,
         8,2020091112,   -1.688, -999.000,   -1.688, -999.000, -999.000,   -1.689, -999.000,   -1.689, -999.000, -999.000,    1.263, -999.000,    1.263, -999.000, -999.000,    1.263, -999.000,    1.263, -999.000, -999.000,
         8,2020091106,   -1.937, -999.000,   -1.937, -999.000, -999.000,   -1.937, -999.000,   -1.937, -999.000, -999.000,    1.407, -999.000,    1.407, -999.000, -999.000,    1.407, -999.000,    1.407, -999.000, -999.000,
         8,2020091100,   -2.051, -999.000,   -2.051, -999.000, -999.000,   -2.052, -999.000,   -2.052, -999.000, -999.000,    1.502, -999.000,    1.502, -999.000, -999.000,    1.502, -999.000,    1.502, -999.000, -999.000,
         8,2020091018,   -1.899, -999.000,   -1.899, -999.000, -999.000,   -1.900, -999.000,   -1.900, -999.000, -999.000,    1.417, -999.000,    1.417, -999.000, -999.000,    1.417, -999.000,    1.417, -999.000, -999.000,
         8,2020091012,   -1.832, -999.000,   -1.832, -999.000, -999.000,   -1.835, -999.000,   -1.835, -999.000, -999.000,    1.376, -999.000,    1.376, -999.000, -999.000,    1.376, -999.000,    1.376, -999.000, -999.000,
         8,2020091006,   -2.029, -999.000,   -2.029, -999.000, -999.000,   -2.030, -999.000,   -2.030, -999.000, -999.000,    1.450, -999.000,    1.450, -999.000, -999.000,    1.450, -999.000,    1.450, -999.000, -999.000,
         8,2020091000,   -2.091, -999.000,   -2.091, -999.000, -999.000,   -2.092, -999.000,   -2.092, -999.000, -999.000,    1.503, -999.000,    1.503, -999.000, -999.000,    1.503, -999.000,    1.503, -999.000, -999.000,
         8,2020090918,   -1.886, -999.000,   -1.886, -999.000, -999.000,   -1.886, -999.000,   -1.886, -999.000, -999.000,    1.372, -999.000,    1.372, -999.000, -999.000,    1.372, -999.000,    1.372, -999.000, -999.000,
         8,2020090912,   -1.884, -999.000,   -1.884, -999.000, -999.000,   -1.885, -999.000,   -1.885, -999.000, -999.000,    1.400, -999.000,    1.400, -999.000, -999.000,    1.400, -999.000,    1.400, -999.000, -999.000,
         8,2020090906,   -2.064, -999.000,   -2.064, -999.000, -999.000,   -2.065, -999.000,   -2.065, -999.000, -999.000,    1.508, -999.000,    1.508, -999.000, -999.000,    1.508, -999.000,    1.508, -999.000, -999.000,
         8,2020090900,   -2.002, -999.000,   -2.002, -999.000, -999.000,   -2.002, -999.000,   -2.002, -999.000, -999.000,    1.475, -999.000,    1.475, -999.000, -999.000,    1.475, -999.000,    1.475, -999.000, -999.000,
         8,2020090818,   -1.838, -999.000,   -1.838, -999.000, -999.000,   -1.837, -999.000,   -1.837, -999.000, -999.000,    1.375, -999.000,    1.375, -999.000, -999.000,    1.375, -999.000,    1.375, -999.000, -999.000,
         8,2020090812,   -1.942, -999.000,   -1.942, -999.000, -999.000,   -1.942, -999.000,   -1.942, -999.000, -999.000,    1.478, -999.000,    1.478, -999.000, -999.000,    1.478, -999.000,    1.478, -999.000, -999.000,
         8,2020090806,   -2.084, -999.000,   -2.084, -999.000, -999.000,   -2.084, -999.000,   -2.084, -999.000, -999.000,    1.515, -999.000,    1.515, -999.000, -999.000,    1.515, -999.000,    1.515, -999.000, -999.000,
         8,2020090800,   -2.017, -999.000,   -2.017, -999.000, -999.000,   -2.016, -999.000,   -2.016, -999.000, -999.000,    1.443, -999.000,    1.443, -999.000, -999.000,    1.443, -999.000,    1.443, -999.000, -999.000,
         8,2020090718,   -1.873, -999.000,   -1.873, -999.000, -999.000,   -1.875, -999.000,   -1.875, -999.000, -999.000,    1.394, -999.000,    1.394, -999.000, -999.000,    1.394, -999.000,    1.394, -999.000, -999.000,
         8,2020090712,   -1.960, -999.000,   -1.960, -999.000, -999.000,   -1.960, -999.000,   -1.960, -999.000, -999.000,    1.469, -999.000,    1.469, -999.000, -999.000,    1.469, -999.000,    1.469, -999.000, -999.000,
         8,2020090706,   -2.045, -999.000,   -2.045, -999.000, -999.000,   -2.049, -999.000,   -2.049, -999.000, -999.000,    1.501, -999.000,    1.501, -999.000, -999.000,    1.501, -999.000,    1.501, -999.000, -999.000,
         8,2020090700,   -2.009, -999.000,   -2.009, -999.000, -999.000,   -2.015, -999.000,   -2.015, -999.000, -999.000,    1.479, -999.000,    1.479, -999.000, -999.000,    1.479, -999.000,    1.479, -999.000, -999.000,
         8,2020090618,   -1.800, -999.000,   -1.800, -999.000, -999.000,   -1.801, -999.000,   -1.801, -999.000, -999.000,    1.388, -999.000,    1.388, -999.000, -999.000,    1.388, -999.000,    1.388, -999.000, -999.000,
         8,2020090612,   -1.824, -999.000,   -1.824, -999.000, -999.000,   -1.825, -999.000,   -1.825, -999.000, -999.000,    1.428, -999.000,    1.428, -999.000, -999.000,    1.428, -999.000,    1.428, -999.000, -999.000,
         8,2020090606,   -1.976, -999.000,   -1.976, -999.000, -999.000,   -1.979, -999.000,   -1.979, -999.000, -999.000,    1.487, -999.000,    1.487, -999.000, -999.000,    1.487, -999.000,    1.487, -999.000, -999.000,
         8,2020090600,   -1.991, -999.000,   -1.991, -999.000, -999.000,   -1.994, -999.000,   -1.994, -999.000, -999.000,    1.466, -999.000,    1.466, -999.000, -999.000,    1.466, -999.000,    1.466, -999.000, -999.000,
         8,2020090518,   -1.782, -999.000,   -1.782, -999.000, -999.000,   -1.782, -999.000,   -1.782, -999.000, -999.000,    1.332, -999.000,    1.332, -999.000, -999.000,    1.332, -999.000,    1.332, -999.000, -999.000,
         8,2020090512,   -1.899, -999.000,   -1.899, -999.000, -999.000,   -1.899, -999.000,   -1.899, -999.000, -999.000,    1.421, -999.000,    1.421, -999.000, -999.000,    1.421, -999.000,    1.421, -999.000, -999.000,
         8,2020090506,   -1.922, -999.000,   -1.922, -999.000, -999.000,   -1.921, -999.000,   -1.921, -999.000, -999.000,    1.411, -999.000,    1.411, -999.000, -999.000,    1.411, -999.000,    1.411, -999.000, -999.000,
         8,2020090500,   -1.927, -999.000,   -1.927, -999.000, -999.000,   -1.933, -999.000,   -1.933, -999.000, -999.000,    1.433, -999.000,    1.433, -999.000, -999.000,    1.433, -999.000,    1.433, -999.000, -999.000,
         8,2020090418,   -1.755, -999.000,   -1.755, -999.000, -999.000,   -1.757, -999.000,   -1.757, -999.000, -999.000,    1.361, -999.000,    1.361, -999.000, -999.000,    1.361, -999.000,    1.361, -999.000, -999.000,
         8,2020090412,   -1.661, -999.000,   -1.661, -999.000, -999.000,   -1.658, -999.000,   -1.658, -999.000, -999.000,    1.335, -999.000,    1.335, -999.000, -999.000,    1.335, -999.000,    1.335, -999.000, -999.000,
         8,2020090406,   -1.847, -999.000,   -1.847, -999.000, -999.000,   -1.847, -999.000,   -1.847, -999.000, -999.000,    1.441, -999.000,    1.441, -999.000, -999.000,    1.441, -999.000,    1.441, -999.000, -999.000,
         8,2020090400,   -1.904, -999.000,   -1.904, -999.000, -999.000,   -1.904, -999.000,   -1.904, -999.000, -999.000,    1.424, -999.000,    1.424, -999.000, -999.000,    1.424, -999.000,    1.424, -999.000, -999.000,
         8,2020090318,   -1.733, -999.000,   -1.733, -999.000, -999.000,   -1.733, -999.000,   -1.733, -999.000, -999.000,    1.328, -999.000,    1.328, -999.000, -999.000,    1.328, -999.000,    1.328, -999.000, -999.000,
         8,2020090312,   -1.655, -999.000,   -1.655, -999.000, -999.000,   -1.658, -999.000,   -1.658, -999.000, -999.000,    1.377, -999.000,    1.377, -999.000, -999.000,    1.377, -999.000,    1.377, -999.000, -999.000,
         8,2020090306,   -1.848, -999.000,   -1.848, -999.000, -999.000,   -1.849, -999.000,   -1.849, -999.000, -999.000,    1.391, -999.000,    1.391, -999.000, -999.000,    1.391, -999.000,    1.391, -999.000, -999.000,
         8,2020090300,   -1.980, -999.000,   -1.980, -999.000, -999.000,   -1.982, -999.000,   -1.982, -999.000, -999.000,    1.473, -999.000,    1.473, -999.000, -999.000,    1.473, -999.000,    1.473, -999.000, -999.000,
         8,2020090218,   -1.856, -999.000,   -1.856, -999.000, -999.000,   -1.855, -999.000,   -1.855, -999.000, -999.000,    1.434, -999.000,    1.434, -999.000, -999.000,    1.434, -999.000,    1.434, -999.000, -999.000,
         8,2020090212,   -1.880, -999.000,   -1.880, -999.000, -999.000,   -1.880, -999.000,   -1.880, -999.000, -999.000,    1.495, -999.000,    1.495, -999.000, -999.000,    1.495, -999.000,    1.495, -999.000, -999.000,
         8,2020090206,   -2.098, -999.000,   -2.098, -999.000, -999.000,   -2.099, -999.000,   -2.099, -999.000, -999.000,    1.539, -999.000,    1.539, -999.000, -999.000,    1.539, -999.000,    1.539, -999.000, -999.000,
         8,2020090200,   -2.131, -999.000,   -2.131, -999.000, -999.000,   -2.131, -999.000,   -2.131, -999.000, -999.000,    1.521, -999.000,    1.521, -999.000, -999.000,    1.521, -999.000,    1.521, -999.000, -999.000,
         8,2020090118,   -1.986, -999.000,   -1.986, -999.000, -999.000,   -1.987, -999.000,   -1.987, -999.000, -999.000,    1.444, -999.000,    1.444, -999.000, -999.000,    1.444, -999.000,    1.444, -999.000, -999.000,
         8,2020090106,   -2.185, -999.000,   -2.185, -999.000, -999.000,   -2.184, -999.000,   -2.184, -999.000, -999.000,    1.567, -999.000,    1.567, -999.000, -999.000,    1.567, -999.000,    1.567, -999.000, -999.000,
         8,2020090100,   -2.305, -999.000,   -2.305, -999.000, -999.000,   -2.310, -999.000,   -2.310, -999.000, -999.000,    1.562, -999.000,    1.562, -999.000, -999.000,    1.562, -999.000,    1.562, -999.000, -999.000,
         8,2020083118,   -2.160, -999.000,   -2.160, -999.000, -999.000,   -2.172, -999.000,   -2.172, -999.000, -999.000,    1.514, -999.000,    1.514, -999.000, -999.000,    1.514, -999.000,    1.514, -999.000, -999.000,
         8,2020083106,   -2.223, -999.000,   -2.223, -999.000, -999.000,   -2.220, -999.000,   -2.220, -999.000, -999.000,    1.470, -999.000,    1.470, -999.000, -999.000,    1.470, -999.000,    1.470, -999.000, -999.000,
         8,2020083100,   -2.304, -999.000,   -2.304, -999.000, -999.000,   -2.310, -999.000,   -2.310, -999.000, -999.000,    1.492, -999.000,    1.492, -999.000, -999.000,    1.492, -999.000,    1.492, -999.000, -999.000,
         8,2020083018,   -2.131, -999.000,   -2.131, -999.000, -999.000,   -2.143, -999.000,   -2.143, -999.000, -999.000,    1.432, -999.000,    1.432, -999.000, -999.000,    1.432, -999.000,    1.432, -999.000, -999.000,
         8,2020083006,   -2.053, -999.000,   -2.053, -999.000, -999.000,   -2.052, -999.000,   -2.052, -999.000, -999.000,    1.418, -999.000,    1.418, -999.000, -999.000,    1.418, -999.000,    1.418, -999.000, -999.000,
         8,2020083000,   -2.208, -999.000,   -2.208, -999.000, -999.000,   -2.208, -999.000,   -2.208, -999.000, -999.000,    1.472, -999.000,    1.472, -999.000, -999.000,    1.472, -999.000,    1.472, -999.000, -999.000,
