         4,2020092000,   -0.176,   -0.132,   -0.182, -999.000, -999.000,   -0.173,   -0.129,   -0.179, -999.000, -999.000,    0.117,    0.075,    0.120, -999.000, -999.000,    0.117,    0.076,    0.120, -999.000, -999.000,
         4,2020091918,   -0.176,   -0.130,   -0.182, -999.000, -999.000,   -0.177,   -0.129,   -0.184, -999.000, -999.000,    0.116,    0.079,    0.119, -999.000, -999.000,    0.116,    0.079,    0.119, -999.000, -999.000,
         4,2020091912,   -0.172,   -0.143,   -0.177, -999.000, -999.000,   -0.175,   -0.141,   -0.180, -999.000, -999.000,    0.113,    0.088,    0.116, -999.000, -999.000,    0.113,    0.088,    0.116, -999.000, -999.000,
         4,2020091906,   -0.174,   -0.131,   -0.179, -999.000, -999.000,   -0.174,   -0.127,   -0.179, -999.000, -999.000,    0.112,    0.081,    0.114, -999.000, -999.000,    0.112,    0.083,    0.114, -999.000, -999.000,
         4,2020091900,   -0.176,   -0.136,   -0.181, -999.000, -999.000,   -0.176,   -0.133,   -0.181, -999.000, -999.000,    0.111,    0.084,    0.113, -999.000, -999.000,    0.111,    0.085,    0.113, -999.000, -999.000,
         4,2020091818,   -0.183,   -0.133,   -0.188, -999.000, -999.000,   -0.182,   -0.131,   -0.187, -999.000, -999.000,    0.112,    0.084,    0.113, -999.000, -999.000,    0.112,    0.086,    0.113, -999.000, -999.000,
         4,2020091812,   -0.178,   -0.140,   -0.183, -999.000, -999.000,   -0.180,   -0.140,   -0.184, -999.000, -999.000,    0.108,    0.089,    0.110, -999.000, -999.000,    0.108,    0.089,    0.110, -999.000, -999.000,
         4,2020091806,   -0.184,   -0.124,   -0.189, -999.000, -999.000,   -0.184,   -0.128,   -0.189, -999.000, -999.000,    0.107,    0.068,    0.109, -999.000, -999.000,    0.107,    0.064,    0.109, -999.000, -999.000,
         4,2020091800,   -0.187,   -0.144,   -0.192, -999.000, -999.000,   -0.189,   -0.144,   -0.194, -999.000, -999.000,    0.106,    0.083,    0.107, -999.000, -999.000,    0.106,    0.083,    0.107, -999.000, -999.000,
         4,2020091718,   -0.191,   -0.134,   -0.198, -999.000, -999.000,   -0.192,   -0.134,   -0.199, -999.000, -999.000,    0.104,    0.078,    0.105, -999.000, -999.000,    0.104,    0.077,    0.105, -999.000, -999.000,
         4,2020091712,   -0.190,   -0.137,   -0.195, -999.000, -999.000,   -0.192,   -0.139,   -0.197, -999.000, -999.000,    0.107,    0.084,    0.108, -999.000, -999.000,    0.107,    0.083,    0.108, -999.000, -999.000,
         4,2020091706,   -0.194,   -0.118,   -0.198, -999.000, -999.000,   -0.195,   -0.119,   -0.199, -999.000, -999.000,    0.107,    0.069,    0.107, -999.000, -999.000,    0.107,    0.068,    0.107, -999.000, -999.000,
         4,2020091700,   -0.192,   -0.118,   -0.199, -999.000, -999.000,   -0.192,   -0.118,   -0.199, -999.000, -999.000,    0.108,    0.073,    0.108, -999.000, -999.000,    0.108,    0.073,    0.108, -999.000, -999.000,
         4,2020091618,   -0.193,   -0.129,   -0.198, -999.000, -999.000,   -0.193,   -0.127,   -0.199, -999.000, -999.000,    0.109,    0.082,    0.109, -999.000, -999.000,    0.109,    0.084,    0.109, -999.000, -999.000,
         4,2020091612,   -0.198,   -0.122,   -0.206, -999.000, -999.000,   -0.200,   -0.126,   -0.207, -999.000, -999.000,    0.110,    0.078,    0.110, -999.000, -999.000,    0.110,    0.075,    0.110, -999.000, -999.000,
         4,2020091606,   -0.200,   -0.110,   -0.207, -999.000, -999.000,   -0.201,   -0.112,   -0.208, -999.000, -999.000,    0.107,    0.062,    0.107, -999.000, -999.000,    0.107,    0.061,    0.107, -999.000, -999.000,
         4,2020091600,   -0.193,   -0.124,   -0.202, -999.000, -999.000,   -0.193,   -0.124,   -0.202, -999.000, -999.000,    0.106,    0.075,    0.107, -999.000, -999.000,    0.106,    0.075,    0.107, -999.000, -999.000,
         4,2020091518,   -0.201,   -0.131,   -0.208, -999.000, -999.000,   -0.201,   -0.131,   -0.208, -999.000, -999.000,    0.105,    0.084,    0.104, -999.000, -999.000,    0.105,    0.084,    0.104, -999.000, -999.000,
         4,2020091512,   -0.196,   -0.132,   -0.203, -999.000, -999.000,   -0.198,   -0.134,   -0.205, -999.000, -999.000,    0.102,    0.082,    0.101, -999.000, -999.000,    0.102,    0.081,    0.101, -999.000, -999.000,
         4,2020091506,   -0.191,   -0.108,   -0.198, -999.000, -999.000,   -0.191,   -0.108,   -0.198, -999.000, -999.000,    0.101,    0.060,    0.101, -999.000, -999.000,    0.101,    0.060,    0.101, -999.000, -999.000,
         4,2020091500,   -0.186,   -0.116,   -0.194, -999.000, -999.000,   -0.185,   -0.116,   -0.193, -999.000, -999.000,    0.101,    0.068,    0.101, -999.000, -999.000,    0.101,    0.069,    0.101, -999.000, -999.000,
         4,2020091418,   -0.188,   -0.121,   -0.193, -999.000, -999.000,   -0.187,   -0.120,   -0.193, -999.000, -999.000,    0.101,    0.066,    0.102, -999.000, -999.000,    0.101,    0.068,    0.102, -999.000, -999.000,
         4,2020091412,   -0.183,   -0.115,   -0.189, -999.000, -999.000,   -0.184,   -0.116,   -0.191, -999.000, -999.000,    0.102,    0.072,    0.102, -999.000, -999.000,    0.102,    0.072,    0.102, -999.000, -999.000,
         4,2020091406,   -0.182,   -0.108,   -0.189, -999.000, -999.000,   -0.181,   -0.107,   -0.188, -999.000, -999.000,    0.104,    0.060,    0.104, -999.000, -999.000,    0.104,    0.060,    0.104, -999.000, -999.000,
         4,2020091400,   -0.176,   -0.117,   -0.183, -999.000, -999.000,   -0.175,   -0.117,   -0.182, -999.000, -999.000,    0.103,    0.071,    0.104, -999.000, -999.000,    0.103,    0.071,    0.104, -999.000, -999.000,
         4,2020091318,   -0.177,   -0.126,   -0.183, -999.000, -999.000,   -0.177,   -0.126,   -0.182, -999.000, -999.000,    0.101,    0.065,    0.102, -999.000, -999.000,    0.101,    0.065,    0.102, -999.000, -999.000,
         4,2020091312,   -0.175,   -0.123,   -0.181, -999.000, -999.000,   -0.177,   -0.126,   -0.183, -999.000, -999.000,    0.100,    0.074,    0.102, -999.000, -999.000,    0.100,    0.072,    0.102, -999.000, -999.000,
         4,2020091306,   -0.175,   -0.111,   -0.182, -999.000, -999.000,   -0.174,   -0.111,   -0.180, -999.000, -999.000,    0.104,    0.062,    0.105, -999.000, -999.000,    0.104,    0.062,    0.105, -999.000, -999.000,
         4,2020091300,   -0.170,   -0.122,   -0.177, -999.000, -999.000,   -0.169,   -0.121,   -0.176, -999.000, -999.000,    0.105,    0.078,    0.106, -999.000, -999.000,    0.105,    0.078,    0.106, -999.000, -999.000,
         4,2020091218,   -0.172,   -0.124,   -0.177, -999.000, -999.000,   -0.169,   -0.121,   -0.174, -999.000, -999.000,    0.110,    0.074,    0.112, -999.000, -999.000,    0.110,    0.075,    0.112, -999.000, -999.000,
         4,2020091212,   -0.174,   -0.126,   -0.179, -999.000, -999.000,   -0.174,   -0.126,   -0.179, -999.000, -999.000,    0.112,    0.086,    0.114, -999.000, -999.000,    0.112,    0.085,    0.114, -999.000, -999.000,
         4,2020091206,   -0.172,   -0.122,   -0.177, -999.000, -999.000,   -0.172,   -0.121,   -0.177, -999.000, -999.000,    0.112,    0.087,    0.113, -999.000, -999.000,    0.112,    0.088,    0.113, -999.000, -999.000,
         4,2020091200,   -0.171,   -0.131,   -0.177, -999.000, -999.000,   -0.171,   -0.130,   -0.177, -999.000, -999.000,    0.111,    0.081,    0.113, -999.000, -999.000,    0.111,    0.082,    0.113, -999.000, -999.000,
         4,2020091118,   -0.175,   -0.133,   -0.179, -999.000, -999.000,   -0.175,   -0.133,   -0.179, -999.000, -999.000,    0.112,    0.079,    0.114, -999.000, -999.000,    0.112,    0.080,    0.114, -999.000, -999.000,
         4,2020091112,   -0.173,   -0.133,   -0.178, -999.000, -999.000,   -0.177,   -0.136,   -0.182, -999.000, -999.000,    0.109,    0.087,    0.111, -999.000, -999.000,    0.109,    0.085,    0.111, -999.000, -999.000,
         4,2020091106,   -0.175,   -0.121,   -0.181, -999.000, -999.000,   -0.175,   -0.121,   -0.181, -999.000, -999.000,    0.108,    0.083,    0.109, -999.000, -999.000,    0.108,    0.083,    0.109, -999.000, -999.000,
         4,2020091100,   -0.173,   -0.136,   -0.179, -999.000, -999.000,   -0.173,   -0.135,   -0.178, -999.000, -999.000,    0.108,    0.082,    0.110, -999.000, -999.000,    0.108,    0.083,    0.110, -999.000, -999.000,
         4,2020091018,   -0.173,   -0.133,   -0.177, -999.000, -999.000,   -0.173,   -0.133,   -0.177, -999.000, -999.000,    0.107,    0.074,    0.109, -999.000, -999.000,    0.107,    0.074,    0.109, -999.000, -999.000,
         4,2020091012,   -0.170,   -0.132,   -0.174, -999.000, -999.000,   -0.172,   -0.134,   -0.176, -999.000, -999.000,    0.105,    0.083,    0.107, -999.000, -999.000,    0.105,    0.082,    0.107, -999.000, -999.000,
         4,2020091006,   -0.173,   -0.117,   -0.179, -999.000, -999.000,   -0.171,   -0.114,   -0.177, -999.000, -999.000,    0.109,    0.076,    0.110, -999.000, -999.000,    0.109,    0.079,    0.110, -999.000, -999.000,
         4,2020091000,   -0.167,   -0.134,   -0.172, -999.000, -999.000,   -0.168,   -0.134,   -0.173, -999.000, -999.000,    0.106,    0.084,    0.108, -999.000, -999.000,    0.106,    0.084,    0.108, -999.000, -999.000,
         4,2020090918,   -0.170,   -0.120,   -0.174, -999.000, -999.000,   -0.168,   -0.120,   -0.173, -999.000, -999.000,    0.106,    0.070,    0.107, -999.000, -999.000,    0.106,    0.070,    0.107, -999.000, -999.000,
         4,2020090912,   -0.171,   -0.127,   -0.176, -999.000, -999.000,   -0.172,   -0.129,   -0.178, -999.000, -999.000,    0.104,    0.089,    0.105, -999.000, -999.000,    0.104,    0.088,    0.105, -999.000, -999.000,
         4,2020090906,   -0.175,   -0.115,   -0.181, -999.000, -999.000,   -0.173,   -0.115,   -0.180, -999.000, -999.000,    0.106,    0.080,    0.106, -999.000, -999.000,    0.106,    0.079,    0.106, -999.000, -999.000,
         4,2020090900,   -0.170,   -0.114,   -0.178, -999.000, -999.000,   -0.171,   -0.116,   -0.179, -999.000, -999.000,    0.104,    0.073,    0.105, -999.000, -999.000,    0.104,    0.072,    0.105, -999.000, -999.000,
         4,2020090818,   -0.178,   -0.115,   -0.184, -999.000, -999.000,   -0.175,   -0.114,   -0.181, -999.000, -999.000,    0.104,    0.069,    0.105, -999.000, -999.000,    0.104,    0.070,    0.105, -999.000, -999.000,
         4,2020090812,   -0.176,   -0.126,   -0.182, -999.000, -999.000,   -0.177,   -0.128,   -0.183, -999.000, -999.000,    0.105,    0.087,    0.106, -999.000, -999.000,    0.105,    0.086,    0.106, -999.000, -999.000,
         4,2020090806,   -0.181,   -0.107,   -0.188, -999.000, -999.000,   -0.178,   -0.106,   -0.186, -999.000, -999.000,    0.109,    0.073,    0.110, -999.000, -999.000,    0.109,    0.074,    0.110, -999.000, -999.000,
         4,2020090800,   -0.176,   -0.129,   -0.183, -999.000, -999.000,   -0.177,   -0.128,   -0.183, -999.000, -999.000,    0.109,    0.083,    0.110, -999.000, -999.000,    0.109,    0.084,    0.110, -999.000, -999.000,
         4,2020090718,   -0.177,   -0.134,   -0.181, -999.000, -999.000,   -0.177,   -0.134,   -0.181, -999.000, -999.000,    0.109,    0.091,    0.110, -999.000, -999.000,    0.109,    0.091,    0.110, -999.000, -999.000,
         4,2020090712,   -0.171,   -0.141,   -0.175, -999.000, -999.000,   -0.173,   -0.144,   -0.177, -999.000, -999.000,    0.106,    0.098,    0.107, -999.000, -999.000,    0.106,    0.096,    0.107, -999.000, -999.000,
         4,2020090706,   -0.171,   -0.104,   -0.178, -999.000, -999.000,   -0.170,   -0.104,   -0.177, -999.000, -999.000,    0.106,    0.064,    0.107, -999.000, -999.000,    0.106,    0.064,    0.107, -999.000, -999.000,
         4,2020090700,   -0.171,   -0.145,   -0.175, -999.000, -999.000,   -0.171,   -0.143,   -0.175, -999.000, -999.000,    0.106,    0.089,    0.108, -999.000, -999.000,    0.106,    0.090,    0.108, -999.000, -999.000,
         4,2020090618,   -0.172,   -0.162,   -0.174, -999.000, -999.000,   -0.170,   -0.161,   -0.171, -999.000, -999.000,    0.108,    0.100,    0.109, -999.000, -999.000,    0.108,    0.100,    0.109, -999.000, -999.000,
         4,2020090612,   -0.167,   -0.141,   -0.170, -999.000, -999.000,   -0.167,   -0.140,   -0.171, -999.000, -999.000,    0.106,    0.090,    0.108, -999.000, -999.000,    0.106,    0.090,    0.108, -999.000, -999.000,
         4,2020090606,   -0.167,   -0.116,   -0.174, -999.000, -999.000,   -0.167,   -0.116,   -0.174, -999.000, -999.000,    0.106,    0.072,    0.108, -999.000, -999.000,    0.106,    0.071,    0.108, -999.000, -999.000,
         4,2020090600,   -0.171,   -0.135,   -0.177, -999.000, -999.000,   -0.171,   -0.134,   -0.177, -999.000, -999.000,    0.105,    0.085,    0.107, -999.000, -999.000,    0.105,    0.086,    0.107, -999.000, -999.000,
         4,2020090518,   -0.180,   -0.160,   -0.182, -999.000, -999.000,   -0.179,   -0.160,   -0.181, -999.000, -999.000,    0.107,    0.098,    0.107, -999.000, -999.000,    0.107,    0.098,    0.107, -999.000, -999.000,
         4,2020090512,   -0.173,   -0.133,   -0.178, -999.000, -999.000,   -0.176,   -0.135,   -0.181, -999.000, -999.000,    0.104,    0.080,    0.106, -999.000, -999.000,    0.104,    0.079,    0.106, -999.000, -999.000,
         4,2020090506,   -0.176,   -0.114,   -0.183, -999.000, -999.000,   -0.177,   -0.113,   -0.183, -999.000, -999.000,    0.106,    0.060,    0.108, -999.000, -999.000,    0.106,    0.060,    0.108, -999.000, -999.000,
         4,2020090500,   -0.178,   -0.141,   -0.183, -999.000, -999.000,   -0.179,   -0.141,   -0.185, -999.000, -999.000,    0.104,    0.077,    0.107, -999.000, -999.000,    0.104,    0.077,    0.107, -999.000, -999.000,
         4,2020090418,   -0.189,   -0.155,   -0.192, -999.000, -999.000,   -0.187,   -0.154,   -0.191, -999.000, -999.000,    0.108,    0.089,    0.109, -999.000, -999.000,    0.108,    0.089,    0.109, -999.000, -999.000,
         4,2020090412,   -0.187,   -0.150,   -0.192, -999.000, -999.000,   -0.189,   -0.152,   -0.194, -999.000, -999.000,    0.107,    0.092,    0.108, -999.000, -999.000,    0.107,    0.091,    0.108, -999.000, -999.000,
         4,2020090406,   -0.186,   -0.124,   -0.192, -999.000, -999.000,   -0.186,   -0.124,   -0.192, -999.000, -999.000,    0.106,    0.078,    0.106, -999.000, -999.000,    0.106,    0.079,    0.106, -999.000, -999.000,
         4,2020090400,   -0.181,   -0.142,   -0.186, -999.000, -999.000,   -0.181,   -0.143,   -0.187, -999.000, -999.000,    0.104,    0.092,    0.105, -999.000, -999.000,    0.104,    0.091,    0.105, -999.000, -999.000,
         4,2020090318,   -0.189,   -0.153,   -0.193, -999.000, -999.000,   -0.189,   -0.153,   -0.193, -999.000, -999.000,    0.106,    0.098,    0.106, -999.000, -999.000,    0.106,    0.099,    0.106, -999.000, -999.000,
         4,2020090312,   -0.184,   -0.138,   -0.190, -999.000, -999.000,   -0.186,   -0.139,   -0.192, -999.000, -999.000,    0.106,    0.096,    0.106, -999.000, -999.000,    0.106,    0.095,    0.106, -999.000, -999.000,
         4,2020090306,   -0.183,   -0.104,   -0.191, -999.000, -999.000,   -0.182,   -0.104,   -0.190, -999.000, -999.000,    0.106,    0.065,    0.106, -999.000, -999.000,    0.106,    0.065,    0.106, -999.000, -999.000,
         4,2020090300,   -0.185,   -0.151,   -0.192, -999.000, -999.000,   -0.184,   -0.150,   -0.191, -999.000, -999.000,    0.103,    0.088,    0.104, -999.000, -999.000,    0.103,    0.089,    0.104, -999.000, -999.000,
         4,2020090218,   -0.189,   -0.167,   -0.193, -999.000, -999.000,   -0.188,   -0.166,   -0.191, -999.000, -999.000,    0.101,    0.095,    0.101, -999.000, -999.000,    0.101,    0.097,    0.101, -999.000, -999.000,
         4,2020090212,   -0.183,   -0.155,   -0.188, -999.000, -999.000,   -0.186,   -0.160,   -0.190, -999.000, -999.000,    0.100,    0.095,    0.100, -999.000, -999.000,    0.100,    0.092,    0.100, -999.000, -999.000,
         4,2020090206,   -0.180,   -0.124,   -0.187, -999.000, -999.000,   -0.181,   -0.126,   -0.189, -999.000, -999.000,    0.103,    0.080,    0.103, -999.000, -999.000,    0.103,    0.077,    0.103, -999.000, -999.000,
         4,2020090200,   -0.184,   -0.164,   -0.188, -999.000, -999.000,   -0.185,   -0.163,   -0.189, -999.000, -999.000,    0.106,    0.096,    0.107, -999.000, -999.000,    0.106,    0.096,    0.107, -999.000, -999.000,
         4,2020090118,   -0.187,   -0.171,   -0.189, -999.000, -999.000,   -0.185,   -0.170,   -0.187, -999.000, -999.000,    0.108,    0.093,    0.109, -999.000, -999.000,    0.108,    0.094,    0.109, -999.000, -999.000,
         4,2020090112,   -0.180,   -0.149,   -0.184, -999.000, -999.000,   -0.179,   -0.150,   -0.184, -999.000, -999.000,    0.109,    0.086,    0.112, -999.000, -999.000,    0.109,    0.086,    0.112, -999.000, -999.000,
         4,2020090106,   -0.172,   -0.109,   -0.179, -999.000, -999.000,   -0.171,   -0.110,   -0.178, -999.000, -999.000,    0.111,    0.065,    0.113, -999.000, -999.000,    0.111,    0.064,    0.113, -999.000, -999.000,
         4,2020090100,   -0.172,   -0.147,   -0.176, -999.000, -999.000,   -0.173,   -0.148,   -0.177, -999.000, -999.000,    0.107,    0.086,    0.110, -999.000, -999.000,    0.107,    0.085,    0.110, -999.000, -999.000,
         4,2020083118,   -0.184,   -0.173,   -0.186, -999.000, -999.000,   -0.183,   -0.173,   -0.185, -999.000, -999.000,    0.103,    0.089,    0.105, -999.000, -999.000,    0.103,    0.089,    0.105, -999.000, -999.000,
         4,2020083112,   -0.184,   -0.150,   -0.189, -999.000, -999.000,   -0.187,   -0.154,   -0.192, -999.000, -999.000,    0.098,    0.084,    0.100, -999.000, -999.000,    0.098,    0.082,    0.100, -999.000, -999.000,
         4,2020083106,   -0.184,   -0.121,   -0.193, -999.000, -999.000,   -0.181,   -0.119,   -0.190, -999.000, -999.000,    0.103,    0.068,    0.104, -999.000, -999.000,    0.103,    0.069,    0.104, -999.000, -999.000,
         4,2020083100,   -0.192,   -0.146,   -0.200, -999.000, -999.000,   -0.191,   -0.146,   -0.199, -999.000, -999.000,    0.104,    0.079,    0.106, -999.000, -999.000,    0.104,    0.079,    0.106, -999.000, -999.000,
         4,2020083018,   -0.207,   -0.159,   -0.214, -999.000, -999.000,   -0.204,   -0.158,   -0.211, -999.000, -999.000,    0.105,    0.082,    0.106, -999.000, -999.000,    0.105,    0.083,    0.106, -999.000, -999.000,
         4,2020083012,   -0.201,   -0.140,   -0.210, -999.000, -999.000,   -0.202,   -0.142,   -0.211, -999.000, -999.000,    0.106,    0.072,    0.107, -999.000, -999.000,    0.106,    0.072,    0.107, -999.000, -999.000,
         4,2020083006,   -0.196,   -0.121,   -0.204, -999.000, -999.000,   -0.196,   -0.122,   -0.205, -999.000, -999.000,    0.108,    0.067,    0.109, -999.000, -999.000,    0.108,    0.067,    0.109, -999.000, -999.000,
         4,2020083000,   -0.194,   -0.137,   -0.203, -999.000, -999.000,   -0.194,   -0.137,   -0.203, -999.000, -999.000,    0.106,    0.067,    0.108, -999.000, -999.000,    0.106,    0.066,    0.108, -999.000, -999.000,
