         7,2020092000,   -2.493, -999.000,   -2.493, -999.000, -999.000,   -2.495, -999.000,   -2.495, -999.000, -999.000,    2.142, -999.000,    2.142, -999.000, -999.000,    2.142, -999.000,    2.142, -999.000, -999.000,
         7,2020091918,   -2.538, -999.000,   -2.538, -999.000, -999.000,   -2.542, -999.000,   -2.542, -999.000, -999.000,    2.137, -999.000,    2.137, -999.000, -999.000,    2.137, -999.000,    2.137, -999.000, -999.000,
         7,2020091912,   -2.498, -999.000,   -2.498, -999.000, -999.000,   -2.502, -999.000,   -2.502, -999.000, -999.000,    2.112, -999.000,    2.112, -999.000, -999.000,    2.112, -999.000,    2.112, -999.000, -999.000,
         7,2020091906,   -2.517, -999.000,   -2.517, -999.000, -999.000,   -2.519, -999.000,   -2.519, -999.000, -999.000,    2.085, -999.000,    2.085, -999.000, -999.000,    2.085, -999.000,    2.085, -999.000, -999.000,
         7,2020091900,   -2.532, -999.000,   -2.532, -999.000, -999.000,   -2.537, -999.000,   -2.537, -999.000, -999.000,    2.070, -999.000,    2.070, -999.000, -999.000,    2.070, -999.000,    2.070, -999.000, -999.000,
         7,2020091818,   -2.627, -999.000,   -2.627, -999.000, -999.000,   -2.634, -999.000,   -2.634, -999.000, -999.000,    2.066, -999.000,    2.066, -999.000, -999.000,    2.066, -999.000,    2.066, -999.000, -999.000,
         7,2020091812,   -2.533, -999.000,   -2.533, -999.000, -999.000,   -2.532, -999.000,   -2.532, -999.000, -999.000,    2.007, -999.000,    2.007, -999.000, -999.000,    2.007, -999.000,    2.007, -999.000, -999.000,
         7,2020091806,   -2.607, -999.000,   -2.607, -999.000, -999.000,   -2.611, -999.000,   -2.611, -999.000, -999.000,    1.990, -999.000,    1.990, -999.000, -999.000,    1.990, -999.000,    1.990, -999.000, -999.000,
         7,2020091800,   -2.691, -999.000,   -2.691, -999.000, -999.000,   -2.698, -999.000,   -2.698, -999.000, -999.000,    1.977, -999.000,    1.977, -999.000, -999.000,    1.977, -999.000,    1.977, -999.000, -999.000,
         7,2020091718,   -2.787, -999.000,   -2.787, -999.000, -999.000,   -2.804, -999.000,   -2.804, -999.000, -999.000,    1.956, -999.000,    1.956, -999.000, -999.000,    1.956, -999.000,    1.956, -999.000, -999.000,
         7,2020091712,   -2.785, -999.000,   -2.785, -999.000, -999.000,   -2.787, -999.000,   -2.787, -999.000, -999.000,    2.005, -999.000,    2.005, -999.000, -999.000,    2.005, -999.000,    2.005, -999.000, -999.000,
         7,2020091706,   -2.857, -999.000,   -2.857, -999.000, -999.000,   -2.864, -999.000,   -2.864, -999.000, -999.000,    2.023, -999.000,    2.023, -999.000, -999.000,    2.023, -999.000,    2.023, -999.000, -999.000,
         7,2020091700,   -2.881, -999.000,   -2.881, -999.000, -999.000,   -2.881, -999.000,   -2.881, -999.000, -999.000,    2.056, -999.000,    2.056, -999.000, -999.000,    2.056, -999.000,    2.056, -999.000, -999.000,
         7,2020091618,   -2.846, -999.000,   -2.846, -999.000, -999.000,   -2.852, -999.000,   -2.852, -999.000, -999.000,    2.065, -999.000,    2.065, -999.000, -999.000,    2.065, -999.000,    2.065, -999.000, -999.000,
         7,2020091612,   -3.000, -999.000,   -3.000, -999.000, -999.000,   -2.999, -999.000,   -2.999, -999.000, -999.000,    2.100, -999.000,    2.100, -999.000, -999.000,    2.100, -999.000,    2.100, -999.000, -999.000,
         7,2020091606,   -3.015, -999.000,   -3.015, -999.000, -999.000,   -3.019, -999.000,   -3.019, -999.000, -999.000,    2.048, -999.000,    2.048, -999.000, -999.000,    2.048, -999.000,    2.048, -999.000, -999.000,
         7,2020091600,   -2.918, -999.000,   -2.918, -999.000, -999.000,   -2.918, -999.000,   -2.918, -999.000, -999.000,    2.036, -999.000,    2.036, -999.000, -999.000,    2.036, -999.000,    2.036, -999.000, -999.000,
         7,2020091518,   -3.024, -999.000,   -3.024, -999.000, -999.000,   -3.028, -999.000,   -3.028, -999.000, -999.000,    2.020, -999.000,    2.020, -999.000, -999.000,    2.020, -999.000,    2.020, -999.000, -999.000,
         7,2020091512,   -2.960, -999.000,   -2.960, -999.000, -999.000,   -2.959, -999.000,   -2.959, -999.000, -999.000,    1.965, -999.000,    1.965, -999.000, -999.000,    1.965, -999.000,    1.965, -999.000, -999.000,
         7,2020091506,   -2.858, -999.000,   -2.858, -999.000, -999.000,   -2.858, -999.000,   -2.858, -999.000, -999.000,    1.957, -999.000,    1.957, -999.000, -999.000,    1.957, -999.000,    1.957, -999.000, -999.000,
         7,2020091500,   -2.779, -999.000,   -2.779, -999.000, -999.000,   -2.775, -999.000,   -2.775, -999.000, -999.000,    1.959, -999.000,    1.959, -999.000, -999.000,    1.959, -999.000,    1.959, -999.000, -999.000,
         7,2020091418,   -2.774, -999.000,   -2.774, -999.000, -999.000,   -2.774, -999.000,   -2.774, -999.000, -999.000,    1.963, -999.000,    1.963, -999.000, -999.000,    1.963, -999.000,    1.963, -999.000, -999.000,
         7,2020091412,   -2.741, -999.000,   -2.741, -999.000, -999.000,   -2.740, -999.000,   -2.740, -999.000, -999.000,    1.978, -999.000,    1.978, -999.000, -999.000,    1.978, -999.000,    1.978, -999.000, -999.000,
         7,2020091406,   -2.730, -999.000,   -2.730, -999.000, -999.000,   -2.731, -999.000,   -2.731, -999.000, -999.000,    2.012, -999.000,    2.012, -999.000, -999.000,    2.012, -999.000,    2.012, -999.000, -999.000,
         7,2020091400,   -2.594, -999.000,   -2.594, -999.000, -999.000,   -2.590, -999.000,   -2.590, -999.000, -999.000,    1.977, -999.000,    1.977, -999.000, -999.000,    1.977, -999.000,    1.977, -999.000, -999.000,
         7,2020091318,   -2.568, -999.000,   -2.568, -999.000, -999.000,   -2.569, -999.000,   -2.569, -999.000, -999.000,    1.945, -999.000,    1.945, -999.000, -999.000,    1.945, -999.000,    1.945, -999.000, -999.000,
         7,2020091312,   -2.579, -999.000,   -2.579, -999.000, -999.000,   -2.580, -999.000,   -2.580, -999.000, -999.000,    1.965, -999.000,    1.965, -999.000, -999.000,    1.965, -999.000,    1.965, -999.000, -999.000,
         7,2020091306,   -2.598, -999.000,   -2.598, -999.000, -999.000,   -2.598, -999.000,   -2.598, -999.000, -999.000,    2.007, -999.000,    2.007, -999.000, -999.000,    2.007, -999.000,    2.007, -999.000, -999.000,
         7,2020091300,   -2.495, -999.000,   -2.495, -999.000, -999.000,   -2.491, -999.000,   -2.491, -999.000, -999.000,    2.001, -999.000,    2.001, -999.000, -999.000,    2.001, -999.000,    2.001, -999.000, -999.000,
         7,2020091218,   -2.467, -999.000,   -2.467, -999.000, -999.000,   -2.469, -999.000,   -2.469, -999.000, -999.000,    2.070, -999.000,    2.070, -999.000, -999.000,    2.070, -999.000,    2.070, -999.000, -999.000,
         7,2020091212,   -2.517, -999.000,   -2.517, -999.000, -999.000,   -2.515, -999.000,   -2.515, -999.000, -999.000,    2.104, -999.000,    2.104, -999.000, -999.000,    2.104, -999.000,    2.104, -999.000, -999.000,
         7,2020091206,   -2.487, -999.000,   -2.487, -999.000, -999.000,   -2.486, -999.000,   -2.486, -999.000, -999.000,    2.075, -999.000,    2.075, -999.000, -999.000,    2.075, -999.000,    2.075, -999.000, -999.000,
         7,2020091200,   -2.479, -999.000,   -2.479, -999.000, -999.000,   -2.478, -999.000,   -2.478, -999.000, -999.000,    2.071, -999.000,    2.071, -999.000, -999.000,    2.071, -999.000,    2.071, -999.000, -999.000,
         7,2020091118,   -2.522, -999.000,   -2.522, -999.000, -999.000,   -2.525, -999.000,   -2.525, -999.000, -999.000,    2.077, -999.000,    2.077, -999.000, -999.000,    2.077, -999.000,    2.077, -999.000, -999.000,
         7,2020091112,   -2.563, -999.000,   -2.563, -999.000, -999.000,   -2.567, -999.000,   -2.567, -999.000, -999.000,    2.062, -999.000,    2.062, -999.000, -999.000,    2.062, -999.000,    2.062, -999.000, -999.000,
         7,2020091106,   -2.613, -999.000,   -2.613, -999.000, -999.000,   -2.616, -999.000,   -2.616, -999.000, -999.000,    2.033, -999.000,    2.033, -999.000, -999.000,    2.033, -999.000,    2.033, -999.000, -999.000,
         7,2020091100,   -2.559, -999.000,   -2.559, -999.000, -999.000,   -2.562, -999.000,   -2.562, -999.000, -999.000,    2.031, -999.000,    2.031, -999.000, -999.000,    2.031, -999.000,    2.031, -999.000, -999.000,
         7,2020091018,   -2.506, -999.000,   -2.506, -999.000, -999.000,   -2.509, -999.000,   -2.509, -999.000, -999.000,    2.007, -999.000,    2.007, -999.000, -999.000,    2.007, -999.000,    2.007, -999.000, -999.000,
         7,2020091012,   -2.481, -999.000,   -2.481, -999.000, -999.000,   -2.480, -999.000,   -2.480, -999.000, -999.000,    1.995, -999.000,    1.995, -999.000, -999.000,    1.995, -999.000,    1.995, -999.000, -999.000,
         7,2020091006,   -2.523, -999.000,   -2.523, -999.000, -999.000,   -2.523, -999.000,   -2.523, -999.000, -999.000,    2.047, -999.000,    2.047, -999.000, -999.000,    2.047, -999.000,    2.047, -999.000, -999.000,
         7,2020091000,   -2.407, -999.000,   -2.407, -999.000, -999.000,   -2.411, -999.000,   -2.411, -999.000, -999.000,    2.014, -999.000,    2.014, -999.000, -999.000,    2.014, -999.000,    2.014, -999.000, -999.000,
         7,2020090918,   -2.405, -999.000,   -2.405, -999.000, -999.000,   -2.406, -999.000,   -2.406, -999.000, -999.000,    1.991, -999.000,    1.991, -999.000, -999.000,    1.991, -999.000,    1.991, -999.000, -999.000,
         7,2020090912,   -2.454, -999.000,   -2.454, -999.000, -999.000,   -2.457, -999.000,   -2.457, -999.000, -999.000,    1.965, -999.000,    1.965, -999.000, -999.000,    1.965, -999.000,    1.965, -999.000, -999.000,
         7,2020090906,   -2.518, -999.000,   -2.518, -999.000, -999.000,   -2.518, -999.000,   -2.518, -999.000, -999.000,    1.984, -999.000,    1.984, -999.000, -999.000,    1.984, -999.000,    1.984, -999.000, -999.000,
         7,2020090900,   -2.479, -999.000,   -2.479, -999.000, -999.000,   -2.483, -999.000,   -2.483, -999.000, -999.000,    1.962, -999.000,    1.962, -999.000, -999.000,    1.962, -999.000,    1.962, -999.000, -999.000,
         7,2020090818,   -2.525, -999.000,   -2.525, -999.000, -999.000,   -2.525, -999.000,   -2.525, -999.000, -999.000,    1.947, -999.000,    1.947, -999.000, -999.000,    1.947, -999.000,    1.947, -999.000, -999.000,
         7,2020090812,   -2.533, -999.000,   -2.533, -999.000, -999.000,   -2.532, -999.000,   -2.532, -999.000, -999.000,    1.961, -999.000,    1.961, -999.000, -999.000,    1.961, -999.000,    1.961, -999.000, -999.000,
         7,2020090806,   -2.616, -999.000,   -2.616, -999.000, -999.000,   -2.617, -999.000,   -2.617, -999.000, -999.000,    2.020, -999.000,    2.020, -999.000, -999.000,    2.020, -999.000,    2.020, -999.000, -999.000,
         7,2020090800,   -2.533, -999.000,   -2.533, -999.000, -999.000,   -2.533, -999.000,   -2.533, -999.000, -999.000,    2.021, -999.000,    2.021, -999.000, -999.000,    2.021, -999.000,    2.021, -999.000, -999.000,
         7,2020090718,   -2.497, -999.000,   -2.497, -999.000, -999.000,   -2.504, -999.000,   -2.504, -999.000, -999.000,    2.010, -999.000,    2.010, -999.000, -999.000,    2.010, -999.000,    2.010, -999.000, -999.000,
         7,2020090712,   -2.430, -999.000,   -2.430, -999.000, -999.000,   -2.430, -999.000,   -2.430, -999.000, -999.000,    1.966, -999.000,    1.966, -999.000, -999.000,    1.966, -999.000,    1.966, -999.000, -999.000,
         7,2020090706,   -2.485, -999.000,   -2.485, -999.000, -999.000,   -2.485, -999.000,   -2.485, -999.000, -999.000,    1.969, -999.000,    1.969, -999.000, -999.000,    1.969, -999.000,    1.969, -999.000, -999.000,
         7,2020090700,   -2.428, -999.000,   -2.428, -999.000, -999.000,   -2.428, -999.000,   -2.428, -999.000, -999.000,    1.965, -999.000,    1.965, -999.000, -999.000,    1.965, -999.000,    1.965, -999.000, -999.000,
         7,2020090618,   -2.348, -999.000,   -2.348, -999.000, -999.000,   -2.348, -999.000,   -2.348, -999.000, -999.000,    1.958, -999.000,    1.958, -999.000, -999.000,    1.958, -999.000,    1.958, -999.000, -999.000,
         7,2020090612,   -2.285, -999.000,   -2.285, -999.000, -999.000,   -2.294, -999.000,   -2.294, -999.000, -999.000,    1.926, -999.000,    1.926, -999.000, -999.000,    1.926, -999.000,    1.926, -999.000, -999.000,
         7,2020090606,   -2.350, -999.000,   -2.350, -999.000, -999.000,   -2.351, -999.000,   -2.351, -999.000, -999.000,    1.953, -999.000,    1.953, -999.000, -999.000,    1.953, -999.000,    1.953, -999.000, -999.000,
         7,2020090600,   -2.376, -999.000,   -2.376, -999.000, -999.000,   -2.381, -999.000,   -2.381, -999.000, -999.000,    1.937, -999.000,    1.937, -999.000, -999.000,    1.937, -999.000,    1.937, -999.000, -999.000,
         7,2020090518,   -2.427, -999.000,   -2.427, -999.000, -999.000,   -2.429, -999.000,   -2.429, -999.000, -999.000,    1.929, -999.000,    1.929, -999.000, -999.000,    1.929, -999.000,    1.929, -999.000, -999.000,
         7,2020090512,   -2.410, -999.000,   -2.410, -999.000, -999.000,   -2.410, -999.000,   -2.410, -999.000, -999.000,    1.929, -999.000,    1.929, -999.000, -999.000,    1.929, -999.000,    1.929, -999.000, -999.000,
         7,2020090506,   -2.496, -999.000,   -2.496, -999.000, -999.000,   -2.497, -999.000,   -2.497, -999.000, -999.000,    1.977, -999.000,    1.977, -999.000, -999.000,    1.977, -999.000,    1.977, -999.000, -999.000,
         7,2020090500,   -2.522, -999.000,   -2.522, -999.000, -999.000,   -2.527, -999.000,   -2.527, -999.000, -999.000,    1.954, -999.000,    1.954, -999.000, -999.000,    1.954, -999.000,    1.954, -999.000, -999.000,
         7,2020090418,   -2.651, -999.000,   -2.651, -999.000, -999.000,   -2.658, -999.000,   -2.658, -999.000, -999.000,    2.000, -999.000,    2.000, -999.000, -999.000,    2.000, -999.000,    2.000, -999.000, -999.000,
         7,2020090412,   -2.680, -999.000,   -2.680, -999.000, -999.000,   -2.677, -999.000,   -2.677, -999.000, -999.000,    1.984, -999.000,    1.984, -999.000, -999.000,    1.984, -999.000,    1.984, -999.000, -999.000,
         7,2020090406,   -2.673, -999.000,   -2.673, -999.000, -999.000,   -2.677, -999.000,   -2.677, -999.000, -999.000,    1.956, -999.000,    1.956, -999.000, -999.000,    1.956, -999.000,    1.956, -999.000, -999.000,
         7,2020090400,   -2.597, -999.000,   -2.597, -999.000, -999.000,   -2.598, -999.000,   -2.598, -999.000, -999.000,    1.936, -999.000,    1.936, -999.000, -999.000,    1.936, -999.000,    1.936, -999.000, -999.000,
         7,2020090318,   -2.703, -999.000,   -2.703, -999.000, -999.000,   -2.712, -999.000,   -2.712, -999.000, -999.000,    1.980, -999.000,    1.980, -999.000, -999.000,    1.980, -999.000,    1.980, -999.000, -999.000,
         7,2020090312,   -2.711, -999.000,   -2.711, -999.000, -999.000,   -2.711, -999.000,   -2.711, -999.000, -999.000,    1.987, -999.000,    1.987, -999.000, -999.000,    1.987, -999.000,    1.987, -999.000, -999.000,
         7,2020090306,   -2.705, -999.000,   -2.705, -999.000, -999.000,   -2.704, -999.000,   -2.704, -999.000, -999.000,    1.954, -999.000,    1.954, -999.000, -999.000,    1.954, -999.000,    1.954, -999.000, -999.000,
         7,2020090300,   -2.681, -999.000,   -2.681, -999.000, -999.000,   -2.686, -999.000,   -2.686, -999.000, -999.000,    1.934, -999.000,    1.934, -999.000, -999.000,    1.934, -999.000,    1.934, -999.000, -999.000,
         7,2020090218,   -2.637, -999.000,   -2.637, -999.000, -999.000,   -2.650, -999.000,   -2.650, -999.000, -999.000,    1.869, -999.000,    1.869, -999.000, -999.000,    1.869, -999.000,    1.869, -999.000, -999.000,
         7,2020090212,   -2.603, -999.000,   -2.603, -999.000, -999.000,   -2.599, -999.000,   -2.599, -999.000, -999.000,    1.844, -999.000,    1.844, -999.000, -999.000,    1.844, -999.000,    1.844, -999.000, -999.000,
         7,2020090206,   -2.605, -999.000,   -2.605, -999.000, -999.000,   -2.606, -999.000,   -2.606, -999.000, -999.000,    1.908, -999.000,    1.908, -999.000, -999.000,    1.908, -999.000,    1.908, -999.000, -999.000,
         7,2020090200,   -2.658, -999.000,   -2.658, -999.000, -999.000,   -2.658, -999.000,   -2.658, -999.000, -999.000,    1.989, -999.000,    1.989, -999.000, -999.000,    1.989, -999.000,    1.989, -999.000, -999.000,
         7,2020090118,   -2.616, -999.000,   -2.616, -999.000, -999.000,   -2.619, -999.000,   -2.619, -999.000, -999.000,    1.996, -999.000,    1.996, -999.000, -999.000,    1.996, -999.000,    1.996, -999.000, -999.000,
         7,2020090112,   -2.523, -999.000,   -2.523, -999.000, -999.000,   -2.523, -999.000,   -2.523, -999.000, -999.000,    2.016, -999.000,    2.016, -999.000, -999.000,    2.016, -999.000,    2.016, -999.000, -999.000,
         7,2020090106,   -2.432, -999.000,   -2.432, -999.000, -999.000,   -2.433, -999.000,   -2.433, -999.000, -999.000,    2.009, -999.000,    2.009, -999.000, -999.000,    2.009, -999.000,    2.009, -999.000, -999.000,
         7,2020090100,   -2.386, -999.000,   -2.386, -999.000, -999.000,   -2.385, -999.000,   -2.385, -999.000, -999.000,    1.965, -999.000,    1.965, -999.000, -999.000,    1.965, -999.000,    1.965, -999.000, -999.000,
         7,2020083118,   -2.503, -999.000,   -2.503, -999.000, -999.000,   -2.508, -999.000,   -2.508, -999.000, -999.000,    1.908, -999.000,    1.908, -999.000, -999.000,    1.908, -999.000,    1.908, -999.000, -999.000,
         7,2020083112,   -2.596, -999.000,   -2.596, -999.000, -999.000,   -2.598, -999.000,   -2.598, -999.000, -999.000,    1.854, -999.000,    1.854, -999.000, -999.000,    1.854, -999.000,    1.854, -999.000, -999.000,
         7,2020083106,   -2.621, -999.000,   -2.621, -999.000, -999.000,   -2.621, -999.000,   -2.621, -999.000, -999.000,    1.915, -999.000,    1.915, -999.000, -999.000,    1.915, -999.000,    1.915, -999.000, -999.000,
         7,2020083100,   -2.727, -999.000,   -2.727, -999.000, -999.000,   -2.726, -999.000,   -2.726, -999.000, -999.000,    1.960, -999.000,    1.960, -999.000, -999.000,    1.960, -999.000,    1.960, -999.000, -999.000,
         7,2020083018,   -2.930, -999.000,   -2.930, -999.000, -999.000,   -2.935, -999.000,   -2.935, -999.000, -999.000,    1.987, -999.000,    1.987, -999.000, -999.000,    1.987, -999.000,    1.987, -999.000, -999.000,
         7,2020083012,   -2.926, -999.000,   -2.926, -999.000, -999.000,   -2.924, -999.000,   -2.924, -999.000, -999.000,    1.993, -999.000,    1.993, -999.000, -999.000,    1.993, -999.000,    1.993, -999.000, -999.000,
         7,2020083006,   -2.872, -999.000,   -2.872, -999.000, -999.000,   -2.871, -999.000,   -2.871, -999.000, -999.000,    2.029, -999.000,    2.029, -999.000, -999.000,    2.029, -999.000,    2.029, -999.000, -999.000,
         7,2020083000,   -2.864, -999.000,   -2.864, -999.000, -999.000,   -2.865, -999.000,   -2.865, -999.000, -999.000,    2.028, -999.000,    2.028, -999.000, -999.000,    2.028, -999.000,    2.028, -999.000, -999.000,
