         5,2020092000,   -0.142,   -0.150,   -0.140,   -0.135,   -0.168,   -0.141,   -0.145,   -0.140,   -0.141,   -0.161,    0.109,    0.106,    0.109,    0.112,    0.114,    0.109,    0.107,    0.109,    0.106,    0.114,
         5,2020091918,   -0.141,   -0.158,   -0.140,   -0.140,   -0.147,   -0.141,   -0.153,   -0.140,   -0.138,   -0.141,    0.110,    0.107,    0.110,    0.102,    0.110,    0.110,    0.105,    0.110,    0.105,    0.110,
         5,2020091912,   -0.139,   -0.148,   -0.138,   -0.129,   -0.155,   -0.138,   -0.141,   -0.138,   -0.129,   -0.154,    0.109,    0.108,    0.110,    0.103,    0.112,    0.109,    0.109,    0.110,    0.100,    0.112,
         5,2020091906,   -0.138,   -0.161,   -0.136,   -0.134,   -0.176,   -0.138,   -0.153,   -0.136,   -0.137,   -0.172,    0.109,    0.110,    0.109,    0.107,    0.113,    0.109,    0.108,    0.109,    0.105,    0.113,
         5,2020091900,   -0.142,   -0.140,   -0.142,   -0.138,   -0.152,   -0.142,   -0.139,   -0.142,   -0.136,   -0.157,    0.110,    0.110,    0.110,    0.104,    0.114,    0.110,    0.110,    0.110,    0.102,    0.114,
         5,2020091818,   -0.139,   -0.137,   -0.138,   -0.147,   -0.160,   -0.139,   -0.138,   -0.139,   -0.142,   -0.159,    0.109,    0.110,    0.109,    0.101,    0.116,    0.109,    0.111,    0.109,    0.101,    0.116,
         5,2020091812,   -0.140,   -0.150,   -0.140,   -0.108,   -0.141,   -0.139,   -0.144,   -0.140,   -0.104,   -0.142,    0.109,    0.108,    0.109,    0.097,    0.112,    0.109,    0.107,    0.109,    0.099,    0.112,
         5,2020091806,   -0.138,   -0.139,   -0.138,   -0.110,   -0.169,   -0.138,   -0.135,   -0.138,   -0.113,   -0.166,    0.109,    0.109,    0.109,    0.104,    0.119,    0.109,    0.109,    0.109,    0.102,    0.119,
         5,2020091800,   -0.139,   -0.138,   -0.140,   -0.108,   -0.175,   -0.139,   -0.138,   -0.140,   -0.112,   -0.169,    0.109,    0.109,    0.109,    0.103,    0.101,    0.109,    0.108,    0.109,    0.103,    0.101,
         5,2020091718,   -0.138,   -0.135,   -0.138,   -0.133,   -0.177,   -0.138,   -0.133,   -0.138,   -0.128,   -0.165,    0.109,    0.105,    0.109,    0.101,    0.117,    0.109,    0.106,    0.109,    0.100,    0.117,
         5,2020091712,   -0.139,   -0.143,   -0.139,   -0.115,   -0.162,   -0.139,   -0.141,   -0.139,   -0.116,   -0.160,    0.110,    0.108,    0.110,    0.100,    0.106,    0.110,    0.108,    0.110,    0.097,    0.106,
         5,2020091706,   -0.139,   -0.135,   -0.139,   -0.117,   -0.169,   -0.138,   -0.128,   -0.139,   -0.118,   -0.167,    0.110,    0.105,    0.110,    0.105,    0.110,    0.110,    0.107,    0.110,    0.108,    0.110,
         5,2020091700,   -0.141,   -0.142,   -0.142,   -0.111,   -0.156,   -0.141,   -0.141,   -0.142,   -0.116,   -0.161,    0.110,    0.110,    0.111,    0.101,    0.105,    0.110,    0.111,    0.111,    0.099,    0.105,
         5,2020091618,   -0.140,   -0.149,   -0.138,   -0.143,   -0.178,   -0.139,   -0.145,   -0.137,   -0.145,   -0.178,    0.110,    0.110,    0.110,    0.099,    0.109,    0.110,    0.110,    0.110,    0.100,    0.109,
         5,2020091612,   -0.139,   -0.133,   -0.138,   -0.128,   -0.195,   -0.138,   -0.134,   -0.138,   -0.126,   -0.197,    0.110,    0.107,    0.110,    0.101,    0.106,    0.110,    0.107,    0.110,    0.101,    0.106,
         5,2020091606,   -0.141,   -0.149,   -0.140,   -0.137,   -0.168,   -0.140,   -0.145,   -0.139,   -0.136,   -0.179,    0.110,    0.109,    0.110,    0.110,    0.108,    0.110,    0.110,    0.110,    0.108,    0.108,
         5,2020091600,   -0.142,   -0.148,   -0.142,   -0.117,   -0.161,   -0.141,   -0.141,   -0.142,   -0.117,   -0.153,    0.110,    0.111,    0.110,    0.101,    0.115,    0.110,    0.113,    0.110,    0.101,    0.115,
         5,2020091518,   -0.138,   -0.151,   -0.137,   -0.126,   -0.179,   -0.138,   -0.149,   -0.136,   -0.130,   -0.183,    0.111,    0.111,    0.111,    0.104,    0.109,    0.111,    0.115,    0.111,    0.102,    0.109,
         5,2020091512,   -0.138,   -0.141,   -0.137,   -0.135,   -0.188,   -0.139,   -0.142,   -0.137,   -0.145,   -0.182,    0.110,    0.111,    0.109,    0.106,    0.108,    0.110,    0.112,    0.109,    0.105,    0.108,
         5,2020091506,   -0.139,   -0.163,   -0.137,   -0.111,   -0.171,   -0.138,   -0.154,   -0.137,   -0.109,   -0.167,    0.110,    0.108,    0.110,    0.103,    0.109,    0.110,    0.110,    0.110,    0.103,    0.109,
         5,2020091500,   -0.137,   -0.147,   -0.136,   -0.111,   -0.166,   -0.136,   -0.138,   -0.136,   -0.113,   -0.163,    0.110,    0.108,    0.110,    0.104,    0.118,    0.110,    0.109,    0.110,    0.101,    0.118,
         5,2020091418,   -0.139,   -0.144,   -0.138,   -0.129,   -0.176,   -0.139,   -0.141,   -0.138,   -0.127,   -0.177,    0.110,    0.108,    0.110,    0.108,    0.107,    0.110,    0.107,    0.110,    0.105,    0.107,
         5,2020091412,   -0.140,   -0.143,   -0.138,   -0.171,   -0.175,   -0.139,   -0.143,   -0.137,   -0.161,   -0.173,    0.110,    0.106,    0.110,    0.106,    0.114,    0.110,    0.108,    0.110,    0.107,    0.114,
         5,2020091406,   -0.137,   -0.149,   -0.136,   -0.125,   -0.153,   -0.137,   -0.141,   -0.137,   -0.116,   -0.154,    0.110,    0.106,    0.110,    0.112,    0.113,    0.110,    0.106,    0.110,    0.113,    0.113,
         5,2020091400,   -0.140,   -0.147,   -0.139,   -0.145,   -0.167,   -0.140,   -0.147,   -0.138,   -0.147,   -0.167,    0.110,    0.106,    0.110,    0.112,    0.116,    0.110,    0.107,    0.110,    0.110,    0.116,
         5,2020091318,   -0.141,   -0.136,   -0.141,   -0.145,   -0.176,   -0.140,   -0.133,   -0.140,   -0.132,   -0.169,    0.111,    0.109,    0.111,    0.106,    0.108,    0.111,    0.108,    0.111,    0.109,    0.108,
         5,2020091312,   -0.139,   -0.144,   -0.138,   -0.151,   -0.147,   -0.139,   -0.143,   -0.138,   -0.151,   -0.158,    0.110,    0.111,    0.110,    0.107,    0.106,    0.110,    0.111,    0.110,    0.107,    0.106,
         5,2020091306,   -0.137,   -0.127,   -0.137,   -0.139,   -0.170,   -0.136,   -0.124,   -0.137,   -0.130,   -0.167,    0.110,    0.105,    0.110,    0.104,    0.109,    0.110,    0.106,    0.110,    0.108,    0.109,
         5,2020091300,   -0.137,   -0.130,   -0.138,   -0.127,   -0.158,   -0.138,   -0.135,   -0.138,   -0.120,   -0.166,    0.110,    0.107,    0.110,    0.098,    0.111,    0.110,    0.107,    0.110,    0.108,    0.111,
         5,2020091218,   -0.142,   -0.141,   -0.142,   -0.144,   -0.154,   -0.141,   -0.138,   -0.141,   -0.140,   -0.158,    0.111,    0.112,    0.111,    0.104,    0.104,    0.111,    0.114,    0.111,    0.106,    0.104,
         5,2020091212,   -0.142,   -0.146,   -0.140,   -0.148,   -0.179,   -0.140,   -0.140,   -0.139,   -0.152,   -0.167,    0.111,    0.110,    0.111,    0.113,    0.110,    0.111,    0.111,    0.111,    0.111,    0.110,
         5,2020091206,   -0.138,   -0.134,   -0.138,   -0.101,   -0.185,   -0.137,   -0.135,   -0.138,   -0.103,   -0.180,    0.110,    0.109,    0.110,    0.098,    0.107,    0.110,    0.107,    0.110,    0.096,    0.107,
         5,2020091200,   -0.142,   -0.146,   -0.141,   -0.134,   -0.172,   -0.140,   -0.136,   -0.140,   -0.137,   -0.167,    0.111,    0.108,    0.111,    0.107,    0.112,    0.111,    0.110,    0.111,    0.101,    0.112,
         5,2020091118,   -0.142,   -0.143,   -0.141,   -0.137,   -0.177,   -0.141,   -0.142,   -0.141,   -0.138,   -0.178,    0.111,    0.109,    0.111,    0.110,    0.107,    0.111,    0.106,    0.111,    0.110,    0.107,
         5,2020091112,   -0.140,   -0.140,   -0.140,   -0.129,   -0.155,   -0.140,   -0.137,   -0.140,   -0.132,   -0.153,    0.111,    0.108,    0.111,    0.106,    0.121,    0.111,    0.109,    0.111,    0.107,    0.121,
         5,2020091106,   -0.137,   -0.153,   -0.136,   -0.116,   -0.185,   -0.138,   -0.151,   -0.136,   -0.116,   -0.185,    0.110,    0.109,    0.110,    0.103,    0.106,    0.110,    0.110,    0.110,    0.100,    0.106,
         5,2020091100,   -0.142,   -0.133,   -0.142,   -0.146,   -0.170,   -0.141,   -0.130,   -0.142,   -0.144,   -0.173,    0.111,    0.107,    0.111,    0.102,    0.121,    0.111,    0.108,    0.111,    0.107,    0.121,
         5,2020091018,   -0.142,   -0.138,   -0.141,   -0.146,   -0.165,   -0.142,   -0.145,   -0.141,   -0.145,   -0.171,    0.111,    0.107,    0.111,    0.107,    0.114,    0.111,    0.107,    0.111,    0.105,    0.114,
         5,2020091012,   -0.141,   -0.147,   -0.140,   -0.156,   -0.179,   -0.141,   -0.137,   -0.140,   -0.152,   -0.180,    0.110,    0.106,    0.110,    0.103,    0.116,    0.110,    0.108,    0.110,    0.107,    0.116,
         5,2020091006,   -0.139,   -0.142,   -0.138,   -0.143,   -0.189,   -0.139,   -0.143,   -0.137,   -0.138,   -0.187,    0.110,    0.109,    0.111,    0.105,    0.114,    0.110,    0.109,    0.111,    0.100,    0.114,
         5,2020091000,   -0.143,   -0.146,   -0.142,   -0.140,   -0.189,   -0.143,   -0.140,   -0.142,   -0.140,   -0.191,    0.111,    0.110,    0.111,    0.107,    0.116,    0.111,    0.112,    0.111,    0.110,    0.116,
         5,2020090918,   -0.140,   -0.141,   -0.140,   -0.135,   -0.156,   -0.140,   -0.142,   -0.140,   -0.132,   -0.146,    0.111,    0.111,    0.110,    0.109,    0.122,    0.111,    0.112,    0.110,    0.108,    0.122,
         5,2020090912,   -0.143,   -0.149,   -0.142,   -0.130,   -0.169,   -0.142,   -0.146,   -0.141,   -0.128,   -0.172,    0.111,    0.110,    0.111,    0.107,    0.105,    0.111,    0.111,    0.111,    0.109,    0.105,
         5,2020090906,   -0.140,   -0.133,   -0.141,   -0.117,   -0.165,   -0.141,   -0.138,   -0.141,   -0.124,   -0.166,    0.111,    0.109,    0.111,    0.106,    0.107,    0.111,    0.108,    0.111,    0.102,    0.107,
         5,2020090900,   -0.143,   -0.146,   -0.142,   -0.126,   -0.168,   -0.142,   -0.144,   -0.142,   -0.118,   -0.173,    0.111,    0.112,    0.111,    0.108,    0.112,    0.111,    0.112,    0.111,    0.112,    0.112,
         5,2020090818,   -0.142,   -0.157,   -0.140,   -0.149,   -0.148,   -0.141,   -0.150,   -0.140,   -0.146,   -0.151,    0.111,    0.113,    0.111,    0.104,    0.107,    0.111,    0.113,    0.111,    0.104,    0.107,
         5,2020090812,   -0.142,   -0.145,   -0.141,   -0.145,   -0.199,   -0.141,   -0.143,   -0.140,   -0.145,   -0.198,    0.112,    0.112,    0.111,    0.102,    0.110,    0.112,    0.112,    0.111,    0.101,    0.110,
         5,2020090806,   -0.142,   -0.145,   -0.142,   -0.129,   -0.170,   -0.142,   -0.137,   -0.142,   -0.133,   -0.170,    0.112,    0.109,    0.112,    0.105,    0.112,    0.112,    0.109,    0.112,    0.100,    0.112,
         5,2020090800,   -0.145,   -0.150,   -0.145,   -0.137,   -0.170,   -0.145,   -0.147,   -0.144,   -0.141,   -0.161,    0.113,    0.114,    0.113,    0.115,    0.109,    0.113,    0.118,    0.113,    0.114,    0.109,
         5,2020090718,   -0.141,   -0.155,   -0.139,   -0.162,   -0.166,   -0.141,   -0.151,   -0.139,   -0.156,   -0.164,    0.112,    0.114,    0.112,    0.107,    0.115,    0.112,    0.112,    0.112,    0.106,    0.115,
         5,2020090712,   -0.141,   -0.152,   -0.138,   -0.148,   -0.194,   -0.140,   -0.148,   -0.138,   -0.147,   -0.192,    0.112,    0.113,    0.111,    0.104,    0.106,    0.112,    0.114,    0.111,    0.105,    0.106,
         5,2020090706,   -0.142,   -0.148,   -0.141,   -0.147,   -0.189,   -0.142,   -0.148,   -0.140,   -0.141,   -0.189,    0.112,    0.112,    0.112,    0.111,    0.113,    0.112,    0.111,    0.112,    0.113,    0.113,
         5,2020090700,   -0.144,   -0.155,   -0.142,   -0.146,   -0.165,   -0.143,   -0.149,   -0.142,   -0.145,   -0.160,    0.112,    0.113,    0.112,    0.106,    0.114,    0.112,    0.113,    0.112,    0.105,    0.114,
         5,2020090618,   -0.142,   -0.154,   -0.140,   -0.153,   -0.171,   -0.141,   -0.146,   -0.140,   -0.142,   -0.170,    0.112,    0.105,    0.112,    0.111,    0.109,    0.112,    0.106,    0.112,    0.112,    0.109,
         5,2020090612,   -0.142,   -0.154,   -0.140,   -0.128,   -0.204,   -0.142,   -0.152,   -0.140,   -0.134,   -0.204,    0.112,    0.111,    0.112,    0.109,    0.101,    0.112,    0.111,    0.112,    0.106,    0.101,
         5,2020090606,   -0.141,   -0.156,   -0.140,   -0.145,   -0.152,   -0.141,   -0.154,   -0.139,   -0.138,   -0.159,    0.112,    0.109,    0.112,    0.111,    0.120,    0.112,    0.108,    0.112,    0.115,    0.120,
         5,2020090600,   -0.141,   -0.152,   -0.140,   -0.133,   -0.163,   -0.141,   -0.146,   -0.140,   -0.144,   -0.167,    0.112,    0.111,    0.112,    0.107,    0.118,    0.112,    0.111,    0.112,    0.108,    0.118,
         5,2020090518,   -0.142,   -0.142,   -0.142,   -0.129,   -0.175,   -0.141,   -0.137,   -0.141,   -0.130,   -0.174,    0.113,    0.108,    0.112,    0.120,    0.113,    0.113,    0.109,    0.112,    0.121,    0.113,
         5,2020090512,   -0.142,   -0.150,   -0.141,   -0.163,   -0.167,   -0.142,   -0.147,   -0.140,   -0.160,   -0.167,    0.112,    0.111,    0.112,    0.116,    0.109,    0.112,    0.112,    0.112,    0.112,    0.109,
         5,2020090506,   -0.142,   -0.142,   -0.141,   -0.141,   -0.181,   -0.142,   -0.144,   -0.142,   -0.130,   -0.161,    0.113,    0.112,    0.113,    0.112,    0.111,    0.113,    0.112,    0.113,    0.112,    0.111,
         5,2020090500,   -0.143,   -0.140,   -0.143,   -0.123,   -0.186,   -0.143,   -0.138,   -0.143,   -0.125,   -0.192,    0.113,    0.108,    0.113,    0.110,    0.110,    0.113,    0.110,    0.113,    0.112,    0.110,
         5,2020090418,   -0.143,   -0.132,   -0.143,   -0.168,   -0.167,   -0.143,   -0.135,   -0.143,   -0.170,   -0.160,    0.112,    0.111,    0.112,    0.112,    0.110,    0.112,    0.111,    0.112,    0.111,    0.110,
         5,2020090412,   -0.144,   -0.154,   -0.142,   -0.155,   -0.174,   -0.143,   -0.149,   -0.142,   -0.166,   -0.168,    0.113,    0.110,    0.113,    0.113,    0.108,    0.113,    0.112,    0.113,    0.108,    0.108,
         5,2020090406,   -0.141,   -0.124,   -0.142,   -0.132,   -0.172,   -0.141,   -0.127,   -0.142,   -0.135,   -0.178,    0.112,    0.105,    0.113,    0.109,    0.117,    0.112,    0.103,    0.113,    0.105,    0.117,
         5,2020090400,   -0.143,   -0.146,   -0.143,   -0.111,   -0.194,   -0.144,   -0.141,   -0.143,   -0.138,   -0.207,    0.112,    0.109,    0.113,    0.109,    0.112,    0.112,    0.109,    0.113,    0.104,    0.112,
         5,2020090318,   -0.144,   -0.150,   -0.143,   -0.140,   -0.173,   -0.143,   -0.148,   -0.143,   -0.138,   -0.168,    0.113,    0.112,    0.113,    0.112,    0.107,    0.113,    0.113,    0.113,    0.112,    0.107,
         5,2020090312,   -0.144,   -0.147,   -0.144,   -0.123,   -0.160,   -0.143,   -0.144,   -0.143,   -0.133,   -0.161,    0.113,    0.112,    0.113,    0.107,    0.121,    0.113,    0.114,    0.113,    0.102,    0.121,
         5,2020090306,   -0.140,   -0.151,   -0.139,   -0.102,   -0.176,   -0.139,   -0.152,   -0.138,   -0.109,   -0.173,    0.113,    0.112,    0.113,    0.106,    0.112,    0.113,    0.113,    0.113,    0.104,    0.112,
         5,2020090300,   -0.145,   -0.143,   -0.145,   -0.131,   -0.191,   -0.144,   -0.138,   -0.144,   -0.130,   -0.175,    0.113,    0.110,    0.113,    0.110,    0.120,    0.113,    0.109,    0.113,    0.106,    0.120,
         5,2020090218,   -0.145,   -0.157,   -0.144,   -0.135,   -0.154,   -0.144,   -0.152,   -0.143,   -0.143,   -0.151,    0.114,    0.110,    0.114,    0.114,    0.106,    0.114,    0.108,    0.114,    0.115,    0.106,
         5,2020090212,   -0.146,   -0.143,   -0.145,   -0.122,   -0.188,   -0.144,   -0.139,   -0.145,   -0.118,   -0.181,    0.114,    0.109,    0.114,    0.105,    0.112,    0.114,    0.109,    0.114,    0.115,    0.112,
         5,2020090206,   -0.142,   -0.149,   -0.141,   -0.125,   -0.161,   -0.141,   -0.149,   -0.141,   -0.122,   -0.165,    0.114,    0.111,    0.114,    0.110,    0.113,    0.114,    0.110,    0.114,    0.112,    0.113,
         5,2020090200,   -0.146,   -0.145,   -0.146,   -0.132,   -0.176,   -0.146,   -0.142,   -0.146,   -0.147,   -0.179,    0.114,    0.114,    0.114,    0.110,    0.123,    0.114,    0.113,    0.114,    0.113,    0.123,
         5,2020090118,   -0.144,   -0.145,   -0.143,   -0.158,   -0.162,   -0.144,   -0.140,   -0.143,   -0.156,   -0.163,    0.113,    0.112,    0.113,    0.114,    0.123,    0.113,    0.114,    0.113,    0.112,    0.123,
         5,2020090112,   -0.146,   -0.147,   -0.145,   -0.143,   -0.186,   -0.144,   -0.138,   -0.144,   -0.146,   -0.179,    0.114,    0.111,    0.114,    0.118,    0.112,    0.114,    0.112,    0.114,    0.118,    0.112,
         5,2020090106,   -0.143,   -0.141,   -0.143,   -0.128,   -0.187,   -0.142,   -0.134,   -0.142,   -0.123,   -0.184,    0.113,    0.113,    0.113,    0.107,    0.108,    0.113,    0.113,    0.113,    0.109,    0.108,
         5,2020090100,   -0.145,   -0.149,   -0.144,   -0.128,   -0.159,   -0.145,   -0.144,   -0.144,   -0.134,   -0.167,    0.113,    0.108,    0.113,    0.112,    0.116,    0.113,    0.110,    0.113,    0.107,    0.116,
         5,2020083118,   -0.144,   -0.156,   -0.143,   -0.158,   -0.186,   -0.144,   -0.148,   -0.143,   -0.142,   -0.181,    0.114,    0.113,    0.113,    0.100,    0.119,    0.114,    0.113,    0.113,    0.106,    0.119,
         5,2020083112,   -0.147,   -0.148,   -0.146,   -0.119,   -0.201,   -0.146,   -0.146,   -0.146,   -0.118,   -0.199,    0.114,    0.114,    0.114,    0.108,    0.114,    0.114,    0.115,    0.114,    0.110,    0.114,
         5,2020083106,   -0.142,   -0.126,   -0.144,   -0.122,   -0.176,   -0.143,   -0.130,   -0.144,   -0.129,   -0.172,    0.113,    0.108,    0.114,    0.105,    0.114,    0.113,    0.106,    0.114,    0.105,    0.114,
         5,2020083100,   -0.147,   -0.150,   -0.147,   -0.134,   -0.172,   -0.147,   -0.148,   -0.146,   -0.136,   -0.170,    0.114,    0.110,    0.114,    0.110,    0.109,    0.114,    0.112,    0.114,    0.108,    0.109,
         5,2020083018,   -0.143,   -0.141,   -0.142,   -0.146,   -0.183,   -0.142,   -0.144,   -0.142,   -0.133,   -0.186,    0.114,    0.111,    0.114,    0.113,    0.115,    0.114,    0.111,    0.114,    0.115,    0.115,
         5,2020083012,   -0.145,   -0.153,   -0.143,   -0.133,   -0.210,   -0.143,   -0.144,   -0.142,   -0.127,   -0.208,    0.113,    0.110,    0.113,    0.107,    0.118,    0.113,    0.110,    0.113,    0.112,    0.118,
         5,2020083006,   -0.144,   -0.139,   -0.144,   -0.104,   -0.188,   -0.144,   -0.137,   -0.144,   -0.117,   -0.196,    0.114,    0.109,    0.114,    0.105,    0.113,    0.114,    0.109,    0.114,    0.100,    0.113,
         5,2020083000,   -0.146,   -0.143,   -0.146,   -0.112,   -0.170,   -0.145,   -0.143,   -0.146,   -0.110,   -0.169,    0.114,    0.112,    0.114,    0.103,    0.115,    0.114,    0.112,    0.114,    0.102,    0.115,
