         2,2020092000,   -0.272,   -0.280,   -0.272,   -0.239,   -0.330,   -0.272,   -0.278,   -0.271,   -0.259,   -0.326,    0.217,    0.207,    0.217,    0.216,    0.221,    0.217,    0.211,    0.217,    0.213,    0.221,
         2,2020091918,   -0.276,   -0.277,   -0.277,   -0.250,   -0.290,   -0.276,   -0.270,   -0.277,   -0.261,   -0.310,    0.215,    0.211,    0.217,    0.199,    0.196,    0.215,    0.209,    0.217,    0.196,    0.196,
         2,2020091912,   -0.272,   -0.301,   -0.269,   -0.256,   -0.318,   -0.272,   -0.291,   -0.269,   -0.261,   -0.337,    0.215,    0.214,    0.216,    0.205,    0.218,    0.215,    0.212,    0.216,    0.201,    0.218,
         2,2020091906,   -0.271,   -0.307,   -0.269,   -0.233,   -0.378,   -0.275,   -0.300,   -0.272,   -0.249,   -0.369,    0.213,    0.210,    0.213,    0.201,    0.190,    0.213,    0.209,    0.213,    0.198,    0.190,
         2,2020091900,   -0.276,   -0.286,   -0.274,   -0.267,   -0.344,   -0.275,   -0.283,   -0.273,   -0.278,   -0.328,    0.213,    0.213,    0.213,    0.201,    0.222,    0.213,    0.214,    0.213,    0.201,    0.222,
         2,2020091818,   -0.271,   -0.278,   -0.270,   -0.256,   -0.323,   -0.273,   -0.280,   -0.273,   -0.256,   -0.313,    0.213,    0.210,    0.213,    0.209,    0.231,    0.213,    0.208,    0.213,    0.208,    0.231,
         2,2020091812,   -0.271,   -0.304,   -0.269,   -0.254,   -0.288,   -0.266,   -0.287,   -0.264,   -0.256,   -0.284,    0.214,    0.208,    0.215,    0.203,    0.227,    0.214,    0.214,    0.215,    0.200,    0.227,
         2,2020091806,   -0.272,   -0.318,   -0.270,   -0.224,   -0.351,   -0.274,   -0.310,   -0.272,   -0.233,   -0.353,    0.215,    0.216,    0.215,    0.201,    0.232,    0.215,    0.218,    0.215,    0.199,    0.232,
         2,2020091800,   -0.272,   -0.280,   -0.271,   -0.232,   -0.310,   -0.273,   -0.283,   -0.272,   -0.254,   -0.314,    0.213,    0.213,    0.213,    0.215,    0.213,    0.213,    0.214,    0.213,    0.216,    0.213,
         2,2020091718,   -0.272,   -0.288,   -0.271,   -0.261,   -0.286,   -0.272,   -0.281,   -0.272,   -0.262,   -0.274,    0.211,    0.216,    0.211,    0.206,    0.201,    0.211,    0.215,    0.211,    0.204,    0.201,
         2,2020091712,   -0.270,   -0.300,   -0.268,   -0.240,   -0.333,   -0.269,   -0.286,   -0.267,   -0.239,   -0.327,    0.211,    0.208,    0.212,    0.193,    0.197,    0.211,    0.205,    0.212,    0.187,    0.197,
         2,2020091706,   -0.277,   -0.297,   -0.273,   -0.298,   -0.332,   -0.274,   -0.284,   -0.272,   -0.296,   -0.327,    0.213,    0.213,    0.213,    0.215,    0.222,    0.213,    0.209,    0.213,    0.212,    0.222,
         2,2020091700,   -0.272,   -0.301,   -0.270,   -0.238,   -0.314,   -0.274,   -0.297,   -0.273,   -0.240,   -0.326,    0.210,    0.207,    0.211,    0.186,    0.213,    0.210,    0.202,    0.211,    0.195,    0.213,
         2,2020091618,   -0.265,   -0.274,   -0.264,   -0.232,   -0.349,   -0.267,   -0.271,   -0.266,   -0.244,   -0.332,    0.209,    0.207,    0.209,    0.195,    0.217,    0.209,    0.203,    0.209,    0.194,    0.217,
         2,2020091612,   -0.264,   -0.277,   -0.263,   -0.242,   -0.317,   -0.264,   -0.277,   -0.263,   -0.240,   -0.325,    0.208,    0.204,    0.209,    0.201,    0.218,    0.208,    0.204,    0.209,    0.207,    0.218,
         2,2020091606,   -0.273,   -0.276,   -0.273,   -0.261,   -0.293,   -0.273,   -0.278,   -0.272,   -0.269,   -0.281,    0.211,    0.211,    0.211,    0.209,    0.226,    0.211,    0.217,    0.211,    0.212,    0.226,
         2,2020091600,   -0.265,   -0.294,   -0.264,   -0.232,   -0.323,   -0.263,   -0.287,   -0.262,   -0.225,   -0.334,    0.209,    0.208,    0.210,    0.189,    0.202,    0.209,    0.208,    0.210,    0.186,    0.202,
         2,2020091518,   -0.266,   -0.306,   -0.263,   -0.240,   -0.289,   -0.267,   -0.298,   -0.265,   -0.237,   -0.286,    0.208,    0.205,    0.208,    0.199,    0.195,    0.208,    0.205,    0.208,    0.201,    0.195,
         2,2020091512,   -0.262,   -0.287,   -0.261,   -0.217,   -0.375,   -0.263,   -0.287,   -0.260,   -0.224,   -0.389,    0.209,    0.212,    0.209,    0.204,    0.192,    0.209,    0.211,    0.209,    0.204,    0.192,
         2,2020091506,   -0.268,   -0.288,   -0.267,   -0.203,   -0.310,   -0.268,   -0.281,   -0.268,   -0.195,   -0.319,    0.209,    0.209,    0.209,    0.182,    0.224,    0.209,    0.209,    0.209,    0.184,    0.224,
         2,2020091500,   -0.260,   -0.285,   -0.259,   -0.236,   -0.315,   -0.260,   -0.277,   -0.260,   -0.233,   -0.313,    0.207,    0.204,    0.208,    0.191,    0.215,    0.207,    0.207,    0.208,    0.183,    0.215,
         2,2020091418,   -0.260,   -0.281,   -0.257,   -0.237,   -0.313,   -0.259,   -0.266,   -0.258,   -0.243,   -0.298,    0.206,    0.201,    0.207,    0.197,    0.216,    0.206,    0.201,    0.207,    0.197,    0.216,
         2,2020091412,   -0.261,   -0.316,   -0.257,   -0.222,   -0.393,   -0.260,   -0.301,   -0.256,   -0.229,   -0.403,    0.207,    0.208,    0.206,    0.204,    0.197,    0.207,    0.209,    0.206,    0.208,    0.197,
         2,2020091406,   -0.263,   -0.284,   -0.263,   -0.195,   -0.283,   -0.262,   -0.278,   -0.263,   -0.194,   -0.263,    0.207,    0.202,    0.207,    0.186,    0.213,    0.207,    0.206,    0.207,    0.183,    0.213,
         2,2020091400,   -0.261,   -0.306,   -0.259,   -0.239,   -0.270,   -0.264,   -0.286,   -0.263,   -0.240,   -0.285,    0.205,    0.204,    0.205,    0.203,    0.196,    0.205,    0.202,    0.205,    0.205,    0.196,
         2,2020091318,   -0.260,   -0.283,   -0.257,   -0.236,   -0.315,   -0.256,   -0.267,   -0.254,   -0.244,   -0.297,    0.206,    0.198,    0.206,    0.196,    0.208,    0.206,    0.197,    0.206,    0.197,    0.208,
         2,2020091312,   -0.254,   -0.304,   -0.249,   -0.240,   -0.365,   -0.256,   -0.289,   -0.252,   -0.242,   -0.377,    0.204,    0.205,    0.203,    0.202,    0.212,    0.204,    0.205,    0.203,    0.197,    0.212,
         2,2020091306,   -0.259,   -0.266,   -0.258,   -0.239,   -0.286,   -0.260,   -0.268,   -0.261,   -0.229,   -0.272,    0.204,    0.200,    0.204,    0.187,    0.202,    0.204,    0.198,    0.204,    0.189,    0.202,
         2,2020091300,   -0.255,   -0.292,   -0.251,   -0.283,   -0.254,   -0.259,   -0.294,   -0.255,   -0.284,   -0.271,    0.199,    0.190,    0.199,    0.209,    0.205,    0.199,    0.183,    0.199,    0.206,    0.205,
         2,2020091218,   -0.255,   -0.279,   -0.250,   -0.295,   -0.326,   -0.252,   -0.270,   -0.247,   -0.311,   -0.284,    0.201,    0.196,    0.201,    0.190,    0.219,    0.201,    0.196,    0.201,    0.190,    0.219,
         2,2020091212,   -0.253,   -0.254,   -0.251,   -0.255,   -0.360,   -0.252,   -0.263,   -0.251,   -0.239,   -0.335,    0.201,    0.197,    0.201,    0.194,    0.211,    0.201,    0.195,    0.201,    0.197,    0.211,
         2,2020091206,   -0.257,   -0.290,   -0.255,   -0.206,   -0.350,   -0.257,   -0.288,   -0.255,   -0.210,   -0.336,    0.200,    0.197,    0.200,    0.183,    0.194,    0.200,    0.197,    0.200,    0.183,    0.194,
         2,2020091200,   -0.252,   -0.258,   -0.252,   -0.228,   -0.317,   -0.254,   -0.262,   -0.253,   -0.223,   -0.325,    0.199,    0.197,    0.200,    0.183,    0.197,    0.199,    0.193,    0.200,    0.189,    0.197,
         2,2020091118,   -0.252,   -0.246,   -0.252,   -0.249,   -0.272,   -0.254,   -0.242,   -0.255,   -0.269,   -0.272,    0.197,    0.189,    0.198,    0.195,    0.200,    0.197,    0.188,    0.198,    0.198,    0.200,
         2,2020091112,   -0.248,   -0.261,   -0.246,   -0.245,   -0.315,   -0.248,   -0.261,   -0.247,   -0.235,   -0.310,    0.197,    0.200,    0.197,    0.193,    0.197,    0.197,    0.198,    0.197,    0.193,    0.197,
         2,2020091106,   -0.247,   -0.277,   -0.244,   -0.232,   -0.321,   -0.251,   -0.289,   -0.248,   -0.225,   -0.349,    0.195,    0.197,    0.195,    0.193,    0.193,    0.195,    0.200,    0.195,    0.194,    0.193,
         2,2020091100,   -0.249,   -0.233,   -0.251,   -0.212,   -0.277,   -0.245,   -0.228,   -0.248,   -0.200,   -0.298,    0.197,    0.188,    0.198,    0.177,    0.200,    0.197,    0.188,    0.198,    0.183,    0.200,
         2,2020091018,   -0.250,   -0.234,   -0.250,   -0.262,   -0.293,   -0.250,   -0.237,   -0.251,   -0.234,   -0.304,    0.197,    0.195,    0.197,    0.186,    0.204,    0.197,    0.196,    0.197,    0.185,    0.204,
         2,2020091012,   -0.248,   -0.261,   -0.246,   -0.242,   -0.299,   -0.247,   -0.258,   -0.246,   -0.226,   -0.285,    0.197,    0.191,    0.197,    0.181,    0.214,    0.197,    0.193,    0.197,    0.180,    0.214,
         2,2020091006,   -0.253,   -0.296,   -0.248,   -0.277,   -0.346,   -0.254,   -0.301,   -0.248,   -0.270,   -0.346,    0.197,    0.195,    0.197,    0.197,    0.186,    0.197,    0.196,    0.197,    0.199,    0.186,
         2,2020091000,   -0.250,   -0.261,   -0.249,   -0.238,   -0.304,   -0.248,   -0.252,   -0.248,   -0.216,   -0.317,    0.195,    0.197,    0.195,    0.194,    0.212,    0.195,    0.194,    0.195,    0.196,    0.212,
         2,2020090918,   -0.257,   -0.245,   -0.258,   -0.256,   -0.293,   -0.251,   -0.240,   -0.252,   -0.255,   -0.296,    0.200,    0.190,    0.200,    0.191,    0.209,    0.200,    0.197,    0.200,    0.198,    0.209,
         2,2020090912,   -0.256,   -0.282,   -0.255,   -0.245,   -0.267,   -0.257,   -0.281,   -0.255,   -0.243,   -0.284,    0.201,    0.195,    0.201,    0.198,    0.205,    0.201,    0.194,    0.201,    0.203,    0.205,
         2,2020090906,   -0.259,   -0.280,   -0.256,   -0.249,   -0.343,   -0.258,   -0.271,   -0.256,   -0.251,   -0.330,    0.202,    0.206,    0.201,    0.207,    0.216,    0.202,    0.203,    0.201,    0.208,    0.216,
         2,2020090900,   -0.256,   -0.261,   -0.256,   -0.222,   -0.306,   -0.258,   -0.266,   -0.258,   -0.236,   -0.319,    0.199,    0.199,    0.199,    0.197,    0.214,    0.199,    0.198,    0.199,    0.199,    0.214,
         2,2020090818,   -0.258,   -0.260,   -0.258,   -0.247,   -0.306,   -0.254,   -0.251,   -0.253,   -0.262,   -0.317,    0.203,    0.195,    0.204,    0.192,    0.201,    0.203,    0.195,    0.204,    0.188,    0.201,
         2,2020090812,   -0.260,   -0.292,   -0.259,   -0.221,   -0.308,   -0.260,   -0.285,   -0.258,   -0.227,   -0.312,    0.204,    0.208,    0.204,    0.192,    0.200,    0.204,    0.209,    0.204,    0.194,    0.200,
         2,2020090806,   -0.263,   -0.260,   -0.264,   -0.240,   -0.283,   -0.262,   -0.251,   -0.264,   -0.238,   -0.291,    0.203,    0.203,    0.204,    0.203,    0.177,    0.203,    0.203,    0.204,    0.201,    0.177,
         2,2020090800,   -0.254,   -0.263,   -0.251,   -0.257,   -0.352,   -0.258,   -0.266,   -0.254,   -0.269,   -0.351,    0.199,    0.200,    0.200,    0.194,    0.185,    0.199,    0.198,    0.200,    0.187,    0.185,
         2,2020090718,   -0.253,   -0.266,   -0.251,   -0.249,   -0.301,   -0.254,   -0.257,   -0.252,   -0.278,   -0.301,    0.199,    0.196,    0.200,    0.181,    0.198,    0.199,    0.196,    0.200,    0.175,    0.198,
         2,2020090712,   -0.253,   -0.258,   -0.252,   -0.222,   -0.341,   -0.256,   -0.264,   -0.254,   -0.239,   -0.355,    0.198,    0.197,    0.198,    0.181,    0.209,    0.198,    0.194,    0.198,    0.180,    0.209,
         2,2020090706,   -0.258,   -0.275,   -0.255,   -0.267,   -0.310,   -0.258,   -0.273,   -0.255,   -0.264,   -0.323,    0.199,    0.194,    0.200,    0.182,    0.198,    0.199,    0.191,    0.200,    0.197,    0.198,
         2,2020090700,   -0.246,   -0.258,   -0.245,   -0.249,   -0.281,   -0.245,   -0.262,   -0.243,   -0.251,   -0.278,    0.198,    0.195,    0.198,    0.196,    0.208,    0.198,    0.198,    0.198,    0.197,    0.208,
         2,2020090618,   -0.251,   -0.286,   -0.244,   -0.291,   -0.228,   -0.250,   -0.277,   -0.244,   -0.275,   -0.229,    0.198,    0.199,    0.198,    0.199,    0.193,    0.198,    0.199,    0.198,    0.196,    0.193,
         2,2020090612,   -0.251,   -0.309,   -0.248,   -0.250,   -0.368,   -0.249,   -0.304,   -0.245,   -0.244,   -0.351,    0.200,    0.191,    0.200,    0.197,    0.212,    0.200,    0.195,    0.200,    0.194,    0.212,
         2,2020090606,   -0.259,   -0.284,   -0.257,   -0.198,   -0.333,   -0.259,   -0.276,   -0.257,   -0.206,   -0.324,    0.201,    0.205,    0.201,    0.175,    0.198,    0.201,    0.205,    0.201,    0.182,    0.198,
         2,2020090600,   -0.255,   -0.305,   -0.252,   -0.258,   -0.258,   -0.252,   -0.278,   -0.250,   -0.258,   -0.256,    0.203,    0.208,    0.202,    0.201,    0.208,    0.203,    0.208,    0.202,    0.206,    0.208,
         2,2020090518,   -0.254,   -0.268,   -0.252,   -0.284,   -0.275,   -0.254,   -0.257,   -0.252,   -0.301,   -0.280,    0.201,    0.195,    0.201,    0.205,    0.204,    0.201,    0.194,    0.201,    0.202,    0.204,
         2,2020090512,   -0.253,   -0.315,   -0.248,   -0.245,   -0.349,   -0.252,   -0.307,   -0.246,   -0.259,   -0.366,    0.201,    0.195,    0.201,    0.199,    0.200,    0.201,    0.198,    0.201,    0.199,    0.200,
         2,2020090506,   -0.257,   -0.286,   -0.255,   -0.194,   -0.306,   -0.255,   -0.278,   -0.255,   -0.180,   -0.290,    0.202,    0.196,    0.203,    0.181,    0.202,    0.202,    0.197,    0.203,    0.183,    0.202,
         2,2020090500,   -0.256,   -0.283,   -0.253,   -0.263,   -0.297,   -0.257,   -0.281,   -0.254,   -0.269,   -0.289,    0.200,    0.198,    0.200,    0.197,    0.212,    0.200,    0.199,    0.200,    0.202,    0.212,
         2,2020090418,   -0.258,   -0.274,   -0.255,   -0.291,   -0.298,   -0.258,   -0.265,   -0.255,   -0.294,   -0.293,    0.202,    0.197,    0.202,    0.203,    0.203,    0.202,    0.196,    0.202,    0.203,    0.203,
         2,2020090412,   -0.252,   -0.269,   -0.248,   -0.300,   -0.331,   -0.250,   -0.250,   -0.247,   -0.306,   -0.336,    0.201,    0.196,    0.200,    0.210,    0.186,    0.201,    0.198,    0.200,    0.215,    0.186,
         2,2020090406,   -0.254,   -0.266,   -0.255,   -0.184,   -0.296,   -0.256,   -0.264,   -0.256,   -0.201,   -0.311,    0.199,    0.196,    0.200,    0.188,    0.198,    0.199,    0.190,    0.200,    0.175,    0.198,
         2,2020090400,   -0.249,   -0.268,   -0.247,   -0.236,   -0.325,   -0.252,   -0.261,   -0.251,   -0.241,   -0.321,    0.196,    0.191,    0.196,    0.199,    0.190,    0.196,    0.190,    0.196,    0.196,    0.190,
         2,2020090318,   -0.249,   -0.245,   -0.249,   -0.239,   -0.276,   -0.248,   -0.243,   -0.249,   -0.235,   -0.293,    0.195,    0.184,    0.196,    0.197,    0.192,    0.195,    0.186,    0.196,    0.196,    0.192,
         2,2020090312,   -0.244,   -0.238,   -0.246,   -0.215,   -0.247,   -0.242,   -0.239,   -0.242,   -0.210,   -0.260,    0.197,    0.184,    0.198,    0.184,    0.202,    0.197,    0.188,    0.198,    0.187,    0.202,
         2,2020090306,   -0.250,   -0.279,   -0.248,   -0.199,   -0.352,   -0.250,   -0.279,   -0.248,   -0.180,   -0.377,    0.197,    0.197,    0.197,    0.172,    0.171,    0.197,    0.197,    0.197,    0.181,    0.171,
         2,2020090300,   -0.250,   -0.247,   -0.250,   -0.229,   -0.287,   -0.248,   -0.237,   -0.249,   -0.213,   -0.297,    0.198,    0.186,    0.199,    0.195,    0.180,    0.198,    0.184,    0.199,    0.204,    0.180,
         2,2020090218,   -0.253,   -0.253,   -0.254,   -0.214,   -0.249,   -0.251,   -0.236,   -0.254,   -0.213,   -0.252,    0.199,    0.191,    0.200,    0.189,    0.188,    0.199,    0.196,    0.200,    0.190,    0.188,
         2,2020090212,   -0.251,   -0.274,   -0.248,   -0.259,   -0.263,   -0.247,   -0.259,   -0.246,   -0.228,   -0.273,    0.200,    0.198,    0.200,    0.182,    0.190,    0.200,    0.203,    0.200,    0.184,    0.190,
         2,2020090206,   -0.247,   -0.288,   -0.245,   -0.188,   -0.335,   -0.250,   -0.287,   -0.248,   -0.185,   -0.339,    0.198,    0.199,    0.197,    0.180,    0.205,    0.198,    0.201,    0.197,    0.180,    0.205,
         2,2020090200,   -0.249,   -0.234,   -0.249,   -0.248,   -0.322,   -0.250,   -0.233,   -0.249,   -0.244,   -0.350,    0.196,    0.190,    0.196,    0.186,    0.211,    0.196,    0.193,    0.196,    0.191,    0.211,
         2,2020090118,   -0.247,   -0.244,   -0.248,   -0.200,   -0.316,   -0.247,   -0.246,   -0.248,   -0.206,   -0.319,    0.197,    0.189,    0.197,    0.199,    0.204,    0.197,    0.189,    0.197,    0.201,    0.204,
         2,2020090112,   -0.252,   -0.270,   -0.249,   -0.253,   -0.306,   -0.249,   -0.261,   -0.247,   -0.244,   -0.292,    0.197,    0.189,    0.198,    0.183,    0.208,    0.197,    0.185,    0.198,    0.189,    0.208,
         2,2020090106,   -0.253,   -0.267,   -0.251,   -0.226,   -0.354,   -0.251,   -0.253,   -0.250,   -0.223,   -0.348,    0.199,    0.200,    0.199,    0.178,    0.195,    0.199,    0.205,    0.199,    0.182,    0.195,
         2,2020090100,   -0.254,   -0.272,   -0.252,   -0.225,   -0.368,   -0.254,   -0.262,   -0.252,   -0.242,   -0.357,    0.197,    0.195,    0.197,    0.177,    0.201,    0.197,    0.198,    0.197,    0.177,    0.201,
         2,2020083118,   -0.255,   -0.248,   -0.255,   -0.225,   -0.297,   -0.255,   -0.247,   -0.256,   -0.250,   -0.285,    0.197,    0.192,    0.198,    0.198,    0.204,    0.197,    0.188,    0.198,    0.200,    0.204,
         2,2020083112,   -0.254,   -0.271,   -0.252,   -0.237,   -0.287,   -0.249,   -0.266,   -0.248,   -0.212,   -0.279,    0.201,    0.199,    0.201,    0.189,    0.202,    0.201,    0.198,    0.201,    0.202,    0.202,
         2,2020083106,   -0.257,   -0.258,   -0.257,   -0.214,   -0.285,   -0.257,   -0.264,   -0.257,   -0.234,   -0.279,    0.201,    0.196,    0.201,    0.188,    0.200,    0.201,    0.198,    0.201,    0.181,    0.200,
         2,2020083100,   -0.257,   -0.278,   -0.255,   -0.234,   -0.309,   -0.260,   -0.280,   -0.258,   -0.251,   -0.297,    0.199,    0.199,    0.199,    0.195,    0.185,    0.199,    0.200,    0.199,    0.186,    0.185,
         2,2020083018,   -0.253,   -0.256,   -0.253,   -0.220,   -0.298,   -0.251,   -0.257,   -0.250,   -0.214,   -0.303,    0.200,    0.195,    0.201,    0.180,    0.191,    0.200,    0.195,    0.201,    0.179,    0.191,
         2,2020083012,   -0.262,   -0.260,   -0.261,   -0.224,   -0.374,   -0.256,   -0.255,   -0.255,   -0.212,   -0.356,    0.205,    0.197,    0.205,    0.186,    0.195,    0.205,    0.205,    0.205,    0.204,    0.195,
         2,2020083006,   -0.270,   -0.270,   -0.270,   -0.224,   -0.339,   -0.267,   -0.261,   -0.268,   -0.217,   -0.324,    0.208,    0.206,    0.209,    0.194,    0.185,    0.208,    0.210,    0.209,    0.187,    0.185,
         2,2020083000,   -0.264,   -0.289,   -0.263,   -0.212,   -0.316,   -0.262,   -0.281,   -0.260,   -0.226,   -0.309,    0.209,    0.211,    0.209,    0.198,    0.197,    0.209,    0.213,    0.209,    0.190,    0.197,
