         7,2020092000,   -1.113,   -1.113,   -1.113,   -1.113,   -1.113,   -1.113,   -1.113,   -1.113,   -1.113,   -1.113,    0.003, -999.000,    0.002, -999.000, -999.000,    0.003, -999.000,    0.002, -999.000, -999.000,
         7,2020091918,   -1.110,   -1.110,   -1.110,   -1.110,   -1.110,   -1.110,   -1.110,   -1.110,   -1.110,   -1.110,    0.003,    0.001, -999.000,    0.001, -999.000,    0.003,    0.001, -999.000, -999.000, -999.000,
         7,2020091912,   -1.113,   -1.113,   -1.113,   -1.113,   -1.113,   -1.113,   -1.113,   -1.113,   -1.113,   -1.113,    0.003,    0.001,    0.002,    0.001,    0.001,    0.003,    0.001,    0.002, -999.000,    0.001,
         7,2020091906,   -1.108,   -1.108,   -1.108,   -1.108,   -1.108,   -1.108,   -1.108,   -1.108,   -1.108,   -1.108,    0.003, -999.000, -999.000, -999.000, -999.000,    0.003, -999.000, -999.000, -999.000, -999.000,
         7,2020091900,   -1.110,   -1.110,   -1.110,   -1.110,   -1.110,   -1.110,   -1.110,   -1.110,   -1.110,   -1.110,    0.002,    0.001,    0.001,    0.000,    0.001,    0.002,    0.001,    0.001, -999.000,    0.001,
         7,2020091818,   -1.110,   -1.110,   -1.110,   -1.110,   -1.110,   -1.110,   -1.110,   -1.110,   -1.110,   -1.110, -999.000,    0.001, -999.000,    0.001, -999.000, -999.000,    0.001, -999.000,    0.001, -999.000,
         7,2020091812,   -1.112,   -1.112,   -1.112,   -1.112,   -1.112,   -1.112,   -1.112,   -1.112,   -1.112,   -1.112, -999.000,    0.001,    0.002, -999.000, -999.000, -999.000,    0.001,    0.002, -999.000, -999.000,
         7,2020091806,   -1.110,   -1.110,   -1.110,   -1.110,   -1.110,   -1.110,   -1.110,   -1.110,   -1.110,   -1.110,    0.002,    0.001, -999.000,    0.001,    0.000,    0.002,    0.001, -999.000,    0.001,    0.000,
         7,2020091800,   -1.109,   -1.109,   -1.109,   -1.109,   -1.109,   -1.109,   -1.109,   -1.109,   -1.109,   -1.109,    0.002, -999.000,    0.001, -999.000, -999.000,    0.002,    0.001,    0.001, -999.000, -999.000,
         7,2020091718,   -1.111,   -1.111,   -1.111,   -1.111,   -1.111,   -1.111,   -1.111,   -1.111,   -1.111,   -1.111,    0.003,    0.001,    0.002,    0.001,    0.001,    0.003,    0.001,    0.002,    0.001,    0.001,
         7,2020091712,   -1.111,   -1.111,   -1.111,   -1.111,   -1.111,   -1.111,   -1.111,   -1.111,   -1.111,   -1.111,    0.002, -999.000, -999.000, -999.000, -999.000,    0.002, -999.000, -999.000, -999.000, -999.000,
         7,2020091706,   -1.111,   -1.111,   -1.111,   -1.111,   -1.111,   -1.111,   -1.111,   -1.111,   -1.111,   -1.111, -999.000, -999.000,    0.002, -999.000, -999.000, -999.000, -999.000,    0.002, -999.000, -999.000,
         7,2020091700,   -1.110,   -1.110,   -1.110,   -1.110,   -1.110,   -1.110,   -1.110,   -1.110,   -1.110,   -1.110,    0.001,    0.002,    0.001,    0.000,    0.000,    0.001,    0.001,    0.001,    0.000,    0.000,
         7,2020091618,   -1.111,   -1.111,   -1.111,   -1.111,   -1.111,   -1.111,   -1.111,   -1.111,   -1.111,   -1.111, -999.000, -999.000, -999.000, -999.000,    0.000, -999.000, -999.000, -999.000, -999.000,    0.000,
         7,2020091612,   -1.110,   -1.110,   -1.110,   -1.110,   -1.110,   -1.110,   -1.110,   -1.110,   -1.110,   -1.110,    0.003, -999.000,    0.002,    0.000, -999.000,    0.003, -999.000,    0.002,    0.000, -999.000,
         7,2020091606,   -1.110,   -1.110,   -1.110,   -1.110,   -1.110,   -1.110,   -1.110,   -1.110,   -1.110,   -1.110,    0.003, -999.000, -999.000, -999.000, -999.000,    0.003, -999.000, -999.000, -999.000, -999.000,
         7,2020091600,   -1.108,   -1.108,   -1.108,   -1.108,   -1.108,   -1.108,   -1.108,   -1.108,   -1.108,   -1.108,    0.003, -999.000, -999.000, -999.000,    0.001,    0.003, -999.000, -999.000, -999.000,    0.001,
         7,2020091518,   -1.109,   -1.109,   -1.109,   -1.109,   -1.109,   -1.109,   -1.109,   -1.109,   -1.109,   -1.109, -999.000,    0.001, -999.000,    0.001,    0.001, -999.000,    0.001, -999.000,    0.001,    0.001,
         7,2020091512,   -1.107,   -1.107,   -1.107,   -1.107,   -1.107,   -1.107,   -1.107,   -1.107,   -1.107,   -1.107,    0.002, -999.000, -999.000, -999.000, -999.000,    0.002,    0.000, -999.000, -999.000, -999.000,
         7,2020091506,   -1.107,   -1.107,   -1.107,   -1.107,   -1.107,   -1.107,   -1.107,   -1.107,   -1.107,   -1.107,    0.002,    0.002,    0.002,    0.001, -999.000,    0.002,    0.002,    0.002,    0.000, -999.000,
         7,2020091500,   -1.106,   -1.106,   -1.106,   -1.106,   -1.106,   -1.106,   -1.106,   -1.106,   -1.106,   -1.106, -999.000, -999.000, -999.000, -999.000, -999.000, -999.000,    0.000, -999.000,    0.000, -999.000,
         7,2020091418,   -1.106,   -1.106,   -1.106,   -1.106,   -1.106,   -1.106,   -1.106,   -1.106,   -1.106,   -1.106,    0.003, -999.000,    0.002, -999.000, -999.000,    0.003, -999.000,    0.002, -999.000, -999.000,
         7,2020091412,   -1.107,   -1.107,   -1.107,   -1.107,   -1.107,   -1.107,   -1.107,   -1.107,   -1.107,   -1.107,    0.002, -999.000, -999.000, -999.000,    0.000,    0.002, -999.000, -999.000, -999.000,    0.000,
         7,2020091406,   -1.108,   -1.108,   -1.108,   -1.108,   -1.108,   -1.108,   -1.108,   -1.108,   -1.108,   -1.108,    0.003, -999.000, -999.000, -999.000,    0.001,    0.003, -999.000, -999.000, -999.000,    0.001,
         7,2020091400,   -1.106,   -1.106,   -1.106,   -1.106,   -1.106,   -1.106,   -1.106,   -1.106,   -1.106,   -1.106,    0.003,    0.002,    0.002,    0.001,    0.001,    0.003,    0.002,    0.002,    0.001,    0.001,
         7,2020091318,   -1.107,   -1.107,   -1.107,   -1.107,   -1.107,   -1.107,   -1.107,   -1.107,   -1.107,   -1.107,    0.000, -999.000, -999.000,    0.000, -999.000,    0.000, -999.000, -999.000, -999.000, -999.000,
         7,2020091312,   -1.105,   -1.105,   -1.105,   -1.105,   -1.105,   -1.105,   -1.105,   -1.105,   -1.105,   -1.105,    0.003, -999.000, -999.000,    0.000, -999.000,    0.003, -999.000, -999.000,    0.001, -999.000,
         7,2020091306,   -1.106,   -1.106,   -1.106,   -1.106,   -1.106,   -1.106,   -1.106,   -1.106,   -1.106,   -1.106, -999.000, -999.000, -999.000,    0.000,    0.001, -999.000, -999.000, -999.000,    0.000,    0.001,
         7,2020091300,   -1.103,   -1.103,   -1.103,   -1.103,   -1.103,   -1.103,   -1.103,   -1.103,   -1.103,   -1.103,    0.002, -999.000,    0.002, -999.000, -999.000,    0.002, -999.000,    0.002, -999.000, -999.000,
         7,2020091218,   -1.103,   -1.103,   -1.103,   -1.103,   -1.103,   -1.103,   -1.103,   -1.103,   -1.103,   -1.103, -999.000, -999.000,    0.002, -999.000, -999.000, -999.000, -999.000,    0.002, -999.000, -999.000,
         7,2020091212,   -1.102,   -1.102,   -1.102,   -1.102,   -1.102,   -1.102,   -1.102,   -1.102,   -1.102,   -1.102,    0.002,    0.001,    0.002, -999.000, -999.000,    0.002,    0.002,    0.002, -999.000, -999.000,
         7,2020091206,   -1.101,   -1.101,   -1.101,   -1.101,   -1.101,   -1.101,   -1.101,   -1.101,   -1.101,   -1.101,    0.003,    0.001,    0.003,    0.001, -999.000,    0.003,    0.001,    0.003,    0.001, -999.000,
         7,2020091200,   -1.100,   -1.100,   -1.100,   -1.100,   -1.100,   -1.100,   -1.100,   -1.100,   -1.100,   -1.100, -999.000, -999.000,    0.001, -999.000, -999.000, -999.000, -999.000,    0.001, -999.000, -999.000,
         7,2020091118,   -1.101,   -1.101,   -1.101,   -1.101,   -1.101,   -1.101,   -1.101,   -1.101,   -1.101,   -1.101,    0.003, -999.000,    0.002, -999.000, -999.000,    0.003, -999.000,    0.002, -999.000, -999.000,
         7,2020091112,   -1.101,   -1.101,   -1.101,   -1.101,   -1.101,   -1.101,   -1.101,   -1.101,   -1.101,   -1.101, -999.000, -999.000, -999.000, -999.000, -999.000, -999.000, -999.000, -999.000, -999.000, -999.000,
         7,2020091106,   -1.105,   -1.105,   -1.105,   -1.105,   -1.105,   -1.105,   -1.105,   -1.105,   -1.105,   -1.105, -999.000,    0.000,    0.002, -999.000, -999.000, -999.000,    0.000,    0.002, -999.000, -999.000,
         7,2020091100,   -1.107,   -1.107,   -1.107,   -1.107,   -1.107,   -1.107,   -1.107,   -1.107,   -1.107,   -1.107,    0.003, -999.000,    0.002, -999.000, -999.000,    0.003, -999.000,    0.002, -999.000, -999.000,
         7,2020091018,   -1.112,   -1.112,   -1.112,   -1.112,   -1.112,   -1.112,   -1.112,   -1.112,   -1.112,   -1.112, -999.000,    0.001, -999.000,    0.001, -999.000, -999.000,    0.001, -999.000,    0.001, -999.000,
         7,2020091012,   -1.114,   -1.114,   -1.114,   -1.114,   -1.114,   -1.114,   -1.114,   -1.114,   -1.114,   -1.114, -999.000, -999.000, -999.000, -999.000, -999.000, -999.000, -999.000, -999.000, -999.000, -999.000,
         7,2020091006,   -1.113,   -1.113,   -1.113,   -1.113,   -1.113,   -1.113,   -1.113,   -1.113,   -1.113,   -1.113, -999.000,    0.000, -999.000,    0.001, -999.000, -999.000,    0.001, -999.000,    0.001, -999.000,
         7,2020091000,   -1.112,   -1.112,   -1.112,   -1.112,   -1.112,   -1.112,   -1.112,   -1.112,   -1.112,   -1.112,    0.003, -999.000,    0.002, -999.000, -999.000,    0.003, -999.000,    0.002, -999.000, -999.000,
         7,2020090918,   -1.113,   -1.113,   -1.113,   -1.113,   -1.113,   -1.113,   -1.113,   -1.113,   -1.113,   -1.113, -999.000, -999.000, -999.000, -999.000, -999.000, -999.000, -999.000, -999.000, -999.000, -999.000,
         7,2020090912,   -1.112,   -1.112,   -1.112,   -1.112,   -1.112,   -1.112,   -1.112,   -1.112,   -1.112,   -1.112, -999.000, -999.000, -999.000,    0.001, -999.000, -999.000, -999.000, -999.000,    0.001, -999.000,
         7,2020090906,   -1.111,   -1.111,   -1.111,   -1.111,   -1.111,   -1.111,   -1.111,   -1.111,   -1.111,   -1.111,    0.002,    0.001,    0.002, -999.000, -999.000,    0.002,    0.001,    0.002, -999.000, -999.000,
         7,2020090900,   -1.113,   -1.113,   -1.113,   -1.113,   -1.113,   -1.113,   -1.113,   -1.113,   -1.113,   -1.113, -999.000, -999.000, -999.000,    0.001,    0.001, -999.000, -999.000, -999.000,    0.001,    0.001,
         7,2020090818,   -1.112,   -1.113,   -1.113,   -1.113,   -1.113,   -1.112,   -1.113,   -1.113,   -1.113,   -1.113,    0.004, -999.000,    0.001, -999.000,    0.001,    0.004, -999.000,    0.001, -999.000,    0.001,
         7,2020090812,   -1.115,   -1.115,   -1.115,   -1.115,   -1.115,   -1.115,   -1.115,   -1.115,   -1.115,   -1.115, -999.000,    0.001, -999.000,    0.000,    0.001, -999.000,    0.001, -999.000,    0.001,    0.001,
         7,2020090806,   -1.120,   -1.120,   -1.120,   -1.120,   -1.120,   -1.120,   -1.120,   -1.120,   -1.120,   -1.120,    0.001,    0.001, -999.000, -999.000, -999.000,    0.001,    0.001, -999.000, -999.000, -999.000,
         7,2020090800,   -1.118,   -1.118,   -1.118,   -1.118,   -1.118,   -1.118,   -1.118,   -1.118,   -1.118,   -1.118, -999.000, -999.000, -999.000,    0.001,    0.001, -999.000, -999.000, -999.000,    0.001,    0.001,
         7,2020090718,   -1.116,   -1.116,   -1.116,   -1.116,   -1.116,   -1.116,   -1.116,   -1.116,   -1.116,   -1.116, -999.000,    0.001, -999.000, -999.000, -999.000, -999.000,    0.001, -999.000, -999.000, -999.000,
         7,2020090712,   -1.116,   -1.116,   -1.116,   -1.116,   -1.116,   -1.116,   -1.116,   -1.116,   -1.116,   -1.116,    0.003, -999.000,    0.002, -999.000, -999.000,    0.003, -999.000,    0.002, -999.000, -999.000,
         7,2020090706,   -1.118,   -1.118,   -1.118,   -1.118,   -1.118,   -1.118,   -1.118,   -1.118,   -1.118,   -1.118,    0.001,    0.001,    0.003, -999.000, -999.000,    0.001,    0.001,    0.003, -999.000, -999.000,
         7,2020090700,   -1.116,   -1.116,   -1.116,   -1.116,   -1.116,   -1.116,   -1.116,   -1.116,   -1.116,   -1.116,    0.001,    0.001, -999.000,    0.001,    0.001,    0.001,    0.001, -999.000,    0.001,    0.001,
         7,2020090618,   -1.114,   -1.114,   -1.114,   -1.114,   -1.114,   -1.114,   -1.114,   -1.114,   -1.114,   -1.114,    0.003,    0.001, -999.000,    0.001,    0.001,    0.003,    0.001, -999.000,    0.001,    0.001,
         7,2020090612,   -1.115,   -1.115,   -1.115,   -1.115,   -1.115,   -1.115,   -1.115,   -1.115,   -1.115,   -1.115,    0.002, -999.000, -999.000, -999.000, -999.000,    0.002, -999.000, -999.000, -999.000, -999.000,
         7,2020090606,   -1.117,   -1.117,   -1.117,   -1.117,   -1.117,   -1.117,   -1.117,   -1.117,   -1.117,   -1.117, -999.000,    0.000,    0.001, -999.000, -999.000, -999.000,    0.001,    0.001, -999.000, -999.000,
         7,2020090600,   -1.120,   -1.120,   -1.120,   -1.120,   -1.120,   -1.120,   -1.120,   -1.120,   -1.120,   -1.120, -999.000, -999.000, -999.000, -999.000, -999.000, -999.000, -999.000, -999.000, -999.000, -999.000,
         7,2020090518,   -1.118,   -1.118,   -1.118,   -1.118,   -1.118,   -1.118,   -1.118,   -1.118,   -1.118,   -1.118,    0.003, -999.000,    0.002, -999.000, -999.000,    0.003, -999.000,    0.002, -999.000, -999.000,
         7,2020090512,   -1.119,   -1.119,   -1.119,   -1.119,   -1.119,   -1.119,   -1.119,   -1.119,   -1.119,   -1.119, -999.000, -999.000, -999.000,    0.001,    0.000, -999.000, -999.000, -999.000, -999.000,    0.000,
         7,2020090506,   -1.116,   -1.116,   -1.116,   -1.116,   -1.116,   -1.116,   -1.116,   -1.116,   -1.116,   -1.116, -999.000,    0.000,    0.002, -999.000, -999.000, -999.000, -999.000,    0.002, -999.000, -999.000,
         7,2020090500,   -1.116,   -1.116,   -1.116,   -1.116,   -1.116,   -1.116,   -1.116,   -1.116,   -1.116,   -1.116,    0.001,    0.002,    0.001,    0.001,    0.001,    0.001,    0.002,    0.001,    0.001,    0.001,
         7,2020090418,   -1.115,   -1.115,   -1.115,   -1.115,   -1.115,   -1.115,   -1.115,   -1.115,   -1.115,   -1.115, -999.000, -999.000, -999.000, -999.000, -999.000, -999.000, -999.000, -999.000, -999.000, -999.000,
         7,2020090412,   -1.114,   -1.114,   -1.114,   -1.114,   -1.114,   -1.114,   -1.114,   -1.114,   -1.114,   -1.114, -999.000,    0.001, -999.000, -999.000, -999.000, -999.000,    0.001, -999.000, -999.000, -999.000,
         7,2020090406,   -1.114,   -1.114,   -1.114,   -1.114,   -1.114,   -1.114,   -1.114,   -1.114,   -1.114,   -1.114, -999.000,    0.001, -999.000, -999.000, -999.000, -999.000,    0.000, -999.000, -999.000, -999.000,
         7,2020090400,   -1.115,   -1.115,   -1.115,   -1.115,   -1.115,   -1.115,   -1.115,   -1.115,   -1.115,   -1.115, -999.000,    0.002,    0.002, -999.000,    0.001, -999.000,    0.002,    0.002, -999.000,    0.001,
         7,2020090318,   -1.113,   -1.113,   -1.113,   -1.113,   -1.113,   -1.113,   -1.113,   -1.113,   -1.113,   -1.113, -999.000, -999.000, -999.000, -999.000,    0.000, -999.000, -999.000, -999.000, -999.000,    0.000,
         7,2020090312,   -1.114,   -1.114,   -1.114,   -1.114,   -1.114,   -1.114,   -1.114,   -1.114,   -1.114,   -1.114,    0.001,    0.001,    0.002,    0.000, -999.000,    0.001,    0.001,    0.002, -999.000, -999.000,
         7,2020090306,   -1.115,   -1.115,   -1.115,   -1.115,   -1.115,   -1.115,   -1.115,   -1.115,   -1.115,   -1.115, -999.000, -999.000, -999.000, -999.000, -999.000, -999.000, -999.000, -999.000, -999.000, -999.000,
         7,2020090300,   -1.115,   -1.115,   -1.115,   -1.115,   -1.115,   -1.115,   -1.115,   -1.115,   -1.115,   -1.115, -999.000, -999.000, -999.000, -999.000, -999.000, -999.000, -999.000, -999.000, -999.000, -999.000,
         7,2020090218,   -1.115,   -1.115,   -1.115,   -1.115,   -1.115,   -1.115,   -1.115,   -1.115,   -1.115,   -1.115, -999.000,    0.000, -999.000,    0.000,    0.001, -999.000,    0.001, -999.000,    0.000,    0.001,
         7,2020090212,   -1.114,   -1.114,   -1.114,   -1.114,   -1.114,   -1.114,   -1.114,   -1.114,   -1.114,   -1.114,    0.001, -999.000,    0.001,    0.001, -999.000,    0.001, -999.000,    0.001,    0.000, -999.000,
         7,2020090206,   -1.114,   -1.114,   -1.114,   -1.114,   -1.114,   -1.114,   -1.114,   -1.114,   -1.114,   -1.114, -999.000, -999.000,    0.002, -999.000, -999.000, -999.000, -999.000,    0.002, -999.000, -999.000,
         7,2020090200,   -1.111,   -1.111,   -1.111,   -1.111,   -1.111,   -1.111,   -1.111,   -1.111,   -1.111,   -1.111, -999.000,    0.001,    0.001, -999.000,    0.000, -999.000,    0.001,    0.001, -999.000,    0.000,
         7,2020090118,   -1.113,   -1.113,   -1.113,   -1.113,   -1.113,   -1.113,   -1.113,   -1.113,   -1.113,   -1.113,    0.001,    0.001, -999.000,    0.001, -999.000,    0.001,    0.001, -999.000,    0.001, -999.000,
         7,2020090112,   -1.114,   -1.114,   -1.114,   -1.114,   -1.114,   -1.114,   -1.114,   -1.114,   -1.114,   -1.114, -999.000,    0.001, -999.000, -999.000,    0.000, -999.000,    0.002, -999.000, -999.000,    0.000,
         7,2020090106,   -1.116,   -1.116,   -1.116,   -1.116,   -1.116,   -1.116,   -1.116,   -1.116,   -1.116,   -1.116,    0.002,    0.001,    0.002, -999.000,    0.001,    0.002,    0.001,    0.002, -999.000,    0.001,
         7,2020090100,   -1.111,   -1.111,   -1.111,   -1.111,   -1.111,   -1.111,   -1.111,   -1.111,   -1.111,   -1.111,    0.002, -999.000,    0.000, -999.000, -999.000,    0.002, -999.000,    0.000, -999.000, -999.000,
         7,2020083118,   -1.113,   -1.113,   -1.113,   -1.113,   -1.113,   -1.113,   -1.113,   -1.113,   -1.113,   -1.113, -999.000,    0.001, -999.000,    0.001,    0.001, -999.000,    0.001, -999.000,    0.001,    0.001,
         7,2020083112,   -1.110,   -1.110,   -1.110,   -1.110,   -1.110,   -1.110,   -1.110,   -1.110,   -1.110,   -1.110, -999.000,    0.002, -999.000, -999.000, -999.000, -999.000,    0.002, -999.000, -999.000, -999.000,
         7,2020083106,   -1.111,   -1.111,   -1.111,   -1.111,   -1.111,   -1.111,   -1.111,   -1.111,   -1.111,   -1.111,    0.003, -999.000, -999.000, -999.000, -999.000,    0.003, -999.000, -999.000,    0.001, -999.000,
         7,2020083100,   -1.112,   -1.112,   -1.112,   -1.112,   -1.112,   -1.112,   -1.112,   -1.112,   -1.112,   -1.112,    0.002, -999.000, -999.000, -999.000, -999.000,    0.002, -999.000, -999.000, -999.000, -999.000,
         7,2020083018,   -1.114,   -1.114,   -1.114,   -1.114,   -1.114,   -1.114,   -1.114,   -1.114,   -1.114,   -1.114, -999.000, -999.000, -999.000,    0.000,    0.000, -999.000,    0.001, -999.000,    0.000,    0.000,
         7,2020083012,   -1.112,   -1.112,   -1.112,   -1.112,   -1.112,   -1.112,   -1.112,   -1.112,   -1.112,   -1.112,    0.003, -999.000,    0.002, -999.000, -999.000,    0.003, -999.000,    0.002, -999.000, -999.000,
         7,2020083006,   -1.115,   -1.115,   -1.115,   -1.115,   -1.115,   -1.115,   -1.115,   -1.115,   -1.115,   -1.115,    0.002, -999.000, -999.000,    0.001,    0.001,    0.002, -999.000, -999.000,    0.001,    0.001,
         7,2020083000,   -1.113,   -1.113,   -1.113,   -1.113,   -1.113,   -1.113,   -1.113,   -1.113,   -1.113,   -1.113, -999.000, -999.000, -999.000,    0.000, -999.000, -999.000, -999.000, -999.000,    0.000, -999.000,
