        15,2020092000,    1.092,    1.092,    1.092,    1.092,    1.092,    1.091,    1.091,    1.091,    1.091,    1.091,    0.000, -999.000, -999.000,    0.000, -999.000,    0.000,    0.001, -999.000,    0.001, -999.000,
        15,2020091918,    1.094,    1.094,    1.094,    1.094,    1.094,    1.092,    1.092,    1.092,    1.092,    1.092, -999.000,    0.000, -999.000, -999.000, -999.000, -999.000, -999.000, -999.000, -999.000, -999.000,
        15,2020091912,    1.093,    1.093,    1.093,    1.093,    1.093,    1.094,    1.094,    1.094,    1.094,    1.094, -999.000,    0.000, -999.000,    0.000,    0.001, -999.000, -999.000, -999.000, -999.000,    0.001,
        15,2020091906,    1.087,    1.087,    1.087,    1.087,    1.087,    1.093,    1.093,    1.093,    1.093,    1.093, -999.000,    0.001, -999.000, -999.000, -999.000, -999.000, -999.000, -999.000,    0.001, -999.000,
        15,2020091900,    1.085,    1.085,    1.085,    1.085,    1.085,    1.087,    1.087,    1.087,    1.087,    1.087,    0.000, -999.000,    0.000, -999.000, -999.000,    0.000, -999.000,    0.000, -999.000, -999.000,
        15,2020091818,    1.084,    1.084,    1.084,    1.084,    1.084,    1.085,    1.085,    1.085,    1.085,    1.085, -999.000, -999.000, -999.000, -999.000, -999.000, -999.000, -999.000, -999.000, -999.000, -999.000,
        15,2020091812,    1.088,    1.088,    1.088,    1.088,    1.088,    1.084,    1.084,    1.084,    1.084,    1.084,    0.002, -999.000,    0.002, -999.000, -999.000,    0.002, -999.000,    0.002, -999.000, -999.000,
        15,2020091806,    1.083,    1.083,    1.083,    1.083,    1.083,    1.088,    1.088,    1.088,    1.088,    1.088,    0.001,    0.001,    0.001,    0.000, -999.000,    0.001,    0.001,    0.001, -999.000, -999.000,
        15,2020091800,    1.087,    1.087,    1.087,    1.087,    1.087,    1.083,    1.083,    1.083,    1.083,    1.083,    0.002, -999.000,    0.002, -999.000,    0.001,    0.002,    0.001,    0.002,    0.000,    0.001,
        15,2020091718,    1.085,    1.085,    1.085,    1.085,    1.085,    1.087,    1.087,    1.087,    1.087,    1.087,    0.002, -999.000,    0.002, -999.000, -999.000,    0.002, -999.000,    0.002, -999.000, -999.000,
        15,2020091712,    1.091,    1.091,    1.091,    1.091,    1.091,    1.085,    1.085,    1.085,    1.085,    1.085, -999.000,    0.001, -999.000, -999.000,    0.000, -999.000,    0.001, -999.000,    0.000,    0.000,
        15,2020091706,    1.086,    1.086,    1.086,    1.086,    1.086,    1.091,    1.091,    1.091,    1.091,    1.091, -999.000, -999.000, -999.000,    0.000, -999.000, -999.000, -999.000, -999.000, -999.000, -999.000,
        15,2020091700,    1.089,    1.089,    1.089,    1.089,    1.089,    1.086,    1.086,    1.086,    1.086,    1.086,    0.002,    0.001,    0.001,    0.000, -999.000,    0.002, -999.000,    0.001, -999.000, -999.000,
        15,2020091618,    1.092,    1.092,    1.092,    1.092,    1.092,    1.089,    1.089,    1.089,    1.089,    1.089, -999.000,    0.000, -999.000, -999.000, -999.000, -999.000,    0.001, -999.000, -999.000, -999.000,
        15,2020091612,    1.100,    1.100,    1.100,    1.100,    1.100,    1.092,    1.092,    1.092,    1.092,    1.092, -999.000, -999.000, -999.000,    0.000, -999.000, -999.000, -999.000, -999.000, -999.000, -999.000,
        15,2020091606,    1.099,    1.099,    1.099,    1.099,    1.099,    1.100,    1.100,    1.100,    1.100,    1.100,    0.001, -999.000,    0.002,    0.001, -999.000,    0.001, -999.000,    0.002,    0.001, -999.000,
        15,2020091600,    1.097,    1.097,    1.097,    1.097,    1.097,    1.099,    1.099,    1.099,    1.099,    1.099, -999.000, -999.000, -999.000, -999.000,    0.001, -999.000,    0.001, -999.000,    0.001,    0.001,
        15,2020091518,    1.096,    1.096,    1.096,    1.096,    1.096,    1.097,    1.097,    1.097,    1.097,    1.097, -999.000,    0.000, -999.000,    0.001, -999.000, -999.000,    0.000, -999.000, -999.000, -999.000,
        15,2020091512,    1.102,    1.102,    1.102,    1.102,    1.102,    1.096,    1.096,    1.096,    1.096,    1.096, -999.000,    0.000, -999.000,    0.000, -999.000, -999.000, -999.000, -999.000, -999.000, -999.000,
        15,2020091506,    1.097,    1.097,    1.097,    1.097,    1.097,    1.102,    1.102,    1.102,    1.102,    1.102, -999.000,    0.001, -999.000, -999.000,    0.001, -999.000, -999.000, -999.000, -999.000,    0.001,
        15,2020091500,    1.104,    1.104,    1.104,    1.104,    1.104,    1.097,    1.097,    1.097,    1.097,    1.097,    0.000, -999.000,    0.001,    0.001, -999.000,    0.000,    0.001,    0.001,    0.000, -999.000,
        15,2020091418,    1.099,    1.099,    1.099,    1.099,    1.099,    1.104,    1.104,    1.104,    1.104,    1.104,    0.001,    0.000,    0.002,    0.000, -999.000,    0.001, -999.000,    0.002, -999.000, -999.000,
        15,2020091412,    1.104,    1.104,    1.104,    1.104,    1.104,    1.099,    1.099,    1.099,    1.099,    1.099, -999.000, -999.000, -999.000, -999.000, -999.000, -999.000,    0.001, -999.000, -999.000, -999.000,
        15,2020091406,    1.097,    1.097,    1.097,    1.097,    1.097,    1.104,    1.104,    1.104,    1.104,    1.104,    0.002, -999.000,    0.002,    0.001,    0.001,    0.002, -999.000,    0.002,    0.000,    0.001,
        15,2020091400,    1.102,    1.102,    1.102,    1.102,    1.102,    1.097,    1.097,    1.097,    1.097,    1.097,    0.002,    0.000,    0.002, -999.000,    0.001,    0.002, -999.000,    0.002,    0.001,    0.001,
        15,2020091318,    1.106,    1.106,    1.106,    1.106,    1.106,    1.102,    1.102,    1.102,    1.102,    1.102, -999.000,    0.001, -999.000, -999.000, -999.000, -999.000,    0.001, -999.000,    0.001, -999.000,
        15,2020091312,    1.110,    1.110,    1.110,    1.110,    1.110,    1.106,    1.106,    1.106,    1.106,    1.106,    0.003, -999.000,    0.003, -999.000, -999.000,    0.003, -999.000,    0.003, -999.000, -999.000,
        15,2020091306,    1.108,    1.108,    1.108,    1.108,    1.108,    1.110,    1.110,    1.110,    1.110,    1.110, -999.000,    0.001, -999.000, -999.000, -999.000, -999.000,    0.000, -999.000,    0.000, -999.000,
        15,2020091300,    1.109,    1.109,    1.109,    1.109,    1.109,    1.108,    1.108,    1.108,    1.108,    1.108,    0.002,    0.001,    0.003, -999.000,    0.000,    0.002, -999.000,    0.003, -999.000,    0.000,
        15,2020091218,    1.106,    1.106,    1.106,    1.106,    1.106,    1.109,    1.109,    1.109,    1.109,    1.109,    0.001, -999.000,    0.002,    0.001, -999.000,    0.001, -999.000,    0.002, -999.000, -999.000,
        15,2020091212,    1.110,    1.110,    1.110,    1.110,    1.110,    1.106,    1.106,    1.106,    1.106,    1.106,    0.002,    0.001,    0.002, -999.000, -999.000,    0.002, -999.000,    0.002, -999.000, -999.000,
        15,2020091206,    1.110,    1.110,    1.110,    1.110,    1.110,    1.110,    1.110,    1.110,    1.110,    1.110, -999.000,    0.001, -999.000,    0.001, -999.000, -999.000, -999.000, -999.000, -999.000, -999.000,
        15,2020091200,    1.113,    1.113,    1.113,    1.113,    1.113,    1.110,    1.110,    1.110,    1.110,    1.110,    0.002, -999.000,    0.001,    0.000, -999.000,    0.002, -999.000,    0.001,    0.001, -999.000,
        15,2020091118,    1.112,    1.112,    1.112,    1.112,    1.112,    1.113,    1.113,    1.113,    1.113,    1.113, -999.000,    0.000, -999.000, -999.000,    0.000, -999.000,    0.001, -999.000,    0.000,    0.000,
        15,2020091112,    1.109,    1.109,    1.109,    1.109,    1.109,    1.112,    1.112,    1.112,    1.112,    1.112, -999.000,    0.001, -999.000,    0.000, -999.000, -999.000, -999.000, -999.000, -999.000, -999.000,
        15,2020091106,    1.112,    1.112,    1.112,    1.112,    1.112,    1.109,    1.109,    1.109,    1.109,    1.109, -999.000, -999.000, -999.000, -999.000, -999.000, -999.000, -999.000, -999.000, -999.000, -999.000,
        15,2020091100,    1.112,    1.112,    1.112,    1.112,    1.112,    1.112,    1.112,    1.112,    1.112,    1.112, -999.000, -999.000, -999.000, -999.000,    0.001, -999.000,    0.000, -999.000, -999.000,    0.001,
        15,2020091018,    1.112,    1.112,    1.112,    1.112,    1.112,    1.112,    1.112,    1.112,    1.112,    1.112,    0.001, -999.000,    0.001, -999.000,    0.001,    0.001,    0.000,    0.001,    0.001,    0.001,
        15,2020091012,    1.109,    1.109,    1.109,    1.109,    1.109,    1.112,    1.112,    1.112,    1.112,    1.112,    0.002,    0.000,    0.002, -999.000, -999.000,    0.002,    0.000,    0.002,    0.001, -999.000,
        15,2020091006,    1.110,    1.110,    1.110,    1.110,    1.110,    1.109,    1.109,    1.109,    1.109,    1.109, -999.000,    0.001, -999.000, -999.000, -999.000, -999.000, -999.000, -999.000,    0.001, -999.000,
        15,2020091000,    1.108,    1.108,    1.108,    1.108,    1.108,    1.110,    1.110,    1.110,    1.110,    1.110,    0.001,    0.001, -999.000,    0.000,    0.000,    0.001,    0.001, -999.000,    0.000,    0.000,
        15,2020090918,    1.103,    1.103,    1.103,    1.103,    1.103,    1.108,    1.108,    1.108,    1.108,    1.108, -999.000, -999.000,    0.001, -999.000, -999.000, -999.000, -999.000,    0.001,    0.001, -999.000,
        15,2020090912,    1.100,    1.100,    1.100,    1.100,    1.100,    1.103,    1.103,    1.103,    1.103,    1.103,    0.001, -999.000,    0.001, -999.000, -999.000,    0.001,    0.001,    0.001,    0.001, -999.000,
        15,2020090906,    1.095,    1.095,    1.095,    1.095,    1.095,    1.100,    1.100,    1.100,    1.100,    1.100,    0.001, -999.000, -999.000,    0.001, -999.000,    0.001, -999.000, -999.000, -999.000, -999.000,
        15,2020090900,    1.095,    1.095,    1.095,    1.095,    1.095,    1.095,    1.095,    1.095,    1.095,    1.095,    0.001, -999.000,    0.001,    0.001, -999.000,    0.001,    0.000,    0.001,    0.000, -999.000,
        15,2020090818,    1.094,    1.094,    1.094,    1.094,    1.094,    1.095,    1.095,    1.095,    1.095,    1.095, -999.000, -999.000, -999.000, -999.000,    0.000, -999.000, -999.000, -999.000,    0.000,    0.000,
        15,2020090812,    1.099,    1.099,    1.099,    1.099,    1.099,    1.094,    1.094,    1.094,    1.094,    1.094, -999.000, -999.000, -999.000, -999.000, -999.000, -999.000,    0.001, -999.000,    0.001, -999.000,
        15,2020090806,    1.091,    1.091,    1.091,    1.091,    1.091,    1.099,    1.099,    1.099,    1.099,    1.099,    0.001,    0.001,    0.002,    0.000, -999.000,    0.001,    0.001,    0.002,    0.001, -999.000,
        15,2020090800,    1.098,    1.098,    1.098,    1.098,    1.098,    1.091,    1.091,    1.091,    1.091,    1.091,    0.002,    0.001,    0.002,    0.000, -999.000,    0.002,    0.001,    0.002,    0.001, -999.000,
        15,2020090718,    1.098,    1.098,    1.098,    1.098,    1.098,    1.098,    1.098,    1.098,    1.098,    1.098,    0.001, -999.000, -999.000, -999.000,    0.000,    0.001, -999.000, -999.000, -999.000,    0.000,
        15,2020090712,    1.101,    1.101,    1.101,    1.101,    1.101,    1.098,    1.098,    1.098,    1.098,    1.098,    0.001, -999.000,    0.001, -999.000, -999.000,    0.001,    0.001,    0.001, -999.000, -999.000,
        15,2020090706,    1.097,    1.097,    1.097,    1.097,    1.097,    1.101,    1.101,    1.101,    1.101,    1.101,    0.001,    0.001,    0.001, -999.000, -999.000,    0.001, -999.000,    0.001,    0.000, -999.000,
        15,2020090700,    1.098,    1.098,    1.098,    1.098,    1.098,    1.097,    1.097,    1.097,    1.097,    1.097, -999.000, -999.000, -999.000, -999.000, -999.000, -999.000, -999.000, -999.000, -999.000, -999.000,
        15,2020090618,    1.099,    1.099,    1.099,    1.099,    1.099,    1.098,    1.098,    1.098,    1.098,    1.098, -999.000,    0.001,    0.001,    0.001, -999.000, -999.000, -999.000,    0.001, -999.000, -999.000,
        15,2020090612,    1.098,    1.098,    1.098,    1.098,    1.098,    1.099,    1.099,    1.099,    1.099,    1.099,    0.000, -999.000, -999.000, -999.000,    0.001,    0.000, -999.000, -999.000, -999.000,    0.001,
        15,2020090606,    1.094,    1.094,    1.094,    1.094,    1.094,    1.098,    1.098,    1.098,    1.098,    1.098, -999.000, -999.000, -999.000, -999.000, -999.000, -999.000,    0.000, -999.000,    0.001, -999.000,
        15,2020090600,    1.097,    1.097,    1.097,    1.097,    1.097,    1.094,    1.094,    1.094,    1.094,    1.094,    0.002, -999.000,    0.002, -999.000,    0.000,    0.002, -999.000,    0.002,    0.000,    0.000,
        15,2020090518,    1.097,    1.097,    1.097,    1.097,    1.097,    1.097,    1.097,    1.097,    1.097,    1.097, -999.000,    0.000, -999.000, -999.000,    0.001, -999.000,    0.000, -999.000,    0.000,    0.001,
        15,2020090512,    1.093,    1.093,    1.093,    1.093,    1.093,    1.097,    1.097,    1.097,    1.097,    1.097,    0.003,    0.001,    0.003,    0.001,    0.000,    0.003, -999.000,    0.003,    0.001,    0.000,
        15,2020090506,    1.094,    1.094,    1.094,    1.094,    1.094,    1.093,    1.093,    1.093,    1.093,    1.093, -999.000, -999.000, -999.000,    0.001, -999.000, -999.000,    0.001, -999.000,    0.001, -999.000,
        15,2020090500,    1.094,    1.094,    1.094,    1.094,    1.094,    1.094,    1.094,    1.094,    1.094,    1.094, -999.000,    0.001, -999.000,    0.001,    0.000, -999.000,    0.001, -999.000, -999.000,    0.000,
        15,2020090418,    1.095,    1.095,    1.095,    1.095,    1.095,    1.094,    1.094,    1.094,    1.094,    1.094,    0.002, -999.000,    0.002,    0.000, -999.000,    0.002, -999.000,    0.002,    0.001, -999.000,
        15,2020090412,    1.092,    1.092,    1.092,    1.092,    1.092,    1.095,    1.095,    1.095,    1.095,    1.095,    0.003, -999.000,    0.003, -999.000,    0.000,    0.003, -999.000,    0.003,    0.001,    0.000,
        15,2020090406,    1.090,    1.090,    1.090,    1.090,    1.090,    1.092,    1.092,    1.092,    1.092,    1.092, -999.000,    0.001, -999.000, -999.000, -999.000, -999.000,    0.000, -999.000, -999.000, -999.000,
        15,2020090400,    1.090,    1.090,    1.090,    1.090,    1.090,    1.090,    1.090,    1.090,    1.090,    1.090, -999.000,    0.001, -999.000,    0.000, -999.000, -999.000, -999.000, -999.000,    0.001, -999.000,
        15,2020090318,    1.090,    1.090,    1.090,    1.090,    1.090,    1.090,    1.090,    1.090,    1.090,    1.090,    0.001,    0.001,    0.001, -999.000,    0.001,    0.001,    0.001,    0.001,    0.001,    0.001,
        15,2020090312,    1.092,    1.092,    1.092,    1.092,    1.092,    1.090,    1.090,    1.090,    1.090,    1.090, -999.000,    0.001, -999.000,    0.001, -999.000, -999.000, -999.000, -999.000, -999.000, -999.000,
        15,2020090306,    1.089,    1.089,    1.089,    1.089,    1.089,    1.092,    1.092,    1.092,    1.092,    1.092,    0.001, -999.000, -999.000, -999.000,    0.001,    0.001, -999.000, -999.000, -999.000,    0.001,
        15,2020090300,    1.086,    1.086,    1.086,    1.086,    1.086,    1.089,    1.089,    1.089,    1.089,    1.089,    0.001,    0.001,    0.002, -999.000, -999.000,    0.001, -999.000,    0.002,    0.000, -999.000,
        15,2020090218,    1.083,    1.083,    1.083,    1.083,    1.083,    1.086,    1.086,    1.086,    1.086,    1.086,    0.002, -999.000,    0.002,    0.001, -999.000,    0.002, -999.000,    0.002, -999.000, -999.000,
        15,2020090212,    1.085,    1.085,    1.085,    1.085,    1.085,    1.083,    1.083,    1.083,    1.083,    1.083,    0.001, -999.000,    0.002, -999.000, -999.000,    0.001,    0.001,    0.002,    0.000, -999.000,
        15,2020090206,    1.078,    1.078,    1.078,    1.078,    1.078,    1.085,    1.085,    1.085,    1.085,    1.085,    0.002, -999.000,    0.002, -999.000, -999.000,    0.002, -999.000,    0.002, -999.000, -999.000,
        15,2020090200,    1.076,    1.076,    1.076,    1.076,    1.076,    1.078,    1.078,    1.078,    1.078,    1.078,    0.000, -999.000, -999.000, -999.000, -999.000,    0.000, -999.000, -999.000, -999.000, -999.000,
        15,2020090118,    1.068,    1.068,    1.068,    1.068,    1.068,    1.076,    1.076,    1.076,    1.076,    1.076, -999.000, -999.000, -999.000, -999.000, -999.000, -999.000,    0.001, -999.000, -999.000, -999.000,
        15,2020090112,    1.072,    1.072,    1.072,    1.072,    1.072,    1.068,    1.068,    1.068,    1.068,    1.068,    0.002,    0.001,    0.001,    0.001, -999.000,    0.002, -999.000,    0.001, -999.000, -999.000,
        15,2020090106,    1.071,    1.071,    1.071,    1.071,    1.071,    1.072,    1.072,    1.072,    1.072,    1.072,    0.002,    0.001,    0.002,    0.001,    0.001,    0.002, -999.000,    0.002,    0.001,    0.001,
        15,2020090100,    1.073,    1.073,    1.073,    1.073,    1.073,    1.071,    1.071,    1.071,    1.071,    1.071,    0.002, -999.000,    0.002, -999.000, -999.000,    0.002,    0.000,    0.002, -999.000, -999.000,
        15,2020083118,    1.074,    1.074,    1.074,    1.074,    1.074,    1.073,    1.073,    1.073,    1.073,    1.073,    0.002,    0.001,    0.002, -999.000,    0.000,    0.002,    0.000,    0.002, -999.000,    0.000,
        15,2020083112,    1.071,    1.071,    1.071,    1.071,    1.071,    1.074,    1.074,    1.074,    1.074,    1.074, -999.000, -999.000, -999.000, -999.000, -999.000, -999.000,    0.001, -999.000,    0.001, -999.000,
        15,2020083106,    1.063,    1.063,    1.063,    1.063,    1.063,    1.071,    1.071,    1.071,    1.071,    1.071, -999.000, -999.000, -999.000, -999.000, -999.000, -999.000, -999.000, -999.000, -999.000, -999.000,
        15,2020083100,    1.064,    1.064,    1.064,    1.064,    1.064,    1.063,    1.063,    1.063,    1.063,    1.063, -999.000, -999.000, -999.000, -999.000, -999.000, -999.000, -999.000, -999.000, -999.000, -999.000,
        15,2020083018,    1.055,    1.055,    1.055,    1.055,    1.055,    1.064,    1.064,    1.064,    1.064,    1.064, -999.000, -999.000, -999.000, -999.000,    0.000, -999.000, -999.000, -999.000, -999.000,    0.000,
        15,2020083012,    1.060,    1.060,    1.060,    1.060,    1.060,    1.055,    1.055,    1.055,    1.055,    1.055,    0.002,    0.000,    0.002,    0.000,    0.000,    0.002,    0.001,    0.002,    0.000,    0.000,
        15,2020083006,    1.061,    1.061,    1.061,    1.061,    1.061,    1.060,    1.060,    1.060,    1.060,    1.060,    0.001, -999.000,    0.001,    0.001, -999.000,    0.001,    0.001,    0.001, -999.000, -999.000,
        15,2020083000,    1.059,    1.059,    1.059,    1.059,    1.059,    1.061,    1.061,    1.061,    1.061,    1.061,    0.002,    0.001,    0.002,    0.000,    0.001,    0.002, -999.000,    0.002,    0.001,    0.001,
