         4,2020092000,   -0.037,   -0.038,   -0.036,   -0.042,   -0.043,   -0.037,   -0.039,   -0.036,   -0.047,   -0.037,    0.041,    0.041,    0.041,    0.041,    0.043,    0.041,    0.041,    0.041,    0.042,    0.043,
         4,2020091918,   -0.037,   -0.037,   -0.036,   -0.033,   -0.054,   -0.036,   -0.036,   -0.036,   -0.035,   -0.049,    0.041,    0.040,    0.041,    0.036,    0.045,    0.041,    0.041,    0.041,    0.037,    0.045,
         4,2020091912,   -0.036,   -0.036,   -0.036,   -0.039,   -0.039,   -0.036,   -0.035,   -0.036,   -0.036,   -0.042,    0.041,    0.040,    0.042,    0.039,    0.038,    0.041,    0.040,    0.042,    0.040,    0.038,
         4,2020091906,   -0.037,   -0.042,   -0.037,   -0.036,   -0.036,   -0.038,   -0.044,   -0.038,   -0.045,   -0.042,    0.041,    0.043,    0.042,    0.044,    0.038,    0.041,    0.042,    0.042,    0.039,    0.038,
         4,2020091900,   -0.036,   -0.041,   -0.036,   -0.043,   -0.045,   -0.036,   -0.040,   -0.036,   -0.040,   -0.043,    0.041,    0.041,    0.041,    0.039,    0.043,    0.041,    0.041,    0.041,    0.041,    0.043,
         4,2020091818,   -0.037,   -0.035,   -0.037,   -0.037,   -0.040,   -0.037,   -0.035,   -0.037,   -0.036,   -0.036,    0.041,    0.040,    0.041,    0.040,    0.043,    0.041,    0.040,    0.041,    0.039,    0.043,
         4,2020091812,   -0.037,   -0.035,   -0.037,   -0.051,   -0.039,   -0.036,   -0.035,   -0.036,   -0.051,   -0.033,    0.042,    0.039,    0.042,    0.039,    0.039,    0.042,    0.039,    0.042,    0.041,    0.039,
         4,2020091806,   -0.037,   -0.034,   -0.037,   -0.033,   -0.041,   -0.037,   -0.036,   -0.038,   -0.042,   -0.040,    0.041,    0.042,    0.042,    0.041,    0.042,    0.041,    0.041,    0.042,    0.041,    0.042,
         4,2020091800,   -0.038,   -0.034,   -0.038,   -0.039,   -0.048,   -0.036,   -0.031,   -0.037,   -0.046,   -0.044,    0.042,    0.037,    0.042,    0.043,    0.043,    0.042,    0.040,    0.042,    0.042,    0.043,
         4,2020091718,   -0.037,   -0.032,   -0.038,   -0.039,   -0.037,   -0.038,   -0.032,   -0.038,   -0.035,   -0.037,    0.042,    0.038,    0.042,    0.036,    0.041,    0.042,    0.038,    0.042,    0.039,    0.041,
         4,2020091712,   -0.037,   -0.031,   -0.037,   -0.037,   -0.044,   -0.036,   -0.032,   -0.037,   -0.038,   -0.046,    0.042,    0.038,    0.043,    0.038,    0.043,    0.042,    0.038,    0.043,    0.038,    0.043,
         4,2020091706,   -0.037,   -0.063,   -0.036,   -0.045,   -0.037,   -0.038,   -0.055,   -0.036,   -0.046,   -0.041,    0.042,    0.046,    0.042,    0.042,    0.042,    0.042,    0.047,    0.042,    0.038,    0.042,
         4,2020091700,   -0.038,   -0.033,   -0.039,   -0.031,   -0.046,   -0.038,   -0.034,   -0.038,   -0.038,   -0.046,    0.042,    0.040,    0.043,    0.042,    0.043,    0.042,    0.040,    0.043,    0.037,    0.043,
         4,2020091618,   -0.038,   -0.035,   -0.038,   -0.043,   -0.043,   -0.037,   -0.033,   -0.038,   -0.038,   -0.041,    0.042,    0.040,    0.042,    0.042,    0.045,    0.042,    0.041,    0.042,    0.045,    0.045,
         4,2020091612,   -0.037,   -0.036,   -0.037,   -0.035,   -0.039,   -0.037,   -0.034,   -0.037,   -0.037,   -0.043,    0.042,    0.040,    0.042,    0.041,    0.039,    0.042,    0.040,    0.042,    0.041,    0.039,
         4,2020091606,   -0.039,   -0.037,   -0.038,   -0.056,   -0.051,   -0.039,   -0.034,   -0.039,   -0.054,   -0.048,    0.042,    0.040,    0.042,    0.043,    0.043,    0.042,    0.041,    0.042,    0.042,    0.043,
         4,2020091600,   -0.038,   -0.041,   -0.038,   -0.027,   -0.045,   -0.038,   -0.039,   -0.038,   -0.028,   -0.042,    0.042,    0.042,    0.042,    0.038,    0.043,    0.042,    0.044,    0.042,    0.036,    0.043,
         4,2020091518,   -0.037,   -0.044,   -0.036,   -0.035,   -0.046,   -0.037,   -0.044,   -0.036,   -0.036,   -0.050,    0.041,    0.043,    0.041,    0.039,    0.044,    0.041,    0.043,    0.041,    0.037,    0.044,
         4,2020091512,   -0.036,   -0.036,   -0.035,   -0.035,   -0.049,   -0.036,   -0.036,   -0.036,   -0.038,   -0.051,    0.041,    0.041,    0.041,    0.040,    0.042,    0.041,    0.042,    0.041,    0.041,    0.042,
         4,2020091506,   -0.037,   -0.040,   -0.037,   -0.032,   -0.047,   -0.038,   -0.040,   -0.037,   -0.034,   -0.054,    0.042,    0.042,    0.041,    0.040,    0.053,    0.042,    0.042,    0.041,    0.038,    0.053,
         4,2020091500,   -0.035,   -0.037,   -0.035,   -0.032,   -0.040,   -0.036,   -0.037,   -0.036,   -0.032,   -0.044,    0.040,    0.042,    0.040,    0.040,    0.044,    0.040,    0.041,    0.040,    0.039,    0.044,
         4,2020091418,   -0.037,   -0.037,   -0.037,   -0.030,   -0.037,   -0.036,   -0.033,   -0.036,   -0.025,   -0.036,    0.041,    0.038,    0.041,    0.034,    0.042,    0.041,    0.039,    0.041,    0.037,    0.042,
         4,2020091412,   -0.036,   -0.036,   -0.036,   -0.033,   -0.042,   -0.036,   -0.037,   -0.036,   -0.032,   -0.043,    0.041,    0.040,    0.041,    0.040,    0.043,    0.041,    0.040,    0.041,    0.040,    0.043,
         4,2020091406,   -0.037,   -0.033,   -0.037,   -0.029,   -0.049,   -0.037,   -0.032,   -0.037,   -0.034,   -0.047,    0.041,    0.038,    0.042,    0.039,    0.045,    0.041,    0.039,    0.042,    0.036,    0.045,
         4,2020091400,   -0.036,   -0.036,   -0.037,   -0.024,   -0.046,   -0.036,   -0.035,   -0.037,   -0.029,   -0.051,    0.041,    0.040,    0.041,    0.038,    0.043,    0.041,    0.041,    0.041,    0.035,    0.043,
         4,2020091318,   -0.038,   -0.034,   -0.038,   -0.028,   -0.046,   -0.037,   -0.033,   -0.037,   -0.036,   -0.046,    0.042,    0.038,    0.043,    0.042,    0.044,    0.042,    0.039,    0.043,    0.038,    0.044,
         4,2020091312,   -0.036,   -0.031,   -0.037,   -0.040,   -0.035,   -0.037,   -0.031,   -0.037,   -0.042,   -0.037,    0.041,    0.039,    0.042,    0.038,    0.040,    0.041,    0.039,    0.042,    0.037,    0.040,
         4,2020091306,   -0.037,   -0.058,   -0.036,   -0.037,   -0.028,   -0.037,   -0.053,   -0.036,   -0.038,   -0.029,    0.041,    0.044,    0.041,    0.044,    0.034,    0.041,    0.043,    0.041,    0.046,    0.034,
         4,2020091300,   -0.036,   -0.034,   -0.036,   -0.031,   -0.043,   -0.036,   -0.033,   -0.037,   -0.035,   -0.048,    0.041,    0.039,    0.041,    0.042,    0.047,    0.041,    0.040,    0.041,    0.041,    0.047,
         4,2020091218,   -0.037,   -0.036,   -0.037,   -0.034,   -0.043,   -0.036,   -0.032,   -0.037,   -0.034,   -0.039,    0.041,    0.039,    0.041,    0.041,    0.043,    0.041,    0.042,    0.041,    0.041,    0.043,
         4,2020091212,   -0.037,   -0.041,   -0.037,   -0.037,   -0.048,   -0.037,   -0.038,   -0.037,   -0.038,   -0.046,    0.042,    0.041,    0.041,    0.040,    0.045,    0.042,    0.042,    0.041,    0.039,    0.045,
         4,2020091206,   -0.036,   -0.028,   -0.037,   -0.033,   -0.049,   -0.036,   -0.030,   -0.037,   -0.034,   -0.049,    0.041,    0.037,    0.042,    0.040,    0.044,    0.041,    0.035,    0.042,    0.039,    0.044,
         4,2020091200,   -0.036,   -0.037,   -0.036,   -0.044,   -0.045,   -0.037,   -0.038,   -0.036,   -0.043,   -0.043,    0.041,    0.041,    0.041,    0.042,    0.044,    0.041,    0.040,    0.041,    0.043,    0.044,
         4,2020091118,   -0.037,   -0.041,   -0.037,   -0.032,   -0.047,   -0.036,   -0.039,   -0.036,   -0.038,   -0.042,    0.042,    0.041,    0.042,    0.038,    0.045,    0.042,    0.041,    0.042,    0.034,    0.045,
         4,2020091112,   -0.037,   -0.039,   -0.037,   -0.031,   -0.047,   -0.037,   -0.038,   -0.036,   -0.034,   -0.049,    0.042,    0.042,    0.042,    0.038,    0.040,    0.042,    0.042,    0.042,    0.036,    0.040,
         4,2020091106,   -0.038,   -0.041,   -0.037,   -0.041,   -0.050,   -0.038,   -0.038,   -0.037,   -0.044,   -0.049,    0.042,    0.041,    0.042,    0.046,    0.045,    0.042,    0.042,    0.042,    0.043,    0.045,
         4,2020091100,   -0.036,   -0.039,   -0.035,   -0.030,   -0.040,   -0.037,   -0.040,   -0.036,   -0.035,   -0.045,    0.040,    0.042,    0.040,    0.040,    0.040,    0.040,    0.041,    0.040,    0.038,    0.040,
         4,2020091018,   -0.038,   -0.039,   -0.038,   -0.041,   -0.038,   -0.036,   -0.038,   -0.036,   -0.041,   -0.034,    0.042,    0.040,    0.042,    0.036,    0.041,    0.042,    0.041,    0.042,    0.039,    0.041,
         4,2020091012,   -0.037,   -0.036,   -0.037,   -0.035,   -0.049,   -0.037,   -0.034,   -0.037,   -0.035,   -0.045,    0.042,    0.039,    0.042,    0.038,    0.045,    0.042,    0.041,    0.042,    0.039,    0.045,
         4,2020091006,   -0.038,   -0.030,   -0.038,   -0.053,   -0.043,   -0.038,   -0.030,   -0.038,   -0.053,   -0.043,    0.042,    0.038,    0.043,    0.045,    0.038,    0.042,    0.038,    0.043,    0.045,    0.038,
         4,2020091000,   -0.037,   -0.037,   -0.037,   -0.034,   -0.048,   -0.037,   -0.034,   -0.037,   -0.032,   -0.050,    0.042,    0.040,    0.042,    0.038,    0.043,    0.042,    0.041,    0.042,    0.039,    0.043,
         4,2020090918,   -0.037,   -0.034,   -0.037,   -0.046,   -0.046,   -0.037,   -0.033,   -0.037,   -0.043,   -0.040,    0.042,    0.040,    0.042,    0.041,    0.041,    0.042,    0.040,    0.042,    0.043,    0.041,
         4,2020090912,   -0.037,   -0.031,   -0.037,   -0.037,   -0.041,   -0.036,   -0.029,   -0.037,   -0.035,   -0.037,    0.042,    0.036,    0.042,    0.039,    0.044,    0.042,    0.038,    0.042,    0.040,    0.044,
         4,2020090906,   -0.037,   -0.047,   -0.036,   -0.038,   -0.032,   -0.037,   -0.050,   -0.036,   -0.039,   -0.026,    0.042,    0.044,    0.042,    0.042,    0.037,    0.042,    0.045,    0.042,    0.039,    0.037,
         4,2020090900,   -0.038,   -0.035,   -0.038,   -0.032,   -0.045,   -0.038,   -0.034,   -0.038,   -0.037,   -0.049,    0.042,    0.040,    0.042,    0.040,    0.046,    0.042,    0.042,    0.042,    0.038,    0.046,
         4,2020090818,   -0.038,   -0.035,   -0.038,   -0.039,   -0.051,   -0.038,   -0.033,   -0.038,   -0.038,   -0.050,    0.043,    0.040,    0.043,    0.040,    0.043,    0.043,    0.040,    0.043,    0.040,    0.043,
         4,2020090812,   -0.038,   -0.041,   -0.038,   -0.034,   -0.039,   -0.038,   -0.037,   -0.038,   -0.038,   -0.046,    0.043,    0.041,    0.043,    0.042,    0.043,    0.043,    0.043,    0.043,    0.041,    0.043,
         4,2020090806,   -0.039,   -0.036,   -0.039,   -0.040,   -0.045,   -0.039,   -0.035,   -0.039,   -0.038,   -0.046,    0.043,    0.041,    0.044,    0.043,    0.042,    0.043,    0.042,    0.044,    0.043,    0.042,
         4,2020090800,   -0.039,   -0.036,   -0.039,   -0.042,   -0.037,   -0.039,   -0.035,   -0.039,   -0.043,   -0.035,    0.043,    0.041,    0.043,    0.044,    0.042,    0.043,    0.041,    0.043,    0.043,    0.042,
         4,2020090718,   -0.039,   -0.042,   -0.039,   -0.035,   -0.048,   -0.038,   -0.040,   -0.038,   -0.034,   -0.050,    0.044,    0.044,    0.044,    0.038,    0.046,    0.044,    0.045,    0.044,    0.039,    0.046,
         4,2020090712,   -0.037,   -0.041,   -0.037,   -0.039,   -0.049,   -0.038,   -0.040,   -0.037,   -0.040,   -0.053,    0.043,    0.044,    0.043,    0.042,    0.042,    0.043,    0.044,    0.043,    0.043,    0.042,
         4,2020090706,   -0.039,   -0.038,   -0.038,   -0.034,   -0.068,   -0.039,   -0.039,   -0.039,   -0.032,   -0.073,    0.043,    0.043,    0.043,    0.040,    0.047,    0.043,    0.041,    0.043,    0.042,    0.047,
         4,2020090700,   -0.036,   -0.042,   -0.036,   -0.040,   -0.048,   -0.037,   -0.043,   -0.036,   -0.035,   -0.047,    0.042,    0.044,    0.041,    0.037,    0.046,    0.042,    0.043,    0.041,    0.040,    0.046,
         4,2020090618,   -0.039,   -0.039,   -0.039,   -0.037,   -0.041,   -0.038,   -0.037,   -0.039,   -0.035,   -0.041,    0.043,    0.040,    0.043,    0.040,    0.043,    0.043,    0.041,    0.043,    0.041,    0.043,
         4,2020090612,   -0.037,   -0.037,   -0.038,   -0.030,   -0.050,   -0.037,   -0.036,   -0.037,   -0.031,   -0.044,    0.043,    0.041,    0.043,    0.037,    0.048,    0.043,    0.042,    0.043,    0.035,    0.048,
         4,2020090606,   -0.039,   -0.038,   -0.039,   -0.027,   -0.048,   -0.039,   -0.037,   -0.039,   -0.029,   -0.045,    0.043,    0.042,    0.043,    0.039,    0.041,    0.043,    0.042,    0.043,    0.038,    0.041,
         4,2020090600,   -0.038,   -0.036,   -0.038,   -0.045,   -0.060,   -0.038,   -0.034,   -0.038,   -0.044,   -0.059,    0.042,    0.041,    0.042,    0.042,    0.044,    0.042,    0.042,    0.042,    0.043,    0.044,
         4,2020090518,   -0.038,   -0.037,   -0.038,   -0.043,   -0.037,   -0.038,   -0.037,   -0.038,   -0.043,   -0.038,    0.042,    0.041,    0.043,    0.043,    0.039,    0.042,    0.041,    0.043,    0.043,    0.039,
         4,2020090512,   -0.037,   -0.036,   -0.038,   -0.037,   -0.036,   -0.037,   -0.033,   -0.037,   -0.037,   -0.038,    0.042,    0.039,    0.042,    0.040,    0.042,    0.042,    0.040,    0.042,    0.041,    0.042,
         4,2020090506,   -0.037,   -0.054,   -0.036,   -0.033,   -0.044,   -0.037,   -0.052,   -0.036,   -0.035,   -0.044,    0.042,    0.044,    0.041,    0.041,    0.036,    0.042,    0.044,    0.041,    0.041,    0.036,
         4,2020090500,   -0.038,   -0.038,   -0.038,   -0.050,   -0.035,   -0.038,   -0.038,   -0.038,   -0.046,   -0.036,    0.042,    0.042,    0.042,    0.044,    0.042,    0.042,    0.043,    0.042,    0.044,    0.042,
         4,2020090418,   -0.037,   -0.034,   -0.037,   -0.030,   -0.049,   -0.037,   -0.033,   -0.037,   -0.039,   -0.046,    0.042,    0.040,    0.042,    0.039,    0.040,    0.042,    0.041,    0.042,    0.035,    0.040,
         4,2020090412,   -0.037,   -0.036,   -0.037,   -0.038,   -0.042,   -0.038,   -0.037,   -0.038,   -0.041,   -0.044,    0.041,    0.040,    0.042,    0.038,    0.041,    0.041,    0.040,    0.042,    0.036,    0.041,
         4,2020090406,   -0.037,   -0.030,   -0.037,   -0.043,   -0.042,   -0.037,   -0.032,   -0.038,   -0.040,   -0.043,    0.042,    0.038,    0.042,    0.042,    0.043,    0.042,    0.038,    0.042,    0.043,    0.043,
         4,2020090400,   -0.037,   -0.037,   -0.037,   -0.037,   -0.041,   -0.037,   -0.038,   -0.037,   -0.034,   -0.041,    0.041,    0.041,    0.041,    0.037,    0.041,    0.041,    0.041,    0.041,    0.040,    0.041,
         4,2020090318,   -0.037,   -0.044,   -0.037,   -0.035,   -0.037,   -0.036,   -0.039,   -0.036,   -0.030,   -0.036,    0.042,    0.042,    0.042,    0.037,    0.042,    0.042,    0.044,    0.042,    0.040,    0.042,
         4,2020090312,   -0.037,   -0.038,   -0.036,   -0.039,   -0.053,   -0.036,   -0.036,   -0.036,   -0.038,   -0.056,    0.042,    0.041,    0.042,    0.037,    0.042,    0.042,    0.043,    0.042,    0.037,    0.042,
         4,2020090306,   -0.038,   -0.039,   -0.039,   -0.028,   -0.051,   -0.038,   -0.039,   -0.039,   -0.025,   -0.053,    0.043,    0.041,    0.043,    0.035,    0.047,    0.043,    0.040,    0.043,    0.037,    0.047,
         4,2020090300,   -0.036,   -0.039,   -0.036,   -0.042,   -0.049,   -0.037,   -0.039,   -0.036,   -0.039,   -0.048,    0.041,    0.043,    0.041,    0.042,    0.044,    0.041,    0.042,    0.041,    0.044,    0.044,
         4,2020090218,   -0.039,   -0.039,   -0.039,   -0.039,   -0.044,   -0.038,   -0.038,   -0.038,   -0.040,   -0.042,    0.043,    0.041,    0.043,    0.041,    0.040,    0.043,    0.042,    0.043,    0.042,    0.040,
         4,2020090212,   -0.037,   -0.034,   -0.038,   -0.031,   -0.048,   -0.037,   -0.033,   -0.037,   -0.029,   -0.046,    0.042,    0.039,    0.043,    0.036,    0.045,    0.042,    0.040,    0.043,    0.039,    0.045,
         4,2020090206,   -0.037,   -0.035,   -0.038,   -0.023,   -0.045,   -0.038,   -0.033,   -0.038,   -0.028,   -0.043,    0.042,    0.039,    0.043,    0.036,    0.041,    0.042,    0.040,    0.043,    0.032,    0.041,
         4,2020090200,   -0.037,   -0.038,   -0.037,   -0.033,   -0.038,   -0.037,   -0.035,   -0.038,   -0.034,   -0.045,    0.042,    0.041,    0.042,    0.037,    0.044,    0.042,    0.041,    0.042,    0.036,    0.044,
         4,2020090118,   -0.038,   -0.039,   -0.037,   -0.044,   -0.037,   -0.038,   -0.040,   -0.037,   -0.043,   -0.039,    0.042,    0.041,    0.042,    0.042,    0.040,    0.042,    0.042,    0.042,    0.043,    0.040,
         4,2020090112,   -0.038,   -0.039,   -0.038,   -0.026,   -0.042,   -0.037,   -0.036,   -0.037,   -0.025,   -0.031,    0.042,    0.040,    0.042,    0.033,    0.045,    0.042,    0.042,    0.042,    0.034,    0.045,
         4,2020090106,   -0.037,   -0.052,   -0.036,   -0.042,   -0.049,   -0.037,   -0.051,   -0.036,   -0.033,   -0.053,    0.041,    0.043,    0.041,    0.039,    0.039,    0.041,    0.042,    0.041,    0.041,    0.039,
         4,2020090100,   -0.038,   -0.036,   -0.039,   -0.042,   -0.050,   -0.038,   -0.035,   -0.039,   -0.041,   -0.051,    0.042,    0.041,    0.042,    0.042,    0.044,    0.042,    0.042,    0.042,    0.042,    0.044,
         4,2020083118,   -0.038,   -0.031,   -0.038,   -0.034,   -0.052,   -0.037,   -0.032,   -0.038,   -0.032,   -0.054,    0.042,    0.038,    0.043,    0.036,    0.045,    0.042,    0.037,    0.043,    0.039,    0.045,
         4,2020083112,   -0.039,   -0.041,   -0.039,   -0.032,   -0.060,   -0.038,   -0.037,   -0.038,   -0.031,   -0.059,    0.043,    0.042,    0.043,    0.038,    0.043,    0.043,    0.044,    0.043,    0.039,    0.043,
         4,2020083106,   -0.038,   -0.030,   -0.039,   -0.025,   -0.045,   -0.039,   -0.034,   -0.039,   -0.028,   -0.045,    0.043,    0.040,    0.043,    0.039,    0.045,    0.043,    0.037,    0.043,    0.037,    0.045,
         4,2020083100,   -0.039,   -0.039,   -0.038,   -0.041,   -0.050,   -0.039,   -0.039,   -0.039,   -0.040,   -0.046,    0.042,    0.042,    0.042,    0.039,    0.045,    0.042,    0.042,    0.042,    0.040,    0.045,
         4,2020083018,   -0.038,   -0.042,   -0.037,   -0.037,   -0.060,   -0.038,   -0.042,   -0.037,   -0.038,   -0.058,    0.043,    0.043,    0.042,    0.041,    0.045,    0.043,    0.044,    0.042,    0.041,    0.045,
         4,2020083012,   -0.036,   -0.039,   -0.036,   -0.039,   -0.057,   -0.036,   -0.036,   -0.036,   -0.039,   -0.061,    0.042,    0.042,    0.042,    0.040,    0.044,    0.042,    0.043,    0.042,    0.043,    0.044,
         4,2020083006,   -0.037,   -0.035,   -0.037,   -0.037,   -0.029,   -0.038,   -0.034,   -0.038,   -0.039,   -0.032,    0.042,    0.040,    0.042,    0.041,    0.036,    0.042,    0.040,    0.042,    0.039,    0.036,
         4,2020083000,   -0.036,   -0.041,   -0.035,   -0.036,   -0.038,   -0.036,   -0.039,   -0.036,   -0.037,   -0.039,    0.041,    0.042,    0.041,    0.040,    0.042,    0.041,    0.043,    0.041,    0.040,    0.042,
