         5,2020092000,   -0.155,   -0.160,   -0.155,   -0.136,   -0.188,   -0.155,   -0.159,   -0.155,   -0.148,   -0.186,    0.123,    0.118,    0.124,    0.123,    0.126,    0.123,    0.120,    0.124,    0.121,    0.126,
         5,2020091918,   -0.158,   -0.158,   -0.159,   -0.143,   -0.166,   -0.158,   -0.154,   -0.158,   -0.149,   -0.177,    0.123,    0.120,    0.124,    0.113,    0.112,    0.123,    0.120,    0.124,    0.112,    0.112,
         5,2020091912,   -0.154,   -0.171,   -0.153,   -0.146,   -0.180,   -0.155,   -0.166,   -0.153,   -0.149,   -0.192,    0.122,    0.122,    0.123,    0.116,    0.124,    0.122,    0.121,    0.123,    0.114,    0.124,
         5,2020091906,   -0.157,   -0.178,   -0.156,   -0.135,   -0.219,   -0.157,   -0.171,   -0.155,   -0.142,   -0.211,    0.123,    0.120,    0.123,    0.115,    0.110,    0.123,    0.121,    0.123,    0.115,    0.110,
         5,2020091900,   -0.160,   -0.166,   -0.159,   -0.155,   -0.199,   -0.160,   -0.165,   -0.159,   -0.162,   -0.191,    0.124,    0.124,    0.124,    0.117,    0.129,    0.124,    0.124,    0.124,    0.117,    0.129,
         5,2020091818,   -0.160,   -0.164,   -0.159,   -0.151,   -0.190,   -0.159,   -0.163,   -0.159,   -0.149,   -0.182,    0.125,    0.122,    0.125,    0.122,    0.136,    0.125,    0.122,    0.125,    0.123,    0.136,
         5,2020091812,   -0.157,   -0.176,   -0.156,   -0.147,   -0.167,   -0.157,   -0.169,   -0.156,   -0.151,   -0.167,    0.124,    0.122,    0.124,    0.120,    0.131,    0.124,    0.124,    0.124,    0.116,    0.131,
         5,2020091806,   -0.159,   -0.185,   -0.157,   -0.131,   -0.204,   -0.159,   -0.179,   -0.157,   -0.135,   -0.204,    0.125,    0.125,    0.125,    0.116,    0.135,    0.125,    0.127,    0.125,    0.116,    0.135,
         5,2020091800,   -0.158,   -0.163,   -0.158,   -0.135,   -0.181,   -0.159,   -0.165,   -0.158,   -0.148,   -0.182,    0.124,    0.124,    0.124,    0.125,    0.124,    0.124,    0.125,    0.124,    0.126,    0.124,
         5,2020091718,   -0.160,   -0.169,   -0.159,   -0.153,   -0.168,   -0.159,   -0.164,   -0.158,   -0.153,   -0.160,    0.124,    0.126,    0.124,    0.120,    0.118,    0.124,    0.126,    0.124,    0.120,    0.118,
         5,2020091712,   -0.158,   -0.175,   -0.157,   -0.140,   -0.195,   -0.158,   -0.168,   -0.157,   -0.140,   -0.192,    0.124,    0.122,    0.124,    0.113,    0.115,    0.124,    0.120,    0.124,    0.109,    0.115,
         5,2020091706,   -0.162,   -0.173,   -0.160,   -0.174,   -0.194,   -0.161,   -0.166,   -0.159,   -0.173,   -0.191,    0.124,    0.124,    0.124,    0.126,    0.130,    0.124,    0.122,    0.124,    0.124,    0.130,
         5,2020091700,   -0.160,   -0.178,   -0.159,   -0.140,   -0.185,   -0.160,   -0.173,   -0.159,   -0.140,   -0.190,    0.124,    0.121,    0.124,    0.108,    0.125,    0.124,    0.119,    0.124,    0.115,    0.125,
         5,2020091618,   -0.158,   -0.163,   -0.157,   -0.138,   -0.207,   -0.157,   -0.160,   -0.157,   -0.144,   -0.196,    0.124,    0.122,    0.124,    0.115,    0.129,    0.124,    0.121,    0.124,    0.115,    0.129,
         5,2020091612,   -0.157,   -0.164,   -0.156,   -0.144,   -0.188,   -0.157,   -0.165,   -0.157,   -0.143,   -0.194,    0.124,    0.121,    0.124,    0.120,    0.129,    0.124,    0.121,    0.124,    0.123,    0.129,
         5,2020091606,   -0.162,   -0.163,   -0.162,   -0.155,   -0.174,   -0.162,   -0.165,   -0.162,   -0.160,   -0.167,    0.125,    0.125,    0.125,    0.124,    0.134,    0.125,    0.128,    0.125,    0.126,    0.134,
         5,2020091600,   -0.157,   -0.173,   -0.155,   -0.137,   -0.190,   -0.156,   -0.170,   -0.155,   -0.133,   -0.197,    0.123,    0.123,    0.124,    0.111,    0.119,    0.123,    0.123,    0.124,    0.110,    0.119,
         5,2020091518,   -0.157,   -0.181,   -0.156,   -0.142,   -0.171,   -0.157,   -0.175,   -0.156,   -0.139,   -0.168,    0.123,    0.121,    0.123,    0.117,    0.115,    0.123,    0.121,    0.123,    0.119,    0.115,
         5,2020091512,   -0.155,   -0.169,   -0.154,   -0.128,   -0.221,   -0.155,   -0.169,   -0.154,   -0.132,   -0.230,    0.123,    0.125,    0.123,    0.120,    0.113,    0.123,    0.124,    0.123,    0.120,    0.113,
         5,2020091506,   -0.159,   -0.171,   -0.158,   -0.120,   -0.184,   -0.158,   -0.166,   -0.158,   -0.115,   -0.188,    0.124,    0.124,    0.124,    0.107,    0.133,    0.124,    0.124,    0.124,    0.109,    0.133,
         5,2020091500,   -0.154,   -0.169,   -0.154,   -0.140,   -0.187,   -0.154,   -0.164,   -0.154,   -0.138,   -0.186,    0.123,    0.121,    0.123,    0.113,    0.128,    0.123,    0.123,    0.123,    0.109,    0.128,
         5,2020091418,   -0.155,   -0.168,   -0.154,   -0.142,   -0.187,   -0.154,   -0.158,   -0.153,   -0.145,   -0.177,    0.123,    0.119,    0.124,    0.117,    0.129,    0.123,    0.120,    0.124,    0.118,    0.129,
         5,2020091412,   -0.156,   -0.188,   -0.153,   -0.132,   -0.234,   -0.155,   -0.180,   -0.152,   -0.137,   -0.240,    0.123,    0.124,    0.123,    0.122,    0.117,    0.123,    0.124,    0.123,    0.124,    0.117,
         5,2020091406,   -0.156,   -0.169,   -0.156,   -0.116,   -0.168,   -0.156,   -0.166,   -0.157,   -0.116,   -0.157,    0.123,    0.120,    0.123,    0.111,    0.126,    0.123,    0.122,    0.123,    0.109,    0.126,
         5,2020091400,   -0.158,   -0.185,   -0.157,   -0.144,   -0.163,   -0.157,   -0.170,   -0.156,   -0.143,   -0.169,    0.124,    0.121,    0.124,    0.121,    0.118,    0.124,    0.122,    0.124,    0.124,    0.118,
         5,2020091318,   -0.156,   -0.170,   -0.154,   -0.142,   -0.189,   -0.155,   -0.162,   -0.154,   -0.148,   -0.180,    0.123,    0.120,    0.124,    0.119,    0.125,    0.123,    0.118,    0.124,    0.118,    0.125,
         5,2020091312,   -0.153,   -0.183,   -0.150,   -0.144,   -0.220,   -0.153,   -0.172,   -0.151,   -0.144,   -0.225,    0.123,    0.123,    0.122,    0.121,    0.127,    0.123,    0.124,    0.122,    0.118,    0.127,
         5,2020091306,   -0.158,   -0.163,   -0.158,   -0.146,   -0.175,   -0.157,   -0.162,   -0.158,   -0.139,   -0.164,    0.124,    0.121,    0.125,    0.113,    0.123,    0.124,    0.121,    0.125,    0.115,    0.123,
         5,2020091300,   -0.158,   -0.182,   -0.156,   -0.176,   -0.158,   -0.158,   -0.180,   -0.156,   -0.173,   -0.166,    0.124,    0.116,    0.124,    0.128,    0.127,    0.124,    0.114,    0.124,    0.128,    0.127,
         5,2020091218,   -0.157,   -0.171,   -0.153,   -0.181,   -0.200,   -0.156,   -0.167,   -0.153,   -0.193,   -0.176,    0.123,    0.121,    0.123,    0.118,    0.135,    0.123,    0.121,    0.123,    0.116,    0.135,
         5,2020091212,   -0.155,   -0.156,   -0.154,   -0.157,   -0.221,   -0.155,   -0.162,   -0.154,   -0.147,   -0.206,    0.123,    0.121,    0.123,    0.119,    0.130,    0.123,    0.120,    0.123,    0.121,    0.130,
         5,2020091206,   -0.158,   -0.179,   -0.157,   -0.127,   -0.216,   -0.158,   -0.177,   -0.157,   -0.129,   -0.207,    0.123,    0.121,    0.123,    0.113,    0.119,    0.123,    0.121,    0.123,    0.113,    0.119,
         5,2020091200,   -0.156,   -0.160,   -0.156,   -0.142,   -0.197,   -0.156,   -0.162,   -0.156,   -0.137,   -0.200,    0.123,    0.122,    0.124,    0.113,    0.122,    0.123,    0.120,    0.124,    0.117,    0.122,
         5,2020091118,   -0.158,   -0.154,   -0.158,   -0.156,   -0.170,   -0.158,   -0.150,   -0.158,   -0.167,   -0.169,    0.124,    0.117,    0.124,    0.121,    0.126,    0.124,    0.118,    0.124,    0.124,    0.126,
         5,2020091112,   -0.156,   -0.164,   -0.155,   -0.154,   -0.198,   -0.156,   -0.164,   -0.155,   -0.147,   -0.194,    0.124,    0.126,    0.124,    0.121,    0.124,    0.124,    0.124,    0.124,    0.121,    0.124,
         5,2020091106,   -0.158,   -0.177,   -0.156,   -0.148,   -0.205,   -0.158,   -0.182,   -0.156,   -0.142,   -0.220,    0.125,    0.124,    0.124,    0.121,    0.123,    0.125,    0.128,    0.124,    0.124,    0.123,
         5,2020091100,   -0.157,   -0.147,   -0.159,   -0.134,   -0.175,   -0.156,   -0.146,   -0.159,   -0.128,   -0.191,    0.124,    0.120,    0.125,    0.113,    0.126,    0.124,    0.118,    0.125,    0.116,    0.126,
         5,2020091018,   -0.158,   -0.148,   -0.158,   -0.166,   -0.186,   -0.158,   -0.150,   -0.159,   -0.148,   -0.192,    0.125,    0.123,    0.125,    0.117,    0.129,    0.125,    0.124,    0.125,    0.117,    0.129,
         5,2020091012,   -0.157,   -0.166,   -0.156,   -0.154,   -0.190,   -0.156,   -0.163,   -0.156,   -0.143,   -0.181,    0.125,    0.121,    0.125,    0.114,    0.136,    0.125,    0.123,    0.125,    0.114,    0.136,
         5,2020091006,   -0.161,   -0.188,   -0.157,   -0.176,   -0.220,   -0.161,   -0.192,   -0.157,   -0.172,   -0.220,    0.125,    0.124,    0.125,    0.125,    0.118,    0.125,    0.125,    0.125,    0.127,    0.118,
         5,2020091000,   -0.159,   -0.166,   -0.158,   -0.151,   -0.193,   -0.158,   -0.160,   -0.157,   -0.137,   -0.201,    0.124,    0.125,    0.124,    0.123,    0.135,    0.124,    0.124,    0.124,    0.124,    0.135,
         5,2020090918,   -0.159,   -0.152,   -0.160,   -0.159,   -0.182,   -0.159,   -0.152,   -0.160,   -0.162,   -0.188,    0.124,    0.121,    0.124,    0.122,    0.130,    0.124,    0.122,    0.124,    0.123,    0.130,
         5,2020090912,   -0.159,   -0.175,   -0.158,   -0.152,   -0.166,   -0.159,   -0.174,   -0.158,   -0.151,   -0.176,    0.124,    0.121,    0.125,    0.123,    0.127,    0.124,    0.120,    0.125,    0.126,    0.127,
         5,2020090906,   -0.160,   -0.173,   -0.159,   -0.154,   -0.212,   -0.160,   -0.168,   -0.159,   -0.156,   -0.205,    0.125,    0.128,    0.125,    0.129,    0.134,    0.125,    0.126,    0.125,    0.129,    0.134,
         5,2020090900,   -0.159,   -0.163,   -0.159,   -0.138,   -0.191,   -0.160,   -0.164,   -0.160,   -0.146,   -0.198,    0.124,    0.124,    0.124,    0.122,    0.133,    0.124,    0.123,    0.124,    0.124,    0.133,
         5,2020090818,   -0.159,   -0.160,   -0.159,   -0.152,   -0.188,   -0.159,   -0.157,   -0.159,   -0.164,   -0.198,    0.125,    0.122,    0.125,    0.120,    0.123,    0.125,    0.120,    0.125,    0.116,    0.123,
         5,2020090812,   -0.160,   -0.180,   -0.159,   -0.136,   -0.190,   -0.160,   -0.175,   -0.159,   -0.140,   -0.192,    0.126,    0.128,    0.125,    0.118,    0.123,    0.126,    0.128,    0.125,    0.119,    0.123,
         5,2020090806,   -0.164,   -0.161,   -0.164,   -0.150,   -0.176,   -0.162,   -0.155,   -0.163,   -0.147,   -0.180,    0.126,    0.125,    0.127,    0.125,    0.110,    0.126,    0.127,    0.127,    0.125,    0.110,
         5,2020090800,   -0.160,   -0.165,   -0.158,   -0.162,   -0.221,   -0.160,   -0.165,   -0.158,   -0.167,   -0.218,    0.125,    0.124,    0.126,    0.121,    0.116,    0.125,    0.124,    0.126,    0.118,    0.116,
         5,2020090718,   -0.160,   -0.168,   -0.158,   -0.157,   -0.190,   -0.160,   -0.162,   -0.159,   -0.175,   -0.190,    0.126,    0.123,    0.126,    0.114,    0.125,    0.126,    0.124,    0.126,    0.111,    0.125,
         5,2020090712,   -0.160,   -0.163,   -0.160,   -0.140,   -0.216,   -0.160,   -0.166,   -0.159,   -0.150,   -0.223,    0.125,    0.123,    0.126,    0.113,    0.132,    0.125,    0.123,    0.126,    0.114,    0.132,
         5,2020090706,   -0.164,   -0.174,   -0.162,   -0.169,   -0.196,   -0.164,   -0.173,   -0.161,   -0.167,   -0.204,    0.126,    0.123,    0.126,    0.115,    0.126,    0.126,    0.121,    0.126,    0.125,    0.126,
         5,2020090700,   -0.155,   -0.162,   -0.154,   -0.156,   -0.177,   -0.155,   -0.166,   -0.154,   -0.159,   -0.176,    0.125,    0.123,    0.125,    0.124,    0.131,    0.125,    0.124,    0.125,    0.124,    0.131,
         5,2020090618,   -0.158,   -0.180,   -0.153,   -0.183,   -0.143,   -0.158,   -0.175,   -0.153,   -0.173,   -0.144,    0.125,    0.125,    0.124,    0.125,    0.121,    0.125,    0.125,    0.124,    0.123,    0.121,
         5,2020090612,   -0.157,   -0.193,   -0.154,   -0.156,   -0.230,   -0.157,   -0.192,   -0.154,   -0.154,   -0.221,    0.125,    0.120,    0.125,    0.124,    0.133,    0.125,    0.122,    0.125,    0.121,    0.133,
         5,2020090606,   -0.163,   -0.178,   -0.161,   -0.124,   -0.209,   -0.162,   -0.172,   -0.161,   -0.129,   -0.202,    0.126,    0.128,    0.126,    0.110,    0.124,    0.126,    0.129,    0.126,    0.114,    0.124,
         5,2020090600,   -0.159,   -0.190,   -0.157,   -0.161,   -0.161,   -0.158,   -0.174,   -0.157,   -0.162,   -0.160,    0.126,    0.130,    0.126,    0.126,    0.129,    0.126,    0.130,    0.126,    0.128,    0.129,
         5,2020090518,   -0.159,   -0.168,   -0.158,   -0.178,   -0.172,   -0.158,   -0.160,   -0.157,   -0.188,   -0.174,    0.126,    0.121,    0.126,    0.128,    0.128,    0.126,    0.122,    0.126,    0.127,    0.128,
         5,2020090512,   -0.158,   -0.196,   -0.154,   -0.153,   -0.217,   -0.158,   -0.192,   -0.154,   -0.162,   -0.229,    0.125,    0.122,    0.125,    0.124,    0.125,    0.125,    0.123,    0.125,    0.124,    0.125,
         5,2020090506,   -0.160,   -0.179,   -0.159,   -0.121,   -0.191,   -0.159,   -0.173,   -0.159,   -0.112,   -0.181,    0.126,    0.123,    0.126,    0.113,    0.126,    0.126,    0.123,    0.126,    0.114,    0.126,
         5,2020090500,   -0.160,   -0.177,   -0.159,   -0.165,   -0.186,   -0.160,   -0.176,   -0.159,   -0.168,   -0.181,    0.126,    0.124,    0.125,    0.123,    0.133,    0.126,    0.125,    0.125,    0.127,    0.133,
         5,2020090418,   -0.162,   -0.172,   -0.160,   -0.183,   -0.187,   -0.162,   -0.166,   -0.160,   -0.184,   -0.184,    0.127,    0.123,    0.127,    0.127,    0.128,    0.127,    0.123,    0.127,    0.128,    0.128,
         5,2020090412,   -0.157,   -0.168,   -0.155,   -0.187,   -0.207,   -0.157,   -0.157,   -0.155,   -0.192,   -0.210,    0.125,    0.123,    0.125,    0.132,    0.116,    0.125,    0.124,    0.125,    0.134,    0.116,
         5,2020090406,   -0.161,   -0.168,   -0.161,   -0.116,   -0.187,   -0.160,   -0.165,   -0.160,   -0.126,   -0.195,    0.126,    0.123,    0.127,    0.118,    0.125,    0.126,    0.120,    0.127,    0.110,    0.125,
         5,2020090400,   -0.160,   -0.172,   -0.159,   -0.152,   -0.209,   -0.159,   -0.165,   -0.158,   -0.152,   -0.203,    0.126,    0.121,    0.126,    0.126,    0.122,    0.126,    0.122,    0.126,    0.126,    0.122,
         5,2020090318,   -0.160,   -0.158,   -0.161,   -0.154,   -0.178,   -0.160,   -0.156,   -0.160,   -0.151,   -0.189,    0.126,    0.119,    0.126,    0.127,    0.124,    0.126,    0.120,    0.126,    0.126,    0.124,
         5,2020090312,   -0.156,   -0.151,   -0.157,   -0.137,   -0.157,   -0.155,   -0.154,   -0.156,   -0.135,   -0.167,    0.125,    0.118,    0.126,    0.118,    0.128,    0.125,    0.120,    0.126,    0.119,    0.128,
         5,2020090306,   -0.159,   -0.178,   -0.158,   -0.127,   -0.224,   -0.159,   -0.178,   -0.159,   -0.115,   -0.240,    0.126,    0.126,    0.126,    0.109,    0.109,    0.126,    0.126,    0.126,    0.116,    0.109,
         5,2020090300,   -0.159,   -0.157,   -0.159,   -0.145,   -0.182,   -0.158,   -0.151,   -0.158,   -0.135,   -0.189,    0.126,    0.118,    0.126,    0.124,    0.115,    0.126,    0.117,    0.126,    0.130,    0.115,
         5,2020090218,   -0.161,   -0.161,   -0.162,   -0.136,   -0.159,   -0.160,   -0.150,   -0.161,   -0.136,   -0.160,    0.127,    0.122,    0.127,    0.120,    0.120,    0.127,    0.124,    0.127,    0.121,    0.120,
         5,2020090212,   -0.158,   -0.173,   -0.157,   -0.164,   -0.166,   -0.157,   -0.165,   -0.157,   -0.145,   -0.174,    0.126,    0.126,    0.126,    0.116,    0.120,    0.126,    0.128,    0.126,    0.116,    0.120,
         5,2020090206,   -0.158,   -0.184,   -0.157,   -0.120,   -0.214,   -0.158,   -0.181,   -0.157,   -0.117,   -0.214,    0.126,    0.126,    0.126,    0.114,    0.131,    0.126,    0.128,    0.126,    0.115,    0.131,
         5,2020090200,   -0.159,   -0.150,   -0.159,   -0.159,   -0.206,   -0.159,   -0.149,   -0.159,   -0.155,   -0.223,    0.126,    0.121,    0.125,    0.118,    0.135,    0.126,    0.123,    0.125,    0.123,    0.135,
         5,2020090118,   -0.159,   -0.157,   -0.159,   -0.128,   -0.203,   -0.159,   -0.158,   -0.159,   -0.132,   -0.205,    0.126,    0.121,    0.126,    0.128,    0.131,    0.126,    0.121,    0.126,    0.129,    0.131,
         5,2020090112,   -0.160,   -0.171,   -0.158,   -0.161,   -0.194,   -0.159,   -0.167,   -0.158,   -0.156,   -0.187,    0.125,    0.121,    0.126,    0.117,    0.132,    0.125,    0.117,    0.126,    0.120,    0.132,
         5,2020090106,   -0.161,   -0.170,   -0.160,   -0.143,   -0.225,   -0.160,   -0.161,   -0.159,   -0.142,   -0.222,    0.126,    0.127,    0.126,    0.113,    0.124,    0.126,    0.130,    0.126,    0.115,    0.124,
         5,2020090100,   -0.161,   -0.173,   -0.159,   -0.142,   -0.233,   -0.161,   -0.166,   -0.160,   -0.153,   -0.226,    0.125,    0.124,    0.125,    0.112,    0.128,    0.125,    0.126,    0.125,    0.112,    0.128,
         5,2020083118,   -0.163,   -0.159,   -0.163,   -0.144,   -0.190,   -0.162,   -0.157,   -0.163,   -0.159,   -0.181,    0.126,    0.122,    0.126,    0.126,    0.131,    0.126,    0.120,    0.126,    0.128,    0.131,
         5,2020083112,   -0.159,   -0.170,   -0.158,   -0.149,   -0.180,   -0.158,   -0.169,   -0.158,   -0.135,   -0.178,    0.126,    0.127,    0.126,    0.120,    0.127,    0.126,    0.124,    0.126,    0.127,    0.127,
         5,2020083106,   -0.161,   -0.161,   -0.161,   -0.134,   -0.179,   -0.161,   -0.165,   -0.161,   -0.146,   -0.175,    0.126,    0.123,    0.126,    0.118,    0.125,    0.126,    0.124,    0.126,    0.114,    0.125,
         5,2020083100,   -0.162,   -0.176,   -0.161,   -0.148,   -0.195,   -0.163,   -0.175,   -0.161,   -0.157,   -0.186,    0.126,    0.125,    0.126,    0.122,    0.117,    0.126,    0.126,    0.126,    0.118,    0.117,
         5,2020083018,   -0.158,   -0.160,   -0.158,   -0.137,   -0.186,   -0.158,   -0.162,   -0.158,   -0.135,   -0.191,    0.125,    0.123,    0.126,    0.114,    0.119,    0.125,    0.122,    0.126,    0.112,    0.119,
         5,2020083012,   -0.160,   -0.159,   -0.160,   -0.137,   -0.229,   -0.160,   -0.160,   -0.160,   -0.133,   -0.223,    0.126,    0.123,    0.125,    0.116,    0.118,    0.126,    0.126,    0.125,    0.125,    0.118,
         5,2020083006,   -0.164,   -0.163,   -0.164,   -0.136,   -0.205,   -0.163,   -0.159,   -0.164,   -0.132,   -0.198,    0.126,    0.126,    0.126,    0.118,    0.112,    0.126,    0.127,    0.126,    0.113,    0.112,
         5,2020083000,   -0.158,   -0.173,   -0.157,   -0.127,   -0.190,   -0.158,   -0.170,   -0.157,   -0.137,   -0.187,    0.125,    0.127,    0.125,    0.119,    0.118,    0.125,    0.128,    0.125,    0.114,    0.118,
