        13,2020092000,   -0.125,   -0.123,   -0.127,   -0.113,   -0.133,   -0.124,   -0.122,   -0.125,   -0.112,   -0.131,    0.099,    0.097,    0.099,    0.094,    0.100,    0.099,    0.099,    0.099,    0.095,    0.100,
        13,2020091918,   -0.124,   -0.122,   -0.127,   -0.112,   -0.128,   -0.125,   -0.123,   -0.128,   -0.112,   -0.128,    0.098,    0.099,    0.099,    0.095,    0.098,    0.098,    0.098,    0.099,    0.095,    0.098,
        13,2020091912,   -0.122,   -0.118,   -0.123,   -0.111,   -0.136,   -0.124,   -0.119,   -0.124,   -0.113,   -0.138,    0.097,    0.098,    0.098,    0.097,    0.099,    0.097,    0.097,    0.098,    0.095,    0.099,
        13,2020091906,   -0.123,   -0.121,   -0.123,   -0.112,   -0.138,   -0.123,   -0.122,   -0.123,   -0.114,   -0.138,    0.097,    0.097,    0.097,    0.094,    0.099,    0.097,    0.097,    0.097,    0.093,    0.099,
        13,2020091900,   -0.122,   -0.122,   -0.124,   -0.107,   -0.125,   -0.122,   -0.122,   -0.125,   -0.108,   -0.125,    0.097,    0.097,    0.097,    0.096,    0.098,    0.097,    0.097,    0.097,    0.095,    0.098,
        13,2020091818,   -0.122,   -0.117,   -0.125,   -0.108,   -0.126,   -0.122,   -0.117,   -0.126,   -0.108,   -0.127,    0.097,    0.096,    0.097,    0.093,    0.098,    0.097,    0.096,    0.097,    0.093,    0.098,
        13,2020091812,   -0.121,   -0.119,   -0.123,   -0.107,   -0.129,   -0.122,   -0.120,   -0.124,   -0.108,   -0.131,    0.096,    0.097,    0.096,    0.093,    0.096,    0.096,    0.096,    0.096,    0.091,    0.096,
        13,2020091806,   -0.120,   -0.119,   -0.122,   -0.110,   -0.127,   -0.121,   -0.120,   -0.122,   -0.111,   -0.128,    0.096,    0.095,    0.096,    0.094,    0.097,    0.096,    0.095,    0.096,    0.093,    0.097,
        13,2020091800,   -0.119,   -0.119,   -0.122,   -0.101,   -0.127,   -0.120,   -0.119,   -0.123,   -0.101,   -0.128,    0.095,    0.096,    0.095,    0.089,    0.096,    0.095,    0.096,    0.095,    0.089,    0.096,
        13,2020091718,   -0.120,   -0.119,   -0.122,   -0.106,   -0.124,   -0.120,   -0.119,   -0.122,   -0.107,   -0.124,    0.095,    0.095,    0.096,    0.092,    0.096,    0.095,    0.095,    0.096,    0.092,    0.096,
        13,2020091712,   -0.121,   -0.120,   -0.123,   -0.109,   -0.124,   -0.120,   -0.119,   -0.122,   -0.109,   -0.124,    0.096,    0.095,    0.096,    0.094,    0.096,    0.096,    0.095,    0.096,    0.094,    0.096,
        13,2020091706,   -0.120,   -0.117,   -0.121,   -0.112,   -0.132,   -0.120,   -0.117,   -0.121,   -0.113,   -0.132,    0.095,    0.095,    0.096,    0.095,    0.095,    0.095,    0.095,    0.096,    0.095,    0.095,
        13,2020091700,   -0.121,   -0.125,   -0.122,   -0.106,   -0.131,   -0.120,   -0.123,   -0.121,   -0.105,   -0.130,    0.096,    0.095,    0.097,    0.092,    0.096,    0.096,    0.096,    0.097,    0.093,    0.096,
        13,2020091618,   -0.121,   -0.121,   -0.121,   -0.112,   -0.128,   -0.121,   -0.121,   -0.121,   -0.112,   -0.128,    0.096,    0.095,    0.096,    0.094,    0.097,    0.096,    0.095,    0.096,    0.094,    0.097,
        13,2020091612,   -0.121,   -0.123,   -0.120,   -0.109,   -0.137,   -0.121,   -0.124,   -0.120,   -0.110,   -0.137,    0.096,    0.097,    0.096,    0.094,    0.098,    0.096,    0.096,    0.096,    0.094,    0.098,
        13,2020091606,   -0.121,   -0.120,   -0.122,   -0.113,   -0.127,   -0.121,   -0.120,   -0.122,   -0.112,   -0.126,    0.096,    0.096,    0.096,    0.093,    0.096,    0.096,    0.096,    0.096,    0.093,    0.096,
        13,2020091600,   -0.123,   -0.121,   -0.125,   -0.113,   -0.131,   -0.122,   -0.120,   -0.123,   -0.111,   -0.129,    0.097,    0.097,    0.098,    0.094,    0.098,    0.097,    0.098,    0.098,    0.096,    0.098,
        13,2020091518,   -0.122,   -0.121,   -0.124,   -0.107,   -0.132,   -0.122,   -0.121,   -0.124,   -0.107,   -0.132,    0.098,    0.097,    0.098,    0.095,    0.097,    0.098,    0.097,    0.098,    0.095,    0.097,
        13,2020091512,   -0.122,   -0.119,   -0.123,   -0.112,   -0.134,   -0.122,   -0.119,   -0.123,   -0.112,   -0.135,    0.097,    0.097,    0.098,    0.094,    0.097,    0.097,    0.097,    0.098,    0.094,    0.097,
        13,2020091506,   -0.122,   -0.118,   -0.125,   -0.109,   -0.137,   -0.123,   -0.118,   -0.125,   -0.109,   -0.137,    0.097,    0.096,    0.097,    0.095,    0.100,    0.097,    0.096,    0.097,    0.095,    0.100,
        13,2020091500,   -0.123,   -0.120,   -0.124,   -0.110,   -0.134,   -0.123,   -0.119,   -0.125,   -0.109,   -0.134,    0.097,    0.096,    0.098,    0.093,    0.099,    0.097,    0.096,    0.098,    0.094,    0.099,
        13,2020091418,   -0.125,   -0.123,   -0.127,   -0.114,   -0.126,   -0.123,   -0.122,   -0.126,   -0.113,   -0.124,    0.099,    0.097,    0.100,    0.095,    0.099,    0.099,    0.098,    0.100,    0.096,    0.099,
        13,2020091412,   -0.123,   -0.120,   -0.123,   -0.114,   -0.139,   -0.125,   -0.120,   -0.125,   -0.114,   -0.138,    0.098,    0.098,    0.098,    0.095,    0.099,    0.098,    0.098,    0.098,    0.094,    0.099,
        13,2020091406,   -0.124,   -0.124,   -0.124,   -0.114,   -0.142,   -0.124,   -0.124,   -0.124,   -0.114,   -0.142,    0.098,    0.098,    0.099,    0.095,    0.100,    0.098,    0.098,    0.099,    0.095,    0.100,
        13,2020091400,   -0.125,   -0.122,   -0.127,   -0.112,   -0.131,   -0.125,   -0.123,   -0.127,   -0.112,   -0.131,    0.099,    0.099,    0.099,    0.095,    0.100,    0.099,    0.099,    0.099,    0.095,    0.100,
        13,2020091318,   -0.125,   -0.121,   -0.128,   -0.115,   -0.128,   -0.125,   -0.121,   -0.128,   -0.115,   -0.128,    0.099,    0.099,    0.099,    0.096,    0.099,    0.099,    0.099,    0.099,    0.096,    0.099,
        13,2020091312,   -0.124,   -0.121,   -0.126,   -0.111,   -0.131,   -0.125,   -0.122,   -0.127,   -0.112,   -0.132,    0.099,    0.098,    0.099,    0.096,    0.100,    0.099,    0.098,    0.099,    0.095,    0.100,
        13,2020091306,   -0.125,   -0.122,   -0.126,   -0.111,   -0.137,   -0.124,   -0.122,   -0.126,   -0.111,   -0.136,    0.099,    0.098,    0.099,    0.096,    0.101,    0.099,    0.098,    0.099,    0.097,    0.101,
        13,2020091300,   -0.124,   -0.122,   -0.126,   -0.108,   -0.133,   -0.125,   -0.123,   -0.127,   -0.110,   -0.135,    0.098,    0.100,    0.098,    0.094,    0.098,    0.098,    0.099,    0.098,    0.093,    0.098,
        13,2020091218,   -0.124,   -0.122,   -0.125,   -0.116,   -0.131,   -0.124,   -0.121,   -0.125,   -0.116,   -0.131,    0.098,    0.097,    0.099,    0.097,    0.098,    0.098,    0.097,    0.099,    0.097,    0.098,
        13,2020091212,   -0.124,   -0.120,   -0.126,   -0.112,   -0.131,   -0.124,   -0.121,   -0.126,   -0.112,   -0.132,    0.098,    0.098,    0.098,    0.095,    0.100,    0.098,    0.097,    0.098,    0.094,    0.100,
        13,2020091206,   -0.123,   -0.118,   -0.124,   -0.116,   -0.135,   -0.123,   -0.119,   -0.124,   -0.117,   -0.136,    0.097,    0.097,    0.098,    0.097,    0.099,    0.097,    0.096,    0.098,    0.096,    0.099,
        13,2020091200,   -0.125,   -0.127,   -0.125,   -0.113,   -0.138,   -0.124,   -0.125,   -0.124,   -0.112,   -0.136,    0.098,    0.097,    0.099,    0.094,    0.097,    0.098,    0.098,    0.099,    0.095,    0.097,
        13,2020091118,   -0.124,   -0.124,   -0.124,   -0.119,   -0.130,   -0.124,   -0.124,   -0.125,   -0.119,   -0.130,    0.098,    0.097,    0.099,    0.096,    0.100,    0.098,    0.097,    0.099,    0.096,    0.100,
        13,2020091112,   -0.123,   -0.125,   -0.122,   -0.112,   -0.142,   -0.124,   -0.126,   -0.123,   -0.113,   -0.143,    0.098,    0.098,    0.097,    0.096,    0.100,    0.098,    0.097,    0.097,    0.095,    0.100,
        13,2020091106,   -0.123,   -0.122,   -0.125,   -0.118,   -0.123,   -0.123,   -0.122,   -0.125,   -0.119,   -0.123,    0.097,    0.097,    0.098,    0.097,    0.097,    0.097,    0.097,    0.098,    0.097,    0.097,
        13,2020091100,   -0.123,   -0.123,   -0.125,   -0.112,   -0.129,   -0.123,   -0.123,   -0.125,   -0.112,   -0.129,    0.097,    0.098,    0.098,    0.094,    0.097,    0.097,    0.098,    0.098,    0.094,    0.097,
        13,2020091018,   -0.123,   -0.118,   -0.125,   -0.114,   -0.133,   -0.123,   -0.118,   -0.125,   -0.114,   -0.133,    0.097,    0.097,    0.098,    0.093,    0.098,    0.097,    0.097,    0.098,    0.093,    0.098,
        13,2020091012,   -0.122,   -0.116,   -0.122,   -0.114,   -0.137,   -0.123,   -0.116,   -0.123,   -0.115,   -0.138,    0.097,    0.096,    0.097,    0.096,    0.098,    0.097,    0.095,    0.097,    0.095,    0.098,
        13,2020091006,   -0.122,   -0.119,   -0.124,   -0.112,   -0.129,   -0.122,   -0.119,   -0.124,   -0.113,   -0.130,    0.096,    0.096,    0.097,    0.093,    0.099,    0.096,    0.096,    0.097,    0.093,    0.099,
        13,2020091000,   -0.122,   -0.120,   -0.125,   -0.110,   -0.126,   -0.122,   -0.120,   -0.125,   -0.111,   -0.127,    0.097,    0.096,    0.097,    0.094,    0.098,    0.097,    0.096,    0.097,    0.093,    0.098,
        13,2020090918,   -0.122,   -0.120,   -0.125,   -0.113,   -0.124,   -0.122,   -0.120,   -0.125,   -0.113,   -0.124,    0.097,    0.095,    0.098,    0.093,    0.098,    0.097,    0.095,    0.098,    0.093,    0.098,
        13,2020090912,   -0.122,   -0.117,   -0.123,   -0.115,   -0.133,   -0.123,   -0.118,   -0.123,   -0.116,   -0.134,    0.096,    0.096,    0.097,    0.093,    0.097,    0.096,    0.096,    0.097,    0.093,    0.097,
        13,2020090906,   -0.123,   -0.126,   -0.122,   -0.109,   -0.132,   -0.122,   -0.125,   -0.122,   -0.108,   -0.131,    0.097,    0.097,    0.097,    0.093,    0.099,    0.097,    0.098,    0.097,    0.094,    0.099,
        13,2020090900,   -0.123,   -0.119,   -0.126,   -0.110,   -0.127,   -0.123,   -0.119,   -0.126,   -0.110,   -0.127,    0.097,    0.096,    0.097,    0.094,    0.099,    0.097,    0.096,    0.097,    0.093,    0.099,
        13,2020090818,   -0.122,   -0.116,   -0.126,   -0.115,   -0.121,   -0.122,   -0.116,   -0.125,   -0.115,   -0.121,    0.097,    0.096,    0.097,    0.094,    0.096,    0.097,    0.097,    0.097,    0.095,    0.096,
        13,2020090812,   -0.122,   -0.120,   -0.124,   -0.110,   -0.128,   -0.122,   -0.120,   -0.124,   -0.110,   -0.127,    0.097,    0.097,    0.098,    0.093,    0.097,    0.097,    0.097,    0.098,    0.093,    0.097,
        13,2020090806,   -0.123,   -0.121,   -0.125,   -0.111,   -0.135,   -0.123,   -0.120,   -0.124,   -0.111,   -0.134,    0.098,    0.097,    0.098,    0.095,    0.099,    0.098,    0.097,    0.098,    0.095,    0.099,
        13,2020090800,   -0.122,   -0.122,   -0.124,   -0.106,   -0.133,   -0.122,   -0.123,   -0.124,   -0.107,   -0.134,    0.097,    0.100,    0.098,    0.093,    0.097,    0.097,    0.100,    0.098,    0.093,    0.097,
        13,2020090718,   -0.121,   -0.121,   -0.122,   -0.115,   -0.120,   -0.122,   -0.123,   -0.123,   -0.117,   -0.122,    0.096,    0.097,    0.096,    0.096,    0.096,    0.096,    0.096,    0.096,    0.094,    0.096,
        13,2020090712,   -0.123,   -0.122,   -0.123,   -0.117,   -0.127,   -0.122,   -0.122,   -0.123,   -0.116,   -0.127,    0.097,    0.097,    0.097,    0.095,    0.097,    0.097,    0.097,    0.097,    0.095,    0.097,
        13,2020090706,   -0.123,   -0.119,   -0.124,   -0.115,   -0.132,   -0.122,   -0.119,   -0.123,   -0.115,   -0.132,    0.097,    0.097,    0.097,    0.095,    0.097,    0.097,    0.097,    0.097,    0.095,    0.097,
        13,2020090700,   -0.123,   -0.128,   -0.124,   -0.108,   -0.130,   -0.122,   -0.127,   -0.123,   -0.108,   -0.129,    0.098,    0.098,    0.098,    0.093,    0.098,    0.098,    0.098,    0.098,    0.093,    0.098,
        13,2020090618,   -0.123,   -0.122,   -0.124,   -0.116,   -0.128,   -0.123,   -0.122,   -0.124,   -0.116,   -0.128,    0.098,    0.097,    0.098,    0.097,    0.099,    0.098,    0.097,    0.098,    0.097,    0.099,
        13,2020090612,   -0.122,   -0.124,   -0.122,   -0.107,   -0.136,   -0.122,   -0.124,   -0.122,   -0.106,   -0.137,    0.097,    0.098,    0.097,    0.094,    0.099,    0.097,    0.098,    0.097,    0.094,    0.099,
        13,2020090606,   -0.121,   -0.120,   -0.124,   -0.109,   -0.116,   -0.122,   -0.121,   -0.125,   -0.109,   -0.117,    0.097,    0.097,    0.097,    0.094,    0.096,    0.097,    0.096,    0.097,    0.093,    0.096,
        13,2020090600,   -0.123,   -0.122,   -0.125,   -0.108,   -0.132,   -0.123,   -0.121,   -0.124,   -0.107,   -0.131,    0.098,    0.097,    0.098,    0.093,    0.099,    0.098,    0.097,    0.098,    0.094,    0.099,
        13,2020090518,   -0.123,   -0.119,   -0.126,   -0.112,   -0.127,   -0.123,   -0.119,   -0.126,   -0.112,   -0.126,    0.098,    0.098,    0.098,    0.095,    0.097,    0.098,    0.098,    0.098,    0.095,    0.097,
        13,2020090512,   -0.122,   -0.116,   -0.123,   -0.112,   -0.141,   -0.123,   -0.117,   -0.124,   -0.113,   -0.142,    0.097,    0.097,    0.097,    0.095,    0.098,    0.097,    0.096,    0.097,    0.094,    0.098,
        13,2020090506,   -0.122,   -0.120,   -0.124,   -0.110,   -0.131,   -0.122,   -0.120,   -0.124,   -0.110,   -0.131,    0.097,    0.096,    0.098,    0.093,    0.098,    0.097,    0.096,    0.098,    0.093,    0.098,
        13,2020090500,   -0.123,   -0.120,   -0.126,   -0.109,   -0.127,   -0.122,   -0.119,   -0.125,   -0.109,   -0.126,    0.098,    0.096,    0.098,    0.095,    0.098,    0.098,    0.097,    0.098,    0.095,    0.098,
        13,2020090418,   -0.123,   -0.124,   -0.124,   -0.114,   -0.125,   -0.123,   -0.125,   -0.124,   -0.114,   -0.125,    0.097,    0.097,    0.098,    0.096,    0.097,    0.097,    0.097,    0.098,    0.095,    0.097,
        13,2020090412,   -0.124,   -0.121,   -0.124,   -0.111,   -0.137,   -0.123,   -0.120,   -0.123,   -0.111,   -0.136,    0.098,    0.098,    0.098,    0.096,    0.100,    0.098,    0.098,    0.098,    0.096,    0.100,
        13,2020090406,   -0.123,   -0.123,   -0.124,   -0.108,   -0.135,   -0.124,   -0.124,   -0.124,   -0.110,   -0.136,    0.098,    0.098,    0.098,    0.095,    0.099,    0.098,    0.097,    0.098,    0.094,    0.099,
        13,2020090400,   -0.123,   -0.119,   -0.127,   -0.107,   -0.129,   -0.123,   -0.118,   -0.126,   -0.106,   -0.128,    0.098,    0.096,    0.098,    0.092,    0.102,    0.098,    0.097,    0.098,    0.093,    0.102,
        13,2020090318,   -0.122,   -0.118,   -0.126,   -0.105,   -0.128,   -0.123,   -0.119,   -0.127,   -0.108,   -0.129,    0.097,    0.098,    0.098,    0.094,    0.098,    0.097,    0.097,    0.098,    0.093,    0.098,
        13,2020090312,   -0.123,   -0.120,   -0.126,   -0.110,   -0.129,   -0.123,   -0.120,   -0.126,   -0.110,   -0.129,    0.098,    0.097,    0.098,    0.094,    0.099,    0.098,    0.098,    0.098,    0.094,    0.099,
        13,2020090306,   -0.123,   -0.119,   -0.125,   -0.112,   -0.130,   -0.123,   -0.119,   -0.125,   -0.112,   -0.130,    0.098,    0.097,    0.098,    0.095,    0.100,    0.098,    0.097,    0.098,    0.095,    0.100,
        13,2020090300,   -0.122,   -0.125,   -0.124,   -0.104,   -0.131,   -0.123,   -0.126,   -0.124,   -0.106,   -0.132,    0.097,    0.099,    0.098,    0.092,    0.096,    0.097,    0.098,    0.098,    0.091,    0.096,
        13,2020090218,   -0.121,   -0.121,   -0.124,   -0.108,   -0.123,   -0.122,   -0.122,   -0.124,   -0.109,   -0.123,    0.097,    0.097,    0.097,    0.095,    0.097,    0.097,    0.097,    0.097,    0.094,    0.097,
        13,2020090212,   -0.121,   -0.122,   -0.122,   -0.104,   -0.132,   -0.122,   -0.123,   -0.123,   -0.106,   -0.133,    0.097,    0.097,    0.097,    0.095,    0.097,    0.097,    0.096,    0.097,    0.094,    0.097,
        13,2020090206,   -0.123,   -0.120,   -0.124,   -0.115,   -0.129,   -0.122,   -0.119,   -0.123,   -0.114,   -0.128,    0.097,    0.096,    0.098,    0.096,    0.097,    0.097,    0.097,    0.098,    0.096,    0.097,
        13,2020090200,   -0.123,   -0.126,   -0.124,   -0.106,   -0.131,   -0.122,   -0.125,   -0.124,   -0.106,   -0.131,    0.098,    0.099,    0.098,    0.093,    0.098,    0.098,    0.099,    0.098,    0.093,    0.098,
        13,2020090118,   -0.123,   -0.124,   -0.124,   -0.114,   -0.126,   -0.124,   -0.125,   -0.125,   -0.115,   -0.127,    0.098,    0.098,    0.098,    0.096,    0.098,    0.098,    0.098,    0.098,    0.095,    0.098,
        13,2020090112,   -0.124,   -0.125,   -0.124,   -0.108,   -0.139,   -0.123,   -0.124,   -0.122,   -0.107,   -0.138,    0.098,    0.097,    0.099,    0.093,    0.100,    0.098,    0.097,    0.099,    0.094,    0.100,
        13,2020090106,   -0.124,   -0.122,   -0.126,   -0.114,   -0.123,   -0.124,   -0.123,   -0.126,   -0.115,   -0.123,    0.098,    0.098,    0.098,    0.096,    0.099,    0.098,    0.098,    0.098,    0.096,    0.099,
        13,2020090100,   -0.124,   -0.123,   -0.126,   -0.109,   -0.132,   -0.123,   -0.121,   -0.125,   -0.108,   -0.130,    0.099,    0.097,    0.100,    0.093,    0.100,    0.099,    0.098,    0.100,    0.094,    0.100,
        13,2020083118,   -0.125,   -0.120,   -0.128,   -0.114,   -0.128,   -0.125,   -0.121,   -0.128,   -0.113,   -0.128,    0.099,    0.099,    0.099,    0.098,    0.099,    0.099,    0.099,    0.099,    0.098,    0.099,
        13,2020083112,   -0.126,   -0.120,   -0.126,   -0.116,   -0.144,   -0.125,   -0.119,   -0.126,   -0.116,   -0.143,    0.100,    0.097,    0.100,    0.097,    0.103,    0.100,    0.098,    0.100,    0.097,    0.103,
        13,2020083106,   -0.126,   -0.124,   -0.127,   -0.112,   -0.139,   -0.125,   -0.124,   -0.127,   -0.112,   -0.139,    0.100,    0.099,    0.100,    0.096,    0.101,    0.100,    0.099,    0.100,    0.097,    0.101,
        13,2020083100,   -0.125,   -0.123,   -0.128,   -0.112,   -0.129,   -0.126,   -0.124,   -0.128,   -0.113,   -0.130,    0.099,    0.099,    0.100,    0.096,    0.101,    0.099,    0.099,    0.100,    0.096,    0.101,
        13,2020083018,   -0.126,   -0.125,   -0.127,   -0.116,   -0.134,   -0.126,   -0.125,   -0.127,   -0.115,   -0.133,    0.100,    0.099,    0.101,    0.098,    0.100,    0.100,    0.099,    0.101,    0.098,    0.100,
        13,2020083012,   -0.127,   -0.125,   -0.128,   -0.118,   -0.138,   -0.126,   -0.124,   -0.127,   -0.117,   -0.137,    0.101,    0.100,    0.101,    0.097,    0.103,    0.101,    0.100,    0.101,    0.098,    0.103,
        13,2020083006,   -0.128,   -0.128,   -0.128,   -0.114,   -0.139,   -0.127,   -0.127,   -0.128,   -0.113,   -0.139,    0.101,    0.100,    0.101,    0.097,    0.105,    0.101,    0.100,    0.101,    0.097,    0.105,
        13,2020083000,   -0.127,   -0.121,   -0.131,   -0.112,   -0.131,   -0.127,   -0.121,   -0.131,   -0.113,   -0.131,    0.101,    0.099,    0.101,    0.097,    0.104,    0.101,    0.099,    0.101,    0.097,    0.104,
