        20,2020092000,   -0.016,   -0.036,   -0.015, -999.000, -999.000,   -0.015,   -0.041,   -0.013, -999.000, -999.000,    0.128,    0.099,    0.129, -999.000, -999.000,    0.128,    0.104,    0.129, -999.000, -999.000,
        20,2020091918,   -0.026,   -0.007,   -0.028, -999.000, -999.000,   -0.025,   -0.007,   -0.027, -999.000, -999.000,    0.145,    0.093,    0.149, -999.000, -999.000,    0.145,    0.085,    0.149, -999.000, -999.000,
        20,2020091912,   -0.013,   -0.012,   -0.013, -999.000, -999.000,   -0.012,   -0.008,   -0.012, -999.000, -999.000,    0.128,    0.094,    0.130, -999.000, -999.000,    0.128,    0.092,    0.130, -999.000, -999.000,
        20,2020091906,   -0.026,   -0.018,   -0.027, -999.000, -999.000,   -0.025,   -0.022,   -0.025, -999.000, -999.000,    0.139,    0.101,    0.143, -999.000, -999.000,    0.139,    0.100,    0.143, -999.000, -999.000,
        20,2020091900,   -0.014,   -0.036,   -0.013, -999.000, -999.000,   -0.014,   -0.040,   -0.012, -999.000, -999.000,    0.132,    0.090,    0.134, -999.000, -999.000,    0.132,    0.095,    0.134, -999.000, -999.000,
        20,2020091818,   -0.015,   -0.013,   -0.015, -999.000, -999.000,   -0.013,   -0.005,   -0.014, -999.000, -999.000,    0.148,    0.097,    0.151, -999.000, -999.000,    0.148,    0.097,    0.151, -999.000, -999.000,
        20,2020091812,   -0.012,   -0.041,   -0.011, -999.000, -999.000,   -0.010,   -0.041,   -0.008, -999.000, -999.000,    0.133,    0.092,    0.134, -999.000, -999.000,    0.133,    0.099,    0.134, -999.000, -999.000,
        20,2020091806,   -0.022,   -0.035,   -0.021, -999.000, -999.000,   -0.023,   -0.042,   -0.020, -999.000, -999.000,    0.148,    0.110,    0.152, -999.000, -999.000,    0.148,    0.108,    0.152, -999.000, -999.000,
        20,2020091800,   -0.014,   -0.041,   -0.012, -999.000, -999.000,   -0.013,   -0.039,   -0.010, -999.000, -999.000,    0.134,    0.086,    0.136, -999.000, -999.000,    0.134,    0.089,    0.136, -999.000, -999.000,
        20,2020091718,   -0.019,   -0.031,   -0.018, -999.000, -999.000,   -0.017,   -0.027,   -0.016, -999.000, -999.000,    0.148,    0.101,    0.151, -999.000, -999.000,    0.148,    0.102,    0.151, -999.000, -999.000,
        20,2020091712,   -0.020,   -0.017,   -0.020, -999.000, -999.000,   -0.016,   -0.019,   -0.016, -999.000, -999.000,    0.138,    0.093,    0.140, -999.000, -999.000,    0.138,    0.096,    0.140, -999.000, -999.000,
        20,2020091706,   -0.010,   -0.060,   -0.005, -999.000, -999.000,   -0.010,   -0.056,   -0.004, -999.000, -999.000,    0.157,    0.118,    0.160, -999.000, -999.000,    0.157,    0.114,    0.160, -999.000, -999.000,
        20,2020091700,   -0.025,   -0.052,   -0.023, -999.000, -999.000,   -0.022,   -0.054,   -0.019, -999.000, -999.000,    0.137,    0.091,    0.140, -999.000, -999.000,    0.137,    0.090,    0.140, -999.000, -999.000,
        20,2020091618,   -0.028,   -0.050,   -0.026, -999.000, -999.000,   -0.025,   -0.038,   -0.024, -999.000, -999.000,    0.152,    0.099,    0.155, -999.000, -999.000,    0.152,    0.097,    0.155, -999.000, -999.000,
        20,2020091612,   -0.007,   -0.041,   -0.006, -999.000, -999.000,   -0.005,   -0.036,   -0.003, -999.000, -999.000,    0.153,    0.097,    0.156, -999.000, -999.000,    0.153,    0.099,    0.156, -999.000, -999.000,
        20,2020091606,   -0.031,   -0.046,   -0.029, -999.000, -999.000,   -0.030,   -0.050,   -0.027, -999.000, -999.000,    0.145,    0.104,    0.148, -999.000, -999.000,    0.145,    0.105,    0.148, -999.000, -999.000,
        20,2020091600,   -0.021,   -0.078,   -0.017, -999.000, -999.000,   -0.019,   -0.077,   -0.014, -999.000, -999.000,    0.132,    0.086,    0.134, -999.000, -999.000,    0.132,    0.088,    0.134, -999.000, -999.000,
        20,2020091518,   -0.029,   -0.041,   -0.028, -999.000, -999.000,   -0.027,   -0.027,   -0.027, -999.000, -999.000,    0.163,    0.110,    0.167, -999.000, -999.000,    0.163,    0.105,    0.167, -999.000, -999.000,
        20,2020091512,   -0.007,   -0.052,   -0.004, -999.000, -999.000,   -0.004,   -0.051,   -0.001, -999.000, -999.000,    0.156,    0.099,    0.158, -999.000, -999.000,    0.156,    0.101,    0.158, -999.000, -999.000,
        20,2020091506,   -0.035,   -0.051,   -0.033, -999.000, -999.000,   -0.035,   -0.045,   -0.034, -999.000, -999.000,    0.142,    0.109,    0.145, -999.000, -999.000,    0.142,    0.109,    0.145, -999.000, -999.000,
        20,2020091500,   -0.016,   -0.076,   -0.012, -999.000, -999.000,   -0.015,   -0.074,   -0.010, -999.000, -999.000,    0.138,    0.091,    0.139, -999.000, -999.000,    0.138,    0.096,    0.139, -999.000, -999.000,
        20,2020091418,   -0.041,   -0.027,   -0.042, -999.000, -999.000,   -0.040,   -0.026,   -0.041, -999.000, -999.000,    0.153,    0.106,    0.157, -999.000, -999.000,    0.153,    0.106,    0.157, -999.000, -999.000,
        20,2020091412,   -0.010,   -0.039,   -0.008, -999.000, -999.000,   -0.008,   -0.039,   -0.006, -999.000, -999.000,    0.144,    0.112,    0.145, -999.000, -999.000,    0.144,    0.113,    0.145, -999.000, -999.000,
        20,2020091406,   -0.048,   -0.049,   -0.048, -999.000, -999.000,   -0.048,   -0.043,   -0.049, -999.000, -999.000,    0.137,    0.112,    0.139, -999.000, -999.000,    0.137,    0.105,    0.139, -999.000, -999.000,
        20,2020091400,   -0.026,   -0.072,   -0.023, -999.000, -999.000,   -0.025,   -0.071,   -0.021, -999.000, -999.000,    0.135,    0.101,    0.136, -999.000, -999.000,    0.135,    0.102,    0.136, -999.000, -999.000,
        20,2020091318,   -0.029,   -0.015,   -0.030, -999.000, -999.000,   -0.027,   -0.002,   -0.030, -999.000, -999.000,    0.142,    0.124,    0.144, -999.000, -999.000,    0.142,    0.116,    0.144, -999.000, -999.000,
        20,2020091312,   -0.027,   -0.035,   -0.026, -999.000, -999.000,   -0.022,   -0.025,   -0.022, -999.000, -999.000,    0.135,    0.114,    0.136, -999.000, -999.000,    0.135,    0.117,    0.136, -999.000, -999.000,
        20,2020091306,   -0.034,   -0.046,   -0.033, -999.000, -999.000,   -0.034,   -0.055,   -0.031, -999.000, -999.000,    0.135,    0.101,    0.138, -999.000, -999.000,    0.135,    0.101,    0.138, -999.000, -999.000,
        20,2020091300,   -0.033,   -0.061,   -0.031, -999.000, -999.000,   -0.031,   -0.055,   -0.029, -999.000, -999.000,    0.137,    0.097,    0.140, -999.000, -999.000,    0.137,    0.092,    0.140, -999.000, -999.000,
        20,2020091218,   -0.027,   -0.030,   -0.026, -999.000, -999.000,   -0.024,   -0.017,   -0.024, -999.000, -999.000,    0.141,    0.096,    0.144, -999.000, -999.000,    0.141,    0.088,    0.144, -999.000, -999.000,
        20,2020091212,   -0.024,   -0.037,   -0.023, -999.000, -999.000,   -0.021,   -0.030,   -0.020, -999.000, -999.000,    0.136,    0.103,    0.138, -999.000, -999.000,    0.136,    0.098,    0.138, -999.000, -999.000,
        20,2020091206,   -0.031,   -0.065,   -0.028, -999.000, -999.000,   -0.028,   -0.063,   -0.025, -999.000, -999.000,    0.141,    0.114,    0.143, -999.000, -999.000,    0.141,    0.111,    0.143, -999.000, -999.000,
        20,2020091200,   -0.042,   -0.051,   -0.041, -999.000, -999.000,   -0.041,   -0.048,   -0.040, -999.000, -999.000,    0.125,    0.087,    0.127, -999.000, -999.000,    0.125,    0.089,    0.127, -999.000, -999.000,
        20,2020091118,   -0.023,   -0.041,   -0.021, -999.000, -999.000,   -0.021,   -0.041,   -0.020, -999.000, -999.000,    0.143,    0.100,    0.146, -999.000, -999.000,    0.143,    0.097,    0.146, -999.000, -999.000,
        20,2020091112,   -0.031,   -0.031,   -0.031, -999.000, -999.000,   -0.029,   -0.025,   -0.030, -999.000, -999.000,    0.126,    0.095,    0.127, -999.000, -999.000,    0.126,    0.097,    0.127, -999.000, -999.000,
        20,2020091106,   -0.033,   -0.046,   -0.032, -999.000, -999.000,   -0.031,   -0.043,   -0.030, -999.000, -999.000,    0.140,    0.089,    0.144, -999.000, -999.000,    0.140,    0.090,    0.144, -999.000, -999.000,
        20,2020091100,   -0.027,   -0.043,   -0.026, -999.000, -999.000,   -0.026,   -0.049,   -0.024, -999.000, -999.000,    0.127,    0.092,    0.130, -999.000, -999.000,    0.127,    0.093,    0.130, -999.000, -999.000,
        20,2020091018,   -0.046,   -0.020,   -0.048, -999.000, -999.000,   -0.043,   -0.017,   -0.046, -999.000, -999.000,    0.151,    0.110,    0.153, -999.000, -999.000,    0.151,    0.109,    0.153, -999.000, -999.000,
        20,2020091012,   -0.025,   -0.024,   -0.025, -999.000, -999.000,   -0.023,   -0.020,   -0.023, -999.000, -999.000,    0.127,    0.101,    0.128, -999.000, -999.000,    0.127,    0.097,    0.128, -999.000, -999.000,
        20,2020091006,   -0.041,   -0.027,   -0.042, -999.000, -999.000,   -0.040,   -0.026,   -0.042, -999.000, -999.000,    0.137,    0.107,    0.140, -999.000, -999.000,    0.137,    0.102,    0.140, -999.000, -999.000,
        20,2020091000,   -0.020,   -0.068,   -0.017, -999.000, -999.000,   -0.019,   -0.066,   -0.015, -999.000, -999.000,    0.125,    0.087,    0.127, -999.000, -999.000,    0.125,    0.086,    0.127, -999.000, -999.000,
        20,2020090918,   -0.051,   -0.027,   -0.053, -999.000, -999.000,   -0.048,   -0.016,   -0.052, -999.000, -999.000,    0.138,    0.113,    0.141, -999.000, -999.000,    0.138,    0.104,    0.141, -999.000, -999.000,
        20,2020090912,   -0.021,   -0.029,   -0.020, -999.000, -999.000,   -0.018,   -0.022,   -0.018, -999.000, -999.000,    0.130,    0.108,    0.131, -999.000, -999.000,    0.130,    0.108,    0.131, -999.000, -999.000,
        20,2020090906,   -0.053,   -0.045,   -0.054, -999.000, -999.000,   -0.051,   -0.045,   -0.052, -999.000, -999.000,    0.128,    0.105,    0.130, -999.000, -999.000,    0.128,    0.103,    0.130, -999.000, -999.000,
        20,2020090900,   -0.020,   -0.078,   -0.016, -999.000, -999.000,   -0.019,   -0.078,   -0.014, -999.000, -999.000,    0.126,    0.091,    0.127, -999.000, -999.000,    0.126,    0.090,    0.127, -999.000, -999.000,
        20,2020090818,   -0.037,   -0.016,   -0.038, -999.000, -999.000,   -0.035,   -0.008,   -0.038, -999.000, -999.000,    0.133,    0.098,    0.136, -999.000, -999.000,    0.133,    0.091,    0.136, -999.000, -999.000,
        20,2020090812,   -0.021,   -0.034,   -0.020, -999.000, -999.000,   -0.018,   -0.028,   -0.018, -999.000, -999.000,    0.119,    0.107,    0.120, -999.000, -999.000,    0.119,    0.104,    0.120, -999.000, -999.000,
        20,2020090806,   -0.040,   -0.038,   -0.040, -999.000, -999.000,   -0.036,   -0.039,   -0.036, -999.000, -999.000,    0.135,    0.095,    0.138, -999.000, -999.000,    0.135,    0.097,    0.138, -999.000, -999.000,
        20,2020090800,   -0.027,   -0.074,   -0.023, -999.000, -999.000,   -0.027,   -0.070,   -0.023, -999.000, -999.000,    0.123,    0.087,    0.125, -999.000, -999.000,    0.123,    0.086,    0.125, -999.000, -999.000,
        20,2020090718,   -0.025,   -0.011,   -0.026, -999.000, -999.000,   -0.023,   -0.007,   -0.024, -999.000, -999.000,    0.143,    0.100,    0.146, -999.000, -999.000,    0.143,    0.096,    0.146, -999.000, -999.000,
        20,2020090712,   -0.023,   -0.033,   -0.022, -999.000, -999.000,   -0.020,   -0.028,   -0.019, -999.000, -999.000,    0.125,    0.111,    0.125, -999.000, -999.000,    0.125,    0.109,    0.125, -999.000, -999.000,
        20,2020090706,   -0.038,   -0.025,   -0.039, -999.000, -999.000,   -0.036,   -0.029,   -0.037, -999.000, -999.000,    0.133,    0.096,    0.136, -999.000, -999.000,    0.133,    0.094,    0.136, -999.000, -999.000,
        20,2020090700,   -0.023,   -0.053,   -0.021, -999.000, -999.000,   -0.021,   -0.049,   -0.018, -999.000, -999.000,    0.126,    0.094,    0.128, -999.000, -999.000,    0.126,    0.092,    0.128, -999.000, -999.000,
        20,2020090618,   -0.025,   -0.025,   -0.025, -999.000, -999.000,   -0.021,   -0.015,   -0.022, -999.000, -999.000,    0.142,    0.090,    0.145, -999.000, -999.000,    0.142,    0.089,    0.145, -999.000, -999.000,
        20,2020090612,   -0.029,   -0.043,   -0.028, -999.000, -999.000,   -0.026,   -0.038,   -0.025, -999.000, -999.000,    0.128,    0.097,    0.130, -999.000, -999.000,    0.128,    0.099,    0.130, -999.000, -999.000,
        20,2020090606,   -0.029,   -0.021,   -0.030, -999.000, -999.000,   -0.026,   -0.024,   -0.027, -999.000, -999.000,    0.130,    0.094,    0.133, -999.000, -999.000,    0.130,    0.093,    0.133, -999.000, -999.000,
        20,2020090600,   -0.026,   -0.053,   -0.024, -999.000, -999.000,   -0.023,   -0.051,   -0.021, -999.000, -999.000,    0.128,    0.093,    0.129, -999.000, -999.000,    0.128,    0.100,    0.129, -999.000, -999.000,
        20,2020090518,   -0.043,   -0.025,   -0.044, -999.000, -999.000,   -0.038,   -0.012,   -0.041, -999.000, -999.000,    0.135,    0.104,    0.137, -999.000, -999.000,    0.135,    0.103,    0.137, -999.000, -999.000,
        20,2020090512,   -0.017,   -0.052,   -0.015, -999.000, -999.000,   -0.016,   -0.048,   -0.013, -999.000, -999.000,    0.133,    0.120,    0.134, -999.000, -999.000,    0.133,    0.110,    0.134, -999.000, -999.000,
        20,2020090506,   -0.038,   -0.016,   -0.040, -999.000, -999.000,   -0.035,   -0.020,   -0.037, -999.000, -999.000,    0.130,    0.093,    0.133, -999.000, -999.000,    0.130,    0.097,    0.133, -999.000, -999.000,
        20,2020090500,   -0.016,   -0.058,   -0.013, -999.000, -999.000,   -0.016,   -0.059,   -0.012, -999.000, -999.000,    0.139,    0.096,    0.141, -999.000, -999.000,    0.139,    0.095,    0.141, -999.000, -999.000,
        20,2020090418,   -0.038,   -0.023,   -0.040, -999.000, -999.000,   -0.036,   -0.016,   -0.038, -999.000, -999.000,    0.143,    0.092,    0.147, -999.000, -999.000,    0.143,    0.091,    0.147, -999.000, -999.000,
        20,2020090412,   -0.013,   -0.047,   -0.012, -999.000, -999.000,   -0.012,   -0.048,   -0.009, -999.000, -999.000,    0.138,    0.108,    0.139, -999.000, -999.000,    0.138,    0.110,    0.139, -999.000, -999.000,
        20,2020090406,   -0.048,   -0.013,   -0.051, -999.000, -999.000,   -0.045,   -0.015,   -0.049, -999.000, -999.000,    0.136,    0.096,    0.138, -999.000, -999.000,    0.136,    0.102,    0.138, -999.000, -999.000,
        20,2020090400,   -0.006,   -0.083,   -0.001, -999.000, -999.000,   -0.006,   -0.085,    0.001, -999.000, -999.000,    0.149,    0.093,    0.150, -999.000, -999.000,    0.149,    0.097,    0.150, -999.000, -999.000,
        20,2020090318,   -0.044,   -0.019,   -0.046, -999.000, -999.000,   -0.040,   -0.009,   -0.044, -999.000, -999.000,    0.156,    0.124,    0.160, -999.000, -999.000,    0.156,    0.113,    0.160, -999.000, -999.000,
        20,2020090312,   -0.003,   -0.050,   -0.001, -999.000, -999.000,   -0.000,   -0.048,    0.002, -999.000, -999.000,    0.151,    0.117,    0.152, -999.000, -999.000,    0.151,    0.118,    0.152, -999.000, -999.000,
        20,2020090306,   -0.053,   -0.025,   -0.055, -999.000, -999.000,   -0.051,   -0.031,   -0.054, -999.000, -999.000,    0.145,    0.112,    0.147, -999.000, -999.000,    0.145,    0.115,    0.147, -999.000, -999.000,
        20,2020090300,   -0.011,   -0.070,   -0.007, -999.000, -999.000,   -0.009,   -0.059,   -0.004, -999.000, -999.000,    0.148,    0.115,    0.150, -999.000, -999.000,    0.148,    0.108,    0.150, -999.000, -999.000,
        20,2020090218,   -0.021,   -0.008,   -0.022, -999.000, -999.000,   -0.019,   -0.002,   -0.021, -999.000, -999.000,    0.159,    0.100,    0.162, -999.000, -999.000,    0.159,    0.093,    0.162, -999.000, -999.000,
        20,2020090212,   -0.007,   -0.036,   -0.006, -999.000, -999.000,   -0.006,   -0.032,   -0.004, -999.000, -999.000,    0.149,    0.096,    0.151, -999.000, -999.000,    0.149,    0.098,    0.151, -999.000, -999.000,
        20,2020090206,   -0.037,   -0.044,   -0.036, -999.000, -999.000,   -0.035,   -0.043,   -0.034, -999.000, -999.000,    0.156,    0.115,    0.159, -999.000, -999.000,    0.156,    0.114,    0.159, -999.000, -999.000,
        20,2020090200,   -0.015,   -0.058,   -0.012, -999.000, -999.000,   -0.013,   -0.056,   -0.009, -999.000, -999.000,    0.147,    0.092,    0.149, -999.000, -999.000,    0.147,    0.097,    0.149, -999.000, -999.000,
        20,2020090118,   -0.021,   -0.033,   -0.020, -999.000, -999.000,   -0.019,   -0.027,   -0.019, -999.000, -999.000,    0.169,    0.091,    0.173, -999.000, -999.000,    0.169,    0.087,    0.173, -999.000, -999.000,
        20,2020090112,   -0.015,   -0.049,   -0.013, -999.000, -999.000,   -0.013,   -0.048,   -0.010, -999.000, -999.000,    0.154,    0.095,    0.157, -999.000, -999.000,    0.154,    0.094,    0.157, -999.000, -999.000,
        20,2020090106,   -0.029,   -0.037,   -0.029, -999.000, -999.000,   -0.030,   -0.047,   -0.029, -999.000, -999.000,    0.159,    0.122,    0.162, -999.000, -999.000,    0.159,    0.121,    0.162, -999.000, -999.000,
        20,2020090100,   -0.020,   -0.086,   -0.016, -999.000, -999.000,   -0.019,   -0.079,   -0.014, -999.000, -999.000,    0.150,    0.099,    0.152, -999.000, -999.000,    0.150,    0.100,    0.152, -999.000, -999.000,
        20,2020083118,   -0.034,   -0.030,   -0.034, -999.000, -999.000,   -0.032,   -0.032,   -0.032, -999.000, -999.000,    0.158,    0.105,    0.162, -999.000, -999.000,    0.158,    0.104,    0.162, -999.000, -999.000,
        20,2020083112,   -0.008,   -0.027,   -0.008, -999.000, -999.000,   -0.007,   -0.032,   -0.006, -999.000, -999.000,    0.153,    0.106,    0.155, -999.000, -999.000,    0.153,    0.106,    0.155, -999.000, -999.000,
        20,2020083106,   -0.029,   -0.033,   -0.028, -999.000, -999.000,   -0.028,   -0.038,   -0.027, -999.000, -999.000,    0.153,    0.121,    0.156, -999.000, -999.000,    0.153,    0.125,    0.156, -999.000, -999.000,
        20,2020083100,   -0.025,   -0.102,   -0.020, -999.000, -999.000,   -0.023,   -0.092,   -0.016, -999.000, -999.000,    0.141,    0.103,    0.142, -999.000, -999.000,    0.141,    0.103,    0.142, -999.000, -999.000,
        20,2020083018,   -0.029,   -0.012,   -0.031, -999.000, -999.000,   -0.026,   -0.009,   -0.028, -999.000, -999.000,    0.152,    0.116,    0.154, -999.000, -999.000,    0.152,    0.115,    0.154, -999.000, -999.000,
        20,2020083012,   -0.021,   -0.071,   -0.019, -999.000, -999.000,   -0.019,   -0.060,   -0.016, -999.000, -999.000,    0.145,    0.105,    0.146, -999.000, -999.000,    0.145,    0.098,    0.146, -999.000, -999.000,
        20,2020083006,   -0.036,   -0.028,   -0.037, -999.000, -999.000,   -0.035,   -0.041,   -0.035, -999.000, -999.000,    0.145,    0.114,    0.147, -999.000, -999.000,    0.145,    0.118,    0.147, -999.000, -999.000,
        20,2020083000,   -0.020,   -0.106,   -0.014, -999.000, -999.000,   -0.018,   -0.091,   -0.012, -999.000, -999.000,    0.139,    0.099,    0.140, -999.000, -999.000,    0.139,    0.099,    0.140, -999.000, -999.000,
