        18,2020092000,    0.000,    0.003,    0.000, -999.000, -999.000,    0.001,    0.004,    0.000, -999.000, -999.000,    0.041,    0.045,    0.041, -999.000, -999.000,    0.041,    0.042,    0.041, -999.000, -999.000,
        18,2020091918,    0.002,    0.001,    0.002, -999.000, -999.000,    0.002,    0.001,    0.002, -999.000, -999.000,    0.043,    0.041,    0.043, -999.000, -999.000,    0.043,    0.044,    0.043, -999.000, -999.000,
        18,2020091912,    0.001,   -0.002,    0.001, -999.000, -999.000,    0.001,   -0.003,    0.001, -999.000, -999.000,    0.043,    0.043,    0.043, -999.000, -999.000,    0.043,    0.042,    0.043, -999.000, -999.000,
        18,2020091906,    0.000,   -0.001,    0.000, -999.000, -999.000,    0.000,   -0.002,    0.000, -999.000, -999.000,    0.042,    0.040,    0.042, -999.000, -999.000,    0.042,    0.040,    0.042, -999.000, -999.000,
        18,2020091900,    0.001,    0.005,    0.001, -999.000, -999.000,    0.001,    0.005,    0.001, -999.000, -999.000,    0.040,    0.044,    0.040, -999.000, -999.000,    0.040,    0.044,    0.040, -999.000, -999.000,
        18,2020091818,   -0.000,    0.001,   -0.000, -999.000, -999.000,   -0.000,    0.000,   -0.000, -999.000, -999.000,    0.043,    0.040,    0.043, -999.000, -999.000,    0.043,    0.043,    0.043, -999.000, -999.000,
        18,2020091812,    0.001,   -0.006,    0.002, -999.000, -999.000,    0.001,   -0.005,    0.002, -999.000, -999.000,    0.045,    0.041,    0.045, -999.000, -999.000,    0.045,    0.041,    0.045, -999.000, -999.000,
        18,2020091806,    0.001,    0.004,    0.000, -999.000, -999.000,    0.001,    0.004,    0.000, -999.000, -999.000,    0.045,    0.044,    0.045, -999.000, -999.000,    0.045,    0.046,    0.045, -999.000, -999.000,
        18,2020091800,    0.001,    0.002,    0.001, -999.000, -999.000,    0.001,    0.002,    0.001, -999.000, -999.000,    0.047,    0.046,    0.047, -999.000, -999.000,    0.047,    0.049,    0.047, -999.000, -999.000,
        18,2020091718,    0.001,    0.002,    0.001, -999.000, -999.000,    0.001,    0.004,    0.001, -999.000, -999.000,    0.047,    0.042,    0.047, -999.000, -999.000,    0.047,    0.044,    0.047, -999.000, -999.000,
        18,2020091712,    0.001,   -0.005,    0.002, -999.000, -999.000,    0.001,   -0.006,    0.001, -999.000, -999.000,    0.046,    0.041,    0.046, -999.000, -999.000,    0.046,    0.042,    0.046, -999.000, -999.000,
        18,2020091706,    0.001,   -0.003,    0.001, -999.000, -999.000,    0.001,   -0.003,    0.001, -999.000, -999.000,    0.045,    0.046,    0.045, -999.000, -999.000,    0.045,    0.046,    0.045, -999.000, -999.000,
        18,2020091700,   -0.001,    0.004,   -0.001, -999.000, -999.000,   -0.001,    0.003,   -0.001, -999.000, -999.000,    0.042,    0.043,    0.043, -999.000, -999.000,    0.042,    0.040,    0.043, -999.000, -999.000,
        18,2020091618,    0.002,   -0.002,    0.003, -999.000, -999.000,    0.002,   -0.004,    0.002, -999.000, -999.000,    0.042,    0.040,    0.042, -999.000, -999.000,    0.042,    0.040,    0.042, -999.000, -999.000,
        18,2020091612,    0.001,   -0.001,    0.001, -999.000, -999.000,    0.000,   -0.004,    0.001, -999.000, -999.000,    0.041,    0.042,    0.041, -999.000, -999.000,    0.041,    0.043,    0.041, -999.000, -999.000,
        18,2020091606,    0.002,   -0.005,    0.002, -999.000, -999.000,    0.002,   -0.004,    0.003, -999.000, -999.000,    0.044,    0.040,    0.044, -999.000, -999.000,    0.044,    0.044,    0.044, -999.000, -999.000,
        18,2020091600,   -0.000,    0.015,   -0.001, -999.000, -999.000,   -0.000,    0.014,   -0.002, -999.000, -999.000,    0.044,    0.040,    0.044, -999.000, -999.000,    0.044,    0.042,    0.044, -999.000, -999.000,
        18,2020091518,    0.003,   -0.006,    0.003, -999.000, -999.000,    0.002,   -0.007,    0.003, -999.000, -999.000,    0.047,    0.043,    0.047, -999.000, -999.000,    0.047,    0.047,    0.047, -999.000, -999.000,
        18,2020091512,    0.001,   -0.006,    0.002, -999.000, -999.000,    0.001,   -0.005,    0.001, -999.000, -999.000,    0.047,    0.045,    0.047, -999.000, -999.000,    0.047,    0.045,    0.047, -999.000, -999.000,
        18,2020091506,    0.001,   -0.004,    0.001, -999.000, -999.000,    0.001,   -0.003,    0.001, -999.000, -999.000,    0.047,    0.044,    0.047, -999.000, -999.000,    0.047,    0.045,    0.047, -999.000, -999.000,
        18,2020091500,    0.000,    0.006,   -0.000, -999.000, -999.000,    0.000,    0.005,   -0.000, -999.000, -999.000,    0.049,    0.047,    0.049, -999.000, -999.000,    0.049,    0.049,    0.049, -999.000, -999.000,
        18,2020091418,    0.002,   -0.007,    0.003, -999.000, -999.000,    0.002,   -0.008,    0.003, -999.000, -999.000,    0.047,    0.046,    0.047, -999.000, -999.000,    0.047,    0.046,    0.047, -999.000, -999.000,
        18,2020091412,    0.001,   -0.006,    0.001, -999.000, -999.000,    0.001,   -0.005,    0.001, -999.000, -999.000,    0.049,    0.046,    0.049, -999.000, -999.000,    0.049,    0.045,    0.049, -999.000, -999.000,
        18,2020091406,   -0.000,   -0.002,   -0.000, -999.000, -999.000,   -0.000,   -0.000,   -0.000, -999.000, -999.000,    0.046,    0.045,    0.046, -999.000, -999.000,    0.046,    0.043,    0.046, -999.000, -999.000,
        18,2020091400,    0.000,    0.005,   -0.000, -999.000, -999.000,    0.000,    0.005,   -0.000, -999.000, -999.000,    0.044,    0.046,    0.044, -999.000, -999.000,    0.044,    0.045,    0.044, -999.000, -999.000,
        18,2020091318,   -0.000,   -0.002,   -0.000, -999.000, -999.000,   -0.000,   -0.000,   -0.000, -999.000, -999.000,    0.046,    0.043,    0.046, -999.000, -999.000,    0.046,    0.045,    0.046, -999.000, -999.000,
        18,2020091312,    0.001,   -0.003,    0.001, -999.000, -999.000,    0.000,   -0.006,    0.001, -999.000, -999.000,    0.042,    0.042,    0.042, -999.000, -999.000,    0.042,    0.038,    0.042, -999.000, -999.000,
        18,2020091306,    0.001,   -0.000,    0.001, -999.000, -999.000,    0.001,   -0.002,    0.001, -999.000, -999.000,    0.042,    0.039,    0.042, -999.000, -999.000,    0.042,    0.041,    0.042, -999.000, -999.000,
        18,2020091300,    0.001,    0.002,    0.001, -999.000, -999.000,    0.001,    0.004,    0.000, -999.000, -999.000,    0.040,    0.042,    0.040, -999.000, -999.000,    0.040,    0.041,    0.040, -999.000, -999.000,
        18,2020091218,   -0.001,    0.000,   -0.001, -999.000, -999.000,   -0.001,    0.001,   -0.001, -999.000, -999.000,    0.037,    0.038,    0.037, -999.000, -999.000,    0.037,    0.035,    0.037, -999.000, -999.000,
        18,2020091212,    0.001,   -0.001,    0.001, -999.000, -999.000,    0.000,   -0.003,    0.001, -999.000, -999.000,    0.041,    0.035,    0.041, -999.000, -999.000,    0.041,    0.038,    0.041, -999.000, -999.000,
        18,2020091206,    0.002,    0.005,    0.002, -999.000, -999.000,    0.002,    0.002,    0.002, -999.000, -999.000,    0.040,    0.040,    0.040, -999.000, -999.000,    0.040,    0.040,    0.040, -999.000, -999.000,
        18,2020091200,    0.000,    0.003,    0.000, -999.000, -999.000,    0.000,    0.004,    0.000, -999.000, -999.000,    0.037,    0.039,    0.037, -999.000, -999.000,    0.037,    0.036,    0.037, -999.000, -999.000,
        18,2020091118,    0.001,   -0.002,    0.001, -999.000, -999.000,    0.001,   -0.002,    0.001, -999.000, -999.000,    0.032,    0.034,    0.033, -999.000, -999.000,    0.032,    0.031,    0.033, -999.000, -999.000,
        18,2020091112,    0.000,   -0.001,    0.001, -999.000, -999.000,    0.000,   -0.003,    0.001, -999.000, -999.000,    0.035,    0.031,    0.035, -999.000, -999.000,    0.035,    0.035,    0.035, -999.000, -999.000,
        18,2020091106,    0.000,   -0.002,    0.001, -999.000, -999.000,    0.001,   -0.001,    0.001, -999.000, -999.000,    0.033,    0.036,    0.033, -999.000, -999.000,    0.033,    0.034,    0.033, -999.000, -999.000,
        18,2020091100,   -0.001,    0.008,   -0.001, -999.000, -999.000,   -0.000,    0.007,   -0.001, -999.000, -999.000,    0.039,    0.031,    0.039, -999.000, -999.000,    0.039,    0.036,    0.039, -999.000, -999.000,
        18,2020091018,    0.003,    0.000,    0.003, -999.000, -999.000,    0.002,   -0.001,    0.002, -999.000, -999.000,    0.040,    0.038,    0.040, -999.000, -999.000,    0.040,    0.040,    0.040, -999.000, -999.000,
        18,2020091012,    0.001,   -0.007,    0.001, -999.000, -999.000,    0.000,   -0.007,    0.001, -999.000, -999.000,    0.042,    0.040,    0.042, -999.000, -999.000,    0.042,    0.042,    0.042, -999.000, -999.000,
        18,2020091006,   -0.001,   -0.002,   -0.001, -999.000, -999.000,   -0.001,   -0.002,   -0.001, -999.000, -999.000,    0.043,    0.041,    0.043, -999.000, -999.000,    0.043,    0.043,    0.043, -999.000, -999.000,
        18,2020091000,   -0.001,    0.005,   -0.001, -999.000, -999.000,   -0.001,    0.006,   -0.001, -999.000, -999.000,    0.045,    0.043,    0.045, -999.000, -999.000,    0.045,    0.046,    0.045, -999.000, -999.000,
        18,2020090918,    0.003,   -0.004,    0.004, -999.000, -999.000,    0.003,   -0.003,    0.004, -999.000, -999.000,    0.047,    0.044,    0.047, -999.000, -999.000,    0.047,    0.047,    0.047, -999.000, -999.000,
        18,2020090912,    0.001,   -0.011,    0.001, -999.000, -999.000,    0.001,   -0.011,    0.001, -999.000, -999.000,    0.050,    0.044,    0.050, -999.000, -999.000,    0.050,    0.045,    0.050, -999.000, -999.000,
        18,2020090906,    0.000,   -0.003,    0.001, -999.000, -999.000,    0.001,   -0.003,    0.001, -999.000, -999.000,    0.049,    0.047,    0.049, -999.000, -999.000,    0.049,    0.048,    0.049, -999.000, -999.000,
        18,2020090900,    0.000,    0.001,    0.000, -999.000, -999.000,    0.000,    0.002,    0.000, -999.000, -999.000,    0.046,    0.050,    0.046, -999.000, -999.000,    0.046,    0.049,    0.046, -999.000, -999.000,
        18,2020090818,    0.002,    0.005,    0.002, -999.000, -999.000,    0.002,    0.002,    0.002, -999.000, -999.000,    0.050,    0.045,    0.050, -999.000, -999.000,    0.050,    0.049,    0.050, -999.000, -999.000,
        18,2020090812,    0.002,   -0.010,    0.002, -999.000, -999.000,    0.001,   -0.012,    0.002, -999.000, -999.000,    0.047,    0.045,    0.047, -999.000, -999.000,    0.047,    0.043,    0.047, -999.000, -999.000,
        18,2020090806,    0.001,    0.002,    0.001, -999.000, -999.000,    0.001,    0.001,    0.001, -999.000, -999.000,    0.046,    0.043,    0.046, -999.000, -999.000,    0.046,    0.044,    0.046, -999.000, -999.000,
        18,2020090800,    0.001,    0.008,    0.001, -999.000, -999.000,    0.001,    0.007,    0.001, -999.000, -999.000,    0.049,    0.047,    0.049, -999.000, -999.000,    0.049,    0.051,    0.049, -999.000, -999.000,
        18,2020090718,   -0.000,    0.010,   -0.001, -999.000, -999.000,   -0.000,    0.009,   -0.001, -999.000, -999.000,    0.050,    0.045,    0.051, -999.000, -999.000,    0.050,    0.045,    0.051, -999.000, -999.000,
        18,2020090712,    0.001,   -0.002,    0.001, -999.000, -999.000,    0.001,   -0.003,    0.002, -999.000, -999.000,    0.048,    0.046,    0.048, -999.000, -999.000,    0.048,    0.044,    0.048, -999.000, -999.000,
        18,2020090706,    0.001,    0.001,    0.001, -999.000, -999.000,    0.001,    0.002,    0.001, -999.000, -999.000,    0.047,    0.047,    0.047, -999.000, -999.000,    0.047,    0.047,    0.047, -999.000, -999.000,
        18,2020090700,   -0.000,   -0.002,    0.000, -999.000, -999.000,   -0.000,   -0.003,    0.000, -999.000, -999.000,    0.048,    0.044,    0.048, -999.000, -999.000,    0.048,    0.046,    0.048, -999.000, -999.000,
        18,2020090618,    0.001,    0.001,    0.001, -999.000, -999.000,    0.001,    0.002,    0.001, -999.000, -999.000,    0.048,    0.045,    0.048, -999.000, -999.000,    0.048,    0.046,    0.048, -999.000, -999.000,
        18,2020090612,    0.001,   -0.003,    0.001, -999.000, -999.000,    0.001,   -0.003,    0.001, -999.000, -999.000,    0.046,    0.044,    0.046, -999.000, -999.000,    0.046,    0.043,    0.046, -999.000, -999.000,
        18,2020090606,    0.001,    0.002,    0.001, -999.000, -999.000,    0.001,    0.002,    0.001, -999.000, -999.000,    0.047,    0.046,    0.047, -999.000, -999.000,    0.047,    0.047,    0.047, -999.000, -999.000,
        18,2020090600,   -0.001,    0.009,   -0.001, -999.000, -999.000,   -0.000,    0.008,   -0.001, -999.000, -999.000,    0.050,    0.042,    0.050, -999.000, -999.000,    0.050,    0.044,    0.050, -999.000, -999.000,
        18,2020090518,    0.002,   -0.007,    0.003, -999.000, -999.000,    0.002,   -0.009,    0.003, -999.000, -999.000,    0.050,    0.049,    0.050, -999.000, -999.000,    0.050,    0.049,    0.050, -999.000, -999.000,
        18,2020090512,   -0.000,   -0.007,    0.000, -999.000, -999.000,   -0.000,   -0.007,    0.000, -999.000, -999.000,    0.051,    0.050,    0.051, -999.000, -999.000,    0.051,    0.053,    0.051, -999.000, -999.000,
        18,2020090506,   -0.001,   -0.003,   -0.000, -999.000, -999.000,   -0.001,   -0.006,   -0.000, -999.000, -999.000,    0.047,    0.050,    0.047, -999.000, -999.000,    0.047,    0.047,    0.047, -999.000, -999.000,
        18,2020090500,   -0.002,    0.009,   -0.003, -999.000, -999.000,   -0.002,    0.009,   -0.003, -999.000, -999.000,    0.047,    0.045,    0.047, -999.000, -999.000,    0.047,    0.044,    0.047, -999.000, -999.000,
        18,2020090418,    0.003,   -0.005,    0.003, -999.000, -999.000,    0.002,   -0.007,    0.003, -999.000, -999.000,    0.044,    0.046,    0.044, -999.000, -999.000,    0.044,    0.045,    0.044, -999.000, -999.000,
        18,2020090412,    0.001,   -0.010,    0.002, -999.000, -999.000,    0.001,   -0.008,    0.002, -999.000, -999.000,    0.049,    0.043,    0.049, -999.000, -999.000,    0.049,    0.048,    0.049, -999.000, -999.000,
        18,2020090406,    0.000,   -0.002,    0.000, -999.000, -999.000,    0.000,   -0.000,    0.000, -999.000, -999.000,    0.049,    0.047,    0.049, -999.000, -999.000,    0.049,    0.048,    0.049, -999.000, -999.000,
        18,2020090400,    0.000,    0.003,    0.000, -999.000, -999.000,    0.000,    0.000,    0.000, -999.000, -999.000,    0.050,    0.048,    0.050, -999.000, -999.000,    0.050,    0.048,    0.050, -999.000, -999.000,
        18,2020090318,    0.002,    0.002,    0.002, -999.000, -999.000,    0.002,    0.001,    0.002, -999.000, -999.000,    0.049,    0.049,    0.049, -999.000, -999.000,    0.049,    0.049,    0.049, -999.000, -999.000,
        18,2020090312,    0.001,   -0.003,    0.002, -999.000, -999.000,    0.001,   -0.009,    0.002, -999.000, -999.000,    0.044,    0.046,    0.045, -999.000, -999.000,    0.044,    0.043,    0.045, -999.000, -999.000,
        18,2020090306,    0.001,    0.001,    0.001, -999.000, -999.000,    0.001,    0.000,    0.001, -999.000, -999.000,    0.041,    0.043,    0.041, -999.000, -999.000,    0.041,    0.040,    0.041, -999.000, -999.000,
        18,2020090300,    0.001,    0.001,    0.001, -999.000, -999.000,    0.001,    0.001,    0.001, -999.000, -999.000,    0.039,    0.041,    0.038, -999.000, -999.000,    0.039,    0.040,    0.038, -999.000, -999.000,
        18,2020090218,    0.001,    0.010,    0.001, -999.000, -999.000,    0.002,    0.008,    0.001, -999.000, -999.000,    0.040,    0.037,    0.040, -999.000, -999.000,    0.040,    0.037,    0.040, -999.000, -999.000,
        18,2020090212,    0.002,   -0.004,    0.002, -999.000, -999.000,    0.002,   -0.006,    0.002, -999.000, -999.000,    0.038,    0.039,    0.038, -999.000, -999.000,    0.038,    0.037,    0.038, -999.000, -999.000,
        18,2020090206,    0.002,    0.002,    0.002, -999.000, -999.000,    0.001,    0.001,    0.001, -999.000, -999.000,    0.040,    0.039,    0.040, -999.000, -999.000,    0.040,    0.041,    0.040, -999.000, -999.000,
        18,2020090200,    0.000,   -0.000,    0.000, -999.000, -999.000,    0.000,   -0.000,    0.000, -999.000, -999.000,    0.039,    0.038,    0.039, -999.000, -999.000,    0.039,    0.038,    0.039, -999.000, -999.000,
        18,2020090118,   -0.000,    0.000,   -0.000, -999.000, -999.000,   -0.000,    0.001,   -0.000, -999.000, -999.000,    0.042,    0.036,    0.042, -999.000, -999.000,    0.042,    0.040,    0.042, -999.000, -999.000,
        18,2020090112,   -0.000,   -0.004,   -0.000, -999.000, -999.000,   -0.000,   -0.002,   -0.000, -999.000, -999.000,    0.045,    0.038,    0.045, -999.000, -999.000,    0.045,    0.042,    0.045, -999.000, -999.000,
        18,2020090106,    0.001,   -0.004,    0.001, -999.000, -999.000,    0.001,   -0.002,    0.001, -999.000, -999.000,    0.047,    0.045,    0.047, -999.000, -999.000,    0.047,    0.048,    0.047, -999.000, -999.000,
        18,2020090100,   -0.000,    0.002,   -0.000, -999.000, -999.000,    0.000,    0.004,   -0.000, -999.000, -999.000,    0.044,    0.042,    0.044, -999.000, -999.000,    0.044,    0.038,    0.044, -999.000, -999.000,
        18,2020083118,    0.003,   -0.001,    0.003, -999.000, -999.000,    0.002,   -0.006,    0.003, -999.000, -999.000,    0.045,    0.042,    0.045, -999.000, -999.000,    0.045,    0.044,    0.045, -999.000, -999.000,
        18,2020083112,   -0.000,   -0.005,    0.000, -999.000, -999.000,   -0.000,   -0.006,    0.000, -999.000, -999.000,    0.044,    0.044,    0.044, -999.000, -999.000,    0.044,    0.044,    0.044, -999.000, -999.000,
        18,2020083106,    0.001,   -0.004,    0.001, -999.000, -999.000,    0.001,   -0.003,    0.001, -999.000, -999.000,    0.042,    0.042,    0.042, -999.000, -999.000,    0.042,    0.041,    0.042, -999.000, -999.000,
        18,2020083100,    0.000,    0.009,   -0.000, -999.000, -999.000,    0.000,    0.009,   -0.000, -999.000, -999.000,    0.043,    0.038,    0.043, -999.000, -999.000,    0.043,    0.039,    0.043, -999.000, -999.000,
        18,2020083018,    0.001,   -0.004,    0.002, -999.000, -999.000,    0.002,   -0.002,    0.002, -999.000, -999.000,    0.041,    0.042,    0.041, -999.000, -999.000,    0.041,    0.042,    0.041, -999.000, -999.000,
        18,2020083012,    0.000,   -0.005,    0.001, -999.000, -999.000,    0.000,   -0.003,    0.001, -999.000, -999.000,    0.042,    0.039,    0.042, -999.000, -999.000,    0.042,    0.041,    0.042, -999.000, -999.000,
        18,2020083006,    0.001,    0.000,    0.001, -999.000, -999.000,    0.001,    0.000,    0.001, -999.000, -999.000,    0.043,    0.041,    0.043, -999.000, -999.000,    0.043,    0.043,    0.043, -999.000, -999.000,
        18,2020083000,    0.000,    0.003,    0.000, -999.000, -999.000,    0.000,    0.004,    0.000, -999.000, -999.000,    0.043,    0.042,    0.043, -999.000, -999.000,    0.043,    0.042,    0.043, -999.000, -999.000,
