         1,2020092000,    0.004,    0.031,    0.003, -999.000, -999.000,    0.003,    0.021,    0.002, -999.000, -999.000,    0.231,    0.202,    0.233, -999.000, -999.000,    0.231,    0.206,    0.233, -999.000, -999.000,
         1,2020091918,    0.008,    0.007,    0.008, -999.000, -999.000,    0.007,    0.005,    0.008, -999.000, -999.000,    0.233,    0.209,    0.235, -999.000, -999.000,    0.233,    0.211,    0.235, -999.000, -999.000,
         1,2020091912,    0.004,    0.006,    0.004, -999.000, -999.000,    0.003,    0.006,    0.003, -999.000, -999.000,    0.232,    0.192,    0.233, -999.000, -999.000,    0.232,    0.215,    0.233, -999.000, -999.000,
         1,2020091906,    0.011,   -0.013,    0.013, -999.000, -999.000,    0.012,   -0.006,    0.014, -999.000, -999.000,    0.237,    0.228,    0.237, -999.000, -999.000,    0.237,    0.236,    0.237, -999.000, -999.000,
         1,2020091900,   -0.002,    0.017,   -0.004, -999.000, -999.000,   -0.002,    0.024,   -0.004, -999.000, -999.000,    0.235,    0.196,    0.238, -999.000, -999.000,    0.235,    0.192,    0.238, -999.000, -999.000,
         1,2020091818,    0.015,   -0.001,    0.016, -999.000, -999.000,    0.014,    0.002,    0.016, -999.000, -999.000,    0.237,    0.217,    0.238, -999.000, -999.000,    0.237,    0.232,    0.238, -999.000, -999.000,
         1,2020091812,    0.007,   -0.021,    0.009, -999.000, -999.000,    0.006,   -0.033,    0.009, -999.000, -999.000,    0.231,    0.219,    0.232, -999.000, -999.000,    0.231,    0.224,    0.232, -999.000, -999.000,
         1,2020091806,    0.005,   -0.018,    0.008, -999.000, -999.000,    0.005,   -0.021,    0.008, -999.000, -999.000,    0.224,    0.213,    0.226, -999.000, -999.000,    0.224,    0.213,    0.226, -999.000, -999.000,
         1,2020091800,   -0.001,    0.020,   -0.003, -999.000, -999.000,   -0.002,    0.021,   -0.004, -999.000, -999.000,    0.230,    0.210,    0.231, -999.000, -999.000,    0.230,    0.220,    0.231, -999.000, -999.000,
         1,2020091718,    0.011,    0.004,    0.012, -999.000, -999.000,    0.012,    0.007,    0.012, -999.000, -999.000,    0.231,    0.221,    0.231, -999.000, -999.000,    0.231,    0.229,    0.231, -999.000, -999.000,
         1,2020091712,    0.005,   -0.043,    0.008, -999.000, -999.000,    0.005,   -0.041,    0.009, -999.000, -999.000,    0.237,    0.201,    0.239, -999.000, -999.000,    0.237,    0.204,    0.239, -999.000, -999.000,
         1,2020091706,    0.005,    0.005,    0.005, -999.000, -999.000,    0.005,    0.006,    0.005, -999.000, -999.000,    0.233,    0.221,    0.234, -999.000, -999.000,    0.233,    0.222,    0.234, -999.000, -999.000,
         1,2020091700,    0.006,    0.020,    0.004, -999.000, -999.000,    0.005,    0.012,    0.004, -999.000, -999.000,    0.236,    0.216,    0.236, -999.000, -999.000,    0.236,    0.229,    0.236, -999.000, -999.000,
         1,2020091618,    0.008,   -0.005,    0.009, -999.000, -999.000,    0.008,    0.002,    0.009, -999.000, -999.000,    0.232,    0.214,    0.232, -999.000, -999.000,    0.232,    0.226,    0.232, -999.000, -999.000,
         1,2020091612,    0.009,   -0.026,    0.011, -999.000, -999.000,    0.008,   -0.027,    0.010, -999.000, -999.000,    0.235,    0.188,    0.237, -999.000, -999.000,    0.235,    0.201,    0.237, -999.000, -999.000,
         1,2020091606,   -0.000,   -0.015,    0.001, -999.000, -999.000,   -0.000,   -0.015,    0.002, -999.000, -999.000,    0.229,    0.211,    0.231, -999.000, -999.000,    0.229,    0.209,    0.231, -999.000, -999.000,
         1,2020091600,    0.006,   -0.002,    0.007, -999.000, -999.000,    0.007,    0.002,    0.007, -999.000, -999.000,    0.225,    0.243,    0.225, -999.000, -999.000,    0.225,    0.233,    0.225, -999.000, -999.000,
         1,2020091518,    0.008,    0.033,    0.006, -999.000, -999.000,    0.009,    0.031,    0.006, -999.000, -999.000,    0.228,    0.188,    0.230, -999.000, -999.000,    0.228,    0.197,    0.230, -999.000, -999.000,
         1,2020091512,    0.005,   -0.014,    0.006, -999.000, -999.000,    0.005,   -0.016,    0.007, -999.000, -999.000,    0.231,    0.191,    0.233, -999.000, -999.000,    0.231,    0.197,    0.233, -999.000, -999.000,
         1,2020091506,    0.004,    0.001,    0.005, -999.000, -999.000,    0.005,    0.004,    0.005, -999.000, -999.000,    0.229,    0.218,    0.230, -999.000, -999.000,    0.229,    0.218,    0.230, -999.000, -999.000,
         1,2020091500,    0.006,    0.020,    0.005, -999.000, -999.000,    0.006,    0.021,    0.005, -999.000, -999.000,    0.224,    0.213,    0.224, -999.000, -999.000,    0.224,    0.217,    0.224, -999.000, -999.000,
         1,2020091418,    0.007,    0.004,    0.008, -999.000, -999.000,    0.007,    0.001,    0.008, -999.000, -999.000,    0.228,    0.196,    0.230, -999.000, -999.000,    0.228,    0.208,    0.230, -999.000, -999.000,
         1,2020091412,    0.005,   -0.009,    0.006, -999.000, -999.000,    0.005,   -0.001,    0.005, -999.000, -999.000,    0.231,    0.191,    0.231, -999.000, -999.000,    0.231,    0.213,    0.231, -999.000, -999.000,
         1,2020091406,    0.012,    0.007,    0.012, -999.000, -999.000,    0.011,    0.007,    0.012, -999.000, -999.000,    0.231,    0.219,    0.232, -999.000, -999.000,    0.231,    0.220,    0.232, -999.000, -999.000,
         1,2020091400,    0.002,    0.021,    0.001, -999.000, -999.000,    0.003,    0.021,    0.001, -999.000, -999.000,    0.222,    0.198,    0.224, -999.000, -999.000,    0.222,    0.189,    0.224, -999.000, -999.000,
         1,2020091318,    0.012,   -0.027,    0.016, -999.000, -999.000,    0.012,   -0.020,    0.016, -999.000, -999.000,    0.225,    0.202,    0.226, -999.000, -999.000,    0.225,    0.212,    0.226, -999.000, -999.000,
         1,2020091312,    0.002,   -0.029,    0.004, -999.000, -999.000,    0.002,   -0.017,    0.003, -999.000, -999.000,    0.229,    0.211,    0.230, -999.000, -999.000,    0.229,    0.208,    0.230, -999.000, -999.000,
         1,2020091306,    0.005,   -0.010,    0.006, -999.000, -999.000,    0.005,   -0.000,    0.006, -999.000, -999.000,    0.223,    0.220,    0.224, -999.000, -999.000,    0.223,    0.216,    0.224, -999.000, -999.000,
         1,2020091300,    0.001,    0.042,   -0.003, -999.000, -999.000,    0.003,    0.046,   -0.002, -999.000, -999.000,    0.226,    0.190,    0.227, -999.000, -999.000,    0.226,    0.198,    0.227, -999.000, -999.000,
         1,2020091218,    0.017,   -0.008,    0.019, -999.000, -999.000,    0.016,   -0.016,    0.019, -999.000, -999.000,    0.230,    0.206,    0.231, -999.000, -999.000,    0.230,    0.210,    0.231, -999.000, -999.000,
         1,2020091212,    0.007,   -0.005,    0.008, -999.000, -999.000,    0.007,   -0.014,    0.009, -999.000, -999.000,    0.235,    0.202,    0.237, -999.000, -999.000,    0.235,    0.210,    0.237, -999.000, -999.000,
         1,2020091206,    0.000,   -0.010,    0.001, -999.000, -999.000,    0.001,   -0.006,    0.001, -999.000, -999.000,    0.227,    0.221,    0.228, -999.000, -999.000,    0.227,    0.216,    0.228, -999.000, -999.000,
         1,2020091200,    0.009,    0.038,    0.006, -999.000, -999.000,    0.010,    0.046,    0.006, -999.000, -999.000,    0.235,    0.223,    0.235, -999.000, -999.000,    0.235,    0.230,    0.235, -999.000, -999.000,
         1,2020091118,    0.009,    0.009,    0.009, -999.000, -999.000,    0.010,    0.008,    0.010, -999.000, -999.000,    0.229,    0.214,    0.230, -999.000, -999.000,    0.229,    0.218,    0.230, -999.000, -999.000,
         1,2020091112,    0.007,   -0.027,    0.009, -999.000, -999.000,    0.007,   -0.022,    0.009, -999.000, -999.000,    0.236,    0.208,    0.237, -999.000, -999.000,    0.236,    0.215,    0.237, -999.000, -999.000,
         1,2020091106,    0.004,   -0.003,    0.004, -999.000, -999.000,    0.003,   -0.002,    0.004, -999.000, -999.000,    0.225,    0.196,    0.227, -999.000, -999.000,    0.225,    0.197,    0.227, -999.000, -999.000,
         1,2020091100,    0.011,    0.027,    0.010, -999.000, -999.000,    0.011,    0.022,    0.010, -999.000, -999.000,    0.229,    0.223,    0.230, -999.000, -999.000,    0.229,    0.221,    0.230, -999.000, -999.000,
         1,2020091018,    0.004,    0.011,    0.003, -999.000, -999.000,    0.004,    0.009,    0.003, -999.000, -999.000,    0.232,    0.189,    0.235, -999.000, -999.000,    0.232,    0.197,    0.235, -999.000, -999.000,
         1,2020091012,    0.010,   -0.043,    0.013, -999.000, -999.000,    0.010,   -0.041,    0.013, -999.000, -999.000,    0.241,    0.182,    0.243, -999.000, -999.000,    0.241,    0.196,    0.243, -999.000, -999.000,
         1,2020091006,    0.012,    0.006,    0.013, -999.000, -999.000,    0.011,   -0.001,    0.013, -999.000, -999.000,    0.237,    0.223,    0.238, -999.000, -999.000,    0.237,    0.236,    0.238, -999.000, -999.000,
         1,2020091000,    0.002,    0.016,    0.002, -999.000, -999.000,    0.003,    0.023,    0.001, -999.000, -999.000,    0.232,    0.228,    0.232, -999.000, -999.000,    0.232,    0.229,    0.232, -999.000, -999.000,
         1,2020090918,    0.003,   -0.000,    0.003, -999.000, -999.000,    0.002,    0.001,    0.002, -999.000, -999.000,    0.234,    0.203,    0.237, -999.000, -999.000,    0.234,    0.199,    0.237, -999.000, -999.000,
         1,2020090912,    0.009,   -0.002,    0.009, -999.000, -999.000,    0.009,   -0.005,    0.010, -999.000, -999.000,    0.235,    0.195,    0.236, -999.000, -999.000,    0.235,    0.210,    0.236, -999.000, -999.000,
         1,2020090906,    0.008,    0.011,    0.007, -999.000, -999.000,    0.008,    0.015,    0.007, -999.000, -999.000,    0.237,    0.229,    0.237, -999.000, -999.000,    0.237,    0.237,    0.237, -999.000, -999.000,
         1,2020090900,    0.004,    0.028,    0.002, -999.000, -999.000,    0.004,    0.031,    0.002, -999.000, -999.000,    0.237,    0.202,    0.239, -999.000, -999.000,    0.237,    0.209,    0.239, -999.000, -999.000,
         1,2020090818,    0.012,   -0.004,    0.014, -999.000, -999.000,    0.012,   -0.002,    0.014, -999.000, -999.000,    0.242,    0.215,    0.244, -999.000, -999.000,    0.242,    0.227,    0.244, -999.000, -999.000,
         1,2020090812,    0.003,   -0.011,    0.004, -999.000, -999.000,    0.003,   -0.011,    0.004, -999.000, -999.000,    0.235,    0.225,    0.236, -999.000, -999.000,    0.235,    0.227,    0.236, -999.000, -999.000,
         1,2020090806,    0.011,   -0.026,    0.015, -999.000, -999.000,    0.009,   -0.027,    0.014, -999.000, -999.000,    0.232,    0.229,    0.232, -999.000, -999.000,    0.232,    0.234,    0.232, -999.000, -999.000,
         1,2020090800,   -0.001,    0.019,   -0.003, -999.000, -999.000,   -0.000,    0.023,   -0.003, -999.000, -999.000,    0.240,    0.205,    0.242, -999.000, -999.000,    0.240,    0.216,    0.242, -999.000, -999.000,
         1,2020090718,    0.015,   -0.021,    0.018, -999.000, -999.000,    0.016,   -0.018,    0.019, -999.000, -999.000,    0.237,    0.233,    0.237, -999.000, -999.000,    0.237,    0.239,    0.237, -999.000, -999.000,
         1,2020090712,    0.006,   -0.038,    0.008, -999.000, -999.000,    0.005,   -0.037,    0.008, -999.000, -999.000,    0.242,    0.205,    0.244, -999.000, -999.000,    0.242,    0.216,    0.244, -999.000, -999.000,
         1,2020090706,    0.004,   -0.003,    0.005, -999.000, -999.000,    0.004,   -0.010,    0.006, -999.000, -999.000,    0.226,    0.227,    0.227, -999.000, -999.000,    0.226,    0.224,    0.227, -999.000, -999.000,
         1,2020090700,    0.007,    0.037,    0.004, -999.000, -999.000,    0.008,    0.037,    0.005, -999.000, -999.000,    0.243,    0.221,    0.244, -999.000, -999.000,    0.243,    0.227,    0.244, -999.000, -999.000,
         1,2020090618,    0.009,   -0.011,    0.011, -999.000, -999.000,    0.008,   -0.015,    0.010, -999.000, -999.000,    0.240,    0.240,    0.239, -999.000, -999.000,    0.240,    0.251,    0.239, -999.000, -999.000,
         1,2020090612,    0.009,   -0.017,    0.011, -999.000, -999.000,    0.009,   -0.025,    0.011, -999.000, -999.000,    0.247,    0.203,    0.250, -999.000, -999.000,    0.247,    0.209,    0.250, -999.000, -999.000,
         1,2020090606,    0.004,   -0.001,    0.004, -999.000, -999.000,    0.004,    0.001,    0.004, -999.000, -999.000,    0.253,    0.214,    0.256, -999.000, -999.000,    0.253,    0.223,    0.256, -999.000, -999.000,
         1,2020090600,    0.010,    0.019,    0.009, -999.000, -999.000,    0.010,    0.026,    0.009, -999.000, -999.000,    0.251,    0.242,    0.251, -999.000, -999.000,    0.251,    0.248,    0.251, -999.000, -999.000,
         1,2020090518,    0.010,    0.040,    0.007, -999.000, -999.000,    0.011,    0.038,    0.008, -999.000, -999.000,    0.252,    0.221,    0.254, -999.000, -999.000,    0.252,    0.231,    0.254, -999.000, -999.000,
         1,2020090512,    0.009,   -0.028,    0.011, -999.000, -999.000,    0.009,   -0.022,    0.011, -999.000, -999.000,    0.257,    0.206,    0.258, -999.000, -999.000,    0.257,    0.219,    0.258, -999.000, -999.000,
         1,2020090506,    0.010,   -0.021,    0.014, -999.000, -999.000,    0.010,   -0.013,    0.013, -999.000, -999.000,    0.256,    0.245,    0.256, -999.000, -999.000,    0.256,    0.252,    0.256, -999.000, -999.000,
         1,2020090500,    0.008,    0.013,    0.008, -999.000, -999.000,    0.008,    0.017,    0.007, -999.000, -999.000,    0.253,    0.244,    0.254, -999.000, -999.000,    0.253,    0.243,    0.254, -999.000, -999.000,
         1,2020090418,    0.007,   -0.001,    0.008, -999.000, -999.000,    0.007,    0.008,    0.007, -999.000, -999.000,    0.247,    0.207,    0.252, -999.000, -999.000,    0.247,    0.200,    0.252, -999.000, -999.000,
         1,2020090412,    0.008,    0.017,    0.007, -999.000, -999.000,    0.007,   -0.000,    0.007, -999.000, -999.000,    0.252,    0.194,    0.254, -999.000, -999.000,    0.252,    0.212,    0.254, -999.000, -999.000,
         1,2020090406,    0.009,    0.010,    0.009, -999.000, -999.000,    0.009,    0.012,    0.009, -999.000, -999.000,    0.253,    0.237,    0.254, -999.000, -999.000,    0.253,    0.242,    0.254, -999.000, -999.000,
         1,2020090400,    0.007,    0.025,    0.005, -999.000, -999.000,    0.008,    0.031,    0.005, -999.000, -999.000,    0.243,    0.223,    0.245, -999.000, -999.000,    0.243,    0.215,    0.245, -999.000, -999.000,
         1,2020090318,    0.005,   -0.012,    0.007, -999.000, -999.000,    0.004,   -0.012,    0.006, -999.000, -999.000,    0.248,    0.215,    0.251, -999.000, -999.000,    0.248,    0.220,    0.251, -999.000, -999.000,
         1,2020090312,    0.005,    0.003,    0.005, -999.000, -999.000,    0.004,   -0.012,    0.005, -999.000, -999.000,    0.247,    0.212,    0.248, -999.000, -999.000,    0.247,    0.222,    0.248, -999.000, -999.000,
         1,2020090306,    0.009,    0.010,    0.009, -999.000, -999.000,    0.010,    0.015,    0.010, -999.000, -999.000,    0.242,    0.234,    0.243, -999.000, -999.000,    0.242,    0.236,    0.243, -999.000, -999.000,
         1,2020090300,   -0.000,    0.028,   -0.003, -999.000, -999.000,    0.000,    0.026,   -0.002, -999.000, -999.000,    0.242,    0.205,    0.245, -999.000, -999.000,    0.242,    0.198,    0.245, -999.000, -999.000,
         1,2020090218,    0.010,   -0.050,    0.015, -999.000, -999.000,    0.010,   -0.036,    0.014, -999.000, -999.000,    0.244,    0.210,    0.244, -999.000, -999.000,    0.244,    0.228,    0.244, -999.000, -999.000,
         1,2020090212,   -0.000,   -0.048,    0.003, -999.000, -999.000,   -0.001,   -0.051,    0.003, -999.000, -999.000,    0.242,    0.219,    0.243, -999.000, -999.000,    0.242,    0.220,    0.243, -999.000, -999.000,
         1,2020090206,    0.004,   -0.014,    0.005, -999.000, -999.000,    0.003,   -0.011,    0.005, -999.000, -999.000,    0.233,    0.215,    0.234, -999.000, -999.000,    0.233,    0.218,    0.234, -999.000, -999.000,
         1,2020090200,    0.002,    0.021,    0.001, -999.000, -999.000,    0.003,    0.022,    0.001, -999.000, -999.000,    0.241,    0.211,    0.243, -999.000, -999.000,    0.241,    0.220,    0.243, -999.000, -999.000,
         1,2020090118,    0.016,   -0.000,    0.017, -999.000, -999.000,    0.016,   -0.001,    0.018, -999.000, -999.000,    0.236,    0.229,    0.235, -999.000, -999.000,    0.236,    0.242,    0.235, -999.000, -999.000,
         1,2020090112,    0.009,   -0.015,    0.011, -999.000, -999.000,    0.008,   -0.027,    0.010, -999.000, -999.000,    0.243,    0.226,    0.244, -999.000, -999.000,    0.243,    0.227,    0.244, -999.000, -999.000,
         1,2020090106,    0.005,    0.003,    0.005, -999.000, -999.000,    0.004,    0.006,    0.004, -999.000, -999.000,    0.234,    0.210,    0.236, -999.000, -999.000,    0.234,    0.217,    0.236, -999.000, -999.000,
         1,2020090100,    0.004,    0.015,    0.004, -999.000, -999.000,    0.005,    0.019,    0.004, -999.000, -999.000,    0.239,    0.229,    0.238, -999.000, -999.000,    0.239,    0.242,    0.238, -999.000, -999.000,
         1,2020083118,    0.011,    0.024,    0.010, -999.000, -999.000,    0.010,    0.019,    0.009, -999.000, -999.000,    0.231,    0.201,    0.233, -999.000, -999.000,    0.231,    0.208,    0.233, -999.000, -999.000,
         1,2020083112,    0.012,   -0.028,    0.014, -999.000, -999.000,    0.012,   -0.027,    0.015, -999.000, -999.000,    0.238,    0.203,    0.240, -999.000, -999.000,    0.238,    0.201,    0.240, -999.000, -999.000,
         1,2020083106,    0.006,    0.045,    0.002, -999.000, -999.000,    0.005,    0.039,    0.001, -999.000, -999.000,    0.234,    0.217,    0.234, -999.000, -999.000,    0.234,    0.223,    0.234, -999.000, -999.000,
         1,2020083100,    0.005,   -0.003,    0.005, -999.000, -999.000,    0.006,    0.002,    0.006, -999.000, -999.000,    0.238,    0.221,    0.238, -999.000, -999.000,    0.238,    0.228,    0.238, -999.000, -999.000,
         1,2020083018,    0.010,    0.012,    0.010, -999.000, -999.000,    0.010,    0.011,    0.010, -999.000, -999.000,    0.229,    0.196,    0.232, -999.000, -999.000,    0.229,    0.199,    0.232, -999.000, -999.000,
         1,2020083012,    0.006,   -0.052,    0.008, -999.000, -999.000,    0.005,   -0.050,    0.008, -999.000, -999.000,    0.234,    0.200,    0.235, -999.000, -999.000,    0.234,    0.214,    0.235, -999.000, -999.000,
         1,2020083006,    0.009,    0.011,    0.008, -999.000, -999.000,    0.009,    0.012,    0.008, -999.000, -999.000,    0.232,    0.215,    0.234, -999.000, -999.000,    0.232,    0.218,    0.234, -999.000, -999.000,
         1,2020083000,    0.005,    0.006,    0.005, -999.000, -999.000,    0.003,    0.000,    0.004, -999.000, -999.000,    0.230,    0.197,    0.232, -999.000, -999.000,    0.230,    0.201,    0.232, -999.000, -999.000,
