       409,2020092000,    0.074,    0.088,    0.068,    0.071, -999.000,    0.078,    0.088,    0.073,    0.075, -999.000,    0.086,    0.091,    0.083,    0.092, -999.000,    0.086,    0.092,    0.083,    0.086, -999.000,
       409,2020091918,    0.082,    0.073,    0.084,    0.112, -999.000,    0.079,    0.070,    0.083,    0.088, -999.000,    0.091,    0.086,    0.090,    0.095, -999.000,    0.091,    0.089,    0.090,    0.102, -999.000,
       409,2020091912,    0.077,    0.088,    0.073,    0.063, -999.000,    0.080,    0.086,    0.080,    0.036, -999.000,    0.090,    0.096,    0.088,    0.057, -999.000,    0.090,    0.096,    0.088,    0.087, -999.000,
       409,2020091906,    0.075,    0.099,    0.065,    0.079,    0.032,    0.082,    0.103,    0.070,    0.113,    0.042,    0.089,    0.101,    0.081,    0.109,    0.048,    0.089,    0.103,    0.081,    0.094,    0.048,
       409,2020091900,    0.073,    0.084,    0.065,    0.070, -999.000,    0.074,    0.089,    0.060,    0.083, -999.000,    0.089,    0.097,    0.085,    0.090, -999.000,    0.089,    0.093,    0.085,    0.085, -999.000,
       409,2020091818,    0.076,    0.077,    0.073,    0.105,    0.031,    0.082,    0.079,    0.082,    0.084,    0.142,    0.090,    0.090,    0.089,    0.107,    0.021,    0.090,    0.088,    0.089,    0.105,    0.021,
       409,2020091812,    0.090,    0.115,    0.082,    0.084, -999.000,    0.097,    0.105,    0.094,    0.084, -999.000,    0.097,    0.103,    0.093,    0.104, -999.000,    0.097,    0.103,    0.093,    0.106, -999.000,
       409,2020091806,    0.087,    0.091,    0.087,    0.057,    0.257,    0.095,    0.099,    0.093,    0.068, -999.000,    0.092,    0.098,    0.090,    0.089, -999.000,    0.092,    0.096,    0.090,    0.080, -999.000,
       409,2020091800,    0.081,    0.083,    0.080,    0.075, -999.000,    0.081,    0.083,    0.077,    0.098, -999.000,    0.090,    0.090,    0.094,    0.091, -999.000,    0.090,    0.087,    0.094,    0.090, -999.000,
       409,2020091718,    0.078,    0.072,    0.088,    0.051, -999.000,    0.085,    0.077,    0.094,    0.055, -999.000,    0.091,    0.087,    0.094,    0.073, -999.000,    0.091,    0.086,    0.094,    0.080, -999.000,
       409,2020091712,    0.090,    0.108,    0.085,    0.077, -999.000,    0.086,    0.098,    0.083,    0.059, -999.000,    0.096,    0.100,    0.095,    0.079, -999.000,    0.096,    0.103,    0.095,    0.089, -999.000,
       409,2020091706,    0.078,    0.084,    0.074,    0.079, -999.000,    0.083,    0.090,    0.077,    0.090, -999.000,    0.090,    0.098,    0.088,    0.110, -999.000,    0.090,    0.094,    0.088,    0.093, -999.000,
       409,2020091700,    0.077,    0.068,    0.078,    0.104, -999.000,    0.075,    0.068,    0.078,    0.068, -999.000,    0.092,    0.091,    0.090,    0.088, -999.000,    0.092,    0.092,    0.090,    0.113, -999.000,
       409,2020091618,    0.071,    0.061,    0.081,    0.062,    0.045,    0.075,    0.071,    0.074,    0.107,    0.029,    0.084,    0.083,    0.091,    0.119,    0.022,    0.084,    0.074,    0.091,    0.088,    0.022,
       409,2020091612,    0.076,    0.091,    0.070,    0.094, -999.000,    0.080,    0.089,    0.076,    0.086, -999.000,    0.091,    0.098,    0.087,    0.119, -999.000,    0.091,    0.099,    0.087,    0.098, -999.000,
       409,2020091606,    0.087,    0.088,    0.089,    0.063,    0.283,    0.091,    0.088,    0.093,    0.089,    0.283,    0.093,    0.091,    0.094,    0.106, -999.000,    0.093,    0.094,    0.094,    0.075, -999.000,
       409,2020091600,    0.072,    0.065,    0.075,    0.074,    0.045,    0.077,    0.064,    0.084,    0.073,    0.045,    0.086,    0.084,    0.087,    0.088, -999.000,    0.086,    0.083,    0.087,    0.090, -999.000,
       409,2020091518,    0.072,    0.081,    0.065,    0.075, -999.000,    0.082,    0.087,    0.077,    0.090, -999.000,    0.091,    0.098,    0.087,    0.109, -999.000,    0.091,    0.095,    0.087,    0.097, -999.000,
       409,2020091512,    0.075,    0.073,    0.076,    0.074, -999.000,    0.083,    0.075,    0.087,    0.071,    0.244,    0.087,    0.080,    0.089,    0.097, -999.000,    0.087,    0.082,    0.089,    0.089, -999.000,
       409,2020091506,    0.077,    0.098,    0.062,    0.072, -999.000,    0.090,    0.109,    0.076,    0.068, -999.000,    0.094,    0.103,    0.086,    0.079, -999.000,    0.094,    0.103,    0.086,    0.085, -999.000,
       409,2020091500,    0.078,    0.072,    0.076,    0.129, -999.000,    0.078,    0.078,    0.076,    0.109, -999.000,    0.091,    0.093,    0.088,    0.101, -999.000,    0.091,    0.089,    0.088,    0.117, -999.000,
       409,2020091418,    0.072,    0.069,    0.073,    0.077,    0.156,    0.071,    0.076,    0.066,    0.077,    0.002,    0.090,    0.094,    0.092,    0.093, -999.000,    0.090,    0.086,    0.092,    0.089, -999.000,
       409,2020091412,    0.079,    0.065,    0.085,    0.045, -999.000,    0.086,    0.075,    0.091,    0.091, -999.000,    0.092,    0.092,    0.094,    0.090, -999.000,    0.092,    0.086,    0.094,    0.065, -999.000,
       409,2020091406,    0.079,    0.091,    0.074,    0.080, -999.000,    0.085,    0.093,    0.078,    0.120,    0.008,    0.096,    0.106,    0.093,    0.110, -999.000,    0.096,    0.103,    0.093,    0.094, -999.000,
       409,2020091400,    0.079,    0.082,    0.076,    0.077,    0.285,    0.078,    0.084,    0.074,    0.063,    0.143,    0.089,    0.097,    0.086,    0.074, -999.000,    0.089,    0.094,    0.086,    0.082, -999.000,
       409,2020091318,    0.087,    0.102,    0.079,    0.087,    0.314,    0.092,    0.098,    0.089,    0.081,    0.314,    0.099,    0.103,    0.095,    0.087, -999.000,    0.099,    0.107,    0.095,    0.088, -999.000,
       409,2020091312,    0.089,    0.090,    0.091,    0.063, -999.000,    0.091,    0.082,    0.096,    0.080, -999.000,    0.099,    0.094,    0.099,    0.096, -999.000,    0.099,    0.102,    0.099,    0.082, -999.000,
       409,2020091306,    0.082,    0.099,    0.070,    0.110, -999.000,    0.089,    0.107,    0.078,    0.088, -999.000,    0.096,    0.107,    0.090,    0.099, -999.000,    0.096,    0.103,    0.090,    0.100, -999.000,
       409,2020091300,    0.086,    0.101,    0.075,    0.092, -999.000,    0.085,    0.090,    0.075,    0.105, -999.000,    0.102,    0.099,    0.100,    0.099, -999.000,    0.102,    0.104,    0.100,    0.099, -999.000,
       409,2020091218,    0.084,    0.089,    0.084,    0.066,    0.001,    0.087,    0.088,    0.084,    0.112, -999.000,    0.097,    0.097,    0.094,    0.110, -999.000,    0.097,    0.101,    0.094,    0.104, -999.000,
       409,2020091212,    0.090,    0.101,    0.084,    0.077, -999.000,    0.094,    0.102,    0.089,    0.084, -999.000,    0.097,    0.102,    0.092,    0.113, -999.000,    0.097,    0.103,    0.092,    0.097, -999.000,
       409,2020091206,    0.091,    0.104,    0.086,    0.059,    0.059,    0.091,    0.102,    0.086,    0.066,    0.086,    0.101,    0.108,    0.097,    0.092,    0.091,    0.101,    0.108,    0.097,    0.090,    0.091,
       409,2020091200,    0.083,    0.085,    0.080,    0.104,    0.119,    0.079,    0.077,    0.079,    0.087,    0.152,    0.094,    0.099,    0.093,    0.099, -999.000,    0.094,    0.094,    0.093,    0.097, -999.000,
       409,2020091118,    0.090,    0.072,    0.105,    0.073, -999.000,    0.088,    0.072,    0.102,    0.090, -999.000,    0.099,    0.089,    0.107,    0.093, -999.000,    0.099,    0.087,    0.107,    0.081, -999.000,
       409,2020091112,    0.089,    0.095,    0.089,    0.063,    0.006,    0.097,    0.105,    0.094,    0.076, -999.000,    0.104,    0.113,    0.103,    0.090, -999.000,    0.104,    0.110,    0.103,    0.075, -999.000,
       409,2020091106,    0.093,    0.106,    0.084,    0.053,    0.123,    0.098,    0.116,    0.085,    0.078,    0.123,    0.100,    0.106,    0.097,    0.116, -999.000,    0.100,    0.102,    0.097,    0.092, -999.000,
       409,2020091100,    0.089,    0.085,    0.096,    0.049, -999.000,    0.092,    0.078,    0.102,    0.083, -999.000,    0.100,    0.101,    0.103,    0.086, -999.000,    0.100,    0.100,    0.103,    0.065, -999.000,
       409,2020091018,    0.077,    0.098,    0.066,    0.064, -999.000,    0.084,    0.094,    0.078,    0.078, -999.000,    0.096,    0.107,    0.087,    0.091, -999.000,    0.096,    0.110,    0.087,    0.077, -999.000,
       409,2020091012,    0.083,    0.103,    0.076,    0.080,    0.320,    0.092,    0.098,    0.090,    0.077,    0.320,    0.100,    0.103,    0.097,    0.100, -999.000,    0.100,    0.104,    0.097,    0.113, -999.000,
       409,2020091006,    0.097,    0.108,    0.085,    0.116, -999.000,    0.106,    0.120,    0.092,    0.122, -999.000,    0.105,    0.113,    0.099,    0.139, -999.000,    0.105,    0.108,    0.099,    0.125, -999.000,
       409,2020091000,    0.080,    0.086,    0.075,    0.103, -999.000,    0.084,    0.083,    0.084,    0.114, -999.000,    0.100,    0.099,    0.099,    0.124, -999.000,    0.100,    0.099,    0.099,    0.113, -999.000,
       409,2020090918,    0.090,    0.090,    0.083,    0.123,    0.120,    0.089,    0.086,    0.089,    0.103,    0.217,    0.100,    0.099,    0.095,    0.107,    0.137,    0.100,    0.101,    0.095,    0.116,    0.137,
       409,2020090912,    0.092,    0.076,    0.101,    0.068, -999.000,    0.095,    0.079,    0.103,    0.080, -999.000,    0.102,    0.097,    0.104,    0.119, -999.000,    0.102,    0.095,    0.104,    0.098, -999.000,
       409,2020090906,    0.092,    0.093,    0.089,    0.121, -999.000,    0.090,    0.096,    0.085,    0.110, -999.000,    0.104,    0.104,    0.106,    0.103, -999.000,    0.104,    0.102,    0.106,    0.100, -999.000,
       409,2020090900,    0.090,    0.101,    0.084,    0.097, -999.000,    0.088,    0.105,    0.077,    0.073,    0.271,    0.105,    0.110,    0.103,    0.084, -999.000,    0.105,    0.107,    0.103,    0.114, -999.000,
       409,2020090818,    0.091,    0.093,    0.087,    0.128, -999.000,    0.090,    0.091,    0.087,    0.106, -999.000,    0.106,    0.102,    0.105,    0.116, -999.000,    0.106,    0.106,    0.105,    0.109, -999.000,
       409,2020090812,    0.086,    0.097,    0.082,    0.068, -999.000,    0.086,    0.098,    0.080,    0.069, -999.000,    0.097,    0.106,    0.094,    0.104, -999.000,    0.097,    0.105,    0.094,    0.091, -999.000,
       409,2020090806,    0.091,    0.107,    0.086,    0.060,    0.115,    0.098,    0.106,    0.094,    0.076,    0.115,    0.106,    0.116,    0.103,    0.113, -999.000,    0.106,    0.112,    0.103,    0.090, -999.000,
       409,2020090800,    0.094,    0.118,    0.071,    0.106,    0.001,    0.100,    0.116,    0.079,    0.128,    0.166,    0.104,    0.115,    0.089,    0.111, -999.000,    0.104,    0.113,    0.089,    0.107, -999.000,
       409,2020090718,    0.085,    0.090,    0.083,    0.087, -999.000,    0.095,    0.105,    0.090,    0.083, -999.000,    0.104,    0.114,    0.105,    0.096, -999.000,    0.104,    0.104,    0.105,    0.095, -999.000,
       409,2020090712,    0.100,    0.106,    0.099,    0.093, -999.000,    0.103,    0.107,    0.103,    0.077, -999.000,    0.106,    0.112,    0.104,    0.098, -999.000,    0.106,    0.112,    0.104,    0.113, -999.000,
       409,2020090706,    0.096,    0.116,    0.084,    0.064,    0.338,    0.101,    0.112,    0.094,    0.083,    0.238,    0.105,    0.110,    0.099,    0.097, -999.000,    0.105,    0.112,    0.099,    0.092, -999.000,
       409,2020090700,    0.081,    0.085,    0.080,    0.068, -999.000,    0.079,    0.081,    0.074,    0.088, -999.000,    0.099,    0.105,    0.093,    0.100, -999.000,    0.099,    0.109,    0.093,    0.093, -999.000,
       409,2020090618,    0.082,    0.097,    0.076,    0.053,    0.288,    0.091,    0.102,    0.084,    0.087, -999.000,    0.101,    0.108,    0.099,    0.110, -999.000,    0.101,    0.105,    0.099,    0.087, -999.000,
       409,2020090612,    0.095,    0.112,    0.092,    0.072, -999.000,    0.097,    0.111,    0.092,    0.089, -999.000,    0.107,    0.117,    0.105,    0.113, -999.000,    0.107,    0.113,    0.105,    0.102, -999.000,
       409,2020090606,    0.099,    0.117,    0.086,    0.087, -999.000,    0.104,    0.118,    0.092,    0.114, -999.000,    0.110,    0.118,    0.103,    0.136, -999.000,    0.110,    0.117,    0.103,    0.102, -999.000,
       409,2020090600,    0.099,    0.089,    0.108,    0.081,    0.000,    0.099,    0.091,    0.105,    0.094,    0.000,    0.110,    0.113,    0.111,    0.109, -999.000,    0.110,    0.107,    0.111,    0.109, -999.000,
       409,2020090518,    0.099,    0.106,    0.090,    0.109, -999.000,    0.100,    0.107,    0.096,    0.071, -999.000,    0.111,    0.108,    0.113,    0.103, -999.000,    0.111,    0.107,    0.113,    0.126, -999.000,
       409,2020090512,    0.090,    0.106,    0.087,    0.074,    0.040,    0.101,    0.104,    0.101,    0.069, -999.000,    0.107,    0.111,    0.106,    0.090, -999.000,    0.107,    0.114,    0.106,    0.086, -999.000,
       409,2020090506,    0.113,    0.122,    0.107,    0.085,    0.224,    0.119,    0.130,    0.112,    0.087,    0.224,    0.121,    0.124,    0.121,    0.130, -999.000,    0.121,    0.124,    0.121,    0.099, -999.000,
       409,2020090500,    0.084,    0.073,    0.086,    0.123, -999.000,    0.081,    0.075,    0.082,    0.111, -999.000,    0.107,    0.101,    0.110,    0.124, -999.000,    0.107,    0.098,    0.110,    0.122, -999.000,
       409,2020090418,    0.099,    0.104,    0.097,    0.083, -999.000,    0.111,    0.112,    0.112,    0.101, -999.000,    0.113,    0.118,    0.111,    0.109, -999.000,    0.113,    0.118,    0.111,    0.101, -999.000,
       409,2020090412,    0.096,    0.081,    0.102,    0.091, -999.000,    0.103,    0.091,    0.106,    0.137, -999.000,    0.112,    0.111,    0.113,    0.130, -999.000,    0.112,    0.107,    0.113,    0.114, -999.000,
       409,2020090406,    0.095,    0.096,    0.094,    0.100, -999.000,    0.104,    0.120,    0.088,    0.125, -999.000,    0.111,    0.122,    0.110,    0.113, -999.000,    0.111,    0.113,    0.110,    0.109, -999.000,
       409,2020090400,    0.089,    0.095,    0.082,    0.140,    0.358,    0.092,    0.098,    0.081,    0.152, -999.000,    0.104,    0.111,    0.102,    0.110, -999.000,    0.104,    0.103,    0.102,    0.113, -999.000,
       409,2020090318,    0.102,    0.099,    0.104,    0.112, -999.000,    0.098,    0.096,    0.099,    0.097,    0.006,    0.116,    0.110,    0.118,    0.106, -999.000,    0.116,    0.113,    0.118,    0.116, -999.000,
       409,2020090312,    0.091,    0.092,    0.090,    0.089,    0.064,    0.101,    0.106,    0.098,    0.111, -999.000,    0.108,    0.114,    0.108,    0.124, -999.000,    0.108,    0.109,    0.108,    0.112, -999.000,
       409,2020090306,    0.105,    0.126,    0.094,    0.099,    0.000,    0.113,    0.128,    0.099,    0.143,    0.000,    0.116,    0.124,    0.108,    0.127, -999.000,    0.116,    0.125,    0.108,    0.120, -999.000,
       409,2020090300,    0.101,    0.103,    0.101,    0.096,    0.021,    0.108,    0.111,    0.106,    0.107, -999.000,    0.116,    0.121,    0.117,    0.108, -999.000,    0.116,    0.115,    0.117,    0.118, -999.000,
       409,2020090218,    0.108,    0.117,    0.097,    0.131,    0.198,    0.109,    0.115,    0.106,    0.095,    0.198,    0.118,    0.122,    0.110,    0.112,    0.247,    0.118,    0.124,    0.110,    0.124,    0.247,
       409,2020090212,    0.095,    0.101,    0.098,    0.056, -999.000,    0.106,    0.110,    0.110,    0.053, -999.000,    0.112,    0.124,    0.111,    0.093, -999.000,    0.112,    0.116,    0.111,    0.102, -999.000,
       409,2020090206,    0.101,    0.119,    0.093,    0.083,    0.248,    0.105,    0.129,    0.091,    0.111,    0.121,    0.116,    0.129,    0.111,    0.115,    0.179,    0.116,    0.126,    0.111,    0.087,    0.179,
       409,2020090200,    0.089,    0.114,    0.075,    0.078, -999.000,    0.098,    0.120,    0.080,    0.094, -999.000,    0.108,    0.124,    0.101,    0.110, -999.000,    0.108,    0.120,    0.101,    0.085, -999.000,
       409,2020090118,    0.102,    0.108,    0.099,    0.095,    0.003,    0.107,    0.119,    0.104,    0.075, -999.000,    0.113,    0.123,    0.111,    0.103, -999.000,    0.113,    0.114,    0.111,    0.121, -999.000,
       409,2020090112,    0.100,    0.107,    0.096,    0.110,    0.378,    0.100,    0.123,    0.094,    0.065,    0.378,    0.116,    0.121,    0.115,    0.091, -999.000,    0.116,    0.115,    0.115,    0.127, -999.000,
       409,2020090106,    0.097,    0.124,    0.087,    0.072,    0.000,    0.110,    0.129,    0.097,    0.118,    0.000,    0.113,    0.123,    0.106,    0.143, -999.000,    0.113,    0.123,    0.106,    0.111, -999.000,
       409,2020090100,    0.092,    0.086,    0.091,    0.130, -999.000,    0.098,    0.094,    0.095,    0.126, -999.000,    0.114,    0.121,    0.110,    0.118, -999.000,    0.114,    0.118,    0.110,    0.127, -999.000,
       409,2020083118,    0.097,    0.105,    0.085,    0.103,    0.044,    0.107,    0.113,    0.101,    0.107,    0.023,    0.114,    0.125,    0.109,    0.114, -999.000,    0.114,    0.121,    0.109,    0.101, -999.000,
       409,2020083112,    0.107,    0.109,    0.104,    0.134,    0.222,    0.112,    0.121,    0.106,    0.127,    0.045,    0.128,    0.135,    0.126,    0.135,    0.250,    0.128,    0.132,    0.126,    0.138,    0.250,
       409,2020083106,    0.116,    0.130,    0.107,    0.123, -999.000,    0.120,    0.131,    0.109,    0.146, -999.000,    0.129,    0.136,    0.124,    0.130, -999.000,    0.129,    0.134,    0.124,    0.144, -999.000,
       409,2020083100,    0.108,    0.103,    0.107,    0.138,    0.044,    0.106,    0.096,    0.108,    0.144,    0.033,    0.121,    0.114,    0.122,    0.135, -999.000,    0.121,    0.115,    0.122,    0.140, -999.000,
       409,2020083018,    0.112,    0.115,    0.105,    0.123,    0.140,    0.115,    0.126,    0.106,    0.103, -999.000,    0.119,    0.125,    0.115,    0.130,    0.175,    0.119,    0.121,    0.115,    0.126,    0.175,
       409,2020083012,    0.105,    0.101,    0.107,    0.100, -999.000,    0.115,    0.117,    0.113,    0.131, -999.000,    0.126,    0.133,    0.126,    0.135, -999.000,    0.126,    0.128,    0.126,    0.124, -999.000,
       409,2020083006,    0.110,    0.117,    0.098,    0.134,    0.150,    0.122,    0.138,    0.105,    0.143,    0.256,    0.128,    0.132,    0.124,    0.147,    0.150,    0.128,    0.128,    0.124,    0.142,    0.150,
       409,2020083000,    0.105, -999.000,    0.105, -999.000, -999.000,    0.120, -999.000,    0.120,    0.210, -999.000,    0.123, -999.000,    0.123,    0.282, -999.000,    0.123, -999.000,    0.123, -999.000, -999.000,
