       247,2020092000,    0.052,    0.064,    0.051,    0.050, -999.000,    0.058,    0.063,    0.058,    0.049, -999.000,    0.061,    0.066,    0.061,    0.061, -999.000,    0.061,    0.066,    0.061,    0.060, -999.000,
       247,2020091918,    0.053,    0.050,    0.053,    0.066,    0.033,    0.052,    0.047,    0.054,    0.048,    0.033,    0.061,    0.058,    0.061,    0.057,    0.027,    0.061,    0.060,    0.061,    0.065,    0.027,
       247,2020091912,    0.055,    0.060,    0.054,    0.040,    0.203,    0.058,    0.061,    0.058,    0.030, -999.000,    0.064,    0.068,    0.063,    0.048, -999.000,    0.064,    0.067,    0.063,    0.058, -999.000,
       247,2020091906,    0.053,    0.066,    0.050,    0.048,    0.022,    0.059,    0.069,    0.056,    0.073,    0.028,    0.061,    0.069,    0.059,    0.074,    0.033,    0.061,    0.069,    0.059,    0.061,    0.033,
       247,2020091900,    0.051,    0.059,    0.051,    0.045, -999.000,    0.053,    0.061,    0.052,    0.052, -999.000,    0.061,    0.067,    0.060,    0.055, -999.000,    0.061,    0.065,    0.060,    0.057, -999.000,
       247,2020091818,    0.052,    0.050,    0.052,    0.064,    0.020,    0.054,    0.052,    0.054,    0.051,    0.093,    0.060,    0.059,    0.061,    0.065,    0.014,    0.060,    0.057,    0.061,    0.065,    0.014,
       247,2020091812,    0.057,    0.074,    0.054,    0.055, -999.000,    0.061,    0.069,    0.060,    0.054, -999.000,    0.064,    0.070,    0.063,    0.069, -999.000,    0.064,    0.070,    0.063,    0.069, -999.000,
       247,2020091806,    0.057,    0.061,    0.056,    0.039,    0.101,    0.062,    0.067,    0.060,    0.045,    0.182,    0.062,    0.066,    0.061,    0.061,    0.101,    0.062,    0.064,    0.061,    0.052,    0.101,
       247,2020091800,    0.054,    0.058,    0.054,    0.051, -999.000,    0.058,    0.058,    0.057,    0.080, -999.000,    0.062,    0.063,    0.063,    0.070, -999.000,    0.062,    0.061,    0.063,    0.064, -999.000,
       247,2020091718,    0.053,    0.047,    0.057,    0.032, -999.000,    0.057,    0.051,    0.060,    0.033, -999.000,    0.061,    0.058,    0.062,    0.046, -999.000,    0.061,    0.057,    0.062,    0.053, -999.000,
       247,2020091712,    0.055,    0.069,    0.053,    0.055, -999.000,    0.055,    0.066,    0.054,    0.045, -999.000,    0.063,    0.069,    0.062,    0.055, -999.000,    0.063,    0.070,    0.062,    0.064, -999.000,
       247,2020091706,    0.052,    0.054,    0.051,    0.054,    0.044,    0.057,    0.060,    0.055,    0.060,    0.025,    0.060,    0.065,    0.060,    0.075,    0.030,    0.060,    0.061,    0.060,    0.061,    0.030,
       247,2020091700,    0.053,    0.047,    0.053,    0.076, -999.000,    0.054,    0.047,    0.055,    0.055, -999.000,    0.061,    0.063,    0.061,    0.066, -999.000,    0.061,    0.064,    0.061,    0.079, -999.000,
       247,2020091618,    0.056,    0.042,    0.060,    0.043,    0.020,    0.057,    0.049,    0.060,    0.063,    0.010,    0.064,    0.059,    0.066,    0.078, -999.000,    0.064,    0.052,    0.066,    0.061, -999.000,
       247,2020091612,    0.054,    0.063,    0.052,    0.066, -999.000,    0.056,    0.063,    0.054,    0.060,    0.173,    0.064,    0.067,    0.063,    0.082, -999.000,    0.064,    0.069,    0.063,    0.069, -999.000,
       247,2020091606,    0.056,    0.060,    0.055,    0.045,    0.091,    0.060,    0.060,    0.060,    0.058,    0.108,    0.063,    0.063,    0.062,    0.069,    0.092,    0.063,    0.064,    0.062,    0.052,    0.092,
       247,2020091600,    0.053,    0.045,    0.054,    0.057,    0.031,    0.057,    0.045,    0.059,    0.061,    0.031,    0.062,    0.058,    0.062,    0.069, -999.000,    0.062,    0.058,    0.062,    0.068, -999.000,
       247,2020091518,    0.053,    0.057,    0.052,    0.052, -999.000,    0.056,    0.062,    0.055,    0.064, -999.000,    0.065,    0.070,    0.064,    0.077, -999.000,    0.065,    0.068,    0.064,    0.070, -999.000,
       247,2020091512,    0.054,    0.051,    0.054,    0.051,    0.074,    0.059,    0.053,    0.060,    0.043,    0.191,    0.063,    0.057,    0.064,    0.063, -999.000,    0.063,    0.058,    0.064,    0.063, -999.000,
       247,2020091506,    0.053,    0.069,    0.048,    0.050,    0.005,    0.059,    0.078,    0.053,    0.045,    0.005,    0.066,    0.073,    0.063,    0.055, -999.000,    0.066,    0.072,    0.063,    0.059, -999.000,
       247,2020091500,    0.057,    0.051,    0.057,    0.097, -999.000,    0.059,    0.055,    0.059,    0.082, -999.000,    0.065,    0.066,    0.064,    0.072, -999.000,    0.065,    0.062,    0.064,    0.081, -999.000,
       247,2020091418,    0.050,    0.051,    0.049,    0.053,    0.111,    0.052,    0.054,    0.051,    0.058,    0.002,    0.063,    0.067,    0.063,    0.068, -999.000,    0.063,    0.061,    0.063,    0.063, -999.000,
       247,2020091412,    0.054,    0.043,    0.057,    0.039, -999.000,    0.059,    0.052,    0.061,    0.065, -999.000,    0.065,    0.064,    0.066,    0.062, -999.000,    0.065,    0.059,    0.066,    0.049, -999.000,
       247,2020091406,    0.052,    0.063,    0.049,    0.057, -999.000,    0.058,    0.066,    0.055,    0.086,    0.006,    0.065,    0.075,    0.063,    0.077, -999.000,    0.065,    0.072,    0.063,    0.066, -999.000,
       247,2020091400,    0.057,    0.057,    0.057,    0.043,    0.197,    0.060,    0.058,    0.060,    0.053,    0.098,    0.064,    0.067,    0.064,    0.063, -999.000,    0.064,    0.065,    0.064,    0.047, -999.000,
       247,2020091318,    0.058,    0.067,    0.055,    0.058,    0.209,    0.061,    0.065,    0.060,    0.054,    0.136,    0.065,    0.068,    0.064,    0.061, -999.000,    0.065,    0.070,    0.064,    0.058, -999.000,
       247,2020091312,    0.056,    0.064,    0.055,    0.040,    0.000,    0.059,    0.059,    0.060,    0.051,    0.000,    0.066,    0.065,    0.065,    0.065, -999.000,    0.066,    0.070,    0.065,    0.055, -999.000,
       247,2020091306,    0.056,    0.068,    0.051,    0.074, -999.000,    0.062,    0.076,    0.057,    0.065, -999.000,    0.067,    0.076,    0.064,    0.070, -999.000,    0.067,    0.072,    0.064,    0.073, -999.000,
       247,2020091300,    0.056,    0.070,    0.054,    0.064, -999.000,    0.059,    0.063,    0.058,    0.077, -999.000,    0.067,    0.070,    0.066,    0.073, -999.000,    0.067,    0.073,    0.066,    0.070, -999.000,
       247,2020091218,    0.056,    0.060,    0.056,    0.040,    0.001,    0.062,    0.061,    0.062,    0.077, -999.000,    0.067,    0.068,    0.066,    0.073, -999.000,    0.067,    0.069,    0.066,    0.060, -999.000,
       247,2020091212,    0.061,    0.070,    0.058,    0.062,    0.003,    0.065,    0.075,    0.063,    0.068, -999.000,    0.070,    0.076,    0.068,    0.079, -999.000,    0.070,    0.075,    0.068,    0.072, -999.000,
       247,2020091206,    0.062,    0.073,    0.060,    0.043,    0.032,    0.063,    0.074,    0.061,    0.033,    0.041,    0.072,    0.078,    0.070,    0.052,    0.058,    0.072,    0.077,    0.070,    0.060,    0.058,
       247,2020091200,    0.059,    0.058,    0.058,    0.063,    0.083,    0.062,    0.053,    0.063,    0.064,    0.105,    0.067,    0.068,    0.067,    0.072, -999.000,    0.067,    0.065,    0.067,    0.068, -999.000,
       247,2020091118,    0.058,    0.048,    0.061,    0.043, -999.000,    0.062,    0.048,    0.067,    0.064,    0.015,    0.067,    0.060,    0.069,    0.063, -999.000,    0.067,    0.059,    0.069,    0.052, -999.000,
       247,2020091112,    0.062,    0.067,    0.061,    0.048,    0.120,    0.065,    0.076,    0.062,    0.062,    0.120,    0.072,    0.079,    0.071,    0.068,    0.123,    0.072,    0.078,    0.071,    0.058,    0.123,
       247,2020091106,    0.062,    0.076,    0.059,    0.046,    0.087,    0.066,    0.081,    0.061,    0.068,    0.119,    0.070,    0.075,    0.069,    0.089, -999.000,    0.070,    0.073,    0.069,    0.075, -999.000,
       247,2020091100,    0.063,    0.060,    0.064,    0.039, -999.000,    0.067,    0.055,    0.069,    0.056, -999.000,    0.071,    0.072,    0.072,    0.058, -999.000,    0.071,    0.071,    0.072,    0.052, -999.000,
       247,2020091018,    0.054,    0.068,    0.052,    0.042,    0.051,    0.059,    0.066,    0.057,    0.054,    0.039,    0.067,    0.075,    0.065,    0.065, -999.000,    0.067,    0.077,    0.065,    0.049, -999.000,
       247,2020091012,    0.057,    0.071,    0.054,    0.054,    0.167,    0.063,    0.070,    0.062,    0.046,    0.167,    0.069,    0.073,    0.068,    0.062,    0.081,    0.069,    0.072,    0.068,    0.076,    0.081,
       247,2020091006,    0.063,    0.075,    0.058,    0.087,    0.082,    0.070,    0.084,    0.063,    0.089,    0.082,    0.072,    0.081,    0.069,    0.098, -999.000,    0.072,    0.077,    0.069,    0.090, -999.000,
       247,2020091000,    0.059,    0.061,    0.059,    0.069,    0.160,    0.066,    0.059,    0.068,    0.077, -999.000,    0.071,    0.070,    0.071,    0.089, -999.000,    0.071,    0.071,    0.071,    0.081, -999.000,
       247,2020090918,    0.060,    0.064,    0.058,    0.076,    0.084,    0.060,    0.060,    0.060,    0.067,    0.132,    0.070,    0.069,    0.070,    0.073,    0.096,    0.070,    0.071,    0.070,    0.077,    0.096,
       247,2020090912,    0.064,    0.055,    0.067,    0.044, -999.000,    0.067,    0.056,    0.070,    0.046, -999.000,    0.071,    0.068,    0.072,    0.076, -999.000,    0.071,    0.067,    0.072,    0.067, -999.000,
       247,2020090906,    0.061,    0.065,    0.059,    0.082,    0.099,    0.065,    0.066,    0.063,    0.083,    0.072,    0.072,    0.072,    0.072,    0.078,    0.074,    0.072,    0.071,    0.072,    0.070,    0.074,
       247,2020090900,    0.060,    0.069,    0.058,    0.073,    0.224,    0.064,    0.072,    0.062,    0.053,    0.184,    0.069,    0.075,    0.068,    0.059, -999.000,    0.069,    0.074,    0.068,    0.078, -999.000,
       247,2020090818,    0.058,    0.063,    0.056,    0.086, -999.000,    0.060,    0.060,    0.059,    0.078, -999.000,    0.069,    0.067,    0.068,    0.081, -999.000,    0.069,    0.071,    0.068,    0.077, -999.000,
       247,2020090812,    0.059,    0.066,    0.058,    0.051, -999.000,    0.059,    0.067,    0.058,    0.054, -999.000,    0.069,    0.072,    0.068,    0.076, -999.000,    0.069,    0.070,    0.068,    0.065, -999.000,
       247,2020090806,    0.062,    0.073,    0.059,    0.044,    0.081,    0.069,    0.076,    0.066,    0.053,    0.081,    0.073,    0.082,    0.071,    0.078, -999.000,    0.073,    0.078,    0.071,    0.065, -999.000,
       247,2020090800,    0.060,    0.082,    0.057,    0.066,    0.001,    0.066,    0.081,    0.063,    0.082,    0.116,    0.071,    0.080,    0.069,    0.077, -999.000,    0.071,    0.079,    0.069,    0.068, -999.000,
       247,2020090718,    0.061,    0.063,    0.062,    0.048, -999.000,    0.068,    0.072,    0.067,    0.057, -999.000,    0.073,    0.078,    0.074,    0.067, -999.000,    0.073,    0.072,    0.074,    0.061, -999.000,
       247,2020090712,    0.066,    0.076,    0.065,    0.052, -999.000,    0.071,    0.079,    0.070,    0.045, -999.000,    0.074,    0.079,    0.074,    0.061, -999.000,    0.074,    0.079,    0.074,    0.067, -999.000,
       247,2020090706,    0.065,    0.081,    0.060,    0.046,    0.128,    0.070,    0.078,    0.067,    0.059,    0.104,    0.075,    0.079,    0.072,    0.069,    0.105,    0.075,    0.079,    0.072,    0.066,    0.105,
       247,2020090700,    0.059,    0.059,    0.059,    0.055, -999.000,    0.065,    0.056,    0.067,    0.064, -999.000,    0.070,    0.073,    0.070,    0.070, -999.000,    0.070,    0.075,    0.070,    0.069, -999.000,
       247,2020090618,    0.061,    0.067,    0.060,    0.041,    0.195,    0.064,    0.069,    0.063,    0.057, -999.000,    0.070,    0.073,    0.070,    0.071, -999.000,    0.070,    0.071,    0.070,    0.059, -999.000,
       247,2020090612,    0.063,    0.071,    0.063,    0.049,    0.240,    0.065,    0.075,    0.064,    0.052,    0.240,    0.074,    0.080,    0.074,    0.072, -999.000,    0.074,    0.077,    0.074,    0.071, -999.000,
       247,2020090606,    0.061,    0.079,    0.056,    0.051, -999.000,    0.070,    0.080,    0.065,    0.056, -999.000,    0.072,    0.080,    0.069,    0.075, -999.000,    0.072,    0.080,    0.069,    0.066, -999.000,
       247,2020090600,    0.066,    0.061,    0.067,    0.049,    0.000,    0.068,    0.062,    0.069,    0.064,    0.000,    0.075,    0.077,    0.075,    0.073, -999.000,    0.075,    0.073,    0.075,    0.070, -999.000,
       247,2020090518,    0.065,    0.069,    0.063,    0.074, -999.000,    0.066,    0.070,    0.065,    0.041, -999.000,    0.073,    0.071,    0.074,    0.059, -999.000,    0.073,    0.071,    0.074,    0.081, -999.000,
       247,2020090512,    0.062,    0.074,    0.061,    0.047,    0.014,    0.068,    0.073,    0.068,    0.044,    0.000,    0.073,    0.075,    0.073,    0.060,    0.019,    0.073,    0.077,    0.073,    0.057,    0.019,
       247,2020090506,    0.067,    0.083,    0.062,    0.059,    0.154,    0.072,    0.089,    0.067,    0.061,    0.154,    0.078,    0.085,    0.076,    0.089, -999.000,    0.078,    0.084,    0.076,    0.069, -999.000,
       247,2020090500,    0.059,    0.050,    0.061,    0.091, -999.000,    0.065,    0.051,    0.068,    0.079, -999.000,    0.073,    0.069,    0.074,    0.079, -999.000,    0.073,    0.067,    0.074,    0.077, -999.000,
       247,2020090418,    0.062,    0.069,    0.061,    0.051, -999.000,    0.070,    0.075,    0.069,    0.063, -999.000,    0.075,    0.079,    0.074,    0.071, -999.000,    0.075,    0.078,    0.074,    0.063, -999.000,
       247,2020090412,    0.063,    0.053,    0.065,    0.050,    0.110,    0.068,    0.062,    0.069,    0.081, -999.000,    0.073,    0.074,    0.074,    0.084, -999.000,    0.073,    0.070,    0.074,    0.068, -999.000,
       247,2020090406,    0.062,    0.065,    0.060,    0.099, -999.000,    0.070,    0.080,    0.066,    0.110,    0.000,    0.074,    0.081,    0.073,    0.079, -999.000,    0.074,    0.076,    0.073,    0.085, -999.000,
       247,2020090400,    0.062,    0.062,    0.061,    0.076,    0.236,    0.067,    0.065,    0.066,    0.101, -999.000,    0.071,    0.073,    0.071,    0.073, -999.000,    0.071,    0.068,    0.071,    0.069, -999.000,
       247,2020090318,    0.061,    0.064,    0.060,    0.053,    0.042,    0.062,    0.062,    0.063,    0.050,    0.032,    0.073,    0.070,    0.073,    0.060,    0.063,    0.073,    0.073,    0.073,    0.064,    0.063,
       247,2020090312,    0.058,    0.060,    0.058,    0.054,    0.133,    0.064,    0.072,    0.062,    0.054, -999.000,    0.070,    0.077,    0.070,    0.068,    0.129,    0.070,    0.070,    0.070,    0.072,    0.129,
       247,2020090306,    0.070,    0.084,    0.065,    0.078,    0.000,    0.072,    0.084,    0.066,    0.094,    0.000,    0.076,    0.082,    0.073,    0.084, -999.000,    0.076,    0.082,    0.073,    0.088, -999.000,
       247,2020090300,    0.069,    0.066,    0.070,    0.067,    0.125,    0.072,    0.072,    0.072,    0.073, -999.000,    0.076,    0.078,    0.076,    0.074,    0.157,    0.076,    0.074,    0.076,    0.083,    0.157,
       247,2020090218,    0.067,    0.073,    0.065,    0.068,    0.085,    0.067,    0.072,    0.067,    0.053,    0.085,    0.074,    0.076,    0.073,    0.067,    0.127,    0.074,    0.077,    0.073,    0.072,    0.127,
       247,2020090212,    0.056,    0.061,    0.056,    0.041, -999.000,    0.062,    0.069,    0.062,    0.036, -999.000,    0.069,    0.078,    0.068,    0.058, -999.000,    0.069,    0.072,    0.068,    0.069, -999.000,
       247,2020090206,    0.065,    0.073,    0.063,    0.051,    0.178,    0.069,    0.079,    0.064,    0.075,    0.054,    0.073,    0.079,    0.072,    0.073,    0.089,    0.073,    0.077,    0.072,    0.053,    0.089,
       247,2020090200,    0.056,    0.068,    0.054,    0.049, -999.000,    0.061,    0.071,    0.059,    0.057, -999.000,    0.065,    0.074,    0.064,    0.068, -999.000,    0.065,    0.072,    0.064,    0.055, -999.000,
       247,2020090118,    0.058,    0.062,    0.057,    0.056,    0.001,    0.061,    0.067,    0.061,    0.042,    0.000,    0.065,    0.070,    0.064,    0.058,    0.001,    0.065,    0.066,    0.064,    0.070,    0.001,
       247,2020090112,    0.054,    0.061,    0.053,    0.062,    0.220,    0.058,    0.070,    0.056,    0.044,    0.220,    0.067,    0.073,    0.066,    0.058, -999.000,    0.067,    0.070,    0.066,    0.073, -999.000,
       247,2020090106,    0.055,    0.070,    0.051,    0.040,    0.000,    0.062,    0.074,    0.057,    0.066,    0.000,    0.065,    0.071,    0.063,    0.082, -999.000,    0.065,    0.071,    0.063,    0.064, -999.000,
       247,2020090100,    0.056,    0.049,    0.057,    0.071, -999.000,    0.059,    0.054,    0.059,    0.070, -999.000,    0.067,    0.070,    0.066,    0.067, -999.000,    0.067,    0.068,    0.066,    0.071, -999.000,
       247,2020083118,    0.056,    0.058,    0.055,    0.054,    0.024,    0.057,    0.062,    0.056,    0.050,    0.016,    0.065,    0.068,    0.065,    0.057,    0.000,    0.065,    0.067,    0.065,    0.055,    0.000,
       247,2020083112,    0.057,    0.055,    0.057,    0.071,    0.118,    0.059,    0.066,    0.057,    0.063,    0.042,    0.068,    0.072,    0.067,    0.071,    0.133,    0.068,    0.069,    0.067,    0.073,    0.133,
       247,2020083106,    0.056,    0.068,    0.053,    0.059,    0.191,    0.061,    0.070,    0.057,    0.073, -999.000,    0.067,    0.073,    0.065,    0.067, -999.000,    0.067,    0.071,    0.065,    0.073, -999.000,
       247,2020083100,    0.059,    0.057,    0.058,    0.085,    0.024,    0.061,    0.053,    0.062,    0.086,    0.018,    0.067,    0.063,    0.067,    0.074, -999.000,    0.067,    0.064,    0.067,    0.077, -999.000,
       247,2020083018,    0.057,    0.062,    0.055,    0.068,    0.076,    0.058,    0.068,    0.055,    0.056, -999.000,    0.064,    0.068,    0.064,    0.071,    0.095,    0.064,    0.065,    0.064,    0.068,    0.095,
       247,2020083012,    0.058,    0.054,    0.059,    0.056, -999.000,    0.063,    0.066,    0.062,    0.074, -999.000,    0.068,    0.072,    0.068,    0.073, -999.000,    0.068,    0.068,    0.068,    0.067, -999.000,
       247,2020083006,    0.059,    0.062,    0.057,    0.065,    0.125,    0.064,    0.073,    0.059,    0.080,    0.079,    0.069,    0.070,    0.068,    0.079,    0.095,    0.069,    0.067,    0.068,    0.074,    0.095,
       247,2020083000,    0.063,    0.174,    0.059,    0.191,    0.214,    0.068,    0.175,    0.063,    0.192,    0.214,    0.069,    0.036,    0.067,    0.023, -999.000,    0.069,    0.030,    0.067,    0.020, -999.000,
