        71,2020092000,   -0.043,   -0.028,   -0.049,    0.067, -999.000,   -0.046,   -0.026,   -0.053,    0.078, -999.000,    0.046,    0.044,    0.042,    0.052, -999.000,    0.046,    0.044,    0.042,    0.044, -999.000,
        71,2020091918,   -0.041,   -0.037,   -0.047,    0.108,    0.035,   -0.042,   -0.033,   -0.052,    0.112,   -0.005,    0.056,    0.045,    0.052,    0.053,    0.070,    0.056,    0.045,    0.052,    0.054,    0.070,
        71,2020091912,   -0.045,   -0.046,   -0.048,    0.098,   -0.071,   -0.047,   -0.046,   -0.050,    0.097,   -0.076,    0.043,    0.030,    0.042,    0.054,    0.007,    0.043,    0.029,    0.042,    0.041,    0.007,
        71,2020091906,   -0.038,   -0.031,   -0.044,    0.089,   -0.024,   -0.042,   -0.030,   -0.049,    0.092,   -0.037,    0.053,    0.049,    0.050,    0.041,    0.070,    0.053,    0.048,    0.050,    0.038,    0.070,
        71,2020091900,   -0.043,   -0.027,   -0.048,    0.075,   -0.029,   -0.045,   -0.029,   -0.050,    0.078,   -0.030,    0.045,    0.040,    0.043,    0.045, -999.000,    0.045,    0.041,    0.043,    0.031, -999.000,
        71,2020091818,   -0.049,   -0.037,   -0.057,    0.104,   -0.049,   -0.047,   -0.032,   -0.059,    0.112,   -0.056,    0.050,    0.045,    0.043,    0.055,    0.065,    0.050,    0.045,    0.043,    0.050,    0.065,
        71,2020091812,   -0.046,   -0.044,   -0.050,    0.114,   -0.063,   -0.047,   -0.045,   -0.052,    0.119,   -0.062,    0.045,    0.031,    0.040,    0.052, -999.000,    0.045,    0.032,    0.040,    0.048, -999.000,
        71,2020091806,   -0.041,   -0.027,   -0.049,    0.086,   -0.063,   -0.043,   -0.026,   -0.053,    0.093,   -0.069,    0.052,    0.048,    0.048,    0.036,    0.039,    0.052,    0.047,    0.048,    0.031,    0.039,
        71,2020091800,   -0.047,   -0.032,   -0.053,    0.075, -999.000,   -0.047,   -0.030,   -0.055,    0.099, -999.000,    0.044,    0.040,    0.040,    0.048, -999.000,    0.044,    0.041,    0.040,    0.042, -999.000,
        71,2020091718,   -0.043,   -0.032,   -0.053,    0.112,    0.018,   -0.044,   -0.027,   -0.056,    0.122,    0.019,    0.052,    0.048,    0.043,    0.047,    0.134,    0.052,    0.047,    0.043,    0.048,    0.134,
        71,2020091712,   -0.045,   -0.046,   -0.049,    0.098,   -0.073,   -0.047,   -0.045,   -0.052,    0.098,   -0.067,    0.048,    0.031,    0.045,    0.046,    0.004,    0.048,    0.031,    0.045,    0.046,    0.004,
        71,2020091706,   -0.042,   -0.024,   -0.053,    0.103,   -0.065,   -0.044,   -0.024,   -0.056,    0.101,   -0.048,    0.052,    0.049,    0.046,    0.030,    0.034,    0.052,    0.050,    0.046,    0.029,    0.034,
        71,2020091700,   -0.043,   -0.034,   -0.047,    0.100,   -0.045,   -0.045,   -0.034,   -0.052,    0.110,   -0.046,    0.050,    0.043,    0.046,    0.044,    0.034,    0.050,    0.042,    0.046,    0.036,    0.034,
        71,2020091618,   -0.045,   -0.031,   -0.054,    0.094,   -0.053,   -0.045,   -0.029,   -0.057,    0.125,   -0.053,    0.049,    0.046,    0.042,    0.044,    0.068,    0.049,    0.047,    0.042,    0.036,    0.068,
        71,2020091612,   -0.045,   -0.048,   -0.048,    0.099,   -0.038,   -0.046,   -0.046,   -0.049,    0.111,   -0.041,    0.047,    0.032,    0.046,    0.044,    0.019,    0.047,    0.031,    0.046,    0.036,    0.019,
        71,2020091606,   -0.040,   -0.017,   -0.051,    0.100,   -0.073,   -0.042,   -0.020,   -0.054,    0.099,   -0.062,    0.055,    0.053,    0.049,    0.033,    0.028,    0.055,    0.054,    0.049,    0.033,    0.028,
        71,2020091600,   -0.042,   -0.042,   -0.045,    0.089,   -0.081,   -0.044,   -0.039,   -0.049,    0.110,   -0.081,    0.050,    0.041,    0.049,    0.049,    0.020,    0.050,    0.041,    0.049,    0.045,    0.020,
        71,2020091518,   -0.046,   -0.038,   -0.054,    0.105,   -0.088,   -0.046,   -0.034,   -0.058,    0.121,   -0.083,    0.051,    0.041,    0.043,    0.050,    0.008,    0.051,    0.040,    0.043,    0.044,    0.008,
        71,2020091512,   -0.043,   -0.049,   -0.045,    0.110,   -0.016,   -0.046,   -0.049,   -0.048,    0.125,   -0.035,    0.051,    0.029,    0.050,    0.046,    0.085,    0.051,    0.030,    0.050,    0.047,    0.085,
        71,2020091506,   -0.036,   -0.022,   -0.048,    0.107,    0.049,   -0.040,   -0.023,   -0.054,    0.104,    0.049,    0.059,    0.046,    0.053,    0.051,    0.093,    0.059,    0.048,    0.053,    0.050,    0.093,
        71,2020091500,   -0.042,   -0.036,   -0.045,    0.076,   -0.062,   -0.046,   -0.037,   -0.051,    0.087,   -0.062,    0.051,    0.041,    0.050,    0.044, -999.000,    0.051,    0.042,    0.050,    0.043, -999.000,
        71,2020091418,   -0.045,   -0.039,   -0.052,    0.109,   -0.040,   -0.045,   -0.037,   -0.057,    0.121,   -0.077,    0.052,    0.042,    0.045,    0.052,    0.092,    0.052,    0.041,    0.045,    0.052,    0.092,
        71,2020091412,   -0.042,   -0.043,   -0.045,    0.093,   -0.031,   -0.044,   -0.045,   -0.049,    0.103,   -0.029,    0.050,    0.033,    0.051,    0.054,    0.049,    0.050,    0.036,    0.051,    0.050,    0.049,
        71,2020091406,   -0.037,   -0.021,   -0.045,    0.092,   -0.019,   -0.040,   -0.022,   -0.050,    0.086,   -0.033,    0.055,    0.047,    0.051,    0.047,    0.094,    0.055,    0.049,    0.051,    0.044,    0.094,
        71,2020091400,   -0.043,   -0.026,   -0.048,    0.069,   -0.020,   -0.044,   -0.027,   -0.051,    0.092,   -0.012,    0.046,    0.042,    0.043,    0.040,    0.024,    0.046,    0.043,    0.043,    0.036,    0.024,
        71,2020091318,   -0.035,   -0.031,   -0.041,    0.087,   -0.041,   -0.037,   -0.029,   -0.047,    0.111,   -0.046,    0.059,    0.047,    0.056,    0.054,    0.051,    0.059,    0.049,    0.056,    0.054,    0.051,
        71,2020091312,   -0.040,   -0.044,   -0.043,    0.104,   -0.077,   -0.043,   -0.044,   -0.046,    0.104,   -0.071,    0.051,    0.036,    0.050,    0.050,    0.008,    0.051,    0.035,    0.050,    0.043,    0.008,
        71,2020091306,   -0.039,   -0.023,   -0.048,    0.097,   -0.064,   -0.041,   -0.023,   -0.052,    0.088, -999.000,    0.055,    0.048,    0.050,    0.058, -999.000,    0.055,    0.049,    0.050,    0.059, -999.000,
        71,2020091300,   -0.044,   -0.028,   -0.050,    0.075,    0.032,   -0.046,   -0.028,   -0.054,    0.083,    0.063,    0.047,    0.041,    0.043,    0.052, -999.000,    0.047,    0.042,    0.043,    0.039, -999.000,
        71,2020091218,   -0.037,   -0.037,   -0.040,    0.105,   -0.075,   -0.038,   -0.034,   -0.046,    0.109,   -0.078,    0.057,    0.045,    0.056,    0.052,    0.005,    0.057,    0.045,    0.056,    0.052,    0.005,
        71,2020091212,   -0.043,   -0.046,   -0.046,    0.094,   -0.063,   -0.047,   -0.047,   -0.050,    0.091,   -0.072,    0.045,    0.027,    0.045,    0.056,    0.013,    0.045,    0.029,    0.045,    0.050,    0.013,
        71,2020091206,   -0.036,   -0.022,   -0.045,    0.085,   -0.015,   -0.039,   -0.024,   -0.051,    0.083,   -0.017,    0.057,    0.049,    0.053,    0.050,    0.070,    0.057,    0.051,    0.053,    0.049,    0.070,
        71,2020091200,   -0.042,   -0.034,   -0.046,    0.085,   -0.029,   -0.045,   -0.035,   -0.050,    0.088,   -0.029,    0.048,    0.038,    0.045,    0.060,    0.089,    0.048,    0.039,    0.045,    0.054,    0.089,
        71,2020091118,   -0.044,   -0.037,   -0.050,    0.105,   -0.003,   -0.045,   -0.035,   -0.054,    0.122,    0.015,    0.052,    0.041,    0.050,    0.049,    0.072,    0.052,    0.041,    0.050,    0.048,    0.072,
        71,2020091112,   -0.038,   -0.042,   -0.040,    0.087,    0.006,   -0.041,   -0.043,   -0.045,    0.095,   -0.033,    0.049,    0.036,    0.048,    0.050,    0.088,    0.049,    0.037,    0.048,    0.048,    0.088,
        71,2020091106,   -0.037,   -0.022,   -0.045,    0.088,   -0.020,   -0.041,   -0.025,   -0.050,    0.094,   -0.020,    0.053,    0.046,    0.051,    0.056,    0.079,    0.053,    0.049,    0.051,    0.055,    0.079,
        71,2020091100,   -0.041,   -0.028,   -0.046,    0.088, -999.000,   -0.043,   -0.028,   -0.049,    0.084, -999.000,    0.046,    0.041,    0.042,    0.043, -999.000,    0.046,    0.044,    0.042,    0.040, -999.000,
        71,2020091018,   -0.043,   -0.035,   -0.049,    0.093,   -0.054,   -0.043,   -0.033,   -0.052,    0.109,   -0.049,    0.053,    0.042,    0.051,    0.046,    0.044,    0.053,    0.042,    0.051,    0.047,    0.044,
        71,2020091012,   -0.043,   -0.041,   -0.048,    0.097,   -0.034,   -0.045,   -0.041,   -0.051,    0.101,   -0.034,    0.047,    0.035,    0.045,    0.050,    0.018,    0.047,    0.035,    0.045,    0.044,    0.018,
        71,2020091006,   -0.042,   -0.028,   -0.050,    0.083,   -0.093,   -0.044,   -0.030,   -0.054,    0.090,   -0.083,    0.051,    0.044,    0.049,    0.041,    0.008,    0.051,    0.045,    0.049,    0.039,    0.008,
        71,2020091000,   -0.043,   -0.029,   -0.049,    0.088,    0.079,   -0.044,   -0.028,   -0.052,    0.095,    0.093,    0.048,    0.043,    0.044,    0.039,    0.036,    0.048,    0.044,    0.044,    0.035,    0.036,
        71,2020090918,   -0.040,   -0.033,   -0.047,    0.104,   -0.074,   -0.041,   -0.031,   -0.050,    0.108,   -0.071,    0.055,    0.047,    0.051,    0.043,    0.015,    0.055,    0.046,    0.051,    0.040,    0.015,
        71,2020090912,   -0.046,   -0.043,   -0.050,    0.104,   -0.056,   -0.047,   -0.043,   -0.053,    0.105,   -0.057,    0.046,    0.034,    0.044,    0.050,    0.003,    0.046,    0.034,    0.044,    0.044,    0.003,
        71,2020090906,   -0.040,   -0.029,   -0.046,    0.093,   -0.034,   -0.041,   -0.029,   -0.049,    0.091,   -0.079,    0.054,    0.049,    0.052,    0.046,    0.066,    0.054,    0.049,    0.052,    0.041,    0.066,
        71,2020090900,   -0.044,   -0.030,   -0.050,    0.081,   -0.014,   -0.046,   -0.031,   -0.053,    0.081,   -0.014,    0.049,    0.044,    0.046,    0.037,    0.095,    0.049,    0.045,    0.046,    0.039,    0.095,
        71,2020090818,   -0.042,   -0.039,   -0.045,    0.078,   -0.037,   -0.045,   -0.038,   -0.053,    0.106,   -0.025,    0.053,    0.044,    0.053,    0.050,    0.075,    0.053,    0.045,    0.053,    0.042,    0.075,
        71,2020090812,   -0.046,   -0.042,   -0.051,    0.091,   -0.010,   -0.047,   -0.043,   -0.052,    0.104,   -0.012,    0.045,    0.034,    0.043,    0.044, -999.000,    0.045,    0.036,    0.043,    0.040, -999.000,
        71,2020090806,   -0.040,   -0.026,   -0.048,    0.087,   -0.048,   -0.042,   -0.028,   -0.051,    0.092,   -0.045,    0.050,    0.046,    0.047,    0.052,    0.031,    0.050,    0.049,    0.047,    0.047,    0.031,
        71,2020090800,   -0.045,   -0.030,   -0.051,    0.080,   -0.080,   -0.046,   -0.029,   -0.054,    0.082,   -0.073,    0.047,    0.043,    0.042,    0.050, -999.000,    0.047,    0.044,    0.042,    0.051, -999.000,
        71,2020090718,   -0.043,   -0.038,   -0.048,    0.109,   -0.081,   -0.044,   -0.037,   -0.051,    0.113,   -0.080,    0.054,    0.042,    0.051,    0.046,    0.006,    0.054,    0.044,    0.051,    0.050,    0.006,
        71,2020090712,   -0.044,   -0.044,   -0.048,    0.102,   -0.018,   -0.046,   -0.043,   -0.050,    0.112,   -0.044,    0.046,    0.034,    0.045,    0.043,    0.033,    0.046,    0.034,    0.045,    0.045,    0.033,
        71,2020090706,   -0.039,   -0.026,   -0.047,    0.050,   -0.053,   -0.041,   -0.023,   -0.052,    0.063,   -0.051,    0.052,    0.048,    0.052,    0.049,    0.051,    0.052,    0.047,    0.052,    0.043,    0.051,
        71,2020090700,   -0.044,   -0.039,   -0.048,    0.076,   -0.079,   -0.046,   -0.038,   -0.052,    0.089,   -0.081,    0.049,    0.041,    0.047,    0.056,    0.008,    0.049,    0.041,    0.047,    0.053,    0.008,
        71,2020090618,   -0.041,   -0.035,   -0.049,    0.112,    0.000,   -0.043,   -0.033,   -0.054,    0.123,    0.024,    0.056,    0.046,    0.051,    0.041,    0.077,    0.056,    0.045,    0.051,    0.044,    0.077,
        71,2020090612,   -0.041,   -0.039,   -0.046,    0.101,   -0.010,   -0.044,   -0.039,   -0.049,    0.095,    0.003,    0.050,    0.037,    0.046,    0.055,    0.067,    0.050,    0.038,    0.046,    0.046,    0.067,
        71,2020090606,   -0.041,   -0.027,   -0.049,    0.080,   -0.054,   -0.043,   -0.026,   -0.054,    0.076,   -0.055,    0.053,    0.046,    0.052,    0.060,    0.034,    0.053,    0.046,    0.052,    0.057,    0.034,
        71,2020090600,   -0.038,   -0.036,   -0.041,    0.065,    0.029,   -0.039,   -0.033,   -0.043,    0.066,    0.048,    0.048,    0.040,    0.047,    0.056,    0.054,    0.048,    0.038,    0.047,    0.043,    0.054,
        71,2020090518,   -0.042,   -0.030,   -0.050,    0.101,   -0.035,   -0.044,   -0.029,   -0.055,    0.110,   -0.041,    0.054,    0.047,    0.050,    0.048,    0.057,    0.054,    0.047,    0.050,    0.052,    0.057,
        71,2020090512,   -0.042,   -0.042,   -0.046,    0.086,    0.072,   -0.044,   -0.043,   -0.048,    0.096,    0.060,    0.048,    0.033,    0.047,    0.053,    0.032,    0.048,    0.033,    0.047,    0.046,    0.032,
        71,2020090506,   -0.042,   -0.024,   -0.052,    0.077,   -0.043,   -0.045,   -0.025,   -0.057,    0.075,   -0.030,    0.052,    0.048,    0.047,    0.049,    0.079,    0.052,    0.049,    0.047,    0.044,    0.079,
        71,2020090500,   -0.041,   -0.038,   -0.044,    0.084,   -0.063,   -0.043,   -0.037,   -0.049,    0.101,   -0.062,    0.049,    0.039,    0.048,    0.047, -999.000,    0.049,    0.040,    0.048,    0.053, -999.000,
        71,2020090418,   -0.041,   -0.033,   -0.048,    0.118,   -0.073,   -0.042,   -0.032,   -0.052,    0.119,   -0.073,    0.054,    0.044,    0.050,    0.045,    0.003,    0.054,    0.045,    0.050,    0.044,    0.003,
        71,2020090412,   -0.038,   -0.042,   -0.040,    0.107,   -0.044,   -0.040,   -0.041,   -0.044,    0.109,   -0.043,    0.052,    0.036,    0.052,    0.045,    0.048,    0.052,    0.037,    0.052,    0.054,    0.048,
        71,2020090406,   -0.042,   -0.033,   -0.049,    0.077,   -0.021,   -0.044,   -0.032,   -0.054,    0.073,   -0.014,    0.051,    0.046,    0.049,    0.054,    0.083,    0.051,    0.046,    0.049,    0.047,    0.083,
        71,2020090400,   -0.042,   -0.036,   -0.047,    0.077,    0.023,   -0.044,   -0.035,   -0.052,    0.106,    0.023,    0.051,    0.040,    0.049,    0.058,    0.084,    0.051,    0.041,    0.049,    0.050,    0.084,
        71,2020090318,   -0.041,   -0.036,   -0.046,    0.104,   -0.021,   -0.039,   -0.035,   -0.048,    0.114,   -0.029,    0.053,    0.046,    0.049,    0.056,    0.058,    0.053,    0.046,    0.049,    0.052,    0.058,
        71,2020090312,   -0.042,   -0.044,   -0.046,    0.109,    0.037,   -0.044,   -0.042,   -0.049,    0.105,    0.035,    0.052,    0.038,    0.049,    0.054,    0.070,    0.052,    0.038,    0.049,    0.059,    0.070,
        71,2020090306,   -0.041,   -0.032,   -0.047,    0.075,   -0.033,   -0.041,   -0.031,   -0.051,    0.084,   -0.040,    0.053,    0.045,    0.051,    0.054,    0.063,    0.053,    0.045,    0.051,    0.059,    0.063,
        71,2020090300,   -0.039,   -0.031,   -0.045,    0.090,   -0.005,   -0.041,   -0.032,   -0.049,    0.104,   -0.003,    0.054,    0.041,    0.050,    0.054,    0.071,    0.054,    0.043,    0.050,    0.056,    0.071,
        71,2020090218,   -0.041,   -0.040,   -0.047,    0.105,   -0.032,   -0.039,   -0.038,   -0.051,    0.126,   -0.023,    0.054,    0.044,    0.049,    0.045,    0.061,    0.054,    0.044,    0.049,    0.049,    0.061,
        71,2020090212,   -0.037,   -0.038,   -0.042,    0.111, -999.000,   -0.040,   -0.040,   -0.046,    0.109, -999.000,    0.053,    0.037,    0.051,    0.040, -999.000,    0.053,    0.038,    0.051,    0.037, -999.000,
        71,2020090206,   -0.039,   -0.028,   -0.046,    0.061,   -0.061,   -0.040,   -0.028,   -0.049,    0.073,   -0.061,    0.050,    0.046,    0.049,    0.042,    0.034,    0.050,    0.047,    0.049,    0.030,    0.034,
        71,2020090200,   -0.038,   -0.033,   -0.044,    0.089,   -0.032,   -0.040,   -0.034,   -0.048,    0.095, -999.000,    0.054,    0.039,    0.051,    0.042, -999.000,    0.054,    0.040,    0.051,    0.045, -999.000,
        71,2020090118,   -0.041,   -0.040,   -0.048,    0.101,   -0.020,   -0.039,   -0.038,   -0.049,    0.111,   -0.054,    0.051,    0.043,    0.047,    0.038,    0.075,    0.051,    0.041,    0.047,    0.038,    0.075,
        71,2020090112,   -0.041,   -0.046,   -0.043,    0.083,   -0.054,   -0.042,   -0.046,   -0.046,    0.095,   -0.044,    0.049,    0.033,    0.049,    0.037,    0.018,    0.049,    0.034,    0.049,    0.030,    0.018,
        71,2020090106,   -0.042,   -0.028,   -0.053,    0.081,   -0.065,   -0.043,   -0.028,   -0.053,    0.084,   -0.063,    0.049,    0.045,    0.044,    0.031,    0.034,    0.049,    0.046,    0.044,    0.029,    0.034,
        71,2020090100,   -0.036,   -0.041,   -0.038,    0.075,   -0.062,   -0.039,   -0.042,   -0.043,    0.087,   -0.062,    0.052,    0.042,    0.051,    0.038,    0.026,    0.052,    0.043,    0.051,    0.030,    0.026,
        71,2020083118,   -0.044,   -0.037,   -0.052,    0.094,   -0.040,   -0.043,   -0.035,   -0.053,    0.102,   -0.040,    0.049,    0.045,    0.043,    0.040,    0.047,    0.049,    0.044,    0.043,    0.033,    0.047,
        71,2020083112,   -0.040,   -0.044,   -0.043,    0.087,    0.025,   -0.043,   -0.046,   -0.047,    0.090,    0.025,    0.051,    0.037,    0.051,    0.036,    0.079,    0.051,    0.038,    0.051,    0.032,    0.079,
        71,2020083106,   -0.036,   -0.019,   -0.047,    0.086,   -0.070,   -0.037,   -0.018,   -0.049,    0.079,   -0.071,    0.051,    0.046,    0.048,    0.027,    0.013,    0.051,    0.046,    0.048,    0.031,    0.013,
        71,2020083100,   -0.038,   -0.035,   -0.042,    0.072,   -0.038,   -0.038,   -0.032,   -0.045,    0.083,   -0.038,    0.052,    0.049,    0.050,    0.040,    0.073,    0.052,    0.047,    0.050,    0.027,    0.073,
        71,2020083018,   -0.042,   -0.032,   -0.049,    0.102,   -0.054,   -0.040,   -0.028,   -0.051,    0.106,   -0.076,    0.050,    0.047,    0.044,    0.042,    0.061,    0.050,    0.046,    0.044,    0.042,    0.061,
        71,2020083012,   -0.036,   -0.040,   -0.040,    0.094,    0.056,   -0.039,   -0.043,   -0.044,    0.094,    0.058,    0.053,    0.037,    0.051,    0.040, -999.000,    0.053,    0.041,    0.051,    0.040, -999.000,
        71,2020083006,   -0.031,   -0.021,   -0.045,    0.081,   -0.025,   -0.036,   -0.023,   -0.050,    0.081,   -0.023,    0.055,    0.045,    0.048,    0.039,    0.041,    0.055,    0.046,    0.048,    0.040,    0.041,
        71,2020083000,   -0.035,   -0.020,   -0.046,    0.061,    0.005,   -0.035,   -0.021,   -0.049,    0.065,   -0.016,    0.051,    0.048,    0.045,    0.033,    0.063,    0.051,    0.049,    0.045,    0.029,    0.063,
