       394,2020092000,   -0.126,   -0.032,   -0.160,    0.387, -999.000,   -0.179,   -0.010,   -0.231,    0.455, -999.000,    0.327,    0.341,    0.304,    0.394, -999.000,    0.327,    0.342,    0.304,    0.322, -999.000,
       394,2020091918,   -0.080,    0.048,   -0.145,    0.614,    0.294,   -0.132,    0.020,   -0.212,    0.647,    0.294,    0.392,    0.334,    0.348,    0.530,    0.112,    0.392,    0.350,    0.348,    0.518,    0.112,
       394,2020091912,   -0.142,   -0.162,   -0.166,    0.578,   -0.881,   -0.186,   -0.147,   -0.216,    0.602, -999.000,    0.328,    0.293,    0.303,    0.376, -999.000,    0.328,    0.286,    0.303,    0.321, -999.000,
       394,2020091906,   -0.037,    0.071,   -0.094,    0.508,    0.214,   -0.126,    0.017,   -0.188,    0.498,    0.001,    0.375,    0.410,    0.336,    0.299,    0.586,    0.375,    0.416,    0.336,    0.287,    0.586,
       394,2020091900,   -0.122,   -0.011,   -0.149,    0.377, -999.000,   -0.163,   -0.051,   -0.196,    0.445, -999.000,    0.317,    0.336,    0.302,    0.380, -999.000,    0.317,    0.334,    0.302,    0.263, -999.000,
       394,2020091818,   -0.110,    0.045,   -0.183,    0.554,   -0.174,   -0.141,    0.037,   -0.232,    0.585,   -0.459,    0.361,    0.365,    0.315,    0.471,    0.042,    0.361,    0.359,    0.315,    0.375,    0.042,
       394,2020091812,   -0.146,   -0.177,   -0.176,    0.646, -999.000,   -0.197,   -0.175,   -0.228,    0.722, -999.000,    0.348,    0.284,    0.311,    0.400, -999.000,    0.348,    0.303,    0.311,    0.358, -999.000,
       394,2020091806,   -0.086,    0.053,   -0.158,    0.524,   -0.226,   -0.147,   -0.003,   -0.227,    0.607,   -0.774,    0.363,    0.379,    0.325,    0.283,    0.054,    0.363,    0.365,    0.325,    0.278,    0.054,
       394,2020091800,   -0.134,   -0.034,   -0.169,    0.382, -999.000,   -0.169,   -0.021,   -0.219,    0.527, -999.000,    0.317,    0.286,    0.303,    0.381, -999.000,    0.317,    0.287,    0.303,    0.340, -999.000,
       394,2020091718,   -0.070,    0.090,   -0.181,    0.678, -999.000,   -0.133,    0.070,   -0.245,    0.758, -999.000,    0.388,    0.351,    0.314,    0.346, -999.000,    0.388,    0.360,    0.314,    0.367, -999.000,
       394,2020091712,   -0.130,   -0.175,   -0.148,    0.564, -999.000,   -0.166,   -0.185,   -0.185,    0.593, -999.000,    0.335,    0.257,    0.316,    0.348, -999.000,    0.335,    0.277,    0.316,    0.350, -999.000,
       394,2020091706,   -0.065,    0.104,   -0.151,    0.610,   -0.093,   -0.122,    0.054,   -0.219,    0.616,    0.043,    0.368,    0.336,    0.331,    0.322,    0.079,    0.368,    0.343,    0.331,    0.348,    0.079,
       394,2020091700,   -0.118,   -0.014,   -0.147,    0.516, -999.000,   -0.159,   -0.024,   -0.195,    0.661, -999.000,    0.318,    0.262,    0.305,    0.360, -999.000,    0.318,    0.257,    0.305,    0.240, -999.000,
       394,2020091618,   -0.105,    0.106,   -0.196,    0.538,    0.403,   -0.125,    0.082,   -0.233,    0.749,    0.507,    0.363,    0.358,    0.296,    0.428,    0.950,    0.363,    0.373,    0.296,    0.307,    0.950,
       394,2020091612,   -0.126,   -0.153,   -0.143,    0.495, -999.000,   -0.158,   -0.146,   -0.181,    0.603,   -0.371,    0.326,    0.305,    0.307,    0.390, -999.000,    0.326,    0.310,    0.307,    0.304, -999.000,
       394,2020091606,   -0.080,    0.091,   -0.163,    0.557,   -0.414,   -0.139,    0.035,   -0.228,    0.571,   -0.462,    0.373,    0.351,    0.325,    0.323,    0.317,    0.373,    0.371,    0.325,    0.313,    0.317,
       394,2020091600,   -0.095,    0.020,   -0.126,    0.490,   -0.225,   -0.141,    0.023,   -0.197,    0.663,   -0.227,    0.344,    0.283,    0.334,    0.366, -999.000,    0.344,    0.292,    0.334,    0.328, -999.000,
       394,2020091518,   -0.091,   -0.018,   -0.145,    0.601, -999.000,   -0.131,   -0.027,   -0.204,    0.731, -999.000,    0.347,    0.353,    0.302,    0.439, -999.000,    0.347,    0.339,    0.302,    0.352, -999.000,
       394,2020091512,   -0.093,   -0.102,   -0.131,    0.663,    0.604,   -0.157,   -0.118,   -0.201,    0.812,   -0.338,    0.363,    0.270,    0.333,    0.432, -999.000,    0.363,    0.296,    0.333,    0.396, -999.000,
       394,2020091506,   -0.025,    0.023,   -0.092,    0.607,    0.182,   -0.110,   -0.046,   -0.176,    0.636,    0.419,    0.398,    0.376,    0.348,    0.416,    0.322,    0.398,    0.396,    0.348,    0.419,    0.322,
       394,2020091500,   -0.106,    0.036,   -0.140,    0.325, -999.000,   -0.167,   -0.012,   -0.213,    0.439, -999.000,    0.339,    0.337,    0.328,    0.321, -999.000,    0.339,    0.326,    0.328,    0.335, -999.000,
       394,2020091418,   -0.070,    0.010,   -0.132,    0.637,   -0.367,   -0.106,   -0.018,   -0.186,    0.723,   -0.062,    0.365,    0.377,    0.304,    0.424, -999.000,    0.365,    0.362,    0.304,    0.413, -999.000,
       394,2020091412,   -0.101,   -0.049,   -0.133,    0.654, -999.000,   -0.156,   -0.087,   -0.202,    0.681, -999.000,    0.357,    0.309,    0.340,    0.369, -999.000,    0.357,    0.331,    0.340,    0.314, -999.000,
       394,2020091406,   -0.050,    0.056,   -0.097,    0.502, -999.000,   -0.114,    0.013,   -0.173,    0.455,   -0.127,    0.358,    0.374,    0.332,    0.359, -999.000,    0.358,    0.354,    0.332,    0.387, -999.000,
       394,2020091400,   -0.115,    0.060,   -0.157,    0.429,   -0.496,   -0.165,    0.031,   -0.219,    0.559,    0.121,    0.319,    0.303,    0.298,    0.274, -999.000,    0.319,    0.306,    0.298,    0.330, -999.000,
       394,2020091318,   -0.041,    0.028,   -0.097,    0.488,   -0.656,   -0.111,   -0.017,   -0.187,    0.661,   -0.524,    0.381,    0.405,    0.333,    0.369, -999.000,    0.381,    0.425,    0.333,    0.379, -999.000,
       394,2020091312,   -0.106,   -0.110,   -0.134,    0.616,    0.020,   -0.157,   -0.096,   -0.196,    0.586,    0.020,    0.354,    0.326,    0.328,    0.369, -999.000,    0.354,    0.331,    0.328,    0.355, -999.000,
       394,2020091306,   -0.056,    0.042,   -0.107,    0.411, -999.000,   -0.126,   -0.010,   -0.188,    0.401, -999.000,    0.365,    0.424,    0.325,    0.343, -999.000,    0.365,    0.411,    0.325,    0.413, -999.000,
       394,2020091300,   -0.107,   -0.039,   -0.136,    0.414, -999.000,   -0.155,   -0.015,   -0.199,    0.461, -999.000,    0.334,    0.278,    0.324,    0.402, -999.000,    0.334,    0.270,    0.324,    0.324, -999.000,
       394,2020091218,   -0.037,    0.010,   -0.085,    0.672,   -0.003,   -0.110,   -0.018,   -0.179,    0.575, -999.000,    0.391,    0.385,    0.350,    0.420, -999.000,    0.391,    0.407,    0.350,    0.383, -999.000,
       394,2020091212,   -0.128,   -0.160,   -0.144,    0.645,   -0.133,   -0.187,   -0.181,   -0.206,    0.600, -999.000,    0.322,    0.259,    0.302,    0.475, -999.000,    0.322,    0.272,    0.302,    0.385, -999.000,
       394,2020091206,   -0.049,    0.034,   -0.102,    0.563,    0.229,   -0.119,   -0.003,   -0.192,    0.549,    0.201,    0.398,    0.423,    0.363,    0.421,    0.269,    0.398,    0.430,    0.363,    0.354,    0.269,
       394,2020091200,   -0.130,   -0.016,   -0.163,    0.420,    0.328,   -0.182,    0.012,   -0.229,    0.448,   -0.642,    0.337,    0.290,    0.323,    0.413, -999.000,    0.337,    0.257,    0.323,    0.399, -999.000,
       394,2020091118,   -0.099,    0.040,   -0.168,    0.695, -999.000,   -0.166,    0.024,   -0.260,    0.731,    0.403,    0.394,    0.373,    0.349,    0.404, -999.000,    0.394,    0.380,    0.349,    0.400, -999.000,
       394,2020091112,   -0.104,   -0.106,   -0.132,    0.635,   -0.014,   -0.156,   -0.160,   -0.180,    0.625,   -0.185,    0.354,    0.330,    0.322,    0.374,    0.653,    0.354,    0.342,    0.322,    0.374,    0.653,
       394,2020091106,   -0.064,    0.071,   -0.119,    0.499,    0.253,   -0.155,   -0.034,   -0.204,    0.599,   -0.114,    0.384,    0.356,    0.356,    0.435, -999.000,    0.384,    0.408,    0.356,    0.372, -999.000,
       394,2020091100,   -0.129,    0.046,   -0.180,    0.532, -999.000,   -0.174,    0.045,   -0.236,    0.433, -999.000,    0.357,    0.324,    0.327,    0.386, -999.000,    0.357,    0.337,    0.327,    0.346, -999.000,
       394,2020091018,   -0.084,   -0.029,   -0.128,    0.593,    0.193,   -0.133,   -0.035,   -0.202,    0.666,   -0.044,    0.374,    0.352,    0.337,    0.389, -999.000,    0.374,    0.384,    0.337,    0.416, -999.000,
       394,2020091012,   -0.122,   -0.103,   -0.154,    0.662,   -0.307,   -0.168,   -0.109,   -0.210,    0.671,   -0.302,    0.340,    0.313,    0.309,    0.410,    0.429,    0.340,    0.316,    0.309,    0.366,    0.429,
       394,2020091006,   -0.086,    0.030,   -0.142,    0.421,   -0.422,   -0.158,   -0.050,   -0.220,    0.486,   -0.421,    0.364,    0.378,    0.332,    0.300, -999.000,    0.364,    0.391,    0.332,    0.319, -999.000,
       394,2020091000,   -0.108,    0.047,   -0.151,    0.470,    0.088,   -0.162,    0.040,   -0.229,    0.581, -999.000,    0.335,    0.307,    0.316,    0.340, -999.000,    0.335,    0.329,    0.316,    0.331, -999.000,
       394,2020090918,   -0.088,   -0.006,   -0.143,    0.584,   -0.403,   -0.137,   -0.028,   -0.198,    0.641,   -0.539,    0.373,    0.356,    0.336,    0.370,    0.297,    0.373,    0.357,    0.336,    0.351,    0.297,
       394,2020090912,   -0.142,   -0.065,   -0.197,    0.644, -999.000,   -0.182,   -0.081,   -0.240,    0.702, -999.000,    0.357,    0.319,    0.321,    0.442, -999.000,    0.357,    0.315,    0.321,    0.374, -999.000,
       394,2020090906,   -0.074,    0.040,   -0.125,    0.540,   -0.342,   -0.136,   -0.024,   -0.196,    0.521,   -0.347,    0.368,    0.377,    0.344,    0.345,    0.333,    0.368,    0.368,    0.344,    0.351,    0.333,
       394,2020090900,   -0.109,    0.036,   -0.150,    0.488,   -0.651,   -0.161,   -0.026,   -0.207,    0.510,   -0.810,    0.336,    0.312,    0.318,    0.287, -999.000,    0.336,    0.312,    0.318,    0.288, -999.000,
       394,2020090818,   -0.079,   -0.005,   -0.117,    0.521, -999.000,   -0.127,   -0.008,   -0.198,    0.684, -999.000,    0.361,    0.363,    0.337,    0.415, -999.000,    0.361,    0.376,    0.337,    0.339, -999.000,
       394,2020090812,   -0.119,   -0.106,   -0.157,    0.531, -999.000,   -0.149,   -0.120,   -0.187,    0.662, -999.000,    0.346,    0.311,    0.311,    0.458, -999.000,    0.346,    0.332,    0.311,    0.398, -999.000,
       394,2020090806,   -0.066,    0.042,   -0.123,    0.673,   -0.001,   -0.145,   -0.046,   -0.200,    0.627,    0.003,    0.390,    0.388,    0.342,    0.386, -999.000,    0.390,    0.436,    0.342,    0.370, -999.000,
       394,2020090800,   -0.118,   -0.029,   -0.153,    0.460,   -0.021,   -0.173,   -0.061,   -0.211,    0.468,   -0.404,    0.330,    0.299,    0.304,    0.480, -999.000,    0.330,    0.322,    0.304,    0.454, -999.000,
       394,2020090718,   -0.077,   -0.010,   -0.119,    0.664, -999.000,   -0.150,   -0.069,   -0.205,    0.741, -999.000,    0.388,    0.376,    0.357,    0.326, -999.000,    0.388,    0.384,    0.357,    0.412, -999.000,
       394,2020090712,   -0.147,   -0.140,   -0.176,    0.591, -999.000,   -0.189,   -0.135,   -0.230,    0.703, -999.000,    0.344,    0.298,    0.318,    0.429, -999.000,    0.344,    0.296,    0.318,    0.416, -999.000,
       394,2020090706,   -0.064,   -0.012,   -0.097,    0.382,   -0.341,   -0.123,   -0.000,   -0.191,    0.523,   -0.098,    0.376,    0.380,    0.356,    0.327,    0.293,    0.376,    0.395,    0.356,    0.367,    0.293,
       394,2020090700,   -0.111,    0.007,   -0.161,    0.531, -999.000,   -0.175,    0.007,   -0.235,    0.601, -999.000,    0.349,    0.274,    0.319,    0.457, -999.000,    0.349,    0.276,    0.319,    0.400, -999.000,
       394,2020090618,   -0.070,   -0.006,   -0.142,    0.716,    0.170,   -0.137,   -0.034,   -0.214,    0.785, -999.000,    0.398,    0.391,    0.342,    0.341, -999.000,    0.398,    0.384,    0.342,    0.378, -999.000,
       394,2020090612,   -0.097,   -0.095,   -0.138,    0.576,   -0.467,   -0.155,   -0.117,   -0.188,    0.529,   -0.450,    0.351,    0.271,    0.317,    0.474, -999.000,    0.351,    0.265,    0.317,    0.408, -999.000,
       394,2020090606,   -0.079,   -0.002,   -0.123,    0.390, -999.000,   -0.148,   -0.023,   -0.214,    0.360, -999.000,    0.370,    0.366,    0.340,    0.551, -999.000,    0.370,    0.398,    0.340,    0.460, -999.000,
       394,2020090600,   -0.110,   -0.010,   -0.146,    0.337,    0.686,   -0.137,    0.028,   -0.185,    0.351,    0.684,    0.347,    0.302,    0.340,    0.393, -999.000,    0.347,    0.275,    0.340,    0.304, -999.000,
       394,2020090518,   -0.103,   -0.020,   -0.155,    0.478, -999.000,   -0.150,   -0.048,   -0.220,    0.638, -999.000,    0.370,    0.360,    0.332,    0.412, -999.000,    0.370,    0.384,    0.332,    0.482, -999.000,
       394,2020090512,   -0.105,   -0.104,   -0.135,    0.467,    0.477,   -0.153,   -0.098,   -0.194,    0.578,    0.381,    0.342,    0.292,    0.318,    0.376,    0.151,    0.342,    0.321,    0.318,    0.379,    0.151,
       394,2020090506,   -0.076,    0.042,   -0.136,    0.430,    0.175,   -0.140,   -0.022,   -0.204,    0.533,    0.170,    0.364,    0.376,    0.329,    0.418, -999.000,    0.364,    0.388,    0.329,    0.367, -999.000,
       394,2020090500,   -0.077,    0.073,   -0.119,    0.509, -999.000,   -0.121,    0.063,   -0.194,    0.614, -999.000,    0.342,    0.320,    0.324,    0.397, -999.000,    0.342,    0.305,    0.324,    0.422, -999.000,
       394,2020090418,   -0.089,   -0.000,   -0.147,    0.759, -999.000,   -0.147,   -0.047,   -0.228,    0.771, -999.000,    0.384,    0.355,    0.338,    0.412, -999.000,    0.384,    0.374,    0.338,    0.402, -999.000,
       394,2020090412,   -0.083,   -0.041,   -0.125,    0.674,   -0.083,   -0.133,   -0.056,   -0.185,    0.655, -999.000,    0.365,    0.307,    0.338,    0.465, -999.000,    0.365,    0.295,    0.338,    0.472, -999.000,
       394,2020090406,   -0.073,    0.060,   -0.132,    0.457,   -0.040,   -0.144,   -0.025,   -0.213,    0.501,    0.168,    0.380,    0.412,    0.338,    0.461, -999.000,    0.380,    0.429,    0.338,    0.403, -999.000,
       394,2020090400,   -0.101,    0.030,   -0.133,    0.353,   -0.838,   -0.144,    0.013,   -0.203,    0.591, -999.000,    0.355,    0.305,    0.346,    0.486, -999.000,    0.355,    0.292,    0.346,    0.491, -999.000,
       394,2020090318,   -0.087,    0.009,   -0.137,    0.671,    0.057,   -0.115,   -0.007,   -0.186,    0.649,    0.024,    0.365,    0.344,    0.331,    0.471,    0.528,    0.365,    0.361,    0.331,    0.399,    0.528,
       394,2020090312,   -0.090,   -0.069,   -0.119,    0.590,    0.043,   -0.132,   -0.107,   -0.170,    0.625, -999.000,    0.361,    0.328,    0.334,    0.495,    0.636,    0.361,    0.336,    0.334,    0.518,    0.636,
       394,2020090306,   -0.094,   -0.033,   -0.128,    0.432,    0.320,   -0.125,   -0.051,   -0.188,    0.524,    0.320,    0.373,    0.383,    0.344,    0.408, -999.000,    0.373,    0.415,    0.344,    0.417, -999.000,
       394,2020090300,   -0.124,   -0.014,   -0.166,    0.496,   -0.470,   -0.160,   -0.039,   -0.224,    0.665, -999.000,    0.377,    0.315,    0.359,    0.383,    0.574,    0.377,    0.314,    0.359,    0.410,    0.574,
       394,2020090218,   -0.073,    0.014,   -0.159,    0.631,   -0.157,   -0.100,   -0.016,   -0.217,    0.778,   -0.157,    0.415,    0.416,    0.343,    0.426,    0.015,    0.415,    0.435,    0.343,    0.419,    0.015,
       394,2020090212,   -0.064,   -0.050,   -0.106,    0.730, -999.000,   -0.132,   -0.123,   -0.176,    0.763, -999.000,    0.383,    0.343,    0.346,    0.364, -999.000,    0.383,    0.352,    0.346,    0.349, -999.000,
       394,2020090206,   -0.083,    0.030,   -0.133,    0.329,   -0.623,   -0.120,   -0.028,   -0.187,    0.470,   -0.312,    0.394,    0.405,    0.366,    0.396,    0.254,    0.394,    0.433,    0.366,    0.293,    0.254,
       394,2020090200,   -0.090,   -0.055,   -0.124,    0.576, -999.000,   -0.141,   -0.064,   -0.195,    0.600, -999.000,    0.362,    0.308,    0.341,    0.382, -999.000,    0.362,    0.311,    0.341,    0.376, -999.000,
       394,2020090118,   -0.084,    0.020,   -0.175,    0.686,    0.795,   -0.118,   -0.027,   -0.233,    0.813,    0.346,    0.422,    0.437,    0.349,    0.371,    0.637,    0.422,    0.437,    0.349,    0.353,    0.637,
       394,2020090112,   -0.090,   -0.127,   -0.107,    0.519,   -0.664,   -0.141,   -0.175,   -0.169,    0.694,   -0.761,    0.367,    0.311,    0.354,    0.387, -999.000,    0.367,    0.328,    0.354,    0.334, -999.000,
       394,2020090106,   -0.072,    0.053,   -0.153,    0.636,   -0.057,   -0.132,   -0.012,   -0.214,    0.623,   -0.058,    0.410,    0.410,    0.342,    0.408, -999.000,    0.410,    0.457,    0.342,    0.364, -999.000,
       394,2020090100,   -0.082,    0.003,   -0.110,    0.399, -999.000,   -0.134,   -0.021,   -0.183,    0.455, -999.000,    0.372,    0.311,    0.367,    0.351, -999.000,    0.372,    0.329,    0.367,    0.338, -999.000,
       394,2020083118,   -0.099,    0.019,   -0.177,    0.653,    0.163,   -0.124,    0.002,   -0.216,    0.696,    0.106,    0.406,    0.422,    0.344,    0.423,    0.122,    0.406,    0.419,    0.344,    0.394,    0.122,
       394,2020083112,   -0.083,   -0.075,   -0.119,    0.518,    0.294,   -0.137,   -0.116,   -0.186,    0.590,    0.281,    0.404,    0.385,    0.379,    0.444,    0.195,    0.404,    0.401,    0.379,    0.389,    0.195,
       394,2020083106,   -0.072,    0.084,   -0.139,    0.571,   -0.856,   -0.125,    0.025,   -0.200,    0.426, -999.000,    0.409,    0.455,    0.363,    0.380, -999.000,    0.409,    0.442,    0.363,    0.424, -999.000,
       394,2020083100,   -0.109,    0.015,   -0.153,    0.368,    0.244,   -0.135,    0.037,   -0.210,    0.474,    0.027,    0.383,    0.371,    0.371,    0.424, -999.000,    0.383,    0.366,    0.371,    0.272, -999.000,
       394,2020083018,   -0.097,    0.052,   -0.182,    0.696,    0.375,   -0.128,   -0.012,   -0.221,    0.725, -999.000,    0.413,    0.424,    0.340,    0.476,    0.698,    0.413,    0.417,    0.340,    0.497,    0.698,
       394,2020083012,   -0.073,   -0.024,   -0.131,    0.685, -999.000,   -0.150,   -0.096,   -0.207,    0.635, -999.000,    0.420,    0.391,    0.371,    0.421, -999.000,    0.420,    0.415,    0.371,    0.433, -999.000,
       394,2020083006,   -0.031,    0.054,   -0.149,    0.572,   -0.262,   -0.124,   -0.033,   -0.212,    0.602,   -0.131,    0.442,    0.420,    0.381,    0.475,    0.544,    0.442,    0.387,    0.381,    0.458,    0.544,
       394,2020083000,   -0.193,   -0.583,   -0.194,    0.146,   -0.668,   -0.248,   -0.518,   -0.254,    0.197,   -0.664,    0.384,    0.264,    0.381,    0.432,    0.384,    0.384,    0.281,    0.381,    0.336,    0.384,
