       218,2020092000,    0.013,    0.082,    0.000,    0.077, -999.000,    0.014,    0.080,    0.000,    0.076, -999.000,    0.030,    0.020, -999.000,    0.009, -999.000,    0.030,    0.020, -999.000,    0.006, -999.000,
       218,2020091918,    0.014,    0.067,    0.000,    0.060,    0.065,    0.016,    0.064,    0.000,    0.059,    0.066,    0.028,    0.019, -999.000,    0.009,    0.007,    0.028,    0.017, -999.000,    0.008,    0.007,
       218,2020091912,    0.017,    0.081,    0.000,    0.063,    0.016,    0.018,    0.079,    0.000,    0.061, -999.000,    0.033,    0.021, -999.000,    0.008, -999.000,    0.033,    0.019, -999.000,    0.006, -999.000,
       218,2020091906,    0.009,    0.041,    0.000,    0.039,    0.028,    0.010,    0.041,    0.000,    0.037,    0.027,    0.018,    0.014, -999.000,    0.004,    0.019,    0.018,    0.013, -999.000,    0.004,    0.019,
       218,2020091900,    0.011,    0.081,    0.000,    0.075, -999.000,    0.012,    0.078,    0.000,    0.074, -999.000,    0.028,    0.019, -999.000,    0.008, -999.000,    0.028,    0.017, -999.000,    0.006, -999.000,
       218,2020091818,    0.019,    0.079,    0.000,    0.076,    0.025,    0.021,    0.080,    0.000,    0.073,    0.020,    0.036,    0.025, -999.000,    0.011,    0.003,    0.036,    0.025, -999.000,    0.011,    0.003,
       218,2020091812,    0.014,    0.085,    0.000,    0.064, -999.000,    0.016,    0.081,    0.000,    0.063, -999.000,    0.031,    0.020, -999.000,    0.008, -999.000,    0.031,    0.018, -999.000,    0.007, -999.000,
       218,2020091806,    0.013,    0.053,    0.000,    0.050,    0.032,    0.014,    0.049,    0.000,    0.049,    0.007,    0.024,    0.017, -999.000,    0.004,    0.016,    0.024,    0.015, -999.000,    0.003,    0.016,
       218,2020091800,    0.015,    0.088,    0.000,    0.087, -999.000,    0.016,    0.088,    0.000,    0.083, -999.000,    0.034,    0.020, -999.000,    0.010, -999.000,    0.034,    0.021, -999.000,    0.007, -999.000,
       218,2020091718,    0.029,    0.096,    0.000,    0.087, -999.000,    0.029,    0.095,    0.000,    0.084, -999.000,    0.046,    0.027, -999.000,    0.011, -999.000,    0.046,    0.027, -999.000,    0.010, -999.000,
       218,2020091712,    0.012,    0.070,    0.000,    0.054, -999.000,    0.013,    0.067,    0.000,    0.054, -999.000,    0.026,    0.018, -999.000,    0.007, -999.000,    0.026,    0.017, -999.000,    0.007, -999.000,
       218,2020091706,    0.009,    0.030,    0.000,    0.027,    0.017,    0.009,    0.029,    0.000,    0.027,    0.025,    0.014,    0.010, -999.000,    0.002,    0.014,    0.014,    0.009, -999.000,    0.002,    0.014,
       218,2020091700,    0.008,    0.069,    0.000,    0.068, -999.000,    0.009,    0.067,    0.000,    0.064, -999.000,    0.023,    0.016, -999.000,    0.008, -999.000,    0.023,    0.016, -999.000,    0.007, -999.000,
       218,2020091618,    0.020,    0.084,    0.000,    0.078,    0.058,    0.022,    0.083,    0.000,    0.069,    0.063,    0.037,    0.022, -999.000,    0.009,    0.036,    0.037,    0.022, -999.000,    0.008,    0.036,
       218,2020091612,    0.017,    0.078,    0.000,    0.067, -999.000,    0.019,    0.078,    0.000,    0.066,    0.047,    0.033,    0.023, -999.000,    0.008, -999.000,    0.033,    0.023, -999.000,    0.007, -999.000,
       218,2020091606,    0.004,    0.015,    0.000,    0.013,    0.005,    0.004,    0.015,    0.000,    0.013,    0.006,    0.007,    0.004, -999.000,    0.001,    0.004,    0.007,    0.004, -999.000,    0.001,    0.004,
       218,2020091600,    0.008,    0.055,    0.000,    0.058,    0.016,    0.009,    0.054,    0.000,    0.054,    0.016,    0.020,    0.016, -999.000,    0.007, -999.000,    0.020,    0.016, -999.000,    0.006, -999.000,
       218,2020091518,    0.011,    0.055,    0.000,    0.048, -999.000,    0.012,    0.053,    0.000,    0.045, -999.000,    0.023,    0.016, -999.000,    0.006, -999.000,    0.023,    0.015, -999.000,    0.006, -999.000,
       218,2020091512,    0.015,    0.063,    0.000,    0.051,    0.060,    0.015,    0.061,    0.000,    0.048,    0.048,    0.027,    0.018, -999.000,    0.007, -999.000,    0.027,    0.017, -999.000,    0.007, -999.000,
       218,2020091506,    0.002,    0.008,    0.000,    0.007,    0.006,    0.002,    0.008,    0.000,    0.007,    0.008,    0.004,    0.002, -999.000,    0.001,    0.003,    0.004,    0.002, -999.000,    0.001,    0.003,
       218,2020091500,    0.008,    0.052,    0.000,    0.050, -999.000,    0.009,    0.049,    0.000,    0.049, -999.000,    0.020,    0.016, -999.000,    0.005, -999.000,    0.020,    0.015, -999.000,    0.005, -999.000,
       218,2020091418,    0.010,    0.050,    0.000,    0.046,    0.034,    0.012,    0.048,    0.000,    0.044,    0.021,    0.021,    0.016, -999.000,    0.006, -999.000,    0.021,    0.015, -999.000,    0.006, -999.000,
       218,2020091412,    0.013,    0.064,    0.000,    0.050, -999.000,    0.015,    0.064,    0.000,    0.048, -999.000,    0.026,    0.017, -999.000,    0.006, -999.000,    0.026,    0.017, -999.000,    0.006, -999.000,
       218,2020091406,    0.001,    0.007,    0.000,    0.006, -999.000,    0.002,    0.007,    0.000,    0.006,    0.003,    0.003,    0.002, -999.000,    0.001, -999.000,    0.003,    0.002, -999.000,    0.001, -999.000,
       218,2020091400,    0.008,    0.053,    0.000,    0.050,    0.029,    0.010,    0.053,    0.000,    0.049,    0.045,    0.020,    0.015, -999.000,    0.005, -999.000,    0.020,    0.014, -999.000,    0.005, -999.000,
       218,2020091318,    0.010,    0.040,    0.000,    0.037,    0.012,    0.011,    0.039,    0.000,    0.035,    0.013,    0.018,    0.010, -999.000,    0.004, -999.000,    0.018,    0.010, -999.000,    0.004, -999.000,
       218,2020091312,    0.015,    0.076,    0.000,    0.058,    0.039,    0.016,    0.074,    0.000,    0.057,    0.038,    0.030,    0.017, -999.000,    0.008, -999.000,    0.030,    0.016, -999.000,    0.007, -999.000,
       218,2020091306,    0.007,    0.027,    0.000,    0.022, -999.000,    0.007,    0.026,    0.000,    0.023, -999.000,    0.012,    0.008, -999.000,    0.003, -999.000,    0.012,    0.007, -999.000,    0.003, -999.000,
       218,2020091300,    0.010,    0.067,    0.000,    0.065, -999.000,    0.012,    0.067,    0.000,    0.062, -999.000,    0.024,    0.018, -999.000,    0.008, -999.000,    0.024,    0.019, -999.000,    0.007, -999.000,
       218,2020091218,    0.016,    0.066,    0.000,    0.061,    0.030,    0.018,    0.063,    0.000,    0.061, -999.000,    0.030,    0.020, -999.000,    0.008, -999.000,    0.030,    0.020, -999.000,    0.006, -999.000,
       218,2020091212,    0.016,    0.068,    0.000,    0.053, -999.000,    0.017,    0.068,    0.000,    0.051, -999.000,    0.029,    0.016, -999.000,    0.006, -999.000,    0.029,    0.015, -999.000,    0.006, -999.000,
       218,2020091206,    0.002,    0.006,    0.000,    0.005,    0.005,    0.002,    0.006,    0.000,    0.005,    0.005,    0.003,    0.002, -999.000,    0.001,    0.001,    0.003,    0.002, -999.000,    0.001,    0.001,
       218,2020091200,    0.006,    0.047,    0.000,    0.046,    0.051,    0.007,    0.046,    0.000,    0.046,    0.028,    0.016,    0.012, -999.000,    0.007, -999.000,    0.016,    0.011, -999.000,    0.006, -999.000,
       218,2020091118,    0.012,    0.050,    0.000,    0.045, -999.000,    0.013,    0.048,    0.000,    0.043,    0.058,    0.022,    0.015, -999.000,    0.005, -999.000,    0.022,    0.014, -999.000,    0.004, -999.000,
       218,2020091112,    0.010,    0.051,    0.000,    0.039,    0.041,    0.013,    0.049,    0.000,    0.038,    0.039,    0.021,    0.013, -999.000,    0.005,    0.009,    0.021,    0.012, -999.000,    0.004,    0.009,
       218,2020091106,   -0.003,   -0.014,    0.000,   -0.012,   -0.014,   -0.003,   -0.013,    0.000,   -0.011,   -0.008,    0.006,    0.004, -999.000,    0.002, -999.000,    0.006,    0.004, -999.000,    0.002, -999.000,
       218,2020091100,    0.004,    0.026,    0.000,    0.024, -999.000,    0.005,    0.025,    0.000,    0.024, -999.000,    0.010,    0.006, -999.000,    0.003, -999.000,    0.010,    0.006, -999.000,    0.003, -999.000,
       218,2020091018,    0.003,    0.015,    0.000,    0.014,    0.015,    0.003,    0.015,    0.000,    0.014,    0.012,    0.006,    0.004, -999.000,    0.002, -999.000,    0.006,    0.004, -999.000,    0.002, -999.000,
       218,2020091012,    0.001,    0.004,    0.000,    0.004,    0.003,    0.001,    0.005,    0.000,    0.004,    0.003,    0.002,    0.001, -999.000,    0.000,    0.000,    0.002,    0.001, -999.000,    0.000,    0.000,
       218,2020091006,   -0.014,   -0.051,    0.000,   -0.047,   -0.013,   -0.015,   -0.049,    0.000,   -0.045,   -0.013,    0.024,    0.017, -999.000,    0.005, -999.000,    0.024,    0.017, -999.000,    0.005, -999.000,
       218,2020091000,    0.002,    0.012,    0.000,    0.012,    0.013,    0.003,    0.012,    0.000,    0.011, -999.000,    0.005,    0.003, -999.000,    0.001, -999.000,    0.005,    0.003, -999.000,    0.001, -999.000,
       218,2020090918,    0.002,    0.009,    0.000,    0.008,    0.003,    0.002,    0.009,    0.000,    0.009,    0.003,    0.004,    0.002, -999.000,    0.001,    0.001,    0.004,    0.003, -999.000,    0.001,    0.001,
       218,2020090912,    0.000,    0.001,    0.000,    0.001, -999.000,    0.000,    0.001,    0.000,    0.001, -999.000,    0.001,    0.000, -999.000,    0.000, -999.000,    0.001,    0.000, -999.000,    0.000, -999.000,
       218,2020090906,   -0.008,   -0.036,    0.000,   -0.031,   -0.011,   -0.009,   -0.035,    0.000,   -0.031,   -0.011,    0.016,    0.011, -999.000,    0.003,    0.006,    0.016,    0.010, -999.000,    0.004,    0.006,
       218,2020090900,    0.005,    0.029,    0.000,    0.026,    0.012,    0.005,    0.027,    0.000,    0.026,    0.011,    0.011,    0.009, -999.000,    0.003, -999.000,    0.011,    0.008, -999.000,    0.003, -999.000,
       218,2020090818,    0.008,    0.036,    0.000,    0.034, -999.000,    0.009,    0.035,    0.000,    0.032, -999.000,    0.015,    0.010, -999.000,    0.004, -999.000,    0.015,    0.010, -999.000,    0.004, -999.000,
       218,2020090812,    0.005,    0.022,    0.000,    0.019, -999.000,    0.005,    0.022,    0.000,    0.018, -999.000,    0.009,    0.006, -999.000,    0.002, -999.000,    0.009,    0.006, -999.000,    0.002, -999.000,
       218,2020090806,   -0.015,   -0.061,    0.000,   -0.051,   -0.055,   -0.017,   -0.059,    0.000,   -0.050,   -0.054,    0.027,    0.018, -999.000,    0.006, -999.000,    0.027,    0.017, -999.000,    0.005, -999.000,
       218,2020090800,   -0.002,   -0.014,    0.000,   -0.012,   -0.005,   -0.002,   -0.013,    0.000,   -0.013,   -0.005,    0.005,    0.004, -999.000,    0.001, -999.000,    0.005,    0.004, -999.000,    0.001, -999.000,
       218,2020090718,    0.001,    0.004,    0.000,    0.004, -999.000,    0.001,    0.004,    0.000,    0.004, -999.000,    0.002,    0.001, -999.000,    0.001, -999.000,    0.002,    0.001, -999.000,    0.001, -999.000,
       218,2020090712,   -0.004,   -0.023,    0.000,   -0.018, -999.000,   -0.005,   -0.023,    0.000,   -0.018, -999.000,    0.009,    0.006, -999.000,    0.002, -999.000,    0.009,    0.006, -999.000,    0.002, -999.000,
       218,2020090706,   -0.025,   -0.087,    0.000,   -0.079,   -0.057,   -0.027,   -0.087,    0.000,   -0.078,   -0.069,    0.041,    0.024, -999.000,    0.008,    0.036,    0.041,    0.024, -999.000,    0.008,    0.036,
       218,2020090700,   -0.006,   -0.037,    0.000,   -0.035, -999.000,   -0.006,   -0.035,    0.000,   -0.034, -999.000,    0.014,    0.010, -999.000,    0.004, -999.000,    0.014,    0.009, -999.000,    0.004, -999.000,
       218,2020090618,   -0.016,   -0.057,    0.000,   -0.050,   -0.066,   -0.015,   -0.055,    0.000,   -0.048, -999.000,    0.026,    0.017, -999.000,    0.007, -999.000,    0.026,    0.016, -999.000,    0.007, -999.000,
       218,2020090612,   -0.014,   -0.073,    0.000,   -0.056,   -0.049,   -0.015,   -0.072,    0.000,   -0.055,   -0.048,    0.028,    0.015, -999.000,    0.006, -999.000,    0.028,    0.015, -999.000,    0.006, -999.000,
       218,2020090606,   -0.032,   -0.116,    0.000,   -0.096, -999.000,   -0.033,   -0.109,    0.000,   -0.096, -999.000,    0.054,    0.033, -999.000,    0.013, -999.000,    0.054,    0.030, -999.000,    0.012, -999.000,
       218,2020090600,   -0.007,   -0.045,    0.000,   -0.044,   -0.053,   -0.008,   -0.043,    0.000,   -0.043,   -0.052,    0.017,    0.011, -999.000,    0.004, -999.000,    0.017,    0.010, -999.000,    0.004, -999.000,
       218,2020090518,   -0.019,   -0.074,    0.000,   -0.063, -999.000,   -0.020,   -0.072,    0.000,   -0.063, -999.000,    0.033,    0.019, -999.000,    0.008, -999.000,    0.033,    0.021, -999.000,    0.009, -999.000,
       218,2020090512,   -0.020,   -0.101,    0.000,   -0.092,   -0.095,   -0.022,   -0.099,    0.000,   -0.088,   -0.093,    0.042,    0.029, -999.000,    0.011,    0.006,    0.042,    0.031, -999.000,    0.009,    0.006,
       218,2020090506,   -0.043,   -0.161,    0.000,   -0.131,   -0.135,   -0.042,   -0.156,    0.000,   -0.129,   -0.135,    0.074,    0.049, -999.000,    0.018, -999.000,    0.074,    0.043, -999.000,    0.014, -999.000,
       218,2020090500,   -0.014,   -0.083,    0.000,   -0.075, -999.000,   -0.017,   -0.079,    0.000,   -0.075, -999.000,    0.032,    0.022, -999.000,    0.011, -999.000,    0.032,    0.020, -999.000,    0.009, -999.000,
       218,2020090418,   -0.027,   -0.120,    0.000,   -0.103, -999.000,   -0.031,   -0.116,    0.000,   -0.102, -999.000,    0.051,    0.035, -999.000,    0.014, -999.000,    0.051,    0.031, -999.000,    0.013, -999.000,
       218,2020090412,   -0.030,   -0.144,    0.000,   -0.117,   -0.121,   -0.034,   -0.141,    0.000,   -0.115, -999.000,    0.060,    0.040, -999.000,    0.015, -999.000,    0.060,    0.039, -999.000,    0.016, -999.000,
       218,2020090406,   -0.045,   -0.189,    0.000,   -0.158,   -0.078,   -0.052,   -0.176,    0.000,   -0.158,   -0.131,    0.085,    0.063, -999.000,    0.014, -999.000,    0.085,    0.062, -999.000,    0.015, -999.000,
       218,2020090400,   -0.018,   -0.121,    0.000,   -0.109,   -0.017,   -0.023,   -0.115,    0.000,   -0.103, -999.000,    0.045,    0.033, -999.000,    0.013, -999.000,    0.045,    0.030, -999.000,    0.012, -999.000,
       218,2020090318,   -0.032,   -0.135,    0.000,   -0.125,   -0.114,   -0.036,   -0.133,    0.000,   -0.120,   -0.100,    0.060,    0.041, -999.000,    0.014,    0.062,    0.060,    0.040, -999.000,    0.015,    0.062,
       218,2020090312,   -0.038,   -0.191,    0.000,   -0.145,   -0.148,   -0.043,   -0.184,    0.000,   -0.147, -999.000,    0.077,    0.051, -999.000,    0.015,    0.025,    0.077,    0.047, -999.000,    0.017,    0.025,
       218,2020090306,   -0.051,   -0.207,    0.000,   -0.185,   -0.206,   -0.064,   -0.202,    0.000,   -0.182,   -0.206,    0.095,    0.072, -999.000,    0.017, -999.000,    0.095,    0.072, -999.000,    0.017, -999.000,
       218,2020090300,   -0.026,   -0.150,    0.000,   -0.143,   -0.056,   -0.029,   -0.145,    0.000,   -0.136, -999.000,    0.058,    0.039, -999.000,    0.014,    0.049,    0.058,    0.036, -999.000,    0.015,    0.049,
       218,2020090218,   -0.041,   -0.137,    0.000,   -0.129,   -0.095,   -0.044,   -0.130,    0.000,   -0.122,   -0.097,    0.066,    0.042, -999.000,    0.011,    0.041,    0.066,    0.041, -999.000,    0.011,    0.041,
       218,2020090212,   -0.036,   -0.195,    0.000,   -0.151, -999.000,   -0.040,   -0.187,    0.000,   -0.152, -999.000,    0.075,    0.047, -999.000,    0.014, -999.000,    0.075,    0.043, -999.000,    0.015, -999.000,
       218,2020090206,   -0.064,   -0.237,    0.000,   -0.208,   -0.080,   -0.072,   -0.224,    0.000,   -0.199,   -0.075,    0.111,    0.080, -999.000,    0.017,    0.059,    0.111,    0.076, -999.000,    0.017,    0.059,
       218,2020090200,   -0.026,   -0.153,    0.000,   -0.154, -999.000,   -0.029,   -0.148,    0.000,   -0.149, -999.000,    0.060,    0.038, -999.000,    0.016, -999.000,    0.060,    0.037, -999.000,    0.017, -999.000,
       218,2020090118,   -0.040,   -0.139,    0.000,   -0.129,   -0.159,   -0.041,   -0.133,    0.000,   -0.124,   -0.154,    0.065,    0.044, -999.000,    0.013,    0.006,    0.065,    0.043, -999.000,    0.012,    0.006,
       218,2020090112,   -0.030,   -0.183,    0.000,   -0.158,   -0.094,   -0.036,   -0.182,    0.000,   -0.154,   -0.103,    0.069,    0.054, -999.000,    0.015, -999.000,    0.069,    0.053, -999.000,    0.012, -999.000,
       218,2020090106,   -0.060,   -0.222,    0.000,   -0.198,   -0.100,   -0.063,   -0.209,    0.000,   -0.198,   -0.111,    0.103,    0.077, -999.000,    0.013, -999.000,    0.103,    0.072, -999.000,    0.014, -999.000,
       218,2020090100,   -0.023,   -0.150,    0.000,   -0.158, -999.000,   -0.027,   -0.148,    0.000,   -0.152, -999.000,    0.057,    0.043, -999.000,    0.016, -999.000,    0.057,    0.043, -999.000,    0.011, -999.000,
       218,2020083118,   -0.039,   -0.166,    0.000,   -0.153,   -0.183,   -0.043,   -0.156,    0.000,   -0.153,   -0.146,    0.074,    0.051, -999.000,    0.018,    0.000,    0.074,    0.052, -999.000,    0.015,    0.000,
       218,2020083112,   -0.049,   -0.211,    0.000,   -0.182,   -0.217,   -0.055,   -0.211,    0.000,   -0.179,   -0.222,    0.092,    0.065, -999.000,    0.019,    0.011,    0.092,    0.064, -999.000,    0.016,    0.011,
       218,2020083106,   -0.056,   -0.233,    0.000,   -0.206,   -0.032,   -0.064,   -0.225,    0.000,   -0.209, -999.000,    0.105,    0.080, -999.000,    0.015, -999.000,    0.105,    0.076, -999.000,    0.018, -999.000,
       218,2020083100,   -0.022,   -0.116,    0.000,   -0.114,   -0.131,   -0.026,   -0.112,    0.000,   -0.110,   -0.085,    0.047,    0.035, -999.000,    0.012, -999.000,    0.047,    0.034, -999.000,    0.009, -999.000,
       218,2020083018,   -0.026,   -0.108,    0.000,   -0.099,   -0.039,   -0.028,   -0.100,    0.000,   -0.094, -999.000,    0.047,    0.033, -999.000,    0.013, -999.000,    0.047,    0.029, -999.000,    0.013, -999.000,
       218,2020083012,   -0.014,   -0.065,    0.000,   -0.054, -999.000,   -0.015,   -0.064,    0.000,   -0.053, -999.000,    0.027,    0.019, -999.000,    0.007, -999.000,    0.027,    0.018, -999.000,    0.007, -999.000,
       218,2020083006,    0.002,    0.005,    0.000,    0.004,    0.004,    0.002,    0.005,    0.000,    0.004,    0.004,    0.002,    0.002, -999.000,    0.000,    0.002,    0.002,    0.001, -999.000,    0.000,    0.002,
       218,2020083000,    0.000, -999.000,    0.000, -999.000, -999.000,    0.000, -999.000,    0.000, -999.000, -999.000, -999.000, -999.000, -999.000, -999.000, -999.000, -999.000, -999.000, -999.000, -999.000, -999.000,
