       195,2020092000,    0.008,    0.008,    0.008,    0.014, -999.000,    0.011,    0.007,    0.011,    0.014, -999.000,    0.012,    0.009,    0.013,    0.001, -999.000,    0.012,    0.012,    0.013,    0.001, -999.000,
       195,2020091918,    0.012,    0.012,    0.012,    0.014,    0.006,    0.016,    0.013,    0.017,    0.014,    0.006,    0.018,    0.020,    0.018,    0.002,    0.000,    0.018,    0.020,    0.018,    0.001,    0.000,
       195,2020091912,    0.008,    0.008,    0.008,    0.013,    0.049,    0.010,    0.010,    0.010,    0.013, -999.000,    0.014,    0.019,    0.014,    0.001, -999.000,    0.014,    0.015,    0.014,    0.002, -999.000,
       195,2020091906,    0.013,    0.013,    0.013,    0.013,    0.021,    0.018,    0.013,    0.019,    0.013,    0.019,    0.021,    0.025,    0.020,    0.001,    0.016,    0.021,    0.027,    0.020,    0.001,    0.016,
       195,2020091900,    0.007,    0.007,    0.006,    0.013, -999.000,    0.008,    0.006,    0.008,    0.013, -999.000,    0.011,    0.007,    0.011,    0.001, -999.000,    0.011,    0.012,    0.011,    0.001, -999.000,
       195,2020091818,    0.016,    0.016,    0.016,    0.013,    0.038,    0.020,    0.014,    0.022,    0.013,    0.078,    0.022,    0.022,    0.021,    0.002,    0.006,    0.022,    0.026,    0.021,    0.002,    0.006,
       195,2020091812,    0.008,    0.008,    0.008,    0.013, -999.000,    0.009,    0.009,    0.009,    0.013, -999.000,    0.012,    0.017,    0.012,    0.001, -999.000,    0.012,    0.014,    0.012,    0.001, -999.000,
       195,2020091806,    0.012,    0.010,    0.013,    0.013,    0.019,    0.016,    0.012,    0.017,    0.013,    0.159,    0.018,    0.021,    0.019,    0.001,    0.024,    0.018,    0.016,    0.019,    0.001,    0.024,
       195,2020091800,    0.008,    0.006,    0.008,    0.013, -999.000,    0.010,    0.006,    0.011,    0.014, -999.000,    0.013,    0.007,    0.013,    0.001, -999.000,    0.013,    0.006,    0.013,    0.001, -999.000,
       195,2020091718,    0.013,    0.010,    0.013,    0.014, -999.000,    0.016,    0.011,    0.019,    0.013, -999.000,    0.019,    0.016,    0.020,    0.002, -999.000,    0.019,    0.017,    0.020,    0.001, -999.000,
       195,2020091712,    0.007,    0.010,    0.007,    0.013, -999.000,    0.009,    0.010,    0.008,    0.013, -999.000,    0.012,    0.015,    0.011,    0.001, -999.000,    0.012,    0.017,    0.011,    0.001, -999.000,
       195,2020091706,    0.013,    0.009,    0.014,    0.013,    0.025,    0.016,    0.010,    0.019,    0.012,    0.002,    0.018,    0.016,    0.019,    0.001,    0.035,    0.018,    0.015,    0.019,    0.001,    0.035,
       195,2020091700,    0.007,    0.006,    0.007,    0.013, -999.000,    0.008,    0.005,    0.009,    0.013, -999.000,    0.011,    0.008,    0.011,    0.001, -999.000,    0.011,    0.011,    0.011,    0.001, -999.000,
       195,2020091618,    0.011,    0.010,    0.011,    0.013,    0.018,    0.015,    0.009,    0.017,    0.014,    0.015,    0.017,    0.013,    0.017,    0.001,    0.008,    0.017,    0.017,    0.017,    0.001,    0.008,
       195,2020091612,    0.008,    0.010,    0.008,    0.013, -999.000,    0.010,    0.011,    0.009,    0.013,    0.015,    0.013,    0.016,    0.012,    0.002, -999.000,    0.013,    0.017,    0.012,    0.001, -999.000,
       195,2020091606,    0.013,    0.009,    0.015,    0.013,    0.078,    0.017,    0.010,    0.019,    0.013,    0.073,    0.019,    0.020,    0.019,    0.001,    0.065,    0.019,    0.017,    0.019,    0.001,    0.065,
       195,2020091600,    0.008,    0.007,    0.008,    0.013,    0.068,    0.009,    0.007,    0.009,    0.014,    0.070,    0.012,    0.011,    0.012,    0.002, -999.000,    0.012,    0.009,    0.012,    0.002, -999.000,
       195,2020091518,    0.011,    0.009,    0.011,    0.013, -999.000,    0.015,    0.010,    0.016,    0.013, -999.000,    0.016,    0.015,    0.016,    0.002, -999.000,    0.016,    0.017,    0.016,    0.002, -999.000,
       195,2020091512,    0.008,    0.009,    0.008,    0.014,    0.011,    0.010,    0.010,    0.010,    0.014,    0.003,    0.013,    0.017,    0.013,    0.001, -999.000,    0.013,    0.017,    0.013,    0.001, -999.000,
       195,2020091506,    0.012,    0.009,    0.013,    0.014,    0.020,    0.015,    0.010,    0.017,    0.014,    0.003,    0.017,    0.021,    0.018,    0.002,    0.023,    0.017,    0.016,    0.018,    0.002,    0.023,
       195,2020091500,    0.009,    0.009,    0.009,    0.013, -999.000,    0.011,    0.010,    0.011,    0.014, -999.000,    0.014,    0.016,    0.014,    0.002, -999.000,    0.014,    0.014,    0.014,    0.002, -999.000,
       195,2020091418,    0.013,    0.016,    0.013,    0.015,    0.000,    0.017,    0.018,    0.017,    0.015,    0.036,    0.020,    0.028,    0.018,    0.002, -999.000,    0.020,    0.028,    0.018,    0.002, -999.000,
       195,2020091412,    0.011,    0.010,    0.011,    0.015, -999.000,    0.013,    0.010,    0.013,    0.015, -999.000,    0.017,    0.020,    0.016,    0.002, -999.000,    0.017,    0.021,    0.016,    0.002, -999.000,
       195,2020091406,    0.011,    0.008,    0.012,    0.015, -999.000,    0.014,    0.010,    0.015,    0.015,    0.043,    0.015,    0.021,    0.015,    0.001, -999.000,    0.015,    0.017,    0.015,    0.001, -999.000,
       195,2020091400,    0.009,    0.007,    0.009,    0.015,    0.034,    0.012,    0.008,    0.012,    0.015,    0.022,    0.014,    0.009,    0.015,    0.001, -999.000,    0.014,    0.007,    0.015,    0.001, -999.000,
       195,2020091318,    0.015,    0.011,    0.016,    0.015,    0.012,    0.018,    0.011,    0.021,    0.016,    0.042,    0.021,    0.017,    0.023,    0.002,    0.001,    0.021,    0.018,    0.023,    0.002,    0.001,
       195,2020091312,    0.009,    0.009,    0.009,    0.015,    0.001,    0.011,    0.011,    0.011,    0.016,    0.001,    0.014,    0.018,    0.014,    0.001, -999.000,    0.014,    0.016,    0.014,    0.001, -999.000,
       195,2020091306,    0.013,    0.008,    0.015,    0.016, -999.000,    0.017,    0.011,    0.020,    0.016, -999.000,    0.020,    0.024,    0.022,    0.001, -999.000,    0.020,    0.015,    0.022,    0.001, -999.000,
       195,2020091300,    0.010,    0.009,    0.009,    0.015, -999.000,    0.011,    0.008,    0.011,    0.016, -999.000,    0.016,    0.011,    0.017,    0.002, -999.000,    0.016,    0.013,    0.017,    0.002, -999.000,
       195,2020091218,    0.017,    0.017,    0.017,    0.016,    0.019,    0.021,    0.017,    0.023,    0.015, -999.000,    0.025,    0.025,    0.024,    0.002, -999.000,    0.025,    0.031,    0.024,    0.001, -999.000,
       195,2020091212,    0.009,    0.009,    0.008,    0.016,    0.000,    0.011,    0.011,    0.011,    0.016, -999.000,    0.013,    0.020,    0.013,    0.001, -999.000,    0.013,    0.017,    0.013,    0.001, -999.000,
       195,2020091206,    0.015,    0.013,    0.016,    0.016,    0.011,    0.018,    0.013,    0.020,    0.016,    0.007,    0.023,    0.024,    0.023,    0.001,    0.005,    0.023,    0.023,    0.023,    0.001,    0.005,
       195,2020091200,    0.009,    0.008,    0.009,    0.016,    0.005,    0.012,    0.010,    0.012,    0.016,    0.009,    0.014,    0.021,    0.015,    0.002, -999.000,    0.014,    0.012,    0.015,    0.002, -999.000,
       195,2020091118,    0.017,    0.012,    0.018,    0.016, -999.000,    0.024,    0.014,    0.028,    0.016,    0.012,    0.025,    0.023,    0.026,    0.002, -999.000,    0.025,    0.021,    0.026,    0.001, -999.000,
       195,2020091112,    0.009,    0.009,    0.009,    0.016,    0.010,    0.011,    0.011,    0.011,    0.016,    0.006,    0.014,    0.025,    0.013,    0.002,    0.006,    0.014,    0.018,    0.013,    0.001,    0.006,
       195,2020091106,    0.017,    0.010,    0.019,    0.016,    0.011,    0.022,    0.009,    0.026,    0.016,    0.037,    0.024,    0.019,    0.024,    0.002, -999.000,    0.024,    0.020,    0.024,    0.002, -999.000,
       195,2020091100,    0.009,    0.007,    0.009,    0.016, -999.000,    0.011,    0.007,    0.012,    0.016, -999.000,    0.014,    0.008,    0.014,    0.002, -999.000,    0.014,    0.008,    0.014,    0.001, -999.000,
       195,2020091018,    0.017,    0.013,    0.018,    0.016,    0.005,    0.022,    0.011,    0.025,    0.017,    0.015,    0.024,    0.018,    0.025,    0.001, -999.000,    0.024,    0.022,    0.025,    0.002, -999.000,
       195,2020091012,    0.011,    0.014,    0.010,    0.017,    0.000,    0.013,    0.012,    0.014,    0.017,    0.000,    0.017,    0.020,    0.016,    0.002,    0.000,    0.017,    0.022,    0.016,    0.002,    0.000,
       195,2020091006,    0.020,    0.012,    0.022,    0.016,    0.113,    0.024,    0.012,    0.029,    0.017,    0.109,    0.027,    0.021,    0.028,    0.001, -999.000,    0.027,    0.023,    0.028,    0.002, -999.000,
       195,2020091000,    0.011,    0.012,    0.011,    0.017,    0.004,    0.014,    0.010,    0.015,    0.017, -999.000,    0.018,    0.016,    0.017,    0.001, -999.000,    0.018,    0.021,    0.017,    0.001, -999.000,
       195,2020090918,    0.017,    0.013,    0.018,    0.017,    0.095,    0.021,    0.013,    0.023,    0.017,    0.072,    0.026,    0.024,    0.026,    0.002,    0.012,    0.026,    0.028,    0.026,    0.002,    0.012,
       195,2020090912,    0.013,    0.012,    0.013,    0.017, -999.000,    0.015,    0.013,    0.016,    0.017, -999.000,    0.022,    0.021,    0.022,    0.002, -999.000,    0.022,    0.021,    0.022,    0.002, -999.000,
       195,2020090906,    0.018,    0.011,    0.019,    0.017,    0.092,    0.022,    0.014,    0.024,    0.018,    0.091,    0.026,    0.028,    0.027,    0.002,    0.051,    0.026,    0.020,    0.027,    0.002,    0.051,
       195,2020090900,    0.013,    0.012,    0.013,    0.018,    0.013,    0.016,    0.013,    0.017,    0.018,    0.169,    0.020,    0.015,    0.021,    0.002, -999.000,    0.020,    0.016,    0.021,    0.002, -999.000,
       195,2020090818,    0.020,    0.016,    0.021,    0.019, -999.000,    0.024,    0.016,    0.027,    0.019, -999.000,    0.030,    0.030,    0.030,    0.001, -999.000,    0.030,    0.031,    0.030,    0.001, -999.000,
       195,2020090812,    0.012,    0.013,    0.011,    0.018, -999.000,    0.014,    0.015,    0.013,    0.019, -999.000,    0.019,    0.025,    0.018,    0.001, -999.000,    0.019,    0.023,    0.018,    0.001, -999.000,
       195,2020090806,    0.018,    0.012,    0.020,    0.019,    0.002,    0.024,    0.013,    0.028,    0.019,    0.001,    0.028,    0.028,    0.030,    0.002, -999.000,    0.028,    0.024,    0.030,    0.001, -999.000,
       195,2020090800,    0.010,    0.011,    0.010,    0.019,    0.058,    0.014,    0.013,    0.014,    0.019,    0.066,    0.015,    0.017,    0.016,    0.002, -999.000,    0.015,    0.013,    0.016,    0.002, -999.000,
       195,2020090718,    0.024,    0.015,    0.026,    0.020, -999.000,    0.029,    0.014,    0.034,    0.020, -999.000,    0.036,    0.024,    0.038,    0.001, -999.000,    0.036,    0.032,    0.038,    0.001, -999.000,
       195,2020090712,    0.012,    0.013,    0.011,    0.020, -999.000,    0.014,    0.015,    0.014,    0.020, -999.000,    0.019,    0.025,    0.019,    0.001, -999.000,    0.019,    0.023,    0.019,    0.001, -999.000,
       195,2020090706,    0.018,    0.010,    0.021,    0.019,    0.046,    0.023,    0.011,    0.029,    0.019,    0.022,    0.028,    0.018,    0.031,    0.001,    0.051,    0.028,    0.015,    0.031,    0.002,    0.051,
       195,2020090700,    0.013,    0.009,    0.013,    0.020, -999.000,    0.017,    0.010,    0.017,    0.019, -999.000,    0.020,    0.012,    0.021,    0.002, -999.000,    0.020,    0.012,    0.021,    0.002, -999.000,
       195,2020090618,    0.021,    0.014,    0.024,    0.020,    0.016,    0.027,    0.017,    0.031,    0.021, -999.000,    0.029,    0.032,    0.030,    0.002, -999.000,    0.029,    0.028,    0.030,    0.002, -999.000,
       195,2020090612,    0.012,    0.009,    0.012,    0.021,    0.010,    0.014,    0.012,    0.014,    0.021,    0.009,    0.020,    0.021,    0.020,    0.001, -999.000,    0.020,    0.020,    0.020,    0.001, -999.000,
       195,2020090606,    0.020,    0.011,    0.023,    0.021, -999.000,    0.025,    0.013,    0.031,    0.020, -999.000,    0.028,    0.024,    0.031,    0.002, -999.000,    0.028,    0.017,    0.031,    0.002, -999.000,
       195,2020090600,    0.013,    0.011,    0.012,    0.021,    0.015,    0.014,    0.011,    0.015,    0.021,    0.015,    0.020,    0.023,    0.021,    0.002, -999.000,    0.020,    0.018,    0.021,    0.001, -999.000,
       195,2020090518,    0.020,    0.016,    0.022,    0.022, -999.000,    0.024,    0.015,    0.028,    0.022, -999.000,    0.029,    0.028,    0.029,    0.002, -999.000,    0.029,    0.031,    0.029,    0.002, -999.000,
       195,2020090512,    0.013,    0.014,    0.012,    0.020,    0.009,    0.017,    0.016,    0.017,    0.021,    0.004,    0.022,    0.029,    0.022,    0.002,    0.009,    0.022,    0.024,    0.022,    0.001,    0.009,
       195,2020090506,    0.020,    0.013,    0.022,    0.021,    0.016,    0.026,    0.015,    0.029,    0.021,    0.016,    0.029,    0.031,    0.030,    0.001, -999.000,    0.029,    0.027,    0.030,    0.001, -999.000,
       195,2020090500,    0.012,    0.011,    0.012,    0.021, -999.000,    0.016,    0.014,    0.016,    0.021, -999.000,    0.020,    0.024,    0.021,    0.002, -999.000,    0.020,    0.015,    0.021,    0.003, -999.000,
       195,2020090418,    0.017,    0.014,    0.018,    0.022, -999.000,    0.022,    0.017,    0.023,    0.022, -999.000,    0.025,    0.026,    0.026,    0.002, -999.000,    0.025,    0.025,    0.026,    0.001, -999.000,
       195,2020090412,    0.014,    0.017,    0.013,    0.022,    0.001,    0.017,    0.018,    0.016,    0.022, -999.000,    0.023,    0.035,    0.021,    0.001, -999.000,    0.023,    0.031,    0.021,    0.001, -999.000,
       195,2020090406,    0.020,    0.016,    0.021,    0.022,    0.057,    0.027,    0.016,    0.031,    0.022,    0.045,    0.032,    0.030,    0.032,    0.002, -999.000,    0.032,    0.033,    0.032,    0.002, -999.000,
       195,2020090400,    0.014,    0.013,    0.014,    0.023,    0.126,    0.017,    0.015,    0.017,    0.022, -999.000,    0.022,    0.023,    0.023,    0.003, -999.000,    0.022,    0.018,    0.023,    0.001, -999.000,
       195,2020090318,    0.019,    0.018,    0.019,    0.023,    0.042,    0.023,    0.018,    0.024,    0.023,    0.056,    0.029,    0.027,    0.029,    0.003,    0.057,    0.029,    0.031,    0.029,    0.003,    0.057,
       195,2020090312,    0.016,    0.017,    0.015,    0.023,    0.010,    0.019,    0.021,    0.019,    0.022, -999.000,    0.024,    0.034,    0.023,    0.003,    0.003,    0.024,    0.030,    0.023,    0.002,    0.003,
       195,2020090306,    0.020,    0.019,    0.020,    0.023,    0.014,    0.025,    0.018,    0.027,    0.022,    0.014,    0.033,    0.035,    0.032,    0.003, -999.000,    0.033,    0.038,    0.032,    0.002, -999.000,
       195,2020090300,    0.015,    0.010,    0.015,    0.024,    0.109,    0.019,    0.010,    0.020,    0.024, -999.000,    0.026,    0.013,    0.027,    0.004,    0.134,    0.026,    0.014,    0.027,    0.003,    0.134,
       195,2020090218,    0.024,    0.023,    0.025,    0.025,    0.033,    0.030,    0.023,    0.033,    0.025,    0.030,    0.035,    0.036,    0.035,    0.004,    0.047,    0.035,    0.039,    0.035,    0.003,    0.047,
       195,2020090212,    0.014,    0.014,    0.013,    0.025, -999.000,    0.017,    0.020,    0.016,    0.024, -999.000,    0.022,    0.037,    0.022,    0.002, -999.000,    0.022,    0.023,    0.022,    0.002, -999.000,
       195,2020090206,    0.022,    0.017,    0.023,    0.023,    0.107,    0.026,    0.020,    0.029,    0.023,    0.106,    0.037,    0.037,    0.039,    0.004,    0.116,    0.037,    0.031,    0.039,    0.004,    0.116,
       195,2020090200,    0.016,    0.012,    0.017,    0.024, -999.000,    0.020,    0.013,    0.021,    0.024, -999.000,    0.026,    0.018,    0.027,    0.004, -999.000,    0.026,    0.015,    0.027,    0.004, -999.000,
       195,2020090118,    0.029,    0.030,    0.029,    0.026,    0.019,    0.034,    0.028,    0.036,    0.026,    0.011,    0.042,    0.044,    0.039,    0.003,    0.011,    0.042,    0.056,    0.039,    0.003,    0.011,
       195,2020090112,    0.016,    0.026,    0.014,    0.024,    0.002,    0.018,    0.025,    0.016,    0.025,    0.006,    0.027,    0.039,    0.024,    0.002, -999.000,    0.027,    0.042,    0.024,    0.003, -999.000,
       195,2020090106,    0.024,    0.017,    0.027,    0.024,    0.044,    0.031,    0.018,    0.036,    0.024,    0.032,    0.034,    0.030,    0.035,    0.003, -999.000,    0.034,    0.031,    0.035,    0.003, -999.000,
       195,2020090100,    0.012,    0.015,    0.011,    0.022, -999.000,    0.013,    0.015,    0.013,    0.022, -999.000,    0.018,    0.021,    0.017,    0.006, -999.000,    0.018,    0.023,    0.017,    0.005, -999.000,
       195,2020083118,    0.021,    0.028,    0.020,    0.025,    0.015,    0.025,    0.026,    0.025,    0.024,    0.027,    0.037,    0.045,    0.032,    0.004,    0.006,    0.037,    0.054,    0.032,    0.003,    0.006,
       195,2020083112,    0.018,    0.027,    0.015,    0.022,    0.019,    0.021,    0.026,    0.020,    0.023,    0.018,    0.028,    0.039,    0.024,    0.003,    0.006,    0.028,    0.040,    0.024,    0.004,    0.006,
       195,2020083106,    0.022,    0.015,    0.024,    0.022,    0.254,    0.026,    0.017,    0.030,    0.023, -999.000,    0.032,    0.029,    0.032,    0.003, -999.000,    0.032,    0.029,    0.032,    0.004, -999.000,
       195,2020083100,    0.014,    0.016,    0.013,    0.021,    0.020,    0.016,    0.016,    0.015,    0.022,    0.026,    0.021,    0.022,    0.021,    0.005, -999.000,    0.021,    0.024,    0.021,    0.005, -999.000,
       195,2020083018,    0.022,    0.020,    0.022,    0.023,    0.057,    0.027,    0.027,    0.027,    0.023, -999.000,    0.032,    0.042,    0.034,    0.003, -999.000,    0.032,    0.030,    0.034,    0.003, -999.000,
       195,2020083012,    0.014,    0.019,    0.013,    0.022, -999.000,    0.018,    0.017,    0.018,    0.022, -999.000,    0.023,    0.025,    0.022,    0.004, -999.000,    0.023,    0.029,    0.022,    0.004, -999.000,
       195,2020083006,    0.022,    0.019,    0.022,    0.014,    0.093,    0.028,    0.025,    0.029,    0.019,    0.000,    0.032,    0.037,    0.032,    0.007,    0.130,    0.032,    0.032,    0.032,    0.010,    0.130,
       195,2020083000,    0.015, -999.000,    0.015, -999.000, -999.000,    0.018, -999.000,    0.018, -999.000, -999.000,    0.025, -999.000,    0.025, -999.000, -999.000,    0.025, -999.000,    0.025, -999.000, -999.000,
