       120,2020092000,    0.042,    0.047,    0.041,    0.052, -999.000,    0.043,    0.042,    0.043,    0.058, -999.000,    0.046,    0.047,    0.046,    0.051, -999.000,    0.046,    0.049,    0.046,    0.050, -999.000,
       120,2020091918,    0.043,    0.045,    0.043,    0.040,    0.073,    0.046,    0.050,    0.046,    0.038,    0.066,    0.047,    0.048,    0.046,    0.044,    0.060,    0.047,    0.048,    0.046,    0.046,    0.060,
       120,2020091912,    0.039,    0.040,    0.040,    0.022, -999.000,    0.042,    0.044,    0.042,    0.024, -999.000,    0.045,    0.049,    0.045,    0.038, -999.000,    0.045,    0.048,    0.045,    0.035, -999.000,
       120,2020091906,    0.041,    0.045,    0.040,    0.046,    0.086,    0.044,    0.049,    0.043,    0.051,    0.094,    0.045,    0.047,    0.045,    0.049,    0.021,    0.045,    0.046,    0.045,    0.048,    0.021,
       120,2020091900,    0.042,    0.046,    0.042,    0.039, -999.000,    0.042,    0.038,    0.043,    0.050, -999.000,    0.046,    0.043,    0.046,    0.046, -999.000,    0.046,    0.047,    0.046,    0.042, -999.000,
       120,2020091818,    0.044,    0.047,    0.044,    0.025,    0.099,    0.046,    0.045,    0.047,    0.037,    0.098,    0.047,    0.048,    0.047,    0.041, -999.000,    0.047,    0.048,    0.047,    0.036, -999.000,
       120,2020091812,    0.041,    0.041,    0.040,    0.045,    0.140,    0.041,    0.042,    0.041,    0.052,    0.140,    0.047,    0.046,    0.047,    0.052, -999.000,    0.047,    0.047,    0.047,    0.051, -999.000,
       120,2020091806,    0.040,    0.041,    0.040,    0.037,    0.131,    0.041,    0.041,    0.041,    0.041,    0.131,    0.047,    0.047,    0.047,    0.051, -999.000,    0.047,    0.047,    0.047,    0.048, -999.000,
       120,2020091800,    0.039,    0.042,    0.038,    0.044, -999.000,    0.042,    0.043,    0.042,    0.052, -999.000,    0.045,    0.044,    0.045,    0.054, -999.000,    0.045,    0.045,    0.045,    0.049, -999.000,
       120,2020091718,    0.040,    0.039,    0.041,    0.036,    0.115,    0.042,    0.041,    0.042,    0.035,    0.140,    0.045,    0.045,    0.045,    0.044,    0.033,    0.045,    0.044,    0.045,    0.046,    0.033,
       120,2020091712,    0.041,    0.040,    0.041,    0.016,    0.140,    0.043,    0.041,    0.044,    0.028,    0.139,    0.046,    0.046,    0.046,    0.035, -999.000,    0.046,    0.048,    0.046,    0.030, -999.000,
       120,2020091706,    0.040,    0.040,    0.041,    0.035,    0.110,    0.042,    0.041,    0.042,    0.045,    0.080,    0.045,    0.046,    0.046,    0.046,    0.042,    0.045,    0.044,    0.046,    0.044,    0.042,
       120,2020091700,    0.038,    0.045,    0.037,    0.047, -999.000,    0.043,    0.044,    0.043,    0.062,    0.140,    0.045,    0.048,    0.044,    0.050, -999.000,    0.045,    0.050,    0.044,    0.047, -999.000,
       120,2020091618,    0.040,    0.046,    0.038,    0.048, -999.000,    0.042,    0.040,    0.042,    0.050, -999.000,    0.045,    0.043,    0.044,    0.049, -999.000,    0.045,    0.047,    0.044,    0.047, -999.000,
       120,2020091612,    0.042,    0.036,    0.044,    0.027, -999.000,    0.044,    0.041,    0.045,    0.029,    0.131,    0.047,    0.046,    0.047,    0.041, -999.000,    0.047,    0.046,    0.047,    0.035, -999.000,
       120,2020091606,    0.041,    0.040,    0.041,    0.043,    0.053,    0.043,    0.045,    0.041,    0.048, -999.000,    0.046,    0.047,    0.045,    0.048,    0.066,    0.046,    0.047,    0.045,    0.053,    0.066,
       120,2020091600,    0.039,    0.050,    0.038,    0.042,    0.032,    0.043,    0.045,    0.042,    0.052,    0.032,    0.045,    0.047,    0.044,    0.049, -999.000,    0.045,    0.050,    0.044,    0.051, -999.000,
       120,2020091518,    0.044,    0.042,    0.044,    0.037,    0.112,    0.046,    0.042,    0.046,    0.050,    0.111,    0.047,    0.046,    0.047,    0.049,    0.007,    0.047,    0.045,    0.047,    0.043,    0.007,
       120,2020091512,    0.042,    0.049,    0.041,    0.030, -999.000,    0.044,    0.052,    0.043,    0.037, -999.000,    0.047,    0.050,    0.046,    0.044, -999.000,    0.047,    0.048,    0.046,    0.038, -999.000,
       120,2020091506,    0.044,    0.044,    0.045,    0.025,    0.125,    0.047,    0.048,    0.048,    0.026,    0.072,    0.046,    0.046,    0.047,    0.036,    0.011,    0.046,    0.045,    0.047,    0.036,    0.011,
       120,2020091500,    0.040,    0.043,    0.040,    0.058, -999.000,    0.042,    0.041,    0.042,    0.065, -999.000,    0.045,    0.044,    0.045,    0.050, -999.000,    0.045,    0.047,    0.045,    0.051, -999.000,
       120,2020091418,    0.045,    0.048,    0.044,    0.043,    0.001,    0.048,    0.045,    0.049,    0.046,    0.001,    0.048,    0.048,    0.048,    0.046, -999.000,    0.048,    0.050,    0.048,    0.048, -999.000,
       120,2020091412,    0.038,    0.044,    0.037,    0.048, -999.000,    0.042,    0.044,    0.042,    0.045,    0.140,    0.045,    0.048,    0.044,    0.045, -999.000,    0.045,    0.047,    0.044,    0.047, -999.000,
       120,2020091406,    0.046,    0.050,    0.044,    0.057,    0.051,    0.047,    0.053,    0.045,    0.057,    0.043,    0.047,    0.050,    0.047,    0.048,    0.061,    0.047,    0.048,    0.047,    0.042,    0.061,
       120,2020091400,    0.038,    0.047,    0.037,    0.039, -999.000,    0.045,    0.047,    0.045,    0.037, -999.000,    0.045,    0.050,    0.044,    0.047, -999.000,    0.045,    0.050,    0.044,    0.047, -999.000,
       120,2020091318,    0.041,    0.049,    0.040,    0.039,    0.070,    0.042,    0.050,    0.040,    0.033,    0.059,    0.045,    0.047,    0.045,    0.036,    0.097,    0.045,    0.047,    0.045,    0.039,    0.097,
       120,2020091312,    0.041,    0.038,    0.043,    0.032, -999.000,    0.043,    0.039,    0.044,    0.022, -999.000,    0.045,    0.043,    0.046,    0.035, -999.000,    0.045,    0.042,    0.046,    0.044, -999.000,
       120,2020091306,    0.047,    0.054,    0.045,    0.043, -999.000,    0.046,    0.048,    0.045,    0.049,    0.093,    0.047,    0.046,    0.047,    0.051, -999.000,    0.047,    0.047,    0.047,    0.043, -999.000,
       120,2020091300,    0.040,    0.030,    0.042,    0.034, -999.000,    0.042,    0.033,    0.044,    0.047, -999.000,    0.045,    0.040,    0.046,    0.052, -999.000,    0.045,    0.037,    0.046,    0.040, -999.000,
       120,2020091218,    0.042,    0.047,    0.041,    0.036,    0.023,    0.043,    0.046,    0.042,    0.045,    0.050,    0.046,    0.046,    0.046,    0.047,    0.023,    0.046,    0.048,    0.046,    0.035,    0.023,
       120,2020091212,    0.042,    0.041,    0.041,    0.047,    0.079,    0.045,    0.044,    0.045,    0.049,    0.078,    0.045,    0.046,    0.045,    0.050,    0.086,    0.045,    0.044,    0.045,    0.054,    0.086,
       120,2020091206,    0.040,    0.051,    0.037,    0.040,    0.024,    0.044,    0.055,    0.041,    0.033,    0.045,    0.045,    0.048,    0.044,    0.042, -999.000,    0.045,    0.047,    0.044,    0.050, -999.000,
       120,2020091200,    0.041,    0.044,    0.041,    0.051, -999.000,    0.046,    0.044,    0.046,    0.051, -999.000,    0.046,    0.048,    0.046,    0.053, -999.000,    0.046,    0.048,    0.046,    0.051, -999.000,
       120,2020091118,    0.040,    0.044,    0.039,    0.045,    0.018,    0.042,    0.045,    0.041,    0.050,    0.030,    0.045,    0.045,    0.045,    0.052, -999.000,    0.045,    0.044,    0.045,    0.046, -999.000,
       120,2020091112,    0.037,    0.040,    0.037,    0.037,    0.094,    0.041,    0.042,    0.041,    0.037,    0.071,    0.046,    0.047,    0.045,    0.045,    0.080,    0.046,    0.048,    0.045,    0.045,    0.080,
       120,2020091106,    0.045,    0.052,    0.043,    0.031,    0.073,    0.046,    0.052,    0.044,    0.050,    0.088,    0.046,    0.049,    0.045,    0.048,    0.073,    0.046,    0.049,    0.045,    0.040,    0.073,
       120,2020091100,    0.040,    0.050,    0.038,    0.043, -999.000,    0.044,    0.047,    0.043,    0.030, -999.000,    0.045,    0.050,    0.043,    0.045, -999.000,    0.045,    0.051,    0.043,    0.048, -999.000,
       120,2020091018,    0.046,    0.045,    0.045,    0.055,    0.045,    0.044,    0.042,    0.044,    0.053,    0.069,    0.047,    0.046,    0.047,    0.050,    0.043,    0.047,    0.047,    0.047,    0.051,    0.043,
       120,2020091012,    0.041,    0.043,    0.041,    0.030, -999.000,    0.043,    0.043,    0.043,    0.040, -999.000,    0.046,    0.046,    0.046,    0.049, -999.000,    0.046,    0.046,    0.046,    0.040, -999.000,
       120,2020091006,    0.045,    0.050,    0.043,    0.043,    0.129,    0.047,    0.053,    0.044,    0.058,    0.103,    0.048,    0.049,    0.047,    0.056,    0.018,    0.048,    0.050,    0.047,    0.053,    0.018,
       120,2020091000,    0.040,    0.050,    0.038,    0.046, -999.000,    0.043,    0.048,    0.042,    0.042, -999.000,    0.045,    0.049,    0.044,    0.044, -999.000,    0.045,    0.047,    0.044,    0.042, -999.000,
       120,2020090918,    0.042,    0.048,    0.041,    0.034,    0.075,    0.045,    0.044,    0.045,    0.045,    0.133,    0.047,    0.048,    0.046,    0.049,    0.068,    0.047,    0.050,    0.046,    0.041,    0.068,
       120,2020090912,    0.040,    0.060,    0.037,    0.035, -999.000,    0.042,    0.054,    0.039,    0.035, -999.000,    0.046,    0.050,    0.045,    0.045, -999.000,    0.046,    0.050,    0.045,    0.043, -999.000,
       120,2020090906,    0.044,    0.045,    0.044,    0.045,    0.081,    0.045,    0.046,    0.045,    0.055,    0.041,    0.047,    0.047,    0.047,    0.053, -999.000,    0.047,    0.046,    0.047,    0.055, -999.000,
       120,2020090900,    0.040,    0.047,    0.038,    0.049, -999.000,    0.044,    0.043,    0.044,    0.034,    0.141,    0.045,    0.046,    0.044,    0.043, -999.000,    0.045,    0.049,    0.044,    0.049, -999.000,
       120,2020090818,    0.041,    0.043,    0.041,    0.055,    0.000,    0.045,    0.039,    0.046,    0.052, -999.000,    0.046,    0.046,    0.045,    0.053, -999.000,    0.046,    0.047,    0.045,    0.052, -999.000,
       120,2020090812,    0.039,    0.044,    0.039,    0.021,    0.024,    0.043,    0.046,    0.042,    0.052,    0.059,    0.046,    0.049,    0.045,    0.053, -999.000,    0.046,    0.050,    0.045,    0.033, -999.000,
       120,2020090806,    0.042,    0.045,    0.042,    0.024,    0.009,    0.046,    0.050,    0.045,    0.040,    0.009,    0.047,    0.051,    0.047,    0.049,    0.009,    0.047,    0.049,    0.047,    0.041,    0.009,
       120,2020090800,    0.041,    0.037,    0.042,    0.042,    0.000,    0.044,    0.038,    0.046,    0.046,    0.000,    0.047,    0.045,    0.047,    0.053, -999.000,    0.047,    0.045,    0.047,    0.049, -999.000,
       120,2020090718,    0.041,    0.052,    0.039,    0.046,    0.008,    0.042,    0.048,    0.040,    0.050, -999.000,    0.047,    0.049,    0.046,    0.050, -999.000,    0.047,    0.050,    0.046,    0.047, -999.000,
       120,2020090712,    0.039,    0.046,    0.038,    0.032,    0.142,    0.041,    0.041,    0.041,    0.036,    0.142,    0.046,    0.045,    0.045,    0.047, -999.000,    0.046,    0.049,    0.045,    0.044, -999.000,
       120,2020090706,    0.043,    0.051,    0.040,    0.045,    0.026,    0.045,    0.054,    0.041,    0.069,    0.046,    0.047,    0.048,    0.046,    0.050, -999.000,    0.047,    0.048,    0.046,    0.053, -999.000,
       120,2020090700,    0.040,    0.051,    0.038,    0.044,    0.054,    0.043,    0.048,    0.043,    0.036, -999.000,    0.047,    0.048,    0.046,    0.045, -999.000,    0.047,    0.050,    0.046,    0.048, -999.000,
       120,2020090618,    0.041,    0.050,    0.039,    0.037, -999.000,    0.044,    0.045,    0.044,    0.047,    0.143,    0.046,    0.047,    0.045,    0.045, -999.000,    0.046,    0.049,    0.045,    0.035, -999.000,
       120,2020090612,    0.042,    0.043,    0.043,    0.028, -999.000,    0.045,    0.040,    0.046,    0.033, -999.000,    0.048,    0.048,    0.048,    0.042, -999.000,    0.048,    0.051,    0.048,    0.032, -999.000,
       120,2020090606,    0.043,    0.049,    0.040,    0.055, -999.000,    0.044,    0.049,    0.042,    0.056,    0.000,    0.047,    0.047,    0.046,    0.045, -999.000,    0.047,    0.048,    0.046,    0.043, -999.000,
       120,2020090600,    0.043,    0.051,    0.041,    0.041,    0.135,    0.043,    0.047,    0.043,    0.040,    0.144,    0.047,    0.050,    0.046,    0.045,    0.011,    0.047,    0.050,    0.046,    0.051,    0.011,
       120,2020090518,    0.044,    0.046,    0.043,    0.049,    0.143,    0.048,    0.053,    0.046,    0.055,    0.143,    0.048,    0.049,    0.048,    0.052, -999.000,    0.048,    0.048,    0.048,    0.051, -999.000,
       120,2020090512,    0.043,    0.047,    0.043,    0.021,    0.016,    0.044,    0.047,    0.043,    0.041,    0.016,    0.047,    0.050,    0.047,    0.043, -999.000,    0.047,    0.051,    0.047,    0.025, -999.000,
       120,2020090506,    0.045,    0.051,    0.042,    0.049,    0.052,    0.042,    0.048,    0.040,    0.053, -999.000,    0.048,    0.049,    0.047,    0.048,    0.071,    0.048,    0.050,    0.047,    0.046,    0.071,
       120,2020090500,    0.043,    0.054,    0.041,    0.069, -999.000,    0.044,    0.049,    0.043,    0.057,    0.011,    0.049,    0.049,    0.048,    0.050, -999.000,    0.049,    0.051,    0.048,    0.050, -999.000,
       120,2020090418,    0.044,    0.045,    0.043,    0.050,    0.101,    0.044,    0.043,    0.044,    0.048,    0.051,    0.048,    0.048,    0.048,    0.046, -999.000,    0.048,    0.049,    0.048,    0.047, -999.000,
       120,2020090412,    0.042,    0.051,    0.041,    0.037,    0.000,    0.044,    0.053,    0.042,    0.046, -999.000,    0.048,    0.051,    0.047,    0.048, -999.000,    0.048,    0.052,    0.047,    0.044, -999.000,
       120,2020090406,    0.047,    0.051,    0.046,    0.074,    0.074,    0.047,    0.050,    0.047,    0.039,    0.053,    0.049,    0.048,    0.049,    0.044,    0.100,    0.049,    0.047,    0.049,    0.054,    0.100,
       120,2020090400,    0.041,    0.042,    0.041,    0.044,    0.000,    0.043,    0.039,    0.044,    0.044, -999.000,    0.047,    0.048,    0.046,    0.042, -999.000,    0.047,    0.049,    0.046,    0.046, -999.000,
       120,2020090318,    0.047,    0.047,    0.047,    0.037,    0.046,    0.049,    0.048,    0.050,    0.028,    0.017,    0.049,    0.050,    0.048,    0.037,    0.041,    0.049,    0.050,    0.048,    0.044,    0.041,
       120,2020090312,    0.042,    0.040,    0.041,    0.052,    0.144,    0.044,    0.040,    0.045,    0.048,    0.144,    0.046,    0.047,    0.046,    0.047, -999.000,    0.046,    0.046,    0.046,    0.046, -999.000,
       120,2020090306,    0.045,    0.050,    0.043,    0.050,    0.023,    0.046,    0.047,    0.045,    0.056,    0.053,    0.048,    0.048,    0.047,    0.049,    0.021,    0.048,    0.050,    0.047,    0.051,    0.021,
       120,2020090300,    0.040,    0.041,    0.040,    0.039, -999.000,    0.042,    0.038,    0.043,    0.042, -999.000,    0.046,    0.045,    0.047,    0.044, -999.000,    0.046,    0.046,    0.047,    0.044, -999.000,
       120,2020090218,    0.042,    0.051,    0.040,    0.030,    0.136,    0.046,    0.051,    0.044,    0.042,    0.090,    0.047,    0.050,    0.046,    0.047, -999.000,    0.047,    0.051,    0.046,    0.037, -999.000,
       120,2020090212,    0.044,    0.042,    0.044,    0.035,    0.073,    0.044,    0.042,    0.045,    0.027, -999.000,    0.047,    0.046,    0.048,    0.043,    0.004,    0.047,    0.046,    0.048,    0.045,    0.004,
       120,2020090206,    0.043,    0.049,    0.041,    0.050,    0.145,    0.046,    0.052,    0.043,    0.048,    0.145,    0.050,    0.050,    0.049,    0.049, -999.000,    0.050,    0.050,    0.049,    0.046, -999.000,
       120,2020090200,    0.044,    0.040,    0.044,    0.047, -999.000,    0.045,    0.042,    0.045,    0.045, -999.000,    0.048,    0.047,    0.049,    0.054, -999.000,    0.048,    0.045,    0.049,    0.055, -999.000,
       120,2020090118,    0.043,    0.046,    0.042,    0.044, -999.000,    0.044,    0.051,    0.043,    0.036,    0.050,    0.048,    0.050,    0.048,    0.042, -999.000,    0.048,    0.049,    0.048,    0.048, -999.000,
       120,2020090112,    0.044,    0.039,    0.045,    0.032, -999.000,    0.045,    0.045,    0.045,    0.041,    0.061,    0.049,    0.048,    0.050,    0.048, -999.000,    0.049,    0.044,    0.050,    0.045, -999.000,
       120,2020090106,    0.048,    0.053,    0.046,    0.061, -999.000,    0.049,    0.051,    0.047,    0.090,    0.128,    0.050,    0.051,    0.049,    0.054, -999.000,    0.050,    0.051,    0.049,    0.054, -999.000,
       120,2020090100,    0.039,    0.041,    0.039,    0.039,    0.120,    0.042,    0.042,    0.041,    0.042,    0.121,    0.046,    0.051,    0.046,    0.045, -999.000,    0.046,    0.048,    0.046,    0.043, -999.000,
       120,2020083118,    0.042,    0.051,    0.041,    0.028, -999.000,    0.043,    0.051,    0.041,    0.036, -999.000,    0.048,    0.048,    0.048,    0.041, -999.000,    0.048,    0.049,    0.048,    0.034, -999.000,
       120,2020083112,    0.042,    0.040,    0.042,    0.050,    0.128,    0.045,    0.040,    0.046,    0.066,    0.097,    0.048,    0.046,    0.048,    0.054, -999.000,    0.048,    0.046,    0.048,    0.055, -999.000,
       120,2020083106,    0.045,    0.052,    0.043,    0.042,    0.147,    0.046,    0.050,    0.045,    0.059,    0.146,    0.050,    0.052,    0.049,    0.052, -999.000,    0.050,    0.053,    0.049,    0.051, -999.000,
       120,2020083100,    0.041,    0.051,    0.040,    0.031, -999.000,    0.044,    0.056,    0.042,    0.048,    0.143,    0.047,    0.051,    0.046,    0.053, -999.000,    0.047,    0.049,    0.046,    0.041, -999.000,
       120,2020083018,    0.043,    0.047,    0.043,    0.031,    0.028,    0.045,    0.044,    0.046,    0.032,    0.028,    0.048,    0.050,    0.047,    0.038,    0.037,    0.048,    0.051,    0.047,    0.035,    0.037,
       120,2020083012,    0.043,    0.055,    0.040,    0.050, -999.000,    0.044,    0.053,    0.042,    0.054,    0.136,    0.048,    0.050,    0.047,    0.048, -999.000,    0.048,    0.050,    0.047,    0.049, -999.000,
       120,2020083006,    0.045,    0.048,    0.044,    0.035, -999.000,    0.046,    0.046,    0.045,    0.061,    0.130,    0.049,    0.049,    0.049,    0.049, -999.000,    0.049,    0.049,    0.049,    0.048, -999.000,
       120,2020083000,    0.044,    0.056,    0.043,    0.101,    0.129,    0.047,    0.053,    0.046,    0.097, -999.000,    0.048,    0.049,    0.048, -999.000, -999.000,    0.048,    0.051,    0.048,    0.032, -999.000,
