       271,2020092000,   -0.040,   -0.393,    0.000,   -0.527, -999.000,   -0.047,   -0.391,    0.000,   -0.517, -999.000,    0.132,    0.168, -999.000,    0.056, -999.000,    0.132,    0.152, -999.000,    0.047, -999.000,
       271,2020091918,   -0.081,   -0.461,    0.000,   -0.533,   -0.544,   -0.089,   -0.428,    0.000,   -0.487,   -0.396,    0.193,    0.189, -999.000,    0.056,    0.131,    0.193,    0.194, -999.000,    0.055,    0.131,
       271,2020091912,   -0.069,   -0.476,    0.000,   -0.517, -999.000,   -0.078,   -0.489,    0.000,   -0.532, -999.000,    0.180,    0.211, -999.000,    0.062, -999.000,    0.180,    0.187, -999.000,    0.065, -999.000,
       271,2020091906,   -0.106,   -0.527,    0.000,   -0.524,   -0.216,   -0.100,   -0.486,    0.000,   -0.514,   -0.215,    0.226,    0.200, -999.000,    0.061,    0.244,    0.226,    0.197, -999.000,    0.049,    0.244,
       271,2020091900,   -0.052,   -0.386,    0.000,   -0.501, -999.000,   -0.066,   -0.405,    0.000,   -0.506, -999.000,    0.146,    0.158, -999.000,    0.061, -999.000,    0.146,    0.149, -999.000,    0.046, -999.000,
       271,2020091818,   -0.098,   -0.474,    0.000,   -0.516,   -0.589,   -0.093,   -0.421,    0.000,   -0.486,   -0.265,    0.208,    0.169, -999.000,    0.062, -999.000,    0.208,    0.177, -999.000,    0.063, -999.000,
       271,2020091812,   -0.073,   -0.464,    0.000,   -0.514,   -0.573,   -0.080,   -0.448,    0.000,   -0.516,   -0.576,    0.182,    0.181, -999.000,    0.045, -999.000,    0.182,    0.179, -999.000,    0.043, -999.000,
       271,2020091806,   -0.144,   -0.534,    0.000,   -0.560,   -0.141,   -0.119,   -0.471,    0.000,   -0.525, -999.000,    0.258,    0.210, -999.000,    0.031, -999.000,    0.258,    0.205, -999.000,    0.031, -999.000,
       271,2020091800,   -0.056,   -0.421,    0.000,   -0.541, -999.000,   -0.064,   -0.422,    0.000,   -0.540, -999.000,    0.156,    0.179, -999.000,    0.045, -999.000,    0.156,    0.156, -999.000,    0.032, -999.000,
       271,2020091718,   -0.104,   -0.487,    0.000,   -0.553,   -0.435,   -0.108,   -0.488,    0.000,   -0.524,   -0.044,    0.219,    0.190, -999.000,    0.053, -999.000,    0.219,    0.201, -999.000,    0.054, -999.000,
       271,2020091712,   -0.068,   -0.487,    0.000,   -0.541,   -0.234,   -0.086,   -0.510,    0.000,   -0.552,   -0.262,    0.182,    0.201, -999.000,    0.055, -999.000,    0.182,    0.188, -999.000,    0.057, -999.000,
       271,2020091706,   -0.122,   -0.514,    0.000,   -0.554,   -0.482,   -0.118,   -0.449,    0.000,   -0.523, -999.000,    0.240,    0.192, -999.000,    0.045, -999.000,    0.240,    0.211, -999.000,    0.047, -999.000,
       271,2020091700,   -0.052,   -0.429,    0.000,   -0.541, -999.000,   -0.057,   -0.418,    0.000,   -0.542,   -0.102,    0.156,    0.206, -999.000,    0.045, -999.000,    0.156,    0.189, -999.000,    0.038, -999.000,
       271,2020091618,   -0.102,   -0.487,    0.000,   -0.553, -999.000,   -0.114,   -0.465,    0.000,   -0.524, -999.000,    0.217,    0.199, -999.000,    0.050, -999.000,    0.217,    0.198, -999.000,    0.049, -999.000,
       271,2020091612,   -0.071,   -0.490,    0.000,   -0.533,   -0.037,   -0.073,   -0.456,    0.000,   -0.527, -999.000,    0.187,    0.210, -999.000,    0.056, -999.000,    0.187,    0.205, -999.000,    0.054, -999.000,
       271,2020091606,   -0.142,   -0.518,    0.000,   -0.578,   -0.287,   -0.124,   -0.449,    0.000,   -0.532, -999.000,    0.252,    0.205, -999.000,    0.060,    0.176,    0.252,    0.196, -999.000,    0.062,    0.176,
       271,2020091600,   -0.041,   -0.399,    0.000,   -0.558,   -0.276,   -0.054,   -0.394,    0.000,   -0.553,   -0.286,    0.139,    0.196, -999.000,    0.055, -999.000,    0.139,    0.195, -999.000,    0.063, -999.000,
       271,2020091518,   -0.127,   -0.511,    0.000,   -0.548,   -0.273,   -0.130,   -0.472,    0.000,   -0.502,   -0.274,    0.240,    0.214, -999.000,    0.057,    0.312,    0.240,    0.196, -999.000,    0.063,    0.312,
       271,2020091512,   -0.088,   -0.507,    0.000,   -0.541, -999.000,   -0.088,   -0.490,    0.000,   -0.523, -999.000,    0.207,    0.208, -999.000,    0.061, -999.000,    0.207,    0.195, -999.000,    0.068, -999.000,
       271,2020091506,   -0.132,   -0.555,    0.000,   -0.576, -999.000,   -0.124,   -0.480,    0.000,   -0.521,   -0.082,    0.257,    0.203, -999.000,    0.059, -999.000,    0.257,    0.224, -999.000,    0.058, -999.000,
       271,2020091500,   -0.044,   -0.361,    0.000,   -0.563, -999.000,   -0.047,   -0.340,    0.000,   -0.567, -999.000,    0.139,    0.159, -999.000,    0.056, -999.000,    0.139,    0.172, -999.000,    0.051, -999.000,
       271,2020091418,   -0.107,   -0.515,    0.000,   -0.560,   -0.692,   -0.124,   -0.483,    0.000,   -0.560,   -0.706,    0.232,    0.234, -999.000,    0.072, -999.000,    0.232,    0.232, -999.000,    0.055, -999.000,
       271,2020091412,   -0.067,   -0.533,    0.000,   -0.568, -999.000,   -0.075,   -0.509,    0.000,   -0.555,   -0.624,    0.190,    0.206, -999.000,    0.064, -999.000,    0.190,    0.208, -999.000,    0.060, -999.000,
       271,2020091406,   -0.126,   -0.555,    0.000,   -0.568,   -0.300,   -0.117,   -0.494,    0.000,   -0.549,   -0.219,    0.252,    0.220, -999.000,    0.061,    0.254,    0.252,    0.216, -999.000,    0.062,    0.254,
       271,2020091400,   -0.052,   -0.435,    0.000,   -0.539, -999.000,   -0.058,   -0.415,    0.000,   -0.563, -999.000,    0.156,    0.176, -999.000,    0.044, -999.000,    0.156,    0.180, -999.000,    0.037, -999.000,
       271,2020091318,   -0.105,   -0.507,    0.000,   -0.583,   -0.165,   -0.109,   -0.473,    0.000,   -0.549,   -0.240,    0.224,    0.203, -999.000,    0.059, -999.000,    0.224,    0.196, -999.000,    0.048, -999.000,
       271,2020091312,   -0.077,   -0.523,    0.000,   -0.571, -999.000,   -0.083,   -0.488,    0.000,   -0.547, -999.000,    0.197,    0.194, -999.000,    0.069, -999.000,    0.197,    0.181, -999.000,    0.060, -999.000,
       271,2020091306,   -0.128,   -0.540,    0.000,   -0.565, -999.000,   -0.123,   -0.481,    0.000,   -0.535, -999.000,    0.252,    0.236, -999.000,    0.050, -999.000,    0.252,    0.221, -999.000,    0.055, -999.000,
       271,2020091300,   -0.067,   -0.449,    0.000,   -0.531, -999.000,   -0.070,   -0.443,    0.000,   -0.544, -999.000,    0.174,    0.171, -999.000,    0.062, -999.000,    0.174,    0.168, -999.000,    0.050, -999.000,
       271,2020091218,   -0.107,   -0.483,    0.000,   -0.518,   -0.427,   -0.110,   -0.475,    0.000,   -0.512,   -0.334,    0.221,    0.206, -999.000,    0.053,    0.239,    0.221,    0.211, -999.000,    0.056,    0.239,
       271,2020091212,   -0.095,   -0.512,    0.000,   -0.530,   -0.317,   -0.104,   -0.510,    0.000,   -0.541,   -0.335,    0.211,    0.187, -999.000,    0.053,    0.100,    0.211,    0.170, -999.000,    0.030,    0.100,
       271,2020091206,   -0.105,   -0.485,    0.000,   -0.532,   -0.087,   -0.102,   -0.448,    0.000,   -0.518,   -0.227,    0.218,    0.210, -999.000,    0.049,    0.016,    0.218,    0.197, -999.000,    0.046,    0.016,
       271,2020091200,   -0.059,   -0.438,    0.000,   -0.478, -999.000,   -0.071,   -0.461,    0.000,   -0.493, -999.000,    0.160,    0.173, -999.000,    0.059, -999.000,    0.160,    0.162, -999.000,    0.046, -999.000,
       271,2020091118,   -0.074,   -0.426,    0.000,   -0.497,   -0.497,   -0.082,   -0.389,    0.000,   -0.479,   -0.577,    0.178,    0.183, -999.000,    0.057, -999.000,    0.178,    0.180, -999.000,    0.063, -999.000,
       271,2020091112,   -0.079,   -0.524,    0.000,   -0.513,   -0.490,   -0.095,   -0.509,    0.000,   -0.513,   -0.590,    0.197,    0.186, -999.000,    0.049,    0.130,    0.197,    0.173, -999.000,    0.047,    0.130,
       271,2020091106,   -0.097,   -0.476,    0.000,   -0.533,   -0.469,   -0.098,   -0.416,    0.000,   -0.511,   -0.215,    0.210,    0.201, -999.000,    0.057, -999.000,    0.210,    0.195, -999.000,    0.037, -999.000,
       271,2020091100,   -0.052,   -0.416,    0.000,   -0.513, -999.000,   -0.058,   -0.417,    0.000,   -0.520, -999.000,    0.150,    0.172, -999.000,    0.066, -999.000,    0.150,    0.160, -999.000,    0.058, -999.000,
       271,2020091018,   -0.091,   -0.440,    0.000,   -0.538,   -0.289,   -0.093,   -0.390,    0.000,   -0.506,   -0.222,    0.199,    0.183, -999.000,    0.046,    0.241,    0.199,    0.193, -999.000,    0.055,    0.241,
       271,2020091012,   -0.087,   -0.569,    0.000,   -0.542, -999.000,   -0.090,   -0.511,    0.000,   -0.516, -999.000,    0.213,    0.192, -999.000,    0.080, -999.000,    0.213,    0.184, -999.000,    0.078, -999.000,
       271,2020091006,   -0.131,   -0.527,    0.000,   -0.578,   -0.390,   -0.118,   -0.461,    0.000,   -0.544,   -0.318,    0.248,    0.214, -999.000,    0.064, -999.000,    0.248,    0.200, -999.000,    0.044, -999.000,
       271,2020091000,   -0.053,   -0.437,    0.000,   -0.556, -999.000,   -0.068,   -0.431,    0.000,   -0.556, -999.000,    0.156,    0.165, -999.000,    0.055, -999.000,    0.156,    0.157, -999.000,    0.056, -999.000,
       271,2020090918,   -0.114,   -0.514,    0.000,   -0.574,   -0.615,   -0.109,   -0.468,    0.000,   -0.547,   -0.577,    0.234,    0.204, -999.000,    0.057,    0.037,    0.234,    0.209, -999.000,    0.063,    0.037,
       271,2020090912,   -0.077,   -0.549,    0.000,   -0.574, -999.000,   -0.077,   -0.534,    0.000,   -0.573, -999.000,    0.204,    0.213, -999.000,    0.046, -999.000,    0.204,    0.203, -999.000,    0.038, -999.000,
       271,2020090906,   -0.119,   -0.510,    0.000,   -0.560,   -0.109,   -0.102,   -0.456,    0.000,   -0.545,   -0.136,    0.238,    0.229, -999.000,    0.043, -999.000,    0.238,    0.214, -999.000,    0.034, -999.000,
       271,2020090900,   -0.051,   -0.379,    0.000,   -0.538, -999.000,   -0.055,   -0.386,    0.000,   -0.554,   -0.130,    0.149,    0.179, -999.000,    0.050, -999.000,    0.149,    0.170, -999.000,    0.047, -999.000,
       271,2020090818,   -0.102,   -0.462,    0.000,   -0.555,   -0.168,   -0.096,   -0.445,    0.000,   -0.538, -999.000,    0.212,    0.188, -999.000,    0.062, -999.000,    0.212,    0.190, -999.000,    0.069, -999.000,
       271,2020090812,   -0.089,   -0.524,    0.000,   -0.586,   -0.389,   -0.088,   -0.481,    0.000,   -0.557,   -0.272,    0.214,    0.211, -999.000,    0.043, -999.000,    0.214,    0.208, -999.000,    0.034, -999.000,
       271,2020090806,   -0.119,   -0.532,    0.000,   -0.550,   -0.464,   -0.108,   -0.485,    0.000,   -0.551,   -0.469,    0.240,    0.206, -999.000,    0.048,    0.434,    0.240,    0.201, -999.000,    0.044,    0.434,
       271,2020090800,   -0.067,   -0.409,    0.000,   -0.495,   -0.520,   -0.076,   -0.413,    0.000,   -0.533,   -0.546,    0.170,    0.195, -999.000,    0.057, -999.000,    0.170,    0.186, -999.000,    0.044, -999.000,
       271,2020090718,   -0.078,   -0.435,    0.000,   -0.521,   -0.093,   -0.087,   -0.426,    0.000,   -0.512, -999.000,    0.184,    0.189, -999.000,    0.050, -999.000,    0.184,    0.173, -999.000,    0.054, -999.000,
       271,2020090712,   -0.086,   -0.480,    0.000,   -0.517, -999.000,   -0.084,   -0.457,    0.000,   -0.537, -999.000,    0.199,    0.193, -999.000,    0.054, -999.000,    0.199,    0.183, -999.000,    0.055, -999.000,
       271,2020090706,   -0.115,   -0.498,    0.000,   -0.534,   -0.115,   -0.109,   -0.447,    0.000,   -0.520,   -0.113,    0.231,    0.196, -999.000,    0.036, -999.000,    0.231,    0.210, -999.000,    0.035, -999.000,
       271,2020090700,   -0.058,   -0.421,    0.000,   -0.490,   -0.501,   -0.068,   -0.421,    0.000,   -0.516, -999.000,    0.159,    0.204, -999.000,    0.047, -999.000,    0.159,    0.173, -999.000,    0.041, -999.000,
       271,2020090618,   -0.085,   -0.375,    0.000,   -0.486, -999.000,   -0.090,   -0.363,    0.000,   -0.477, -999.000,    0.182,    0.181, -999.000,    0.051, -999.000,    0.182,    0.188, -999.000,    0.047, -999.000,
       271,2020090612,   -0.090,   -0.521,    0.000,   -0.492, -999.000,   -0.086,   -0.508,    0.000,   -0.481, -999.000,    0.203,    0.165, -999.000,    0.064, -999.000,    0.203,    0.153, -999.000,    0.051, -999.000,
       271,2020090606,   -0.112,   -0.449,    0.000,   -0.492, -999.000,   -0.114,   -0.412,    0.000,   -0.489,   -0.620,    0.213,    0.190, -999.000,    0.056, -999.000,    0.213,    0.181, -999.000,    0.046, -999.000,
       271,2020090600,   -0.054,   -0.378,    0.000,   -0.498,   -0.462,   -0.053,   -0.375,    0.000,   -0.508, -999.000,    0.150,    0.173, -999.000,    0.040,    0.018,    0.150,    0.167, -999.000,    0.034,    0.018,
       271,2020090518,   -0.110,   -0.424,    0.000,   -0.494,   -0.050,   -0.100,   -0.370,    0.000,   -0.461, -999.000,    0.205,    0.165, -999.000,    0.055, -999.000,    0.205,    0.169, -999.000,    0.047, -999.000,
       271,2020090512,   -0.070,   -0.456,    0.000,   -0.513,   -0.407,   -0.070,   -0.458,    0.000,   -0.507,   -0.420,    0.175,    0.157, -999.000,    0.048, -999.000,    0.175,    0.151, -999.000,    0.045, -999.000,
       271,2020090506,   -0.106,   -0.421,    0.000,   -0.495,   -0.502,   -0.104,   -0.395,    0.000,   -0.474, -999.000,    0.206,    0.187, -999.000,    0.042, -999.000,    0.206,    0.191, -999.000,    0.042, -999.000,
       271,2020090500,   -0.046,   -0.344,    0.000,   -0.469, -999.000,   -0.053,   -0.339,    0.000,   -0.492,   -0.137,    0.131,    0.142, -999.000,    0.057, -999.000,    0.131,    0.138, -999.000,    0.050, -999.000,
       271,2020090418,   -0.105,   -0.428,    0.000,   -0.500,   -0.515,   -0.100,   -0.373,    0.000,   -0.447,   -0.310,    0.205,    0.189, -999.000,    0.048, -999.000,    0.205,    0.184, -999.000,    0.046, -999.000,
       271,2020090412,   -0.069,   -0.442,    0.000,   -0.478,   -0.437,   -0.080,   -0.466,    0.000,   -0.505, -999.000,    0.173,    0.179, -999.000,    0.053, -999.000,    0.173,    0.166, -999.000,    0.050, -999.000,
       271,2020090406,   -0.089,   -0.398,    0.000,   -0.458, -999.000,   -0.093,   -0.380,    0.000,   -0.461,   -0.120,    0.183,    0.175, -999.000,    0.023, -999.000,    0.183,    0.165, -999.000,    0.021, -999.000,
       271,2020090400,   -0.030,   -0.298,    0.000,   -0.463,   -0.475,   -0.045,   -0.314,    0.000,   -0.439, -999.000,    0.103,    0.124, -999.000,    0.044, -999.000,    0.103,    0.122, -999.000,    0.035, -999.000,
       271,2020090318,   -0.082,   -0.401,    0.000,   -0.484,   -0.555,   -0.082,   -0.339,    0.000,   -0.435,   -0.525,    0.182,    0.188, -999.000,    0.041, -999.000,    0.182,    0.188, -999.000,    0.039, -999.000,
       271,2020090312,   -0.067,   -0.437,    0.000,   -0.484,   -0.396,   -0.079,   -0.410,    0.000,   -0.474,   -0.402,    0.170,    0.178, -999.000,    0.038, -999.000,    0.170,    0.167, -999.000,    0.044, -999.000,
       271,2020090306,   -0.088,   -0.422,    0.000,   -0.463,   -0.123,   -0.103,   -0.413,    0.000,   -0.472,   -0.175,    0.189,    0.183, -999.000,    0.045,    0.065,    0.189,    0.179, -999.000,    0.038,    0.065,
       271,2020090300,   -0.039,   -0.279,    0.000,   -0.426, -999.000,   -0.059,   -0.319,    0.000,   -0.459, -999.000,    0.112,    0.125, -999.000,    0.041, -999.000,    0.112,    0.125, -999.000,    0.030, -999.000,
       271,2020090218,   -0.089,   -0.394,    0.000,   -0.465,   -0.084,   -0.089,   -0.345,    0.000,   -0.410,   -0.240,    0.180,    0.150, -999.000,    0.036, -999.000,    0.180,    0.151, -999.000,    0.035, -999.000,
       271,2020090212,   -0.064,   -0.393,    0.000,   -0.460,   -0.452,   -0.077,   -0.389,    0.000,   -0.469, -999.000,    0.155,    0.135, -999.000,    0.028,    0.119,    0.155,    0.126, -999.000,    0.029,    0.119,
       271,2020090206,   -0.089,   -0.388,    0.000,   -0.441,   -0.417,   -0.095,   -0.372,    0.000,   -0.448,   -0.441,    0.182,    0.173, -999.000,    0.033, -999.000,    0.182,    0.171, -999.000,    0.031, -999.000,
       271,2020090200,   -0.042,   -0.313,    0.000,   -0.413, -999.000,   -0.046,   -0.317,    0.000,   -0.420, -999.000,    0.118,    0.132, -999.000,    0.046, -999.000,    0.118,    0.124, -999.000,    0.041, -999.000,
       271,2020090118,   -0.073,   -0.356,    0.000,   -0.425, -999.000,   -0.071,   -0.311,    0.000,   -0.398, -999.000,    0.160,    0.147, -999.000,    0.025, -999.000,    0.160,    0.150, -999.000,    0.033, -999.000,
       271,2020090112,   -0.065,   -0.379,    0.000,   -0.417, -999.000,   -0.069,   -0.374,    0.000,   -0.434,   -0.292,    0.156,    0.164, -999.000,    0.031, -999.000,    0.156,    0.156, -999.000,    0.029, -999.000,
       271,2020090106,   -0.078,   -0.341,    0.000,   -0.406, -999.000,   -0.076,   -0.335,    0.000,   -0.401,   -0.024,    0.162,    0.159, -999.000,    0.033, -999.000,    0.162,    0.157, -999.000,    0.034, -999.000,
       271,2020090100,   -0.035,   -0.288,    0.000,   -0.372,   -0.183,   -0.041,   -0.293,    0.000,   -0.394,   -0.189,    0.105,    0.130, -999.000,    0.047, -999.000,    0.105,    0.130, -999.000,    0.030, -999.000,
       271,2020083118,   -0.068,   -0.300,    0.000,   -0.383, -999.000,   -0.064,   -0.260,    0.000,   -0.359, -999.000,    0.141,    0.127, -999.000,    0.041, -999.000,    0.141,    0.127, -999.000,    0.039, -999.000,
       271,2020083112,   -0.049,   -0.340,    0.000,   -0.355,   -0.292,   -0.057,   -0.349,    0.000,   -0.367,   -0.406,    0.129,    0.150, -999.000,    0.044, -999.000,    0.129,    0.146, -999.000,    0.034, -999.000,
       271,2020083106,   -0.061,   -0.276,    0.000,   -0.335, -999.000,   -0.063,   -0.265,    0.000,   -0.353,   -0.046,    0.129,    0.142, -999.000,    0.036, -999.000,    0.129,    0.124, -999.000,    0.032, -999.000,
       271,2020083100,   -0.026,   -0.198,    0.000,   -0.263, -999.000,   -0.034,   -0.240,    0.000,   -0.298,   -0.307,    0.075,    0.112, -999.000,    0.033, -999.000,    0.075,    0.085, -999.000,    0.023, -999.000,
       271,2020083018,   -0.054,   -0.224,    0.000,   -0.246,   -0.085,   -0.054,   -0.204,    0.000,   -0.256,   -0.087,    0.105,    0.096, -999.000,    0.028,    0.087,    0.105,    0.089, -999.000,    0.027,    0.087,
       271,2020083012,   -0.028,   -0.215,    0.000,   -0.214, -999.000,   -0.031,   -0.227,    0.000,   -0.245,   -0.223,    0.077,    0.099, -999.000,    0.033, -999.000,    0.077,    0.081, -999.000,    0.027, -999.000,
       271,2020083006,    0.222,    1.085,    0.000,    1.493, -999.000,   -0.044,   -0.169,    0.000,   -0.197,   -0.017,    0.495,    0.084, -999.000,    0.027, -999.000,    0.495,    0.468, -999.000,    0.146, -999.000,
       271,2020083000,    0.000, -999.000,    0.000, -999.000, -999.000,    0.000, -999.000,    0.000, -999.000, -999.000, -999.000, -999.000, -999.000, -999.000, -999.000, -999.000, -999.000, -999.000, -999.000, -999.000,
