       192,2020092000,   -0.077,   -0.088,   -0.076,   -0.074, -999.000,   -0.083,   -0.088,   -0.083,   -0.074, -999.000,    0.063,    0.065,    0.062,    0.070, -999.000,    0.063,    0.065,    0.062,    0.065, -999.000,
       192,2020091918,   -0.079,   -0.077,   -0.079,   -0.097,   -0.076,   -0.080,   -0.074,   -0.081,   -0.082,   -0.076,    0.063,    0.060,    0.062,    0.065,    0.035,    0.063,    0.062,    0.062,    0.068,    0.035,
       192,2020091912,   -0.079,   -0.085,   -0.078,   -0.071,   -0.194,   -0.082,   -0.082,   -0.083,   -0.053, -999.000,    0.063,    0.066,    0.062,    0.052, -999.000,    0.063,    0.067,    0.062,    0.062, -999.000,
       192,2020091906,   -0.079,   -0.090,   -0.076,   -0.082,   -0.047,   -0.085,   -0.093,   -0.083,   -0.101,   -0.060,    0.062,    0.067,    0.061,    0.074,    0.052,    0.062,    0.068,    0.061,    0.063,    0.052,
       192,2020091900,   -0.077,   -0.085,   -0.076,   -0.073, -999.000,   -0.079,   -0.086,   -0.078,   -0.082, -999.000,    0.062,    0.065,    0.062,    0.062, -999.000,    0.062,    0.065,    0.062,    0.063, -999.000,
       192,2020091818,   -0.079,   -0.079,   -0.078,   -0.092,   -0.060,   -0.080,   -0.081,   -0.080,   -0.075,   -0.114,    0.063,    0.061,    0.064,    0.070,    0.022,    0.063,    0.060,    0.064,    0.069,    0.022,
       192,2020091812,   -0.083,   -0.106,   -0.079,   -0.075, -999.000,   -0.086,   -0.097,   -0.084,   -0.078, -999.000,    0.064,    0.063,    0.064,    0.065, -999.000,    0.064,    0.063,    0.064,    0.071, -999.000,
       192,2020091806,   -0.083,   -0.088,   -0.082,   -0.064,   -0.130,   -0.089,   -0.095,   -0.088,   -0.071,   -0.189,    0.063,    0.064,    0.064,    0.061,    0.076,    0.063,    0.064,    0.064,    0.056,    0.076,
       192,2020091800,   -0.080,   -0.087,   -0.079,   -0.079, -999.000,   -0.083,   -0.085,   -0.081,   -0.102, -999.000,    0.062,    0.062,    0.063,    0.065, -999.000,    0.062,    0.059,    0.063,    0.063, -999.000,
       192,2020091718,   -0.079,   -0.074,   -0.083,   -0.055, -999.000,   -0.085,   -0.079,   -0.088,   -0.059, -999.000,    0.063,    0.061,    0.064,    0.055, -999.000,    0.063,    0.060,    0.064,    0.058, -999.000,
       192,2020091712,   -0.081,   -0.097,   -0.078,   -0.079, -999.000,   -0.080,   -0.092,   -0.078,   -0.075, -999.000,    0.064,    0.067,    0.063,    0.060, -999.000,    0.064,    0.067,    0.063,    0.065, -999.000,
       192,2020091706,   -0.079,   -0.081,   -0.077,   -0.083,   -0.088,   -0.083,   -0.086,   -0.082,   -0.081,   -0.056,    0.062,    0.065,    0.061,    0.071,    0.032,    0.062,    0.063,    0.061,    0.060,    0.032,
       192,2020091700,   -0.078,   -0.069,   -0.079,   -0.100, -999.000,   -0.079,   -0.070,   -0.080,   -0.079, -999.000,    0.063,    0.065,    0.062,    0.062, -999.000,    0.063,    0.065,    0.062,    0.074, -999.000,
       192,2020091618,   -0.079,   -0.067,   -0.084,   -0.062,   -0.074,   -0.082,   -0.074,   -0.084,   -0.082,   -0.035,    0.062,    0.060,    0.064,    0.073,    0.019,    0.062,    0.056,    0.064,    0.063,    0.019,
       192,2020091612,   -0.076,   -0.082,   -0.074,   -0.093, -999.000,   -0.078,   -0.084,   -0.076,   -0.073,   -0.177,    0.063,    0.065,    0.062,    0.075, -999.000,    0.063,    0.066,    0.062,    0.063, -999.000,
       192,2020091606,   -0.081,   -0.085,   -0.080,   -0.076,   -0.118,   -0.086,   -0.088,   -0.086,   -0.083,   -0.126,    0.061,    0.061,    0.062,    0.068,    0.065,    0.061,    0.062,    0.062,    0.051,    0.065,
       192,2020091600,   -0.078,   -0.070,   -0.079,   -0.082,   -0.076,   -0.081,   -0.068,   -0.083,   -0.085,   -0.076,    0.062,    0.060,    0.062,    0.065, -999.000,    0.062,    0.061,    0.062,    0.063, -999.000,
       192,2020091518,   -0.075,   -0.078,   -0.074,   -0.073, -999.000,   -0.078,   -0.082,   -0.077,   -0.082, -999.000,    0.063,    0.067,    0.062,    0.071, -999.000,    0.063,    0.065,    0.062,    0.065, -999.000,
       192,2020091512,   -0.078,   -0.078,   -0.078,   -0.073,   -0.117,   -0.083,   -0.080,   -0.084,   -0.065,   -0.187,    0.063,    0.059,    0.064,    0.066, -999.000,    0.063,    0.060,    0.064,    0.063, -999.000,
       192,2020091506,   -0.075,   -0.091,   -0.070,   -0.073,   -0.029,   -0.081,   -0.099,   -0.075,   -0.071,   -0.031,    0.064,    0.067,    0.062,    0.058,    0.002,    0.064,    0.067,    0.062,    0.059,    0.002,
       192,2020091500,   -0.081,   -0.076,   -0.081,   -0.111, -999.000,   -0.083,   -0.078,   -0.083,   -0.095, -999.000,    0.063,    0.063,    0.063,    0.065, -999.000,    0.063,    0.062,    0.063,    0.074, -999.000,
       192,2020091418,   -0.071,   -0.072,   -0.071,   -0.078,   -0.142,   -0.073,   -0.076,   -0.072,   -0.075,   -0.018,    0.061,    0.063,    0.061,    0.066, -999.000,    0.061,    0.060,    0.061,    0.064, -999.000,
       192,2020091412,   -0.078,   -0.070,   -0.080,   -0.068, -999.000,   -0.083,   -0.074,   -0.084,   -0.094, -999.000,    0.063,    0.063,    0.064,    0.058, -999.000,    0.063,    0.062,    0.064,    0.055, -999.000,
       192,2020091406,   -0.074,   -0.084,   -0.072,   -0.076, -999.000,   -0.080,   -0.086,   -0.077,   -0.099,   -0.032,    0.063,    0.068,    0.062,    0.068, -999.000,    0.063,    0.068,    0.062,    0.065, -999.000,
       192,2020091400,   -0.080,   -0.079,   -0.080,   -0.079,   -0.190,   -0.083,   -0.079,   -0.083,   -0.075,   -0.099,    0.063,    0.066,    0.062,    0.064, -999.000,    0.063,    0.065,    0.062,    0.060, -999.000,
       192,2020091318,   -0.081,   -0.088,   -0.078,   -0.088,   -0.196,   -0.085,   -0.089,   -0.083,   -0.079,   -0.152,    0.063,    0.066,    0.062,    0.061, -999.000,    0.063,    0.068,    0.062,    0.057, -999.000,
       192,2020091312,   -0.078,   -0.082,   -0.078,   -0.067,   -0.003,   -0.081,   -0.080,   -0.082,   -0.074,   -0.003,    0.063,    0.062,    0.063,    0.062, -999.000,    0.063,    0.067,    0.063,    0.055, -999.000,
       192,2020091306,   -0.076,   -0.088,   -0.071,   -0.097, -999.000,   -0.082,   -0.092,   -0.078,   -0.086, -999.000,    0.064,    0.070,    0.062,    0.068, -999.000,    0.064,    0.069,    0.062,    0.065, -999.000,
       192,2020091300,   -0.078,   -0.092,   -0.075,   -0.089, -999.000,   -0.081,   -0.086,   -0.079,   -0.099, -999.000,    0.065,    0.064,    0.064,    0.067, -999.000,    0.065,    0.066,    0.064,    0.068, -999.000,
       192,2020091218,   -0.078,   -0.082,   -0.077,   -0.068,   -0.013,   -0.084,   -0.084,   -0.083,   -0.099, -999.000,    0.063,    0.062,    0.063,    0.066, -999.000,    0.063,    0.064,    0.063,    0.065, -999.000,
       192,2020091212,   -0.080,   -0.091,   -0.077,   -0.081,   -0.023,   -0.084,   -0.093,   -0.082,   -0.080, -999.000,    0.063,    0.064,    0.062,    0.067, -999.000,    0.063,    0.064,    0.062,    0.062, -999.000,
       192,2020091206,   -0.080,   -0.089,   -0.077,   -0.061,   -0.050,   -0.081,   -0.090,   -0.079,   -0.062,   -0.057,    0.064,    0.067,    0.064,    0.064,    0.062,    0.064,    0.067,    0.064,    0.062,    0.062,
       192,2020091200,   -0.081,   -0.080,   -0.081,   -0.094,   -0.122,   -0.083,   -0.072,   -0.085,   -0.090,   -0.136,    0.064,    0.064,    0.064,    0.065, -999.000,    0.064,    0.063,    0.064,    0.065, -999.000,
       192,2020091118,   -0.080,   -0.070,   -0.082,   -0.076, -999.000,   -0.084,   -0.070,   -0.088,   -0.087,   -0.052,    0.063,    0.060,    0.064,    0.062, -999.000,    0.063,    0.060,    0.064,    0.056, -999.000,
       192,2020091112,   -0.080,   -0.084,   -0.079,   -0.073,   -0.121,   -0.083,   -0.089,   -0.081,   -0.082,   -0.120,    0.065,    0.068,    0.064,    0.061,    0.089,    0.065,    0.068,    0.064,    0.055,    0.089,
       192,2020091106,   -0.082,   -0.093,   -0.079,   -0.066,   -0.122,   -0.085,   -0.099,   -0.081,   -0.079,   -0.141,    0.063,    0.064,    0.062,    0.074, -999.000,    0.063,    0.062,    0.062,    0.070, -999.000,
       192,2020091100,   -0.082,   -0.079,   -0.084,   -0.065, -999.000,   -0.086,   -0.074,   -0.089,   -0.085, -999.000,    0.064,    0.066,    0.064,    0.055, -999.000,    0.064,    0.065,    0.064,    0.057, -999.000,
       192,2020091018,   -0.074,   -0.086,   -0.072,   -0.073,   -0.094,   -0.079,   -0.084,   -0.078,   -0.077,   -0.081,    0.063,    0.066,    0.062,    0.060, -999.000,    0.063,    0.068,    0.062,    0.052, -999.000,
       192,2020091012,   -0.077,   -0.089,   -0.075,   -0.070,   -0.170,   -0.083,   -0.088,   -0.082,   -0.072,   -0.168,    0.064,    0.064,    0.063,    0.065,    0.043,    0.064,    0.067,    0.063,    0.068,    0.043,
       192,2020091006,   -0.082,   -0.091,   -0.078,   -0.094,   -0.118,   -0.088,   -0.099,   -0.084,   -0.092,   -0.119,    0.064,    0.069,    0.062,    0.082, -999.000,    0.064,    0.066,    0.062,    0.074, -999.000,
       192,2020091000,   -0.079,   -0.081,   -0.078,   -0.081,   -0.168,   -0.084,   -0.078,   -0.086,   -0.084, -999.000,    0.065,    0.065,    0.065,    0.076, -999.000,    0.065,    0.064,    0.065,    0.075, -999.000,
       192,2020090918,   -0.080,   -0.082,   -0.079,   -0.099,   -0.107,   -0.080,   -0.080,   -0.080,   -0.087,   -0.149,    0.064,    0.063,    0.064,    0.064,    0.078,    0.064,    0.064,    0.064,    0.067,    0.078,
       192,2020090912,   -0.083,   -0.075,   -0.086,   -0.068, -999.000,   -0.086,   -0.075,   -0.090,   -0.065, -999.000,    0.064,    0.061,    0.065,    0.072, -999.000,    0.064,    0.062,    0.065,    0.061, -999.000,
       192,2020090906,   -0.079,   -0.084,   -0.077,   -0.108,   -0.099,   -0.083,   -0.086,   -0.081,   -0.101,   -0.100,    0.064,    0.063,    0.064,    0.068,    0.070,    0.064,    0.062,    0.064,    0.063,    0.070,
       192,2020090900,   -0.080,   -0.088,   -0.078,   -0.091,   -0.199,   -0.084,   -0.091,   -0.083,   -0.078,   -0.180,    0.064,    0.066,    0.063,    0.055, -999.000,    0.064,    0.067,    0.063,    0.069, -999.000,
       192,2020090818,   -0.076,   -0.081,   -0.074,   -0.110, -999.000,   -0.080,   -0.081,   -0.079,   -0.095, -999.000,    0.063,    0.064,    0.063,    0.068, -999.000,    0.063,    0.064,    0.063,    0.064, -999.000,
       192,2020090812,   -0.078,   -0.086,   -0.076,   -0.075, -999.000,   -0.079,   -0.088,   -0.077,   -0.068, -999.000,    0.062,    0.063,    0.062,    0.069, -999.000,    0.062,    0.063,    0.062,    0.059, -999.000,
       192,2020090806,   -0.077,   -0.084,   -0.076,   -0.057,   -0.115,   -0.084,   -0.087,   -0.083,   -0.068,   -0.116,    0.063,    0.069,    0.062,    0.063, -999.000,    0.063,    0.066,    0.062,    0.059, -999.000,
       192,2020090800,   -0.079,   -0.099,   -0.075,   -0.096,   -0.012,   -0.083,   -0.096,   -0.079,   -0.103,   -0.104,    0.063,    0.066,    0.062,    0.056, -999.000,    0.063,    0.064,    0.062,    0.056, -999.000,
       192,2020090718,   -0.078,   -0.079,   -0.077,   -0.075, -999.000,   -0.085,   -0.088,   -0.084,   -0.075, -999.000,    0.064,    0.066,    0.065,    0.063, -999.000,    0.064,    0.063,    0.065,    0.063, -999.000,
       192,2020090712,   -0.083,   -0.089,   -0.083,   -0.079, -999.000,   -0.086,   -0.088,   -0.086,   -0.069, -999.000,    0.063,    0.066,    0.063,    0.058, -999.000,    0.063,    0.065,    0.063,    0.063, -999.000,
       192,2020090706,   -0.079,   -0.093,   -0.075,   -0.064,   -0.132,   -0.085,   -0.092,   -0.081,   -0.078,   -0.119,    0.063,    0.064,    0.062,    0.058,    0.061,    0.063,    0.065,    0.062,    0.061,    0.061,
       192,2020090700,   -0.076,   -0.074,   -0.077,   -0.068, -999.000,   -0.081,   -0.070,   -0.083,   -0.077, -999.000,    0.063,    0.065,    0.062,    0.064, -999.000,    0.063,    0.067,    0.062,    0.062, -999.000,
       192,2020090618,   -0.078,   -0.084,   -0.077,   -0.057,   -0.177,   -0.081,   -0.086,   -0.080,   -0.072, -999.000,    0.061,    0.063,    0.061,    0.064, -999.000,    0.061,    0.061,    0.061,    0.057, -999.000,
       192,2020090612,   -0.079,   -0.091,   -0.078,   -0.062,   -0.196,   -0.080,   -0.090,   -0.078,   -0.072,   -0.195,    0.063,    0.066,    0.062,    0.066, -999.000,    0.063,    0.065,    0.062,    0.063, -999.000,
       192,2020090606,   -0.077,   -0.091,   -0.072,   -0.071, -999.000,   -0.084,   -0.092,   -0.081,   -0.080, -999.000,    0.061,    0.065,    0.060,    0.072, -999.000,    0.061,    0.064,    0.060,    0.061, -999.000,
       192,2020090600,   -0.082,   -0.080,   -0.083,   -0.070,   -0.000,   -0.082,   -0.076,   -0.084,   -0.077,   -0.000,    0.064,    0.064,    0.064,    0.062, -999.000,    0.064,    0.063,    0.064,    0.063, -999.000,
       192,2020090518,   -0.080,   -0.086,   -0.078,   -0.084, -999.000,   -0.082,   -0.087,   -0.081,   -0.060, -999.000,    0.064,    0.063,    0.064,    0.061, -999.000,    0.064,    0.063,    0.064,    0.070, -999.000,
       192,2020090512,   -0.077,   -0.087,   -0.076,   -0.068,   -0.034,   -0.082,   -0.085,   -0.082,   -0.063,   -0.002,    0.062,    0.062,    0.063,    0.055,    0.045,    0.062,    0.064,    0.063,    0.053,    0.045,
       192,2020090506,   -0.079,   -0.090,   -0.075,   -0.077,   -0.153,   -0.085,   -0.098,   -0.081,   -0.067,   -0.155,    0.064,    0.065,    0.063,    0.072, -999.000,    0.064,    0.066,    0.063,    0.059, -999.000,
       192,2020090500,   -0.074,   -0.066,   -0.074,   -0.105, -999.000,   -0.078,   -0.066,   -0.080,   -0.095, -999.000,    0.062,    0.061,    0.062,    0.067, -999.000,    0.062,    0.060,    0.062,    0.061, -999.000,
       192,2020090418,   -0.076,   -0.081,   -0.075,   -0.070, -999.000,   -0.084,   -0.088,   -0.083,   -0.083, -999.000,    0.063,    0.065,    0.063,    0.061, -999.000,    0.063,    0.064,    0.063,    0.058, -999.000,
       192,2020090412,   -0.077,   -0.069,   -0.080,   -0.073,   -0.132,   -0.082,   -0.074,   -0.083,   -0.095, -999.000,    0.062,    0.060,    0.062,    0.068, -999.000,    0.062,    0.060,    0.062,    0.064, -999.000,
       192,2020090406,   -0.076,   -0.078,   -0.074,   -0.093,   -0.005,   -0.084,   -0.092,   -0.080,   -0.106,   -0.003,    0.062,    0.063,    0.062,    0.064, -999.000,    0.062,    0.062,    0.062,    0.065, -999.000,
       192,2020090400,   -0.080,   -0.081,   -0.078,   -0.108,   -0.196,   -0.082,   -0.081,   -0.081,   -0.116, -999.000,    0.062,    0.062,    0.062,    0.054, -999.000,    0.062,    0.059,    0.062,    0.057, -999.000,
       192,2020090318,   -0.076,   -0.078,   -0.076,   -0.081,   -0.064,   -0.078,   -0.080,   -0.078,   -0.079,   -0.055,    0.063,    0.062,    0.063,    0.060,    0.064,    0.063,    0.063,    0.063,    0.062,    0.064,
       192,2020090312,   -0.074,   -0.077,   -0.073,   -0.078,   -0.135,   -0.079,   -0.085,   -0.078,   -0.084, -999.000,    0.061,    0.063,    0.061,    0.067,    0.076,    0.061,    0.061,    0.061,    0.065,    0.076,
       192,2020090306,   -0.082,   -0.092,   -0.079,   -0.082,   -0.000,   -0.086,   -0.096,   -0.080,   -0.103,   -0.000,    0.063,    0.066,    0.062,    0.061, -999.000,    0.063,    0.066,    0.062,    0.068, -999.000,
       192,2020090300,   -0.083,   -0.083,   -0.083,   -0.083,   -0.121,   -0.086,   -0.087,   -0.086,   -0.091, -999.000,    0.064,    0.063,    0.065,    0.060,    0.105,    0.064,    0.062,    0.065,    0.066,    0.105,
       192,2020090218,   -0.083,   -0.086,   -0.080,   -0.099,   -0.121,   -0.083,   -0.087,   -0.083,   -0.072,   -0.122,    0.064,    0.066,    0.063,    0.061,    0.103,    0.064,    0.065,    0.063,    0.062,    0.103,
       192,2020090212,   -0.073,   -0.080,   -0.073,   -0.057, -999.000,   -0.078,   -0.083,   -0.079,   -0.058, -999.000,    0.060,    0.066,    0.060,    0.052, -999.000,    0.060,    0.063,    0.060,    0.061, -999.000,
       192,2020090206,   -0.081,   -0.088,   -0.078,   -0.079,   -0.166,   -0.084,   -0.093,   -0.080,   -0.094,   -0.092,    0.063,    0.066,    0.063,    0.059,    0.048,    0.063,    0.063,    0.063,    0.052,    0.048,
       192,2020090200,   -0.077,   -0.088,   -0.076,   -0.075, -999.000,   -0.081,   -0.089,   -0.080,   -0.078, -999.000,    0.061,    0.066,    0.061,    0.063, -999.000,    0.061,    0.064,    0.061,    0.056, -999.000,
       192,2020090118,   -0.079,   -0.086,   -0.077,   -0.076,   -0.008,   -0.083,   -0.090,   -0.082,   -0.064,   -0.001,    0.062,    0.062,    0.061,    0.059,    0.011,    0.062,    0.062,    0.061,    0.066,    0.011,
       192,2020090112,   -0.074,   -0.086,   -0.072,   -0.078,   -0.195,   -0.078,   -0.091,   -0.076,   -0.065,   -0.194,    0.063,    0.064,    0.062,    0.058, -999.000,    0.063,    0.065,    0.062,    0.071, -999.000,
       192,2020090106,   -0.077,   -0.090,   -0.073,   -0.064,   -0.005,   -0.082,   -0.095,   -0.077,   -0.078,   -0.005,    0.063,    0.062,    0.061,    0.075, -999.000,    0.063,    0.064,    0.061,    0.064, -999.000,
       192,2020090100,   -0.077,   -0.069,   -0.077,   -0.096, -999.000,   -0.080,   -0.074,   -0.080,   -0.094, -999.000,    0.063,    0.065,    0.062,    0.060, -999.000,    0.063,    0.064,    0.062,    0.062, -999.000,
       192,2020083118,   -0.078,   -0.081,   -0.077,   -0.083,   -0.066,   -0.080,   -0.085,   -0.079,   -0.081,   -0.048,    0.062,    0.064,    0.062,    0.060,    0.000,    0.062,    0.062,    0.062,    0.055,    0.000,
       192,2020083112,   -0.079,   -0.075,   -0.079,   -0.094,   -0.132,   -0.082,   -0.084,   -0.081,   -0.086,   -0.086,    0.065,    0.067,    0.065,    0.065,    0.093,    0.065,    0.066,    0.065,    0.067,    0.093,
       192,2020083106,   -0.078,   -0.089,   -0.074,   -0.084,   -0.186,   -0.082,   -0.090,   -0.078,   -0.104, -999.000,    0.065,    0.067,    0.064,    0.068, -999.000,    0.065,    0.066,    0.064,    0.069, -999.000,
       192,2020083100,   -0.083,   -0.082,   -0.082,   -0.104,   -0.067,   -0.083,   -0.076,   -0.084,   -0.104,   -0.057,    0.064,    0.061,    0.064,    0.068, -999.000,    0.064,    0.063,    0.064,    0.069, -999.000,
       192,2020083018,   -0.083,   -0.088,   -0.081,   -0.096,   -0.040,   -0.082,   -0.091,   -0.079,   -0.083, -999.000,    0.063,    0.065,    0.063,    0.062, -999.000,    0.063,    0.063,    0.063,    0.060, -999.000,
       192,2020083012,   -0.081,   -0.076,   -0.082,   -0.079, -999.000,   -0.086,   -0.084,   -0.085,   -0.094, -999.000,    0.066,    0.067,    0.066,    0.069, -999.000,    0.066,    0.065,    0.066,    0.067, -999.000,
       192,2020083006,   -0.082,   -0.092,   -0.079,   -0.102,   -0.182,   -0.087,   -0.095,   -0.082,   -0.098,   -0.114,    0.067,    0.065,    0.067,    0.073,    0.031,    0.067,    0.067,    0.067,    0.070,    0.031,
       192,2020083000,   -0.084, -999.000,   -0.084, -999.000, -999.000,   -0.088, -999.000,   -0.088, -999.000, -999.000,    0.066, -999.000,    0.066, -999.000, -999.000,    0.066, -999.000,    0.066, -999.000, -999.000,
