       147,2020092000,   -0.001,   -0.004,    0.000,   -0.006, -999.000,   -0.001,   -0.004,    0.000,   -0.006, -999.000,    0.002,    0.002, -999.000,    0.001, -999.000,    0.002,    0.002, -999.000,    0.001, -999.000,
       147,2020091918,   -0.001,   -0.003,    0.000,   -0.004,   -0.003,   -0.001,   -0.003,    0.000,   -0.004,   -0.003,    0.002,    0.002, -999.000,    0.000,    0.001,    0.002,    0.002, -999.000,    0.000,    0.001,
       147,2020091912,   -0.005,   -0.024,    0.000,   -0.029,   -0.000,   -0.006,   -0.023,    0.000,   -0.029, -999.000,    0.011,    0.011, -999.000,    0.004, -999.000,    0.011,    0.010, -999.000,    0.004, -999.000,
       147,2020091906,   -0.002,   -0.010,    0.000,   -0.014,   -0.007,   -0.002,   -0.009,    0.000,   -0.013,   -0.005,    0.005,    0.005, -999.000,    0.002,    0.008,    0.005,    0.005, -999.000,    0.002,    0.008,
       147,2020091900,   -0.001,   -0.007,    0.000,   -0.010, -999.000,   -0.001,   -0.006,    0.000,   -0.010, -999.000,    0.003,    0.003, -999.000,    0.001, -999.000,    0.003,    0.003, -999.000,    0.001, -999.000,
       147,2020091818,    0.001,    0.002,    0.000,    0.004,    0.000,    0.001,    0.002,    0.000,    0.004,    0.000,    0.001,    0.001, -999.000,    0.000,    0.000,    0.001,    0.001, -999.000,    0.000,    0.000,
       147,2020091812,   -0.005,   -0.024,    0.000,   -0.029, -999.000,   -0.005,   -0.023,    0.000,   -0.029, -999.000,    0.011,    0.010, -999.000,    0.004, -999.000,    0.011,    0.010, -999.000,    0.003, -999.000,
       147,2020091806,   -0.007,   -0.024,    0.000,   -0.032,   -0.007,   -0.006,   -0.021,    0.000,   -0.032,   -0.000,    0.013,    0.013, -999.000,    0.004,    0.008,    0.013,    0.012, -999.000,    0.003,    0.008,
       147,2020091800,   -0.003,   -0.016,    0.000,   -0.026, -999.000,   -0.003,   -0.016,    0.000,   -0.025, -999.000,    0.007,    0.008, -999.000,    0.003, -999.000,    0.007,    0.008, -999.000,    0.003, -999.000,
       147,2020091718,   -0.005,   -0.015,    0.000,   -0.021, -999.000,   -0.005,   -0.014,    0.000,   -0.021, -999.000,    0.009,    0.008, -999.000,    0.002, -999.000,    0.009,    0.008, -999.000,    0.002, -999.000,
       147,2020091712,   -0.005,   -0.027,    0.000,   -0.034, -999.000,   -0.005,   -0.025,    0.000,   -0.034, -999.000,    0.012,    0.013, -999.000,    0.003, -999.000,    0.012,    0.012, -999.000,    0.004, -999.000,
       147,2020091706,   -0.008,   -0.027,    0.000,   -0.035,   -0.009,   -0.008,   -0.025,    0.000,   -0.034,   -0.015,    0.015,    0.015, -999.000,    0.004,    0.011,    0.015,    0.014, -999.000,    0.004,    0.011,
       147,2020091700,   -0.002,   -0.014,    0.000,   -0.025, -999.000,   -0.002,   -0.013,    0.000,   -0.025, -999.000,    0.006,    0.007, -999.000,    0.002, -999.000,    0.006,    0.007, -999.000,    0.003, -999.000,
       147,2020091618,   -0.004,   -0.015,    0.000,   -0.020,   -0.011,   -0.004,   -0.015,    0.000,   -0.019,   -0.012,    0.008,    0.008, -999.000,    0.002,    0.014,    0.008,    0.007, -999.000,    0.002,    0.014,
       147,2020091612,   -0.005,   -0.023,    0.000,   -0.032, -999.000,   -0.006,   -0.024,    0.000,   -0.032,   -0.007,    0.012,    0.013, -999.000,    0.005, -999.000,    0.012,    0.013, -999.000,    0.004, -999.000,
       147,2020091606,   -0.006,   -0.023,    0.000,   -0.027,   -0.002,   -0.006,   -0.022,    0.000,   -0.026,   -0.003,    0.012,    0.010, -999.000,    0.003,    0.003,    0.012,    0.010, -999.000,    0.002,    0.003,
       147,2020091600,   -0.002,   -0.013,    0.000,   -0.023,   -0.001,   -0.002,   -0.012,    0.000,   -0.023,   -0.001,    0.006,    0.008, -999.000,    0.003, -999.000,    0.006,    0.008, -999.000,    0.003, -999.000,
       147,2020091518,   -0.004,   -0.018,    0.000,   -0.025, -999.000,   -0.005,   -0.017,    0.000,   -0.024, -999.000,    0.009,    0.010, -999.000,    0.004, -999.000,    0.009,    0.009, -999.000,    0.003, -999.000,
       147,2020091512,   -0.006,   -0.023,    0.000,   -0.031,   -0.033,   -0.006,   -0.023,    0.000,   -0.031,   -0.012,    0.012,    0.012, -999.000,    0.003, -999.000,    0.012,    0.012, -999.000,    0.003, -999.000,
       147,2020091506,   -0.010,   -0.031,    0.000,   -0.037,   -0.017,   -0.009,   -0.028,    0.000,   -0.037,   -0.031,    0.017,    0.015, -999.000,    0.004,    0.020,    0.017,    0.015, -999.000,    0.004,    0.020,
       147,2020091500,   -0.004,   -0.025,    0.000,   -0.035, -999.000,   -0.004,   -0.023,    0.000,   -0.035, -999.000,    0.011,    0.014, -999.000,    0.006, -999.000,    0.011,    0.014, -999.000,    0.005, -999.000,
       147,2020091418,   -0.006,   -0.024,    0.000,   -0.036,   -0.007,   -0.006,   -0.022,    0.000,   -0.035,   -0.002,    0.013,    0.014, -999.000,    0.004, -999.000,    0.013,    0.013, -999.000,    0.004, -999.000,
       147,2020091412,   -0.010,   -0.049,    0.000,   -0.060, -999.000,   -0.012,   -0.048,    0.000,   -0.058, -999.000,    0.023,    0.023, -999.000,    0.007, -999.000,    0.023,    0.023, -999.000,    0.008, -999.000,
       147,2020091406,   -0.010,   -0.045,    0.000,   -0.058, -999.000,   -0.012,   -0.043,    0.000,   -0.057,   -0.005,    0.022,    0.023, -999.000,    0.007, -999.000,    0.022,    0.023, -999.000,    0.007, -999.000,
       147,2020091400,   -0.006,   -0.033,    0.000,   -0.049,   -0.005,   -0.006,   -0.033,    0.000,   -0.051,   -0.032,    0.015,    0.018, -999.000,    0.004, -999.000,    0.015,    0.018, -999.000,    0.005, -999.000,
       147,2020091318,   -0.007,   -0.026,    0.000,   -0.038,   -0.004,   -0.008,   -0.025,    0.000,   -0.038,   -0.001,    0.014,    0.014, -999.000,    0.002,    0.004,    0.014,    0.014, -999.000,    0.003,    0.004,
       147,2020091312,   -0.012,   -0.056,    0.000,   -0.066,   -0.012,   -0.012,   -0.053,    0.000,   -0.066,   -0.011,    0.025,    0.024, -999.000,    0.008, -999.000,    0.025,    0.022, -999.000,    0.007, -999.000,
       147,2020091306,   -0.015,   -0.054,    0.000,   -0.066, -999.000,   -0.015,   -0.050,    0.000,   -0.067, -999.000,    0.028,    0.028, -999.000,    0.006, -999.000,    0.028,    0.026, -999.000,    0.007, -999.000,
       147,2020091300,   -0.007,   -0.040,    0.000,   -0.064, -999.000,   -0.008,   -0.040,    0.000,   -0.063, -999.000,    0.018,    0.022, -999.000,    0.006, -999.000,    0.018,    0.023, -999.000,    0.008, -999.000,
       147,2020091218,   -0.010,   -0.036,    0.000,   -0.055,   -0.005,   -0.010,   -0.032,    0.000,   -0.051, -999.000,    0.020,    0.021, -999.000,    0.008, -999.000,    0.020,    0.022, -999.000,    0.005, -999.000,
       147,2020091212,   -0.018,   -0.072,    0.000,   -0.089,   -0.060,   -0.018,   -0.071,    0.000,   -0.087, -999.000,    0.034,    0.031, -999.000,    0.010, -999.000,    0.034,    0.029, -999.000,    0.006, -999.000,
       147,2020091206,   -0.017,   -0.058,    0.000,   -0.076,   -0.051,   -0.017,   -0.055,    0.000,   -0.077,   -0.046,    0.031,    0.031, -999.000,    0.008,    0.030,    0.031,    0.030, -999.000,    0.007,    0.030,
       147,2020091200,   -0.007,   -0.043,    0.000,   -0.072,   -0.054,   -0.007,   -0.042,    0.000,   -0.073,   -0.009,    0.019,    0.023, -999.000,    0.011, -999.000,    0.019,    0.021, -999.000,    0.009, -999.000,
       147,2020091118,   -0.011,   -0.045,    0.000,   -0.063, -999.000,   -0.012,   -0.041,    0.000,   -0.062,   -0.071,    0.023,    0.025, -999.000,    0.006, -999.000,    0.023,    0.024, -999.000,    0.005, -999.000,
       147,2020091112,   -0.017,   -0.075,    0.000,   -0.090,   -0.055,   -0.019,   -0.070,    0.000,   -0.087,   -0.051,    0.035,    0.031, -999.000,    0.011,    0.034,    0.035,    0.031, -999.000,    0.007,    0.034,
       147,2020091106,   -0.017,   -0.067,    0.000,   -0.084,   -0.075,   -0.015,   -0.058,    0.000,   -0.080,   -0.038,    0.034,    0.032, -999.000,    0.012, -999.000,    0.034,    0.035, -999.000,    0.010, -999.000,
       147,2020091100,   -0.010,   -0.054,    0.000,   -0.087, -999.000,   -0.011,   -0.051,    0.000,   -0.084, -999.000,    0.025,    0.026, -999.000,    0.007, -999.000,    0.025,    0.026, -999.000,    0.008, -999.000,
       147,2020091018,   -0.012,   -0.051,    0.000,   -0.076,   -0.023,   -0.013,   -0.048,    0.000,   -0.076,   -0.021,    0.026,    0.028, -999.000,    0.008,    0.032,    0.026,    0.029, -999.000,    0.007,    0.032,
       147,2020091012,   -0.015,   -0.071,    0.000,   -0.098,   -0.026,   -0.018,   -0.073,    0.000,   -0.099,   -0.027,    0.035,    0.036, -999.000,    0.010,    0.014,    0.035,    0.038, -999.000,    0.011,    0.014,
       147,2020091006,   -0.022,   -0.076,    0.000,   -0.099,   -0.003,   -0.022,   -0.069,    0.000,   -0.100,   -0.003,    0.042,    0.043, -999.000,    0.014, -999.000,    0.042,    0.046, -999.000,    0.015, -999.000,
       147,2020091000,   -0.013,   -0.067,    0.000,   -0.102,   -0.064,   -0.015,   -0.066,    0.000,   -0.097, -999.000,    0.030,    0.033, -999.000,    0.013, -999.000,    0.030,    0.033, -999.000,    0.012, -999.000,
       147,2020090918,   -0.014,   -0.061,    0.000,   -0.090,   -0.003,   -0.015,   -0.060,    0.000,   -0.093,   -0.005,    0.032,    0.033, -999.000,    0.009,    0.002,    0.032,    0.034, -999.000,    0.011,    0.002,
       147,2020090912,   -0.024,   -0.094,    0.000,   -0.119, -999.000,   -0.025,   -0.093,    0.000,   -0.119, -999.000,    0.048,    0.048, -999.000,    0.018, -999.000,    0.048,    0.048, -999.000,    0.015, -999.000,
       147,2020090906,   -0.023,   -0.090,    0.000,   -0.116,   -0.039,   -0.023,   -0.085,    0.000,   -0.120,   -0.006,    0.046,    0.049, -999.000,    0.014,    0.059,    0.046,    0.048, -999.000,    0.014,    0.059,
       147,2020090900,   -0.015,   -0.085,    0.000,   -0.122,   -0.008,   -0.016,   -0.076,    0.000,   -0.125,   -0.005,    0.038,    0.046, -999.000,    0.011, -999.000,    0.038,    0.043, -999.000,    0.012, -999.000,
       147,2020090818,   -0.018,   -0.074,    0.000,   -0.115, -999.000,   -0.020,   -0.068,    0.000,   -0.118, -999.000,    0.039,    0.039, -999.000,    0.010, -999.000,    0.039,    0.042, -999.000,    0.011, -999.000,
       147,2020090812,   -0.027,   -0.111,    0.000,   -0.144, -999.000,   -0.028,   -0.107,    0.000,   -0.144, -999.000,    0.055,    0.055, -999.000,    0.016, -999.000,    0.055,    0.054, -999.000,    0.013, -999.000,
       147,2020090806,   -0.030,   -0.113,    0.000,   -0.153,   -0.084,   -0.031,   -0.103,    0.000,   -0.149,   -0.081,    0.059,    0.058, -999.000,    0.015, -999.000,    0.059,    0.059, -999.000,    0.013, -999.000,
       147,2020090800,   -0.017,   -0.089,    0.000,   -0.143,   -0.009,   -0.017,   -0.083,    0.000,   -0.144,   -0.006,    0.043,    0.050, -999.000,    0.015, -999.000,    0.043,    0.049, -999.000,    0.017, -999.000,
       147,2020090718,   -0.022,   -0.095,    0.000,   -0.149, -999.000,   -0.023,   -0.090,    0.000,   -0.150, -999.000,    0.049,    0.052, -999.000,    0.012, -999.000,    0.049,    0.051, -999.000,    0.013, -999.000,
       147,2020090712,   -0.025,   -0.123,    0.000,   -0.168, -999.000,   -0.027,   -0.122,    0.000,   -0.168, -999.000,    0.057,    0.056, -999.000,    0.019, -999.000,    0.057,    0.058, -999.000,    0.016, -999.000,
       147,2020090706,   -0.038,   -0.126,    0.000,   -0.179,   -0.075,   -0.041,   -0.127,    0.000,   -0.181,   -0.100,    0.069,    0.066, -999.000,    0.014,    0.087,    0.069,    0.067, -999.000,    0.017,    0.087,
       147,2020090700,   -0.020,   -0.101,    0.000,   -0.176, -999.000,   -0.019,   -0.092,    0.000,   -0.172, -999.000,    0.051,    0.053, -999.000,    0.020, -999.000,    0.051,    0.051, -999.000,    0.016, -999.000,
       147,2020090618,   -0.035,   -0.112,    0.000,   -0.165,   -0.154,   -0.031,   -0.102,    0.000,   -0.163, -999.000,    0.064,    0.058, -999.000,    0.014, -999.000,    0.064,    0.062, -999.000,    0.014, -999.000,
       147,2020090612,   -0.036,   -0.163,    0.000,   -0.201,   -0.053,   -0.036,   -0.158,    0.000,   -0.198,   -0.052,    0.074,    0.062, -999.000,    0.020, -999.000,    0.074,    0.061, -999.000,    0.018, -999.000,
       147,2020090606,   -0.046,   -0.159,    0.000,   -0.203, -999.000,   -0.045,   -0.141,    0.000,   -0.197,   -0.001,    0.084,    0.079, -999.000,    0.024, -999.000,    0.084,    0.077, -999.000,    0.020, -999.000,
       147,2020090600,   -0.023,   -0.119,    0.000,   -0.208,   -0.229,   -0.024,   -0.116,    0.000,   -0.200,   -0.228,    0.058,    0.057, -999.000,    0.025, -999.000,    0.058,    0.053, -999.000,    0.022, -999.000,
       147,2020090518,   -0.041,   -0.143,    0.000,   -0.198, -999.000,   -0.041,   -0.134,    0.000,   -0.200, -999.000,    0.077,    0.073, -999.000,    0.016, -999.000,    0.077,    0.076, -999.000,    0.023, -999.000,
       147,2020090512,   -0.036,   -0.157,    0.000,   -0.236,   -0.179,   -0.037,   -0.149,    0.000,   -0.233,   -0.154,    0.080,    0.081, -999.000,    0.023,    0.047,    0.080,    0.086, -999.000,    0.025,    0.047,
       147,2020090506,   -0.053,   -0.191,    0.000,   -0.224,   -0.153,   -0.051,   -0.179,    0.000,   -0.226,   -0.153,    0.098,    0.094, -999.000,    0.025, -999.000,    0.098,    0.090, -999.000,    0.019, -999.000,
       147,2020090500,   -0.027,   -0.148,    0.000,   -0.229, -999.000,   -0.033,   -0.140,    0.000,   -0.230, -999.000,    0.067,    0.076, -999.000,    0.029, -999.000,    0.067,    0.073, -999.000,    0.024, -999.000,
       147,2020090418,   -0.040,   -0.158,    0.000,   -0.233, -999.000,   -0.045,   -0.148,    0.000,   -0.227, -999.000,    0.081,    0.085, -999.000,    0.020, -999.000,    0.081,    0.080, -999.000,    0.015, -999.000,
       147,2020090412,   -0.046,   -0.192,    0.000,   -0.255,   -0.122,   -0.050,   -0.186,    0.000,   -0.248, -999.000,    0.096,    0.096, -999.000,    0.026, -999.000,    0.096,    0.096, -999.000,    0.025, -999.000,
       147,2020090406,   -0.054,   -0.215,    0.000,   -0.265,   -0.022,   -0.058,   -0.185,    0.000,   -0.258,   -0.120,    0.112,    0.121, -999.000,    0.025, -999.000,    0.112,    0.124, -999.000,    0.021, -999.000,
       147,2020090400,   -0.030,   -0.182,    0.000,   -0.266,   -0.001,   -0.037,   -0.166,    0.000,   -0.258, -999.000,    0.078,    0.089, -999.000,    0.025, -999.000,    0.078,    0.086, -999.000,    0.029, -999.000,
       147,2020090318,   -0.045,   -0.174,    0.000,   -0.275,   -0.172,   -0.051,   -0.166,    0.000,   -0.273,   -0.134,    0.094,    0.097, -999.000,    0.031,    0.142,    0.094,    0.100, -999.000,    0.030,    0.142,
       147,2020090312,   -0.054,   -0.246,    0.000,   -0.301,   -0.164,   -0.057,   -0.227,    0.000,   -0.299, -999.000,    0.114,    0.116, -999.000,    0.039,    0.112,    0.114,    0.110, -999.000,    0.036,    0.112,
       147,2020090306,   -0.058,   -0.222,    0.000,   -0.318,   -0.293,   -0.071,   -0.209,    0.000,   -0.309,   -0.293,    0.121,    0.136, -999.000,    0.045, -999.000,    0.121,    0.136, -999.000,    0.036, -999.000,
       147,2020090300,   -0.038,   -0.192,    0.000,   -0.319,   -0.025,   -0.043,   -0.180,    0.000,   -0.309, -999.000,    0.093,    0.103, -999.000,    0.034,    0.033,    0.093,    0.098, -999.000,    0.022,    0.033,
       147,2020090218,   -0.068,   -0.201,    0.000,   -0.308,   -0.078,   -0.072,   -0.180,    0.000,   -0.307,   -0.082,    0.119,    0.111, -999.000,    0.041,    0.057,    0.119,    0.114, -999.000,    0.039,    0.057,
       147,2020090212,   -0.061,   -0.289,    0.000,   -0.360, -999.000,   -0.062,   -0.261,    0.000,   -0.356, -999.000,    0.131,    0.123, -999.000,    0.033, -999.000,    0.131,    0.120, -999.000,    0.027, -999.000,
       147,2020090206,   -0.077,   -0.270,    0.000,   -0.338,   -0.024,   -0.081,   -0.240,    0.000,   -0.323,   -0.010,    0.145,    0.149, -999.000,    0.054,    0.032,    0.145,    0.150, -999.000,    0.045,    0.032,
       147,2020090200,   -0.039,   -0.187,    0.000,   -0.354, -999.000,   -0.043,   -0.174,    0.000,   -0.344, -999.000,    0.097,    0.098, -999.000,    0.051, -999.000,    0.097,    0.099, -999.000,    0.049, -999.000,
       147,2020090118,   -0.076,   -0.234,    0.000,   -0.358,   -0.390,   -0.079,   -0.214,    0.000,   -0.362,   -0.292,    0.140,    0.135, -999.000,    0.038,    0.131,    0.140,    0.140, -999.000,    0.048,    0.131,
       147,2020090112,   -0.050,   -0.273,    0.000,   -0.380,   -0.046,   -0.059,   -0.264,    0.000,   -0.391,   -0.056,    0.124,    0.143, -999.000,    0.030, -999.000,    0.124,    0.143, -999.000,    0.046, -999.000,
       147,2020090106,   -0.084,   -0.290,    0.000,   -0.386,   -0.036,   -0.080,   -0.252,    0.000,   -0.377,   -0.046,    0.158,    0.159, -999.000,    0.064, -999.000,    0.158,    0.159, -999.000,    0.053, -999.000,
       147,2020090100,   -0.037,   -0.211,    0.000,   -0.359, -999.000,   -0.044,   -0.204,    0.000,   -0.347, -999.000,    0.099,    0.118, -999.000,    0.067, -999.000,    0.099,    0.118, -999.000,    0.058, -999.000,
       147,2020083118,   -0.069,   -0.256,    0.000,   -0.381,   -0.313,   -0.072,   -0.229,    0.000,   -0.375,   -0.219,    0.139,    0.138, -999.000,    0.053,    0.000,    0.139,    0.139, -999.000,    0.049,    0.000,
       147,2020083112,   -0.079,   -0.310,    0.000,   -0.389,   -0.424,   -0.087,   -0.306,    0.000,   -0.401,   -0.453,    0.161,    0.175, -999.000,    0.063,    0.089,    0.161,    0.178, -999.000,    0.066,    0.089,
       147,2020083106,   -0.087,   -0.349,    0.000,   -0.414,   -0.003,   -0.096,   -0.322,    0.000,   -0.407, -999.000,    0.179,    0.199, -999.000,    0.060, -999.000,    0.179,    0.197, -999.000,    0.067, -999.000,
       147,2020083100,   -0.059,   -0.282,    0.000,   -0.415,   -0.476,   -0.070,   -0.270,    0.000,   -0.415,   -0.247,    0.138,    0.153, -999.000,    0.088, -999.000,    0.138,    0.151, -999.000,    0.085, -999.000,
       147,2020083018,   -0.088,   -0.329,    0.000,   -0.464,   -0.328,   -0.094,   -0.289,    0.000,   -0.461, -999.000,    0.174,    0.180, -999.000,    0.059,    0.428,    0.174,    0.170, -999.000,    0.065,    0.428,
       147,2020083012,   -0.099,   -0.394,    0.000,   -0.511, -999.000,   -0.099,   -0.384,    0.000,   -0.491, -999.000,    0.202,    0.215, -999.000,    0.091, -999.000,    0.202,    0.214, -999.000,    0.083, -999.000,
       147,2020083006,   -0.534,   -1.336,    0.000,   -1.812,   -1.104,   -0.433,   -1.242,    0.000,   -1.773,   -1.129,    0.811,    0.737, -999.000,    0.371,    1.038,    0.811,    0.714, -999.000,    0.335,    1.038,
       147,2020083000,   -0.001,   -0.119,    0.000, -999.000, -999.000,   -0.002,   -0.116,    0.000, -999.000, -999.000,    0.014,    0.046, -999.000, -999.000, -999.000,    0.014,    0.062, -999.000, -999.000, -999.000,
