       342,2020092000,   -0.002,    0.000,   -0.004,    0.005,    0.012,   -0.002,    0.001,   -0.004,    0.005,    0.010,    0.011,    0.011,    0.010,    0.009,    0.012,    0.011,    0.011,    0.010,    0.009,    0.012,
       342,2020091918,   -0.001,    0.000,   -0.003,    0.010,    0.004,   -0.002,   -0.000,   -0.004,    0.010,    0.006,    0.014,    0.013,    0.014,    0.013,    0.016,    0.014,    0.013,    0.014,    0.013,    0.016,
       342,2020091912,   -0.002,   -0.002,   -0.003,    0.008,   -0.002,   -0.002,   -0.002,   -0.003,    0.007,   -0.002,    0.009,    0.008,    0.009,    0.008,    0.013,    0.009,    0.008,    0.009,    0.008,    0.013,
       342,2020091906,   -0.001,    0.000,   -0.002,    0.009,   -0.000,   -0.001,   -0.000,   -0.003,    0.009,   -0.004,    0.011,    0.010,    0.011,    0.009,    0.012,    0.011,    0.010,    0.011,    0.009,    0.012,
       342,2020091900,   -0.002,   -0.000,   -0.003,    0.004,   -0.006,   -0.002,   -0.001,   -0.003,    0.004,   -0.005,    0.009,    0.009,    0.009,    0.008,    0.012,    0.009,    0.008,    0.009,    0.008,    0.012,
       342,2020091818,   -0.001,   -0.000,   -0.003,    0.007,   -0.001,   -0.001,   -0.000,   -0.003,    0.007,   -0.002,    0.010,    0.008,    0.010,    0.008,    0.011,    0.010,    0.008,    0.010,    0.008,    0.011,
       342,2020091812,   -0.002,   -0.003,   -0.003,    0.006,    0.005,   -0.002,   -0.003,   -0.003,    0.006,    0.004,    0.009,    0.007,    0.009,    0.008,    0.013,    0.009,    0.007,    0.009,    0.008,    0.013,
       342,2020091806,   -0.001,    0.000,   -0.002,    0.007,   -0.002,   -0.001,    0.000,   -0.002,    0.007,   -0.003,    0.009,    0.008,    0.008,    0.007,    0.010,    0.009,    0.008,    0.008,    0.007,    0.010,
       342,2020091800,   -0.002,   -0.001,   -0.003,    0.006,    0.007,   -0.002,   -0.001,   -0.003,    0.005,    0.007,    0.010,    0.010,    0.010,    0.008,    0.011,    0.010,    0.010,    0.010,    0.008,    0.011,
       342,2020091718,   -0.001,   -0.000,   -0.003,    0.009,    0.002,   -0.001,   -0.000,   -0.003,    0.009,    0.004,    0.010,    0.009,    0.010,    0.008,    0.014,    0.010,    0.009,    0.010,    0.008,    0.014,
       342,2020091712,   -0.002,   -0.004,   -0.002,    0.008,   -0.002,   -0.002,   -0.004,   -0.002,    0.007,   -0.002,    0.009,    0.007,    0.008,    0.007,    0.008,    0.009,    0.007,    0.008,    0.007,    0.008,
       342,2020091706,   -0.001,    0.000,   -0.004,    0.011,   -0.004,   -0.002,   -0.000,   -0.004,    0.010,   -0.007,    0.011,    0.010,    0.011,    0.008,    0.015,    0.011,    0.010,    0.011,    0.008,    0.015,
       342,2020091700,   -0.002,   -0.001,   -0.002,    0.005,    0.004,   -0.002,   -0.001,   -0.002,    0.005,    0.003,    0.008,    0.008,    0.008,    0.006,    0.010,    0.008,    0.008,    0.008,    0.006,    0.010,
       342,2020091618,   -0.001,    0.000,   -0.003,    0.006,   -0.006,   -0.001,    0.000,   -0.003,    0.006,   -0.005,    0.007,    0.007,    0.007,    0.005,    0.008,    0.007,    0.006,    0.007,    0.005,    0.008,
       342,2020091612,   -0.000,   -0.001,   -0.001,    0.002,    0.001,   -0.000,   -0.001,   -0.001,    0.002,    0.001,    0.003,    0.002,    0.003,    0.002,    0.003,    0.003,    0.002,    0.003,    0.002,    0.003,
       342,2020091606,   -0.000,    0.001,   -0.002,    0.006,   -0.003,   -0.001,    0.000,   -0.002,    0.006,   -0.004,    0.007,    0.006,    0.006,    0.005,    0.007,    0.007,    0.006,    0.006,    0.005,    0.007,
       342,2020091600,   -0.001,   -0.000,   -0.001,    0.003,   -0.003,   -0.001,   -0.001,   -0.001,    0.003,   -0.003,    0.005,    0.005,    0.005,    0.003,    0.006,    0.005,    0.005,    0.005,    0.003,    0.006,
       342,2020091518,   -0.001,    0.000,   -0.003,    0.006,    0.001,   -0.001,   -0.000,   -0.003,    0.006,   -0.000,    0.007,    0.006,    0.007,    0.006,    0.005,    0.007,    0.006,    0.007,    0.005,    0.005,
       342,2020091512,   -0.000,   -0.001,   -0.001,    0.004,   -0.000,   -0.000,   -0.001,   -0.001,    0.004,    0.000,    0.004,    0.003,    0.004,    0.003,    0.003,    0.004,    0.003,    0.004,    0.003,    0.003,
       342,2020091506,   -0.001,    0.001,   -0.003,    0.009,    0.002,   -0.001,    0.000,   -0.003,    0.009,    0.000,    0.011,    0.011,    0.011,    0.009,    0.012,    0.011,    0.011,    0.011,    0.009,    0.012,
       342,2020091500,   -0.002,   -0.001,   -0.003,    0.007,    0.002,   -0.002,   -0.001,   -0.003,    0.007,    0.000,    0.010,    0.009,    0.010,    0.008,    0.010,    0.010,    0.009,    0.010,    0.008,    0.010,
       342,2020091418,   -0.002,    0.001,   -0.006,    0.014,   -0.005,   -0.003,   -0.000,   -0.006,    0.014,   -0.010,    0.016,    0.015,    0.015,    0.012,    0.021,    0.016,    0.015,    0.015,    0.012,    0.021,
       342,2020091412,   -0.002,   -0.003,   -0.003,    0.011,    0.005,   -0.002,   -0.004,   -0.003,    0.011,    0.003,    0.012,    0.010,    0.013,    0.009,    0.013,    0.012,    0.010,    0.013,    0.009,    0.013,
       342,2020091406,   -0.001,    0.000,   -0.004,    0.011,   -0.001,   -0.002,   -0.000,   -0.004,    0.011,   -0.004,    0.016,    0.015,    0.016,    0.013,    0.027,    0.016,    0.015,    0.016,    0.013,    0.027,
       342,2020091400,   -0.002,   -0.001,   -0.004,    0.008,    0.009,   -0.003,   -0.002,   -0.004,    0.008,    0.012,    0.013,    0.012,    0.013,    0.009,    0.019,    0.013,    0.012,    0.013,    0.010,    0.019,
       342,2020091318,   -0.001,   -0.000,   -0.003,    0.013,   -0.005,   -0.001,   -0.001,   -0.004,    0.013,   -0.007,    0.016,    0.015,    0.016,    0.012,    0.021,    0.016,    0.015,    0.016,    0.012,    0.021,
       342,2020091312,   -0.002,   -0.004,   -0.003,    0.012,   -0.001,   -0.002,   -0.004,   -0.003,    0.011,    0.001,    0.014,    0.013,    0.014,    0.010,    0.017,    0.014,    0.012,    0.014,    0.010,    0.017,
       342,2020091306,   -0.001,   -0.000,   -0.004,    0.015,   -0.001,   -0.002,   -0.001,   -0.005,    0.015,   -0.001,    0.021,    0.019,    0.021,    0.016,    0.026,    0.021,    0.019,    0.021,    0.016,    0.026,
       342,2020091300,   -0.005,   -0.002,   -0.008,    0.013,    0.015,   -0.005,   -0.002,   -0.008,    0.013,    0.011,    0.021,    0.020,    0.021,    0.015,    0.038,    0.021,    0.020,    0.021,    0.015,    0.038,
       342,2020091218,   -0.000,   -0.001,   -0.004,    0.023,   -0.003,   -0.001,   -0.002,   -0.005,    0.023,   -0.005,    0.026,    0.023,    0.026,    0.018,    0.033,    0.026,    0.023,    0.026,    0.018,    0.033,
       342,2020091212,   -0.005,   -0.007,   -0.007,    0.020,    0.024,   -0.005,   -0.008,   -0.007,    0.020,    0.024,    0.025,    0.023,    0.025,    0.020,    0.031,    0.025,    0.023,    0.025,    0.020,    0.031,
       342,2020091206,   -0.002,    0.001,   -0.006,    0.026,   -0.003,   -0.003,    0.000,   -0.008,    0.025,   -0.002,    0.032,    0.028,    0.032,    0.025,    0.026,    0.032,    0.028,    0.032,    0.024,    0.026,
       342,2020091200,   -0.006,   -0.003,   -0.009,    0.015,   -0.004,   -0.007,   -0.004,   -0.010,    0.014,   -0.005,    0.029,    0.029,    0.028,    0.020,    0.037,    0.029,    0.029,    0.028,    0.020,    0.037,
       342,2020091118,   -0.002,   -0.000,   -0.007,    0.027,    0.015,   -0.003,   -0.001,   -0.008,    0.026,    0.008,    0.031,    0.028,    0.031,    0.024,    0.018,    0.031,    0.028,    0.031,    0.024,    0.018,
       342,2020091112,   -0.004,   -0.006,   -0.006,    0.021,    0.009,   -0.004,   -0.007,   -0.007,    0.021,    0.001,    0.027,    0.025,    0.026,    0.023,    0.039,    0.027,    0.025,    0.026,    0.022,    0.039,
       342,2020091106,   -0.001,    0.002,   -0.006,    0.026,    0.004,   -0.002,    0.001,   -0.007,    0.025,   -0.003,    0.031,    0.028,    0.031,    0.026,    0.038,    0.031,    0.028,    0.031,    0.025,    0.038,
       342,2020091100,   -0.004,    0.000,   -0.007,    0.012,    0.022,   -0.005,    0.000,   -0.008,    0.011,    0.022,    0.024,    0.024,    0.024,    0.019,    0.018,    0.024,    0.024,    0.024,    0.019,    0.018,
       342,2020091018,   -0.002,   -0.001,   -0.006,    0.022,   -0.004,   -0.002,   -0.001,   -0.006,    0.021,   -0.004,    0.026,    0.024,    0.026,    0.021,    0.033,    0.026,    0.024,    0.026,    0.021,    0.033,
       342,2020091012,   -0.003,   -0.003,   -0.006,    0.018,   -0.001,   -0.004,   -0.004,   -0.007,    0.018,   -0.002,    0.023,    0.020,    0.022,    0.019,    0.022,    0.023,    0.020,    0.022,    0.019,    0.022,
       342,2020091006,   -0.002,   -0.001,   -0.005,    0.017,    0.012,   -0.003,   -0.001,   -0.006,    0.017,    0.007,    0.026,    0.024,    0.026,    0.021,    0.040,    0.026,    0.024,    0.026,    0.021,    0.040,
       342,2020091000,   -0.003,    0.001,   -0.007,    0.013,    0.028,   -0.004,    0.001,   -0.007,    0.012,    0.024,    0.021,    0.020,    0.021,    0.017,    0.015,    0.021,    0.020,    0.021,    0.017,    0.015,
       342,2020090918,   -0.002,    0.001,   -0.005,    0.017,   -0.008,   -0.002,   -0.000,   -0.006,    0.017,   -0.007,    0.022,    0.021,    0.022,    0.018,    0.021,    0.022,    0.021,    0.022,    0.017,    0.021,
       342,2020090912,   -0.004,   -0.003,   -0.007,    0.016,   -0.001,   -0.004,   -0.004,   -0.007,    0.015,   -0.001,    0.020,    0.017,    0.020,    0.016,    0.015,    0.020,    0.017,    0.020,    0.016,    0.015,
       342,2020090906,   -0.002,    0.000,   -0.004,    0.014,   -0.009,   -0.002,   -0.000,   -0.005,    0.013,   -0.014,    0.023,    0.022,    0.023,    0.019,    0.024,    0.023,    0.022,    0.023,    0.019,    0.024,
       342,2020090900,   -0.005,    0.000,   -0.008,    0.011,    0.015,   -0.005,    0.000,   -0.009,    0.011,    0.015,    0.021,    0.020,    0.021,    0.017,    0.027,    0.021,    0.019,    0.021,    0.017,    0.027,
       342,2020090818,   -0.001,    0.001,   -0.004,    0.017,   -0.000,   -0.002,    0.000,   -0.005,    0.017,    0.002,    0.025,    0.024,    0.025,    0.020,    0.027,    0.025,    0.024,    0.025,    0.020,    0.027,
       342,2020090812,   -0.004,   -0.004,   -0.007,    0.020,    0.020,   -0.005,   -0.005,   -0.008,    0.019,    0.021,    0.026,    0.022,    0.026,    0.023,    0.022,    0.026,    0.022,    0.026,    0.022,    0.022,
       342,2020090806,   -0.003,   -0.001,   -0.006,    0.017,   -0.007,   -0.004,   -0.001,   -0.007,    0.015,   -0.010,    0.029,    0.027,    0.029,    0.024,    0.033,    0.029,    0.027,    0.029,    0.024,    0.033,
       342,2020090800,   -0.006,   -0.000,   -0.010,    0.016,   -0.037,   -0.006,   -0.001,   -0.010,    0.015,   -0.038,    0.030,    0.028,    0.029,    0.025,    0.011,    0.030,    0.028,    0.029,    0.025,    0.011,
       342,2020090718,   -0.002,   -0.001,   -0.007,    0.026,   -0.009,   -0.003,   -0.001,   -0.008,    0.025,   -0.009,    0.037,    0.034,    0.037,    0.030,    0.038,    0.037,    0.035,    0.037,    0.029,    0.038,
       342,2020090712,   -0.006,   -0.009,   -0.010,    0.029,    0.014,   -0.007,   -0.010,   -0.011,    0.029,    0.009,    0.036,    0.031,    0.035,    0.031,    0.031,    0.036,    0.031,    0.035,    0.031,    0.031,
       342,2020090706,   -0.004,    0.003,   -0.010,    0.025,   -0.019,   -0.005,    0.002,   -0.012,    0.025,   -0.021,    0.040,    0.037,    0.040,    0.037,    0.036,    0.040,    0.037,    0.040,    0.037,    0.036,
       342,2020090700,   -0.008,   -0.004,   -0.012,    0.020,    0.023,   -0.009,   -0.004,   -0.013,    0.018,    0.017,    0.040,    0.040,    0.040,    0.031,    0.060,    0.040,    0.040,    0.040,    0.032,    0.060,
       342,2020090618,   -0.004,    0.002,   -0.013,    0.035,   -0.005,   -0.006,    0.001,   -0.015,    0.034,   -0.005,    0.045,    0.040,    0.044,    0.037,    0.057,    0.045,    0.040,    0.044,    0.037,    0.057,
       342,2020090612,   -0.007,   -0.008,   -0.012,    0.035,    0.000,   -0.009,   -0.010,   -0.013,    0.034,   -0.000,    0.042,    0.040,    0.041,    0.037,    0.047,    0.042,    0.040,    0.041,    0.036,    0.047,
       342,2020090606,   -0.006,    0.003,   -0.014,    0.031,    0.001,   -0.008,    0.002,   -0.016,    0.030,    0.009,    0.044,    0.040,    0.044,    0.040,    0.037,    0.044,    0.039,    0.044,    0.041,    0.037,
       342,2020090600,   -0.006,   -0.003,   -0.010,    0.021,    0.020,   -0.007,   -0.004,   -0.011,    0.021,    0.022,    0.038,    0.038,    0.037,    0.030,    0.039,    0.038,    0.038,    0.037,    0.030,    0.039,
       342,2020090518,   -0.004,    0.007,   -0.013,    0.032,   -0.005,   -0.005,    0.006,   -0.014,    0.031,   -0.006,    0.041,    0.039,    0.039,    0.035,    0.053,    0.041,    0.039,    0.039,    0.034,    0.053,
       342,2020090512,   -0.006,   -0.006,   -0.011,    0.030,    0.027,   -0.007,   -0.008,   -0.012,    0.029,    0.035,    0.040,    0.037,    0.039,    0.033,    0.048,    0.040,    0.037,    0.039,    0.033,    0.048,
       342,2020090506,   -0.005,    0.003,   -0.011,    0.023,    0.000,   -0.006,    0.001,   -0.012,    0.021,   -0.000,    0.039,    0.037,    0.039,    0.036,    0.046,    0.039,    0.037,    0.039,    0.036,    0.046,
       342,2020090500,   -0.006,   -0.001,   -0.011,    0.025,    0.002,   -0.007,   -0.003,   -0.011,    0.023,   -0.002,    0.039,    0.039,    0.038,    0.033,    0.045,    0.039,    0.039,    0.038,    0.033,    0.045,
       342,2020090418,   -0.005,    0.002,   -0.012,    0.030,   -0.017,   -0.006,    0.001,   -0.014,    0.028,   -0.021,    0.042,    0.039,    0.041,    0.036,    0.042,    0.042,    0.039,    0.041,    0.034,    0.042,
       342,2020090412,   -0.006,   -0.006,   -0.010,    0.031,    0.026,   -0.007,   -0.008,   -0.011,    0.031,    0.018,    0.040,    0.038,    0.040,    0.034,    0.037,    0.040,    0.038,    0.040,    0.033,    0.037,
       342,2020090406,   -0.005,   -0.002,   -0.010,    0.021,   -0.004,   -0.007,   -0.003,   -0.011,    0.019,   -0.010,    0.041,    0.041,    0.040,    0.035,    0.052,    0.041,    0.040,    0.040,    0.035,    0.052,
       342,2020090400,   -0.007,   -0.002,   -0.012,    0.024,    0.020,   -0.008,   -0.003,   -0.013,    0.023,    0.017,    0.040,    0.038,    0.039,    0.033,    0.043,    0.040,    0.038,    0.039,    0.033,    0.043,
       342,2020090318,   -0.006,   -0.000,   -0.012,    0.026,    0.007,   -0.007,   -0.002,   -0.013,    0.027,    0.000,    0.040,    0.040,    0.039,    0.032,    0.046,    0.040,    0.040,    0.039,    0.032,    0.046,
       342,2020090312,   -0.007,   -0.009,   -0.010,    0.034,    0.039,   -0.007,   -0.010,   -0.011,    0.033,    0.040,    0.041,    0.038,    0.041,    0.033,    0.050,    0.041,    0.038,    0.041,    0.032,    0.050,
       342,2020090306,   -0.006,   -0.004,   -0.011,    0.022,   -0.009,   -0.007,   -0.004,   -0.012,    0.021,   -0.009,    0.038,    0.036,    0.038,    0.033,    0.039,    0.038,    0.036,    0.038,    0.033,    0.039,
       342,2020090300,   -0.005,   -0.001,   -0.009,    0.022,    0.006,   -0.005,   -0.001,   -0.009,    0.021,    0.006,    0.036,    0.035,    0.036,    0.030,    0.037,    0.036,    0.035,    0.036,    0.030,    0.037,
       342,2020090218,   -0.004,   -0.002,   -0.009,    0.027,   -0.006,   -0.004,   -0.002,   -0.010,    0.028,   -0.005,    0.036,    0.036,    0.035,    0.028,    0.047,    0.036,    0.036,    0.035,    0.028,    0.047,
       342,2020090212,   -0.006,   -0.008,   -0.009,    0.029,   -0.011,   -0.006,   -0.008,   -0.009,    0.028,   -0.011,    0.034,    0.031,    0.034,    0.026,    0.018,    0.034,    0.031,    0.034,    0.026,    0.018,
       342,2020090206,   -0.005,   -0.001,   -0.009,    0.022,   -0.014,   -0.006,   -0.001,   -0.010,    0.021,   -0.019,    0.031,    0.031,    0.031,    0.029,    0.036,    0.031,    0.030,    0.031,    0.028,    0.036,
       342,2020090200,   -0.005,   -0.000,   -0.009,    0.020,   -0.006,   -0.006,   -0.001,   -0.010,    0.019,    0.000,    0.033,    0.034,    0.032,    0.024,    0.005,    0.033,    0.034,    0.032,    0.024,    0.005,
       342,2020090118,   -0.004,   -0.001,   -0.010,    0.030,   -0.011,   -0.005,   -0.002,   -0.010,    0.029,   -0.007,    0.034,    0.034,    0.033,    0.028,    0.051,    0.034,    0.034,    0.033,    0.027,    0.051,
       342,2020090112,   -0.007,   -0.008,   -0.010,    0.027,    0.008,   -0.007,   -0.009,   -0.010,    0.027,    0.006,    0.032,    0.031,    0.031,    0.025,    0.041,    0.032,    0.030,    0.031,    0.025,    0.041,
       342,2020090106,   -0.006,   -0.001,   -0.011,    0.027,   -0.026,   -0.007,   -0.001,   -0.012,    0.026,   -0.029,    0.032,    0.030,    0.031,    0.028,    0.026,    0.032,    0.030,    0.031,    0.028,    0.026,
       342,2020090100,   -0.005,   -0.002,   -0.008,    0.019,    0.014,   -0.006,   -0.003,   -0.009,    0.019,    0.015,    0.031,    0.033,    0.030,    0.025,    0.050,    0.031,    0.033,    0.030,    0.024,    0.050,
       342,2020083118,   -0.006,   -0.001,   -0.013,    0.030,   -0.009,   -0.007,   -0.002,   -0.014,    0.030,   -0.009,    0.036,    0.034,    0.034,    0.028,    0.035,    0.036,    0.034,    0.034,    0.028,    0.035,
       342,2020083112,   -0.005,   -0.007,   -0.009,    0.027,    0.009,   -0.006,   -0.008,   -0.009,    0.027,    0.010,    0.032,    0.030,    0.032,    0.022,    0.036,    0.032,    0.029,    0.032,    0.022,    0.036,
       342,2020083106,   -0.004,    0.001,   -0.009,    0.027,   -0.013,   -0.005,   -0.000,   -0.010,    0.027,   -0.014,    0.035,    0.034,    0.034,    0.029,    0.034,    0.035,    0.034,    0.034,    0.029,    0.034,
       342,2020083100,   -0.006,   -0.003,   -0.010,    0.020,   -0.013,   -0.007,   -0.003,   -0.010,    0.020,   -0.015,    0.033,    0.034,    0.032,    0.026,    0.027,    0.033,    0.034,    0.032,    0.025,    0.027,
       342,2020083018,   -0.006,   -0.001,   -0.011,    0.028,   -0.024,   -0.006,   -0.001,   -0.012,    0.028,   -0.022,    0.035,    0.035,    0.034,    0.025,    0.044,    0.035,    0.035,    0.034,    0.025,    0.044,
       342,2020083012,   -0.005,   -0.007,   -0.007,    0.029,    0.034,   -0.006,   -0.008,   -0.008,    0.029,    0.035,    0.034,    0.031,    0.034,    0.023,    0.017,    0.034,    0.031,    0.034,    0.023,    0.017,
       342,2020083006,   -0.004,   -0.003,   -0.007,    0.021,   -0.003,   -0.005,   -0.004,   -0.009,    0.020,   -0.003,    0.034,    0.033,    0.034,    0.026,    0.039,    0.034,    0.033,    0.034,    0.025,    0.039,
       342,2020083000,   -0.006,    0.000,   -0.010,    0.022,    0.015,   -0.006,   -0.001,   -0.010,    0.022,    0.010,    0.035,    0.034,    0.034,    0.025,    0.039,    0.035,    0.034,    0.034,    0.024,    0.039,
