       302,2020092000,   -0.467,   -0.467,   -0.467,   -0.467,   -0.467,   -0.467,   -0.467,   -0.467,   -0.467,   -0.467, -999.000, -999.000, -999.000,    0.000, -999.000, -999.000, -999.000, -999.000, -999.000, -999.000,
       302,2020091918,   -0.467,   -0.467,   -0.467,   -0.467,   -0.467,   -0.467,   -0.467,   -0.467,   -0.467,   -0.467,    0.001, -999.000,    0.000, -999.000, -999.000,    0.001, -999.000,    0.000, -999.000, -999.000,
       302,2020091912,   -0.463,   -0.463,   -0.463,   -0.463,   -0.463,   -0.463,   -0.463,   -0.463,   -0.463,   -0.463, -999.000, -999.000, -999.000, -999.000, -999.000, -999.000,    0.000, -999.000, -999.000, -999.000,
       302,2020091906,   -0.466,   -0.466,   -0.466,   -0.466,   -0.466,   -0.466,   -0.466,   -0.466,   -0.466,   -0.466, -999.000,    0.000,    0.000, -999.000, -999.000, -999.000,    0.000,    0.000, -999.000, -999.000,
       302,2020091900,   -0.466,   -0.466,   -0.466,   -0.466,   -0.466,   -0.466,   -0.466,   -0.466,   -0.466,   -0.466,    0.000,    0.001,    0.001,    0.000, -999.000,    0.000,    0.001,    0.001,    0.000, -999.000,
       302,2020091818,   -0.468,   -0.468,   -0.468,   -0.468,   -0.468,   -0.468,   -0.468,   -0.468,   -0.468,   -0.468,    0.000,    0.001, -999.000,    0.000, -999.000,    0.000,    0.001, -999.000,    0.000, -999.000,
       302,2020091812,   -0.467,   -0.467,   -0.467,   -0.467,   -0.467,   -0.467,   -0.467,   -0.467,   -0.467,   -0.467, -999.000,    0.000,    0.001, -999.000, -999.000, -999.000,    0.000,    0.001, -999.000, -999.000,
       302,2020091806,   -0.466,   -0.466,   -0.466,   -0.466,   -0.466,   -0.466,   -0.466,   -0.466,   -0.466,   -0.466, -999.000, -999.000, -999.000, -999.000,    0.000, -999.000, -999.000, -999.000, -999.000,    0.000,
       302,2020091800,   -0.467,   -0.467,   -0.467,   -0.467,   -0.467,   -0.467,   -0.467,   -0.467,   -0.467,   -0.467,    0.000, -999.000, -999.000, -999.000, -999.000,    0.000, -999.000, -999.000, -999.000, -999.000,
       302,2020091718,   -0.467,   -0.467,   -0.467,   -0.467,   -0.467,   -0.467,   -0.467,   -0.467,   -0.467,   -0.467, -999.000,    0.000,    0.000,    0.000,    0.000, -999.000,    0.000,    0.000,    0.000,    0.000,
       302,2020091712,   -0.466,   -0.466,   -0.466,   -0.466,   -0.466,   -0.466,   -0.466,   -0.466,   -0.466,   -0.466,    0.000, -999.000, -999.000, -999.000, -999.000,    0.000, -999.000, -999.000, -999.000, -999.000,
       302,2020091706,   -0.467,   -0.467,   -0.467,   -0.467,   -0.467,   -0.467,   -0.467,   -0.467,   -0.467,   -0.467, -999.000, -999.000, -999.000, -999.000,    0.000, -999.000, -999.000, -999.000,    0.000,    0.000,
       302,2020091700,   -0.469,   -0.469,   -0.469,   -0.469,   -0.469,   -0.469,   -0.469,   -0.469,   -0.469,   -0.469, -999.000, -999.000, -999.000,    0.000, -999.000, -999.000, -999.000, -999.000,    0.000, -999.000,
       302,2020091618,   -0.468,   -0.468,   -0.468,   -0.468,   -0.468,   -0.468,   -0.468,   -0.468,   -0.468,   -0.468,    0.001,    0.000,    0.001, -999.000, -999.000,    0.001,    0.000,    0.001, -999.000, -999.000,
       302,2020091612,   -0.466,   -0.466,   -0.466,   -0.466,   -0.466,   -0.466,   -0.466,   -0.466,   -0.466,   -0.466, -999.000, -999.000, -999.000,    0.000,    0.000, -999.000, -999.000, -999.000,    0.000,    0.000,
       302,2020091606,   -0.466,   -0.466,   -0.466,   -0.466,   -0.466,   -0.466,   -0.466,   -0.466,   -0.466,   -0.466, -999.000,    0.001,    0.001,    0.000, -999.000, -999.000,    0.001,    0.001,    0.000, -999.000,
       302,2020091600,   -0.468,   -0.468,   -0.468,   -0.468,   -0.468,   -0.468,   -0.468,   -0.468,   -0.468,   -0.468, -999.000, -999.000, -999.000,    0.000, -999.000, -999.000, -999.000, -999.000, -999.000, -999.000,
       302,2020091518,   -0.468,   -0.468,   -0.468,   -0.468,   -0.468,   -0.468,   -0.468,   -0.468,   -0.468,   -0.468, -999.000,    0.000, -999.000, -999.000, -999.000, -999.000, -999.000, -999.000, -999.000, -999.000,
       302,2020091512,   -0.469,   -0.469,   -0.469,   -0.469,   -0.469,   -0.469,   -0.469,   -0.469,   -0.469,   -0.469, -999.000, -999.000, -999.000,    0.000, -999.000, -999.000, -999.000, -999.000,    0.000, -999.000,
       302,2020091506,   -0.468,   -0.468,   -0.468,   -0.468,   -0.468,   -0.468,   -0.468,   -0.468,   -0.468,   -0.468, -999.000, -999.000,    0.000, -999.000, -999.000, -999.000, -999.000,    0.000,    0.000, -999.000,
       302,2020091500,   -0.468,   -0.468,   -0.468,   -0.468,   -0.468,   -0.468,   -0.468,   -0.468,   -0.468,   -0.468, -999.000, -999.000, -999.000, -999.000, -999.000, -999.000, -999.000, -999.000, -999.000, -999.000,
       302,2020091418,   -0.469,   -0.469,   -0.469,   -0.469,   -0.469,   -0.469,   -0.469,   -0.469,   -0.469,   -0.469, -999.000, -999.000, -999.000,    0.000, -999.000, -999.000, -999.000, -999.000, -999.000, -999.000,
       302,2020091412,   -0.466,   -0.466,   -0.466,   -0.466,   -0.466,   -0.466,   -0.466,   -0.466,   -0.466,   -0.466,    0.001,    0.000,    0.001,    0.000, -999.000,    0.001,    0.000,    0.001,    0.000, -999.000,
       302,2020091406,   -0.469,   -0.469,   -0.469,   -0.469,   -0.469,   -0.469,   -0.469,   -0.469,   -0.469,   -0.469, -999.000, -999.000, -999.000, -999.000, -999.000, -999.000, -999.000, -999.000, -999.000, -999.000,
       302,2020091400,   -0.467,   -0.467,   -0.467,   -0.467,   -0.467,   -0.467,   -0.467,   -0.467,   -0.467,   -0.467,    0.001, -999.000,    0.001, -999.000, -999.000,    0.001, -999.000,    0.001, -999.000, -999.000,
       302,2020091318,   -0.469,   -0.469,   -0.469,   -0.469,   -0.469,   -0.469,   -0.469,   -0.469,   -0.469,   -0.469,    0.000, -999.000, -999.000, -999.000, -999.000,    0.000,    0.000, -999.000, -999.000, -999.000,
       302,2020091312,   -0.469,   -0.469,   -0.469,   -0.469,   -0.469,   -0.469,   -0.469,   -0.469,   -0.469,   -0.469,    0.000,    0.000,    0.000, -999.000, -999.000,    0.000, -999.000,    0.000, -999.000, -999.000,
       302,2020091306,   -0.472,   -0.472,   -0.472,   -0.472,   -0.472,   -0.472,   -0.472,   -0.472,   -0.472,   -0.472, -999.000, -999.000, -999.000,    0.000,    0.000, -999.000, -999.000, -999.000,    0.000,    0.000,
       302,2020091300,   -0.474,   -0.474,   -0.474,   -0.474,   -0.474,   -0.474,   -0.474,   -0.474,   -0.474,   -0.474, -999.000,    0.001, -999.000,    0.000, -999.000, -999.000,    0.001, -999.000,    0.000, -999.000,
       302,2020091218,   -0.475,   -0.475,   -0.475,   -0.475,   -0.475,   -0.475,   -0.475,   -0.475,   -0.475,   -0.475, -999.000,    0.000,    0.000,    0.000,    0.000, -999.000,    0.000,    0.000,    0.000,    0.000,
       302,2020091212,   -0.474,   -0.474,   -0.474,   -0.474,   -0.474,   -0.474,   -0.474,   -0.474,   -0.474,   -0.474,    0.001, -999.000, -999.000,    0.000, -999.000,    0.001,    0.000, -999.000,    0.000, -999.000,
       302,2020091206,   -0.477,   -0.477,   -0.477,   -0.477,   -0.477,   -0.477,   -0.477,   -0.477,   -0.477,   -0.477,    0.000,    0.000, -999.000, -999.000, -999.000,    0.000,    0.000, -999.000, -999.000, -999.000,
       302,2020091200,   -0.476,   -0.476,   -0.476,   -0.476, -999.000,   -0.476,   -0.476,   -0.476,   -0.476, -999.000, -999.000,    0.000, -999.000, -999.000, -999.000, -999.000,    0.000, -999.000,    0.000, -999.000,
       302,2020091118,   -0.475,   -0.475,   -0.475,   -0.475,   -0.475,   -0.475,   -0.475,   -0.475,   -0.475,   -0.475, -999.000, -999.000,    0.000, -999.000, -999.000, -999.000, -999.000,    0.000, -999.000, -999.000,
       302,2020091112,   -0.472,   -0.472,   -0.472,   -0.472,   -0.472,   -0.472,   -0.472,   -0.472,   -0.472,   -0.472, -999.000,    0.000, -999.000,    0.000, -999.000, -999.000,    0.000, -999.000,    0.000, -999.000,
       302,2020091106,   -0.474,   -0.474,   -0.474,   -0.474,   -0.474,   -0.474,   -0.474,   -0.474,   -0.474,   -0.474, -999.000,    0.000, -999.000,    0.000, -999.000, -999.000,    0.000, -999.000,    0.000, -999.000,
       302,2020091100,   -0.472,   -0.472,   -0.472,   -0.472,   -0.472,   -0.472,   -0.472,   -0.472,   -0.472,   -0.472,    0.001, -999.000,    0.001, -999.000, -999.000,    0.001, -999.000,    0.001, -999.000, -999.000,
       302,2020091018,   -0.473,   -0.473,   -0.473,   -0.473,   -0.473,   -0.473,   -0.473,   -0.473,   -0.473,   -0.473,    0.001, -999.000,    0.000,    0.000,    0.000,    0.001, -999.000,    0.000,    0.000,    0.000,
       302,2020091012,   -0.469,   -0.469,   -0.469,   -0.469,   -0.469,   -0.469,   -0.469,   -0.469,   -0.469,   -0.469, -999.000, -999.000, -999.000,    0.000, -999.000, -999.000, -999.000, -999.000,    0.000, -999.000,
       302,2020091006,   -0.471,   -0.471,   -0.471,   -0.471,   -0.471,   -0.471,   -0.471,   -0.471,   -0.471,   -0.471,    0.001, -999.000, -999.000, -999.000, -999.000,    0.001, -999.000, -999.000, -999.000, -999.000,
       302,2020091000,   -0.469,   -0.469,   -0.469,   -0.469,   -0.469,   -0.469,   -0.469,   -0.469,   -0.469,   -0.469, -999.000,    0.000,    0.001, -999.000, -999.000, -999.000, -999.000,    0.001, -999.000, -999.000,
       302,2020090918,   -0.472,   -0.472,   -0.472,   -0.472,   -0.472,   -0.472,   -0.472,   -0.472,   -0.472,   -0.472, -999.000, -999.000, -999.000, -999.000, -999.000, -999.000, -999.000, -999.000, -999.000, -999.000,
       302,2020090912,   -0.468,   -0.468,   -0.468,   -0.468,   -0.468,   -0.468,   -0.468,   -0.468,   -0.468,   -0.468,    0.000,    0.000,    0.001, -999.000,    0.000,    0.000,    0.000,    0.001, -999.000,    0.000,
       302,2020090906,   -0.471,   -0.471,   -0.471,   -0.471,   -0.471,   -0.471,   -0.471,   -0.471,   -0.471,   -0.471, -999.000, -999.000, -999.000, -999.000, -999.000, -999.000, -999.000, -999.000, -999.000, -999.000,
       302,2020090900,   -0.470,   -0.470,   -0.470,   -0.470,   -0.470,   -0.470,   -0.470,   -0.470,   -0.470,   -0.470, -999.000, -999.000, -999.000, -999.000, -999.000, -999.000, -999.000, -999.000, -999.000, -999.000,
       302,2020090818,   -0.470,   -0.470,   -0.470,   -0.470,   -0.470,   -0.470,   -0.470,   -0.470,   -0.470,   -0.470,    0.001,    0.000,    0.001, -999.000, -999.000,    0.001,    0.000,    0.001, -999.000, -999.000,
       302,2020090812,   -0.468,   -0.468,   -0.468,   -0.468,   -0.468,   -0.468,   -0.468,   -0.468,   -0.468,   -0.468, -999.000, -999.000, -999.000,    0.000, -999.000, -999.000,    0.000, -999.000,    0.000, -999.000,
       302,2020090806,   -0.471,   -0.471,   -0.471,   -0.471,   -0.471,   -0.471,   -0.471,   -0.471,   -0.471,   -0.471, -999.000,    0.000,    0.000,    0.000,    0.000, -999.000,    0.000,    0.000,    0.000,    0.000,
       302,2020090800,   -0.471,   -0.471,   -0.471,   -0.471,   -0.471,   -0.471,   -0.471,   -0.471,   -0.471,   -0.471,    0.001,    0.001,    0.001, -999.000, -999.000,    0.001,    0.000,    0.001, -999.000, -999.000,
       302,2020090718,   -0.472,   -0.472,   -0.472,   -0.472,   -0.472,   -0.472,   -0.472,   -0.472,   -0.472,   -0.472, -999.000, -999.000, -999.000,    0.000,    0.000, -999.000, -999.000, -999.000, -999.000,    0.000,
       302,2020090712,   -0.473,   -0.473,   -0.473,   -0.473,   -0.473,   -0.473,   -0.473,   -0.473,   -0.473,   -0.473,    0.001, -999.000,    0.000, -999.000, -999.000,    0.001, -999.000,    0.000,    0.000, -999.000,
       302,2020090706,   -0.473,   -0.473,   -0.473,   -0.473,   -0.473,   -0.473,   -0.473,   -0.473,   -0.473,   -0.473,    0.001,    0.000,    0.001, -999.000,    0.000,    0.001,    0.000,    0.001, -999.000,    0.000,
       302,2020090700,   -0.475,   -0.475,   -0.475,   -0.475,   -0.475,   -0.475,   -0.475,   -0.475,   -0.475,   -0.475,    0.001, -999.000, -999.000,    0.000,    0.000,    0.001, -999.000, -999.000,    0.000,    0.000,
       302,2020090618,   -0.472,   -0.472,   -0.472,   -0.472,   -0.472,   -0.472,   -0.472,   -0.472,   -0.472,   -0.472, -999.000,    0.000, -999.000, -999.000,    0.000, -999.000,    0.000, -999.000, -999.000,    0.000,
       302,2020090612,   -0.471,   -0.471,   -0.471,   -0.471,   -0.471,   -0.471,   -0.471,   -0.471,   -0.471,   -0.471,    0.001, -999.000,    0.001, -999.000,    0.000,    0.001, -999.000,    0.001,    0.000,    0.000,
       302,2020090606,   -0.472,   -0.472,   -0.472,   -0.472,   -0.472,   -0.472,   -0.472,   -0.472,   -0.472,   -0.472,    0.001, -999.000, -999.000, -999.000, -999.000,    0.001, -999.000, -999.000, -999.000, -999.000,
       302,2020090600,   -0.474,   -0.474,   -0.474,   -0.474,   -0.474,   -0.474,   -0.474,   -0.474,   -0.474,   -0.474, -999.000, -999.000, -999.000, -999.000,    0.000, -999.000, -999.000, -999.000, -999.000,    0.000,
       302,2020090518,   -0.473,   -0.473,   -0.473,   -0.473,   -0.473,   -0.473,   -0.473,   -0.473,   -0.473,   -0.473, -999.000, -999.000, -999.000, -999.000, -999.000, -999.000, -999.000, -999.000, -999.000, -999.000,
       302,2020090512,   -0.474,   -0.474,   -0.474,   -0.474,   -0.474,   -0.474,   -0.474,   -0.474,   -0.474,   -0.474, -999.000, -999.000, -999.000, -999.000,    0.000, -999.000, -999.000, -999.000, -999.000,    0.000,
       302,2020090506,   -0.474,   -0.474,   -0.474,   -0.474,   -0.474,   -0.474,   -0.474,   -0.474,   -0.474,   -0.474,    0.001,    0.000,    0.001, -999.000, -999.000,    0.001,    0.000,    0.001, -999.000, -999.000,
       302,2020090500,   -0.473,   -0.473,   -0.473,   -0.473,   -0.473,   -0.473,   -0.473,   -0.473,   -0.473,   -0.473,    0.000, -999.000,    0.001, -999.000,    0.000,    0.000, -999.000,    0.001, -999.000,    0.000,
       302,2020090418,   -0.473,   -0.473,   -0.473,   -0.473,   -0.473,   -0.473,   -0.473,   -0.473,   -0.473,   -0.473, -999.000, -999.000,    0.000,    0.000, -999.000, -999.000, -999.000,    0.000,    0.000, -999.000,
       302,2020090412,   -0.473,   -0.473,   -0.473,   -0.473,   -0.473,   -0.473,   -0.473,   -0.473,   -0.473,   -0.473,    0.001,    0.000,    0.001, -999.000, -999.000,    0.001,    0.000,    0.001, -999.000, -999.000,
       302,2020090406,   -0.476,   -0.476,   -0.476,   -0.476,   -0.476,   -0.476,   -0.476,   -0.476,   -0.476,   -0.476,    0.001, -999.000, -999.000, -999.000,    0.000,    0.001, -999.000, -999.000, -999.000,    0.000,
       302,2020090400,   -0.475,   -0.475,   -0.475,   -0.475,   -0.475,   -0.475,   -0.475,   -0.475,   -0.475,   -0.475, -999.000, -999.000,    0.000,    0.000, -999.000, -999.000, -999.000,    0.000, -999.000, -999.000,
       302,2020090318,   -0.475,   -0.475,   -0.475,   -0.475,   -0.475,   -0.475,   -0.475,   -0.475,   -0.475,   -0.475,    0.000, -999.000, -999.000, -999.000, -999.000,    0.000, -999.000, -999.000, -999.000, -999.000,
       302,2020090312,   -0.476,   -0.476,   -0.476,   -0.476,   -0.476,   -0.476,   -0.476,   -0.476,   -0.476,   -0.476, -999.000, -999.000, -999.000,    0.000,    0.000, -999.000,    0.000, -999.000,    0.000,    0.000,
       302,2020090306,   -0.478,   -0.478,   -0.478,   -0.478,   -0.478,   -0.478,   -0.478,   -0.478,   -0.478,   -0.478,    0.001,    0.000, -999.000,    0.000, -999.000,    0.001,    0.000, -999.000,    0.000, -999.000,
       302,2020090300,   -0.475,   -0.475,   -0.475,   -0.475,   -0.475,   -0.475,   -0.475,   -0.475,   -0.475,   -0.475, -999.000, -999.000, -999.000, -999.000,    0.000, -999.000, -999.000, -999.000, -999.000,    0.000,
       302,2020090218,   -0.474,   -0.474,   -0.474,   -0.474,   -0.474,   -0.474,   -0.474,   -0.474,   -0.474,   -0.474, -999.000,    0.000, -999.000,    0.000,    0.000, -999.000,    0.000, -999.000,    0.000,    0.000,
       302,2020090212,   -0.474,   -0.474,   -0.474,   -0.474,   -0.474,   -0.474,   -0.474,   -0.474,   -0.474,   -0.474, -999.000,    0.000, -999.000,    0.000, -999.000, -999.000,    0.000, -999.000,    0.000, -999.000,
       302,2020090206,   -0.475,   -0.475,   -0.475,   -0.475,   -0.475,   -0.475,   -0.475,   -0.475,   -0.475,   -0.475, -999.000,    0.000, -999.000,    0.000,    0.000, -999.000,    0.000, -999.000,    0.000,    0.000,
       302,2020090200,   -0.478,   -0.478,   -0.478,   -0.478,   -0.478,   -0.478,   -0.478,   -0.478,   -0.478,   -0.478,    0.000,    0.001,    0.001,    0.000, -999.000,    0.000,    0.000,    0.001,    0.000, -999.000,
       302,2020090118,   -0.475,   -0.475,   -0.475,   -0.475,   -0.475,   -0.475,   -0.475,   -0.475,   -0.475,   -0.475,    0.000,    0.000,    0.000, -999.000,    0.000,    0.000,    0.000,    0.000,    0.000,    0.000,
       302,2020090112,   -0.478,   -0.478,   -0.478,   -0.478,   -0.478,   -0.478,   -0.478,   -0.478,   -0.478,   -0.478,    0.001,    0.000,    0.000, -999.000, -999.000,    0.001,    0.000,    0.000, -999.000, -999.000,
       302,2020090106,   -0.478,   -0.478,   -0.478,   -0.478,   -0.478,   -0.478,   -0.478,   -0.478,   -0.478,   -0.478,    0.001, -999.000,    0.001, -999.000, -999.000,    0.001, -999.000,    0.001, -999.000, -999.000,
       302,2020090100,   -0.481,   -0.481,   -0.481,   -0.481,   -0.481,   -0.481,   -0.481,   -0.481,   -0.481,   -0.481, -999.000,    0.000, -999.000, -999.000, -999.000, -999.000,    0.001, -999.000, -999.000, -999.000,
       302,2020083118,   -0.479,   -0.479,   -0.479,   -0.479,   -0.479,   -0.479,   -0.479,   -0.479,   -0.479,   -0.479, -999.000,    0.000, -999.000,    0.000, -999.000, -999.000,    0.000, -999.000,    0.000, -999.000,
       302,2020083112,   -0.481,   -0.481,   -0.481,   -0.481,   -0.481,   -0.481,   -0.481,   -0.481,   -0.481,   -0.481,    0.000, -999.000, -999.000,    0.000,    0.000,    0.000, -999.000, -999.000,    0.000,    0.000,
       302,2020083106,   -0.482,   -0.482,   -0.482,   -0.482,   -0.482,   -0.482,   -0.482,   -0.482,   -0.482,   -0.482,    0.001,    0.000,    0.001,    0.000, -999.000,    0.001, -999.000,    0.001, -999.000, -999.000,
       302,2020083100,   -0.484,   -0.484,   -0.484,   -0.484,   -0.484,   -0.484,   -0.484,   -0.484,   -0.484,   -0.484,    0.000,    0.000,    0.001, -999.000,    0.000,    0.000,    0.000,    0.001, -999.000,    0.000,
       302,2020083018,   -0.483,   -0.483,   -0.483,   -0.483,   -0.483,   -0.483,   -0.483,   -0.483,   -0.483,   -0.483,    0.001,    0.000,    0.001,    0.000, -999.000,    0.001, -999.000,    0.001,    0.000, -999.000,
       302,2020083012,   -0.483,   -0.483,   -0.483,   -0.483,   -0.483,   -0.483,   -0.483,   -0.483,   -0.483,   -0.483,    0.000, -999.000,    0.001, -999.000, -999.000,    0.000, -999.000,    0.001, -999.000, -999.000,
       302,2020083006,   -0.483,   -0.483,   -0.483,   -0.483,   -0.483,   -0.483,   -0.483,   -0.483,   -0.483,   -0.483,    0.001, -999.000,    0.001, -999.000, -999.000,    0.001, -999.000,    0.001, -999.000, -999.000,
       302,2020083000,   -0.484,   -0.484,   -0.484,   -0.484,   -0.484,   -0.484,   -0.484,   -0.484,   -0.484,   -0.484,    0.001, -999.000,    0.001, -999.000, -999.000,    0.001, -999.000,    0.001, -999.000, -999.000,
