        93,2020092000,   -0.258,   -0.265,   -0.256,   -0.283,   -0.514,   -0.262,   -0.268,   -0.259,   -0.318,   -0.514,    0.175,    0.176,    0.174,    0.162, -999.000,    0.175,    0.178,    0.174,    0.175, -999.000,
        93,2020091918,   -0.260,   -0.255,   -0.262,   -0.238,   -0.212,   -0.263,   -0.258,   -0.267,   -0.243,   -0.192,    0.171,    0.168,    0.173,    0.183,    0.211,    0.171,    0.166,    0.173,    0.181,    0.211,
        93,2020091912,   -0.246,   -0.238,   -0.250,   -0.203,   -0.329,   -0.248,   -0.236,   -0.255,   -0.206,   -0.313,    0.174,    0.175,    0.173,    0.166,    0.254,    0.174,    0.174,    0.173,    0.166,    0.254,
        93,2020091906,   -0.253,   -0.259,   -0.250,   -0.292,   -0.341,   -0.254,   -0.256,   -0.252,   -0.309,   -0.341,    0.173,    0.173,    0.173,    0.182,    0.195,    0.173,    0.172,    0.173,    0.186,    0.195,
        93,2020091900,   -0.258,   -0.277,   -0.251,   -0.281,   -0.201,   -0.264,   -0.279,   -0.257,   -0.287,   -0.201,    0.174,    0.172,    0.174,    0.175,    0.206,    0.174,    0.175,    0.174,    0.173,    0.206,
        93,2020091818,   -0.259,   -0.263,   -0.259,   -0.186,   -0.255,   -0.260,   -0.259,   -0.262,   -0.235,   -0.268,    0.173,    0.169,    0.174,    0.167,    0.192,    0.173,    0.170,    0.174,    0.163,    0.192,
        93,2020091812,   -0.247,   -0.249,   -0.245,   -0.284,   -0.516,   -0.246,   -0.241,   -0.248,   -0.298,   -0.516,    0.174,    0.171,    0.175,    0.194, -999.000,    0.174,    0.171,    0.175,    0.199, -999.000,
        93,2020091806,   -0.241,   -0.240,   -0.241,   -0.236,   -0.280,   -0.243,   -0.239,   -0.245,   -0.246,   -0.260,    0.172,    0.169,    0.172,    0.191,    0.231,    0.172,    0.171,    0.172,    0.191,    0.231,
        93,2020091800,   -0.255,   -0.288,   -0.244,   -0.307,   -0.483,   -0.258,   -0.283,   -0.247,   -0.309,   -0.483,    0.175,    0.168,    0.176,    0.194,    0.055,    0.175,    0.165,    0.176,    0.192,    0.055,
        93,2020091718,   -0.251,   -0.271,   -0.244,   -0.211,   -0.483,   -0.248,   -0.261,   -0.243,   -0.211,   -0.515,    0.173,    0.171,    0.174,    0.174,    0.055,    0.173,    0.169,    0.174,    0.173,    0.055,
        93,2020091712,   -0.254,   -0.252,   -0.256,   -0.220,   -0.381,   -0.257,   -0.248,   -0.262,   -0.259,   -0.395,    0.172,    0.172,    0.172,    0.188,    0.104,    0.172,    0.172,    0.172,    0.195,    0.104,
        93,2020091706,   -0.245,   -0.221,   -0.257,   -0.235,   -0.284,   -0.245,   -0.224,   -0.255,   -0.278,   -0.345,    0.176,    0.172,    0.176,    0.185,    0.235,    0.176,    0.173,    0.176,    0.193,    0.235,
        93,2020091700,   -0.252,   -0.292,   -0.239,   -0.315,   -0.410,   -0.258,   -0.289,   -0.246,   -0.347,   -0.436,    0.175,    0.174,    0.173,    0.165,    0.158,    0.175,    0.175,    0.173,    0.171,    0.158,
        93,2020091618,   -0.252,   -0.250,   -0.251,   -0.327,   -0.169,   -0.254,   -0.247,   -0.254,   -0.326,   -0.169,    0.172,    0.173,    0.171,    0.173,    0.151,    0.172,    0.171,    0.171,    0.175,    0.151,
        93,2020091612,   -0.251,   -0.244,   -0.253,   -0.270,   -0.355,   -0.251,   -0.243,   -0.255,   -0.262,   -0.384,    0.175,    0.172,    0.175,    0.193,    0.163,    0.175,    0.173,    0.175,    0.193,    0.163,
        93,2020091606,   -0.244,   -0.239,   -0.247,   -0.236,   -0.308,   -0.248,   -0.239,   -0.252,   -0.273,   -0.291,    0.173,    0.178,    0.170,    0.173,    0.123,    0.173,    0.179,    0.170,    0.190,    0.123,
        93,2020091600,   -0.256,   -0.297,   -0.243,   -0.275,   -0.378,   -0.263,   -0.297,   -0.251,   -0.292,   -0.378,    0.173,    0.162,    0.173,    0.175,    0.191,    0.173,    0.164,    0.173,    0.192,    0.191,
        93,2020091518,   -0.254,   -0.230,   -0.265,   -0.255,   -0.323,   -0.257,   -0.223,   -0.272,   -0.278,   -0.279,    0.172,    0.173,    0.170,    0.171,    0.233,    0.172,    0.176,    0.170,    0.178,    0.233,
        93,2020091512,   -0.252,   -0.249,   -0.254,   -0.204,   -0.498,   -0.249,   -0.245,   -0.250,   -0.239,   -0.472,    0.175,    0.174,    0.175,    0.182,    0.022,    0.175,    0.174,    0.175,    0.172,    0.022,
        93,2020091506,   -0.251,   -0.239,   -0.256,   -0.223,   -0.373,   -0.251,   -0.237,   -0.259,   -0.208,   -0.355,    0.172,    0.169,    0.173,    0.165,    0.240,    0.172,    0.169,    0.173,    0.171,    0.240,
        93,2020091500,   -0.252,   -0.267,   -0.245,   -0.333,   -0.515,   -0.257,   -0.269,   -0.251,   -0.337, -999.000,    0.173,    0.170,    0.173,    0.178, -999.000,    0.173,    0.171,    0.173,    0.180, -999.000,
        93,2020091418,   -0.259,   -0.250,   -0.262,   -0.267,   -0.253,   -0.262,   -0.249,   -0.268,   -0.260,   -0.140,    0.174,    0.172,    0.175,    0.178,    0.219,    0.174,    0.172,    0.175,    0.187,    0.219,
        93,2020091412,   -0.248,   -0.238,   -0.250,   -0.338,   -0.302,   -0.252,   -0.242,   -0.255,   -0.348,   -0.350,    0.175,    0.177,    0.174,    0.173,    0.255,    0.175,    0.177,    0.174,    0.179,    0.255,
        93,2020091406,   -0.255,   -0.238,   -0.260,   -0.348,   -0.273,   -0.255,   -0.242,   -0.260,   -0.323,   -0.248,    0.171,    0.176,    0.169,    0.166,    0.186,    0.171,    0.175,    0.169,    0.142,    0.186,
        93,2020091400,   -0.254,   -0.270,   -0.249,   -0.258,   -0.374,   -0.261,   -0.271,   -0.257,   -0.268,   -0.374,    0.174,    0.175,    0.173,    0.193,    0.204,    0.174,    0.175,    0.173,    0.186,    0.204,
        93,2020091318,   -0.256,   -0.266,   -0.251,   -0.280,   -0.288,   -0.258,   -0.265,   -0.255,   -0.271,   -0.213,    0.172,    0.170,    0.171,    0.178,    0.236,    0.172,    0.172,    0.171,    0.171,    0.236,
        93,2020091312,   -0.254,   -0.250,   -0.256,   -0.236,   -0.357,   -0.254,   -0.247,   -0.257,   -0.221,   -0.357,    0.172,    0.170,    0.173,    0.185,    0.171,    0.172,    0.170,    0.173,    0.184,    0.171,
        93,2020091306,   -0.259,   -0.254,   -0.261,   -0.279,   -0.259,   -0.258,   -0.249,   -0.263,   -0.279,   -0.259,    0.173,    0.170,    0.174,    0.195,    0.226,    0.173,    0.171,    0.174,    0.178,    0.226,
        93,2020091300,   -0.254,   -0.277,   -0.247,   -0.286, -999.000,   -0.260,   -0.281,   -0.250,   -0.322, -999.000,    0.173,    0.166,    0.174,    0.180, -999.000,    0.173,    0.165,    0.174,    0.180, -999.000,
        93,2020091218,   -0.253,   -0.266,   -0.247,   -0.265,   -0.279,   -0.254,   -0.259,   -0.251,   -0.278,   -0.306,    0.173,    0.171,    0.174,    0.173,    0.197,    0.173,    0.171,    0.174,    0.167,    0.197,
        93,2020091212,   -0.249,   -0.240,   -0.253,   -0.309,   -0.415,   -0.252,   -0.243,   -0.257,   -0.308,   -0.415,    0.172,    0.170,    0.172,    0.181,    0.157,    0.172,    0.170,    0.172,    0.190,    0.157,
        93,2020091206,   -0.251,   -0.252,   -0.250,   -0.263,   -0.319,   -0.254,   -0.254,   -0.253,   -0.241,   -0.319,    0.171,    0.170,    0.171,    0.165,    0.148,    0.171,    0.170,    0.171,    0.184,    0.148,
        93,2020091200,   -0.259,   -0.302,   -0.247,   -0.281,   -0.000,   -0.261,   -0.297,   -0.248,   -0.278,   -0.000,    0.172,    0.169,    0.171,    0.172, -999.000,    0.172,    0.166,    0.171,    0.171, -999.000,
        93,2020091118,   -0.248,   -0.250,   -0.246,   -0.280,   -0.312,   -0.252,   -0.253,   -0.252,   -0.275,   -0.345,    0.172,    0.170,    0.173,    0.183,    0.176,    0.172,    0.170,    0.173,    0.173,    0.176,
        93,2020091112,   -0.248,   -0.245,   -0.249,   -0.255,   -0.416,   -0.247,   -0.244,   -0.248,   -0.240,   -0.287,    0.174,    0.172,    0.175,    0.183,    0.183,    0.174,    0.171,    0.175,    0.188,    0.183,
        93,2020091106,   -0.260,   -0.255,   -0.262,   -0.292,   -0.350,   -0.265,   -0.257,   -0.267,   -0.327,   -0.319,    0.171,    0.174,    0.169,    0.175,    0.171,    0.171,    0.173,    0.169,    0.187,    0.171,
        93,2020091100,   -0.249,   -0.296,   -0.236,   -0.272, -999.000,   -0.259,   -0.296,   -0.248,   -0.220, -999.000,    0.171,    0.171,    0.169,    0.183, -999.000,    0.171,    0.169,    0.169,    0.185, -999.000,
        93,2020091018,   -0.252,   -0.239,   -0.256,   -0.316,   -0.400,   -0.253,   -0.236,   -0.260,   -0.302,   -0.406,    0.173,    0.170,    0.173,    0.177,    0.160,    0.173,    0.170,    0.173,    0.180,    0.160,
        93,2020091012,   -0.253,   -0.249,   -0.256,   -0.240,   -0.513,   -0.253,   -0.247,   -0.256,   -0.259,   -0.513,    0.173,    0.170,    0.174,    0.194, -999.000,    0.173,    0.171,    0.174,    0.182, -999.000,
        93,2020091006,   -0.260,   -0.244,   -0.267,   -0.287,   -0.346,   -0.260,   -0.245,   -0.266,   -0.340,   -0.322,    0.172,    0.172,    0.171,    0.175,    0.162,    0.172,    0.172,    0.171,    0.199,    0.162,
        93,2020091000,   -0.253,   -0.276,   -0.246,   -0.306,   -0.395,   -0.256,   -0.277,   -0.248,   -0.265,   -0.395,    0.172,    0.164,    0.174,    0.180,    0.093,    0.172,    0.162,    0.174,    0.165,    0.093,
        93,2020090918,   -0.249,   -0.226,   -0.258,   -0.248,   -0.293,   -0.251,   -0.226,   -0.261,   -0.272,   -0.348,    0.173,    0.173,    0.172,    0.180,    0.201,    0.173,    0.171,    0.172,    0.173,    0.201,
        93,2020090912,   -0.243,   -0.251,   -0.240,   -0.228,   -0.354,   -0.246,   -0.255,   -0.242,   -0.238,   -0.354,    0.174,    0.175,    0.173,    0.179,    0.189,    0.174,    0.174,    0.173,    0.186,    0.189,
        93,2020090906,   -0.252,   -0.243,   -0.256,   -0.323,   -0.239,   -0.250,   -0.241,   -0.253,   -0.346,   -0.215,    0.173,    0.172,    0.172,    0.174,    0.209,    0.173,    0.173,    0.172,    0.191,    0.209,
        93,2020090900,   -0.255,   -0.258,   -0.253,   -0.308,   -0.362,   -0.259,   -0.262,   -0.257,   -0.270,   -0.362,    0.173,    0.174,    0.172,    0.188,    0.260,    0.173,    0.173,    0.172,    0.182,    0.260,
        93,2020090818,   -0.255,   -0.253,   -0.255,   -0.278,   -0.190,   -0.261,   -0.253,   -0.265,   -0.262,   -0.250,    0.174,    0.172,    0.174,    0.187,    0.141,    0.174,    0.173,    0.174,    0.190,    0.141,
        93,2020090812,   -0.251,   -0.242,   -0.256,   -0.226,   -0.381,   -0.252,   -0.246,   -0.254,   -0.307,   -0.399,    0.172,    0.171,    0.173,    0.178,    0.120,    0.172,    0.170,    0.173,    0.188,    0.120,
        93,2020090806,   -0.245,   -0.232,   -0.253,   -0.195,   -0.231,   -0.245,   -0.233,   -0.253,   -0.231,   -0.248,    0.173,    0.173,    0.173,    0.197,    0.206,    0.173,    0.173,    0.173,    0.189,    0.206,
        93,2020090800,   -0.255,   -0.270,   -0.250,   -0.286,   -0.002,   -0.258,   -0.267,   -0.254,   -0.273,   -0.002,    0.174,    0.175,    0.173,    0.201, -999.000,    0.174,    0.175,    0.173,    0.196, -999.000,
        93,2020090718,   -0.257,   -0.269,   -0.253,   -0.252,   -0.199,   -0.259,   -0.269,   -0.255,   -0.269,   -0.246,    0.173,    0.173,    0.174,    0.188,    0.085,    0.173,    0.171,    0.174,    0.183,    0.085,
        93,2020090712,   -0.243,   -0.246,   -0.242,   -0.240,   -0.258,   -0.248,   -0.246,   -0.249,   -0.257,   -0.258,    0.174,    0.171,    0.174,    0.196,    0.243,    0.174,    0.171,    0.174,    0.204,    0.243,
        93,2020090706,   -0.246,   -0.248,   -0.243,   -0.273,   -0.374,   -0.250,   -0.247,   -0.249,   -0.335,   -0.355,    0.171,    0.167,    0.174,    0.175,    0.116,    0.171,    0.167,    0.174,    0.185,    0.116,
        93,2020090700,   -0.250,   -0.292,   -0.236,   -0.269,   -0.369,   -0.255,   -0.291,   -0.242,   -0.227,   -0.356,    0.173,    0.165,    0.174,    0.174,    0.158,    0.173,    0.163,    0.174,    0.177,    0.158,
        93,2020090618,   -0.247,   -0.250,   -0.247,   -0.230,   -0.382,   -0.253,   -0.247,   -0.256,   -0.266,   -0.382,    0.172,    0.169,    0.175,    0.167,    0.133,    0.172,    0.168,    0.175,    0.146,    0.133,
        93,2020090612,   -0.252,   -0.248,   -0.254,   -0.221,   -0.341,   -0.257,   -0.250,   -0.260,   -0.224,   -0.284,    0.174,    0.173,    0.175,    0.184,    0.170,    0.174,    0.174,    0.175,    0.164,    0.170,
        93,2020090606,   -0.253,   -0.244,   -0.258,   -0.298,   -0.037,   -0.256,   -0.245,   -0.261,   -0.321,   -0.037,    0.172,    0.168,    0.174,    0.151,    0.028,    0.172,    0.168,    0.174,    0.157,    0.028,
        93,2020090600,   -0.255,   -0.301,   -0.241,   -0.251,   -0.391,   -0.258,   -0.294,   -0.246,   -0.288,   -0.376,    0.173,    0.175,    0.171,    0.179,    0.197,    0.173,    0.173,    0.171,    0.194,    0.197,
        93,2020090518,   -0.255,   -0.246,   -0.258,   -0.284,   -0.425,   -0.259,   -0.246,   -0.263,   -0.319,   -0.430,    0.175,    0.173,    0.175,    0.175,    0.174,    0.175,    0.173,    0.175,    0.182,    0.174,
        93,2020090512,   -0.259,   -0.259,   -0.259,   -0.234,   -0.267,   -0.259,   -0.258,   -0.260,   -0.266,   -0.280,    0.174,    0.174,    0.174,    0.176,    0.210,    0.174,    0.175,    0.174,    0.180,    0.210,
        93,2020090506,   -0.251,   -0.241,   -0.255,   -0.304,   -0.300,   -0.249,   -0.237,   -0.254,   -0.301,   -0.379,    0.175,    0.173,    0.174,    0.202,    0.211,    0.175,    0.174,    0.174,    0.189,    0.211,
        93,2020090500,   -0.258,   -0.288,   -0.248,   -0.359,   -0.145,   -0.259,   -0.286,   -0.248,   -0.316,   -0.145,    0.175,    0.171,    0.176,    0.179, -999.000,    0.175,    0.170,    0.176,    0.154, -999.000,
        93,2020090418,   -0.248,   -0.228,   -0.256,   -0.321,   -0.185,   -0.248,   -0.227,   -0.258,   -0.310,   -0.232,    0.176,    0.173,    0.176,    0.182,    0.217,    0.176,    0.174,    0.176,    0.177,    0.217,
        93,2020090412,   -0.247,   -0.264,   -0.240,   -0.269,   -0.084,   -0.248,   -0.259,   -0.242,   -0.285,   -0.084,    0.177,    0.175,    0.177,    0.181,    0.141,    0.177,    0.175,    0.177,    0.179,    0.141,
        93,2020090406,   -0.254,   -0.253,   -0.253,   -0.392,   -0.206,   -0.253,   -0.251,   -0.254,   -0.300,   -0.243,    0.173,    0.171,    0.173,    0.191,    0.224,    0.173,    0.172,    0.173,    0.148,    0.224,
        93,2020090400,   -0.251,   -0.258,   -0.246,   -0.343,   -0.250,   -0.252,   -0.262,   -0.248,   -0.300,   -0.488,    0.177,    0.177,    0.177,    0.169,    0.337,    0.177,    0.176,    0.177,    0.168,    0.337,
        93,2020090318,   -0.255,   -0.234,   -0.265,   -0.269,   -0.164,   -0.258,   -0.240,   -0.269,   -0.219,   -0.173,    0.174,    0.171,    0.175,    0.174,    0.152,    0.174,    0.171,    0.175,    0.173,    0.152,
        93,2020090312,   -0.257,   -0.241,   -0.261,   -0.352,   -0.464,   -0.257,   -0.241,   -0.264,   -0.317,   -0.464,    0.172,    0.173,    0.170,    0.180,    0.049,    0.172,    0.173,    0.170,    0.175,    0.049,
        93,2020090306,   -0.251,   -0.245,   -0.252,   -0.363,   -0.293,   -0.254,   -0.243,   -0.258,   -0.352,   -0.330,    0.175,    0.177,    0.174,    0.167,    0.189,    0.175,    0.177,    0.174,    0.170,    0.189,
        93,2020090300,   -0.247,   -0.256,   -0.242,   -0.301,   -0.362,   -0.253,   -0.257,   -0.250,   -0.278,   -0.362,    0.176,    0.178,    0.175,    0.168,    0.266,    0.176,    0.178,    0.175,    0.176,    0.266,
        93,2020090218,   -0.258,   -0.260,   -0.258,   -0.249,   -0.390,   -0.260,   -0.256,   -0.262,   -0.251,   -0.390,    0.174,    0.171,    0.175,    0.170,    0.137,    0.174,    0.172,    0.175,    0.174,    0.137,
        93,2020090212,   -0.254,   -0.245,   -0.257,   -0.301,   -0.356,   -0.254,   -0.247,   -0.258,   -0.253,   -0.353,    0.176,    0.171,    0.178,    0.194,    0.175,    0.176,    0.170,    0.178,    0.173,    0.175,
        93,2020090206,   -0.245,   -0.242,   -0.245,   -0.335,   -0.273,   -0.246,   -0.244,   -0.246,   -0.283,   -0.291,    0.175,    0.172,    0.177,    0.194,    0.212,    0.175,    0.171,    0.177,    0.185,    0.212,
        93,2020090200,   -0.260,   -0.260,   -0.258,   -0.337,   -0.378,   -0.258,   -0.259,   -0.255,   -0.341,   -0.301,    0.174,    0.171,    0.175,    0.167,    0.122,    0.174,    0.169,    0.175,    0.179,    0.122,
        93,2020090118,   -0.251,   -0.248,   -0.253,   -0.265,   -0.258,   -0.255,   -0.249,   -0.258,   -0.231,   -0.268,    0.174,    0.172,    0.175,    0.176,    0.063,    0.174,    0.171,    0.175,    0.181,    0.063,
        93,2020090112,   -0.252,   -0.241,   -0.256,   -0.285,   -0.312,   -0.252,   -0.242,   -0.256,   -0.299,   -0.359,    0.175,    0.171,    0.176,    0.176,    0.214,    0.175,    0.171,    0.176,    0.182,    0.214,
        93,2020090106,   -0.251,   -0.233,   -0.259,   -0.322,   -0.174,   -0.256,   -0.236,   -0.263,   -0.387,   -0.250,    0.170,    0.163,    0.173,    0.156,    0.174,    0.170,    0.162,    0.173,    0.173,    0.174,
        93,2020090100,   -0.255,   -0.282,   -0.247,   -0.280,   -0.242,   -0.257,   -0.278,   -0.249,   -0.273,   -0.242,    0.174,    0.172,    0.174,    0.174,    0.317,    0.174,    0.170,    0.174,    0.174,    0.317,
        93,2020083118,   -0.246,   -0.250,   -0.245,   -0.212,   -0.225,   -0.245,   -0.244,   -0.247,   -0.219,   -0.140,    0.173,    0.169,    0.175,    0.158,    0.191,    0.173,    0.169,    0.175,    0.155,    0.191,
        93,2020083112,   -0.251,   -0.242,   -0.253,   -0.322,   -0.370,   -0.254,   -0.240,   -0.259,   -0.360,   -0.311,    0.175,    0.171,    0.175,    0.157,    0.163,    0.175,    0.172,    0.175,    0.191,    0.163,
        93,2020083106,   -0.249,   -0.242,   -0.250,   -0.293,   -0.340,   -0.252,   -0.243,   -0.255,   -0.348,   -0.359,    0.175,    0.175,    0.174,    0.157,    0.176,    0.175,    0.174,    0.174,    0.181,    0.176,
        93,2020083100,   -0.252,   -0.286,   -0.243,   -0.273,   -0.421,   -0.257,   -0.288,   -0.246,   -0.278,   -0.445,    0.173,    0.172,    0.172,    0.169,    0.086,    0.173,    0.175,    0.172,    0.167,    0.086,
        93,2020083018,   -0.251,   -0.238,   -0.255,   -0.303,   -0.285,   -0.250,   -0.237,   -0.254,   -0.301,   -0.285,    0.174,    0.177,    0.172,    0.175,    0.216,    0.174,    0.177,    0.172,    0.169,    0.216,
        93,2020083012,   -0.254,   -0.262,   -0.249,   -0.314,   -0.358,   -0.255,   -0.255,   -0.253,   -0.340,   -0.358,    0.176,    0.176,    0.175,    0.160,    0.201,    0.176,    0.177,    0.175,    0.170,    0.201,
        93,2020083006,   -0.246,   -0.237,   -0.250,   -0.273,   -0.314,   -0.250,   -0.241,   -0.252,   -0.339,   -0.332,    0.174,    0.170,    0.174,    0.150,    0.221,    0.174,    0.171,    0.174,    0.185,    0.221,
        93,2020083000,   -0.260,   -0.281,   -0.253,   -0.281,   -0.482,   -0.260,   -0.275,   -0.255,   -0.299,   -0.470,    0.174,    0.172,    0.173,    0.169,    0.052,    0.174,    0.176,    0.173,    0.161,    0.052,
