       228,2020092000,   -0.031,   -0.193,    0.000,   -0.222, -999.000,   -0.034,   -0.189,    0.000,   -0.220, -999.000,    0.075,    0.060, -999.000,    0.024, -999.000,    0.075,    0.058, -999.000,    0.015, -999.000,
       228,2020091918,   -0.050,   -0.228,    0.000,   -0.243,   -0.227,   -0.055,   -0.219,    0.000,   -0.240,   -0.231,    0.100,    0.079, -999.000,    0.027,    0.043,    0.100,    0.074, -999.000,    0.025,    0.043,
       228,2020091912,   -0.048,   -0.226,    0.000,   -0.209,   -0.032,   -0.050,   -0.220,    0.000,   -0.204, -999.000,    0.095,    0.069, -999.000,    0.025, -999.000,    0.095,    0.064, -999.000,    0.019, -999.000,
       228,2020091906,   -0.052,   -0.224,    0.000,   -0.244,   -0.157,   -0.053,   -0.218,    0.000,   -0.235,   -0.141,    0.102,    0.088, -999.000,    0.022,    0.122,    0.102,    0.084, -999.000,    0.024,    0.122,
       228,2020091900,   -0.028,   -0.191,    0.000,   -0.218, -999.000,   -0.030,   -0.183,    0.000,   -0.214, -999.000,    0.071,    0.057, -999.000,    0.020, -999.000,    0.071,    0.053, -999.000,    0.015, -999.000,
       228,2020091818,   -0.050,   -0.199,    0.000,   -0.227,   -0.051,   -0.055,   -0.200,    0.000,   -0.220,   -0.039,    0.094,    0.076, -999.000,    0.025,    0.007,    0.094,    0.077, -999.000,    0.025,    0.007,
       228,2020091812,   -0.041,   -0.233,    0.000,   -0.213, -999.000,   -0.045,   -0.221,    0.000,   -0.207, -999.000,    0.091,    0.064, -999.000,    0.023, -999.000,    0.091,    0.060, -999.000,    0.021, -999.000,
       228,2020091806,   -0.061,   -0.232,    0.000,   -0.255,   -0.121,   -0.062,   -0.215,    0.000,   -0.250,   -0.025,    0.110,    0.090, -999.000,    0.020,    0.070,    0.110,    0.082, -999.000,    0.019,    0.070,
       228,2020091800,   -0.031,   -0.173,    0.000,   -0.213, -999.000,   -0.033,   -0.174,    0.000,   -0.206, -999.000,    0.071,    0.053, -999.000,    0.021, -999.000,    0.071,    0.053, -999.000,    0.018, -999.000,
       228,2020091718,   -0.067,   -0.216,    0.000,   -0.233, -999.000,   -0.066,   -0.213,    0.000,   -0.227, -999.000,    0.108,    0.076, -999.000,    0.024, -999.000,    0.108,    0.075, -999.000,    0.023, -999.000,
       228,2020091712,   -0.044,   -0.250,    0.000,   -0.233, -999.000,   -0.046,   -0.237,    0.000,   -0.233, -999.000,    0.098,    0.077, -999.000,    0.024, -999.000,    0.098,    0.072, -999.000,    0.024, -999.000,
       228,2020091706,   -0.076,   -0.261,    0.000,   -0.272,   -0.129,   -0.078,   -0.250,    0.000,   -0.270,   -0.193,    0.128,    0.098, -999.000,    0.021,    0.112,    0.128,    0.093, -999.000,    0.022,    0.112,
       228,2020091700,   -0.024,   -0.183,    0.000,   -0.231, -999.000,   -0.025,   -0.178,    0.000,   -0.221, -999.000,    0.066,    0.054, -999.000,    0.024, -999.000,    0.066,    0.052, -999.000,    0.023, -999.000,
       228,2020091618,   -0.059,   -0.245,    0.000,   -0.266,   -0.174,   -0.064,   -0.240,    0.000,   -0.240,   -0.185,    0.112,    0.081, -999.000,    0.025,    0.140,    0.112,    0.078, -999.000,    0.025,    0.140,
       228,2020091612,   -0.047,   -0.215,    0.000,   -0.224, -999.000,   -0.053,   -0.216,    0.000,   -0.220,   -0.114,    0.095,    0.076, -999.000,    0.025, -999.000,    0.095,    0.076, -999.000,    0.022, -999.000,
       228,2020091606,   -0.081,   -0.304,    0.000,   -0.296,   -0.079,   -0.079,   -0.291,    0.000,   -0.289,   -0.093,    0.140,    0.096, -999.000,    0.028,    0.066,    0.140,    0.087, -999.000,    0.028,    0.066,
       228,2020091600,   -0.028,   -0.186,    0.000,   -0.244,   -0.045,   -0.033,   -0.180,    0.000,   -0.233,   -0.044,    0.073,    0.069, -999.000,    0.026, -999.000,    0.073,    0.068, -999.000,    0.025, -999.000,
       228,2020091518,   -0.056,   -0.257,    0.000,   -0.270, -999.000,   -0.060,   -0.244,    0.000,   -0.253, -999.000,    0.113,    0.091, -999.000,    0.027, -999.000,    0.113,    0.085, -999.000,    0.027, -999.000,
       228,2020091512,   -0.055,   -0.224,    0.000,   -0.219,   -0.253,   -0.056,   -0.219,    0.000,   -0.210,   -0.157,    0.101,    0.075, -999.000,    0.027, -999.000,    0.101,    0.071, -999.000,    0.025, -999.000,
       228,2020091506,   -0.087,   -0.293,    0.000,   -0.280,   -0.192,   -0.086,   -0.278,    0.000,   -0.275,   -0.293,    0.141,    0.101, -999.000,    0.029,    0.144,    0.141,    0.098, -999.000,    0.029,    0.144,
       228,2020091500,   -0.035,   -0.220,    0.000,   -0.253, -999.000,   -0.038,   -0.206,    0.000,   -0.250, -999.000,    0.087,    0.085, -999.000,    0.027, -999.000,    0.087,    0.080, -999.000,    0.025, -999.000,
       228,2020091418,   -0.053,   -0.244,    0.000,   -0.269,   -0.134,   -0.060,   -0.228,    0.000,   -0.259,   -0.085,    0.109,    0.092, -999.000,    0.028, -999.000,    0.109,    0.088, -999.000,    0.030, -999.000,
       228,2020091412,   -0.050,   -0.252,    0.000,   -0.235, -999.000,   -0.059,   -0.250,    0.000,   -0.225, -999.000,    0.105,    0.079, -999.000,    0.023, -999.000,    0.105,    0.079, -999.000,    0.028, -999.000,
       228,2020091406,   -0.061,   -0.285,    0.000,   -0.284, -999.000,   -0.070,   -0.276,    0.000,   -0.278,   -0.094,    0.122,    0.095, -999.000,    0.019, -999.000,    0.122,    0.089, -999.000,    0.022, -999.000,
       228,2020091400,   -0.036,   -0.221,    0.000,   -0.254,   -0.095,   -0.040,   -0.219,    0.000,   -0.251,   -0.199,    0.087,    0.079, -999.000,    0.020, -999.000,    0.087,    0.075, -999.000,    0.023, -999.000,
       228,2020091318,   -0.072,   -0.271,    0.000,   -0.301,   -0.102,   -0.079,   -0.261,    0.000,   -0.290,   -0.066,    0.128,    0.090, -999.000,    0.025,    0.058,    0.128,    0.088, -999.000,    0.025,    0.058,
       228,2020091312,   -0.051,   -0.252,    0.000,   -0.231,   -0.112,   -0.053,   -0.244,    0.000,   -0.226,   -0.108,    0.103,    0.068, -999.000,    0.028, -999.000,    0.103,    0.064, -999.000,    0.024, -999.000,
       228,2020091306,   -0.074,   -0.286,    0.000,   -0.275, -999.000,   -0.078,   -0.268,    0.000,   -0.279, -999.000,    0.132,    0.101, -999.000,    0.030, -999.000,    0.132,    0.088, -999.000,    0.027, -999.000,
       228,2020091300,   -0.033,   -0.212,    0.000,   -0.256, -999.000,   -0.039,   -0.212,    0.000,   -0.246, -999.000,    0.083,    0.073, -999.000,    0.024, -999.000,    0.083,    0.076, -999.000,    0.025, -999.000,
       228,2020091218,   -0.064,   -0.246,    0.000,   -0.279,   -0.093,   -0.069,   -0.231,    0.000,   -0.273, -999.000,    0.118,    0.094, -999.000,    0.030, -999.000,    0.118,    0.095, -999.000,    0.025, -999.000,
       228,2020091212,   -0.061,   -0.255,    0.000,   -0.241,   -0.226,   -0.064,   -0.254,    0.000,   -0.233, -999.000,    0.113,    0.072, -999.000,    0.025, -999.000,    0.113,    0.067, -999.000,    0.022, -999.000,
       228,2020091206,   -0.077,   -0.284,    0.000,   -0.296,   -0.255,   -0.080,   -0.274,    0.000,   -0.301,   -0.248,    0.137,    0.109, -999.000,    0.026,    0.080,    0.137,    0.103, -999.000,    0.024,    0.080,
       228,2020091200,   -0.029,   -0.212,    0.000,   -0.256,   -0.248,   -0.034,   -0.205,    0.000,   -0.256,   -0.101,    0.078,    0.068, -999.000,    0.034, -999.000,    0.078,    0.063, -999.000,    0.027, -999.000,
       228,2020091118,   -0.062,   -0.263,    0.000,   -0.283, -999.000,   -0.068,   -0.248,    0.000,   -0.274,   -0.345,    0.120,    0.096, -999.000,    0.023, -999.000,    0.120,    0.091, -999.000,    0.020, -999.000,
       228,2020091112,   -0.057,   -0.268,    0.000,   -0.248,   -0.213,   -0.066,   -0.259,    0.000,   -0.240,   -0.211,    0.113,    0.078, -999.000,    0.027,    0.070,    0.113,    0.076, -999.000,    0.023,    0.070,
       228,2020091106,   -0.075,   -0.297,    0.000,   -0.294,   -0.310,   -0.068,   -0.274,    0.000,   -0.280,   -0.177,    0.138,    0.100, -999.000,    0.037, -999.000,    0.138,    0.102, -999.000,    0.037, -999.000,
       228,2020091100,   -0.038,   -0.221,    0.000,   -0.260, -999.000,   -0.041,   -0.215,    0.000,   -0.259, -999.000,    0.089,    0.069, -999.000,    0.023, -999.000,    0.089,    0.067, -999.000,    0.025, -999.000,
       228,2020091018,   -0.058,   -0.268,    0.000,   -0.301,   -0.259,   -0.062,   -0.257,    0.000,   -0.296,   -0.204,    0.119,    0.094, -999.000,    0.031, -999.000,    0.119,    0.093, -999.000,    0.028, -999.000,
       228,2020091012,   -0.056,   -0.272,    0.000,   -0.278,   -0.161,   -0.066,   -0.279,    0.000,   -0.273,   -0.164,    0.117,    0.091, -999.000,    0.031,    0.044,    0.117,    0.099, -999.000,    0.026,    0.044,
       228,2020091006,   -0.085,   -0.309,    0.000,   -0.332,   -0.065,   -0.087,   -0.292,    0.000,   -0.322,   -0.065,    0.152,    0.121, -999.000,    0.036, -999.000,    0.152,    0.123, -999.000,    0.036, -999.000,
       228,2020091000,   -0.043,   -0.239,    0.000,   -0.277,   -0.250,   -0.052,   -0.239,    0.000,   -0.263, -999.000,    0.097,    0.075, -999.000,    0.027, -999.000,    0.097,    0.076, -999.000,    0.024, -999.000,
       228,2020090918,   -0.059,   -0.270,    0.000,   -0.300,   -0.069,   -0.064,   -0.268,    0.000,   -0.303,   -0.076,    0.120,    0.091, -999.000,    0.028,    0.021,    0.120,    0.092, -999.000,    0.025,    0.021,
       228,2020090912,   -0.071,   -0.294,    0.000,   -0.286, -999.000,   -0.074,   -0.293,    0.000,   -0.280, -999.000,    0.134,    0.097, -999.000,    0.030, -999.000,    0.134,    0.098, -999.000,    0.028, -999.000,
       228,2020090906,   -0.076,   -0.312,    0.000,   -0.318,   -0.077,   -0.077,   -0.300,    0.000,   -0.322,   -0.081,    0.143,    0.114, -999.000,    0.029,    0.047,    0.143,    0.107, -999.000,    0.031,    0.047,
       228,2020090900,   -0.042,   -0.248,    0.000,   -0.274,   -0.084,   -0.045,   -0.230,    0.000,   -0.278,   -0.069,    0.099,    0.090, -999.000,    0.026, -999.000,    0.099,    0.083, -999.000,    0.025, -999.000,
       228,2020090818,   -0.059,   -0.261,    0.000,   -0.300, -999.000,   -0.065,   -0.247,    0.000,   -0.292, -999.000,    0.118,    0.089, -999.000,    0.027, -999.000,    0.118,    0.092, -999.000,    0.028, -999.000,
       228,2020090812,   -0.068,   -0.297,    0.000,   -0.296, -999.000,   -0.072,   -0.291,    0.000,   -0.291, -999.000,    0.131,    0.098, -999.000,    0.027, -999.000,    0.131,    0.096, -999.000,    0.023, -999.000,
       228,2020090806,   -0.087,   -0.347,    0.000,   -0.349,   -0.289,   -0.095,   -0.326,    0.000,   -0.339,   -0.283,    0.160,    0.120, -999.000,    0.032, -999.000,    0.160,    0.114, -999.000,    0.025, -999.000,
       228,2020090800,   -0.047,   -0.262,    0.000,   -0.303,   -0.092,   -0.049,   -0.250,    0.000,   -0.306,   -0.076,    0.108,    0.097, -999.000,    0.024, -999.000,    0.108,    0.090, -999.000,    0.027, -999.000,
       228,2020090718,   -0.062,   -0.283,    0.000,   -0.319, -999.000,   -0.067,   -0.278,    0.000,   -0.319, -999.000,    0.126,    0.101, -999.000,    0.034, -999.000,    0.126,    0.099, -999.000,    0.034, -999.000,
       228,2020090712,   -0.059,   -0.317,    0.000,   -0.310, -999.000,   -0.065,   -0.314,    0.000,   -0.307, -999.000,    0.129,    0.090, -999.000,    0.033, -999.000,    0.129,    0.094, -999.000,    0.031, -999.000,
       228,2020090706,   -0.104,   -0.353,    0.000,   -0.383,   -0.228,   -0.110,   -0.355,    0.000,   -0.380,   -0.277,    0.173,    0.120, -999.000,    0.028,    0.177,    0.173,    0.120, -999.000,    0.029,    0.177,
       228,2020090700,   -0.050,   -0.275,    0.000,   -0.339, -999.000,   -0.048,   -0.259,    0.000,   -0.328, -999.000,    0.114,    0.090, -999.000,    0.029, -999.000,    0.114,    0.083, -999.000,    0.027, -999.000,
       228,2020090618,   -0.099,   -0.344,    0.000,   -0.371,   -0.431,   -0.091,   -0.325,    0.000,   -0.360, -999.000,    0.168,    0.122, -999.000,    0.042, -999.000,    0.168,    0.121, -999.000,    0.042, -999.000,
       228,2020090612,   -0.075,   -0.371,    0.000,   -0.342,   -0.205,   -0.077,   -0.365,    0.000,   -0.335,   -0.202,    0.151,    0.090, -999.000,    0.035, -999.000,    0.151,    0.087, -999.000,    0.033, -999.000,
       228,2020090606,   -0.109,   -0.386,    0.000,   -0.384, -999.000,   -0.112,   -0.358,    0.000,   -0.376, -999.000,    0.184,    0.130, -999.000,    0.042, -999.000,    0.184,    0.123, -999.000,    0.041, -999.000,
       228,2020090600,   -0.046,   -0.269,    0.000,   -0.342,   -0.389,   -0.051,   -0.264,    0.000,   -0.332,   -0.388,    0.110,    0.079, -999.000,    0.026, -999.000,    0.110,    0.074, -999.000,    0.026, -999.000,
       228,2020090518,   -0.097,   -0.356,    0.000,   -0.371, -999.000,   -0.099,   -0.344,    0.000,   -0.370, -999.000,    0.170,    0.116, -999.000,    0.038, -999.000,    0.170,    0.123, -999.000,    0.043, -999.000,
       228,2020090512,   -0.073,   -0.349,    0.000,   -0.387,   -0.359,   -0.079,   -0.342,    0.000,   -0.375,   -0.335,    0.153,    0.118, -999.000,    0.042,    0.046,    0.153,    0.126, -999.000,    0.035,    0.046,
       228,2020090506,   -0.117,   -0.430,    0.000,   -0.410,   -0.362,   -0.113,   -0.413,    0.000,   -0.407,   -0.362,    0.203,    0.153, -999.000,    0.050, -999.000,    0.203,    0.140, -999.000,    0.037, -999.000,
       228,2020090500,   -0.053,   -0.308,    0.000,   -0.352, -999.000,   -0.066,   -0.295,    0.000,   -0.351, -999.000,    0.124,    0.102, -999.000,    0.041, -999.000,    0.124,    0.094, -999.000,    0.036, -999.000,
       228,2020090418,   -0.088,   -0.377,    0.000,   -0.399, -999.000,   -0.101,   -0.362,    0.000,   -0.394, -999.000,    0.170,    0.133, -999.000,    0.041, -999.000,    0.170,    0.121, -999.000,    0.040, -999.000,
       228,2020090412,   -0.092,   -0.411,    0.000,   -0.403,   -0.326,   -0.100,   -0.401,    0.000,   -0.394, -999.000,    0.180,    0.136, -999.000,    0.044, -999.000,    0.180,    0.131, -999.000,    0.048, -999.000,
       228,2020090406,   -0.112,   -0.454,    0.000,   -0.447,   -0.154,   -0.123,   -0.411,    0.000,   -0.441,   -0.303,    0.213,    0.181, -999.000,    0.030, -999.000,    0.213,    0.180, -999.000,    0.033, -999.000,
       228,2020090400,   -0.057,   -0.362,    0.000,   -0.403,   -0.038,   -0.070,   -0.341,    0.000,   -0.380, -999.000,    0.140,    0.119, -999.000,    0.035, -999.000,    0.140,    0.112, -999.000,    0.038, -999.000,
       228,2020090318,   -0.096,   -0.397,    0.000,   -0.447,   -0.360,   -0.109,   -0.388,    0.000,   -0.434,   -0.306,    0.184,    0.143, -999.000,    0.040,    0.225,    0.184,    0.144, -999.000,    0.043,    0.225,
       228,2020090312,   -0.098,   -0.477,    0.000,   -0.434,   -0.361,   -0.107,   -0.455,    0.000,   -0.437, -999.000,    0.200,    0.149, -999.000,    0.037,    0.115,    0.200,    0.139, -999.000,    0.039,    0.115,
       228,2020090306,   -0.111,   -0.442,    0.000,   -0.473,   -0.488,   -0.138,   -0.427,    0.000,   -0.464,   -0.488,    0.211,    0.184, -999.000,    0.036, -999.000,    0.211,    0.184, -999.000,    0.034, -999.000,
       228,2020090300,   -0.067,   -0.371,    0.000,   -0.444,   -0.120,   -0.076,   -0.356,    0.000,   -0.423, -999.000,    0.153,    0.123, -999.000,    0.030,    0.110,    0.153,    0.115, -999.000,    0.032,    0.110,
       228,2020090218,   -0.125,   -0.400,    0.000,   -0.454,   -0.249,   -0.133,   -0.374,    0.000,   -0.436,   -0.253,    0.202,    0.145, -999.000,    0.029,    0.118,    0.202,    0.146, -999.000,    0.032,    0.118,
       228,2020090212,   -0.095,   -0.488,    0.000,   -0.457, -999.000,   -0.102,   -0.463,    0.000,   -0.458, -999.000,    0.198,    0.139, -999.000,    0.033, -999.000,    0.198,    0.130, -999.000,    0.036, -999.000,
       228,2020090206,   -0.136,   -0.491,    0.000,   -0.500,   -0.130,   -0.148,   -0.455,    0.000,   -0.478,   -0.123,    0.239,    0.193, -999.000,    0.039,    0.102,    0.239,    0.188, -999.000,    0.034,    0.102,
       228,2020090200,   -0.064,   -0.347,    0.000,   -0.446, -999.000,   -0.071,   -0.332,    0.000,   -0.433, -999.000,    0.146,    0.106, -999.000,    0.038, -999.000,    0.146,    0.105, -999.000,    0.041, -999.000,
       228,2020090118,   -0.118,   -0.391,    0.000,   -0.440,   -0.508,   -0.120,   -0.367,    0.000,   -0.430,   -0.454,    0.197,    0.147, -999.000,    0.034,    0.071,    0.197,    0.149, -999.000,    0.037,    0.071,
       228,2020090112,   -0.073,   -0.435,    0.000,   -0.452,   -0.178,   -0.087,   -0.430,    0.000,   -0.447,   -0.194,    0.171,    0.149, -999.000,    0.032, -999.000,    0.171,    0.145, -999.000,    0.031, -999.000,
       228,2020090106,   -0.131,   -0.473,    0.000,   -0.496,   -0.174,   -0.133,   -0.433,    0.000,   -0.490,   -0.194,    0.230,    0.188, -999.000,    0.040, -999.000,    0.230,    0.180, -999.000,    0.037, -999.000,
       228,2020090100,   -0.056,   -0.346,    0.000,   -0.448, -999.000,   -0.066,   -0.340,    0.000,   -0.428, -999.000,    0.139,    0.120, -999.000,    0.042, -999.000,    0.139,    0.119, -999.000,    0.033, -999.000,
       228,2020083118,   -0.103,   -0.412,    0.000,   -0.460,   -0.478,   -0.111,   -0.384,    0.000,   -0.454,   -0.368,    0.194,    0.150, -999.000,    0.044,    0.002,    0.194,    0.151, -999.000,    0.037,    0.002,
       228,2020083112,   -0.105,   -0.435,    0.000,   -0.437,   -0.500,   -0.115,   -0.432,    0.000,   -0.437,   -0.521,    0.199,    0.158, -999.000,    0.042,    0.029,    0.199,    0.158, -999.000,    0.040,    0.029,
       228,2020083106,   -0.109,   -0.449,    0.000,   -0.452,   -0.045,   -0.123,   -0.425,    0.000,   -0.455, -999.000,    0.209,    0.180, -999.000,    0.037, -999.000,    0.209,    0.176, -999.000,    0.040, -999.000,
       228,2020083100,   -0.052,   -0.267,    0.000,   -0.315,   -0.363,   -0.063,   -0.258,    0.000,   -0.304,   -0.219,    0.115,    0.096, -999.000,    0.032, -999.000,    0.115,    0.094, -999.000,    0.030, -999.000,
       228,2020083018,   -0.060,   -0.243,    0.000,   -0.266,   -0.074,   -0.066,   -0.224,    0.000,   -0.257, -999.000,    0.112,    0.090, -999.000,    0.029, -999.000,    0.112,    0.080, -999.000,    0.031, -999.000,
       228,2020083012,    0.085,    0.377,    0.000,    0.387, -999.000,    0.079,    0.356,    0.000,    0.373, -999.000,    0.167,    0.131, -999.000,    0.046, -999.000,    0.167,    0.133, -999.000,    0.045, -999.000,
       228,2020083006,    0.126,    1.500,    0.000, -999.000,    0.962,    0.111,    1.272,    0.000, -999.000,    1.662,    0.452,    0.561, -999.000, -999.000,    0.985,    0.452,    0.627, -999.000, -999.000,    0.985,
       228,2020083000,    0.000, -999.000,    0.000, -999.000, -999.000,    0.000, -999.000,    0.000, -999.000, -999.000, -999.000, -999.000, -999.000, -999.000, -999.000, -999.000, -999.000, -999.000, -999.000, -999.000,
