       225,2020092000,   -0.020,   -0.128,    0.000,   -0.140, -999.000,   -0.022,   -0.125,    0.000,   -0.139, -999.000,    0.049,    0.038, -999.000,    0.016, -999.000,    0.049,    0.037, -999.000,    0.010, -999.000,
       225,2020091918,   -0.034,   -0.157,    0.000,   -0.160,   -0.158,   -0.037,   -0.151,    0.000,   -0.158,   -0.160,    0.068,    0.052, -999.000,    0.019,    0.027,    0.068,    0.048, -999.000,    0.017,    0.027,
       225,2020091912,   -0.031,   -0.148,    0.000,   -0.132,   -0.022,   -0.033,   -0.144,    0.000,   -0.129, -999.000,    0.062,    0.044, -999.000,    0.016, -999.000,    0.062,    0.040, -999.000,    0.012, -999.000,
       225,2020091906,   -0.035,   -0.152,    0.000,   -0.159,   -0.107,   -0.036,   -0.148,    0.000,   -0.152,   -0.097,    0.069,    0.058, -999.000,    0.015,    0.080,    0.069,    0.055, -999.000,    0.016,    0.080,
       225,2020091900,   -0.018,   -0.124,    0.000,   -0.135, -999.000,   -0.019,   -0.119,    0.000,   -0.133, -999.000,    0.045,    0.036, -999.000,    0.013, -999.000,    0.045,    0.033, -999.000,    0.010, -999.000,
       225,2020091818,   -0.032,   -0.131,    0.000,   -0.143,   -0.035,   -0.036,   -0.132,    0.000,   -0.139,   -0.027,    0.061,    0.049, -999.000,    0.016,    0.005,    0.061,    0.049, -999.000,    0.017,    0.005,
       225,2020091812,   -0.027,   -0.153,    0.000,   -0.135, -999.000,   -0.030,   -0.146,    0.000,   -0.132, -999.000,    0.059,    0.041, -999.000,    0.015, -999.000,    0.059,    0.038, -999.000,    0.013, -999.000,
       225,2020091806,   -0.040,   -0.154,    0.000,   -0.163,   -0.082,   -0.041,   -0.143,    0.000,   -0.160,   -0.017,    0.073,    0.058, -999.000,    0.013,    0.046,    0.073,    0.053, -999.000,    0.012,    0.046,
       225,2020091800,   -0.020,   -0.111,    0.000,   -0.130, -999.000,   -0.021,   -0.112,    0.000,   -0.126, -999.000,    0.045,    0.032, -999.000,    0.013, -999.000,    0.045,    0.032, -999.000,    0.011, -999.000,
       225,2020091718,   -0.043,   -0.141,    0.000,   -0.145, -999.000,   -0.043,   -0.139,    0.000,   -0.141, -999.000,    0.069,    0.047, -999.000,    0.016, -999.000,    0.069,    0.047, -999.000,    0.015, -999.000,
       225,2020091712,   -0.029,   -0.169,    0.000,   -0.151, -999.000,   -0.031,   -0.161,    0.000,   -0.151, -999.000,    0.066,    0.050, -999.000,    0.016, -999.000,    0.066,    0.047, -999.000,    0.016, -999.000,
       225,2020091706,   -0.053,   -0.182,    0.000,   -0.183,   -0.093,   -0.054,   -0.175,    0.000,   -0.182,   -0.138,    0.089,    0.066, -999.000,    0.014,    0.079,    0.089,    0.062, -999.000,    0.015,    0.079,
       225,2020091700,   -0.016,   -0.122,    0.000,   -0.145, -999.000,   -0.016,   -0.119,    0.000,   -0.139, -999.000,    0.043,    0.034, -999.000,    0.015, -999.000,    0.043,    0.033, -999.000,    0.015, -999.000,
       225,2020091618,   -0.039,   -0.162,    0.000,   -0.170,   -0.115,   -0.042,   -0.159,    0.000,   -0.152,   -0.124,    0.073,    0.052, -999.000,    0.017,    0.090,    0.073,    0.050, -999.000,    0.016,    0.090,
       225,2020091612,   -0.032,   -0.143,    0.000,   -0.144, -999.000,   -0.035,   -0.144,    0.000,   -0.141,   -0.077,    0.063,    0.049, -999.000,    0.016, -999.000,    0.063,    0.048, -999.000,    0.014, -999.000,
       225,2020091606,   -0.058,   -0.220,    0.000,   -0.207,   -0.060,   -0.057,   -0.211,    0.000,   -0.203,   -0.070,    0.101,    0.067, -999.000,    0.021,    0.050,    0.101,    0.061, -999.000,    0.020,    0.050,
       225,2020091600,   -0.020,   -0.131,    0.000,   -0.164,   -0.033,   -0.023,   -0.127,    0.000,   -0.156,   -0.032,    0.051,    0.047, -999.000,    0.018, -999.000,    0.051,    0.046, -999.000,    0.017, -999.000,
       225,2020091518,   -0.040,   -0.186,    0.000,   -0.187, -999.000,   -0.043,   -0.177,    0.000,   -0.175, -999.000,    0.080,    0.063, -999.000,    0.019, -999.000,    0.080,    0.059, -999.000,    0.019, -999.000,
       225,2020091512,   -0.039,   -0.158,    0.000,   -0.149,   -0.173,   -0.039,   -0.155,    0.000,   -0.142,   -0.112,    0.071,    0.051, -999.000,    0.019, -999.000,    0.071,    0.049, -999.000,    0.017, -999.000,
       225,2020091506,   -0.063,   -0.214,    0.000,   -0.199,   -0.144,   -0.063,   -0.204,    0.000,   -0.194,   -0.217,    0.103,    0.072, -999.000,    0.022,    0.104,    0.103,    0.069, -999.000,    0.022,    0.104,
       225,2020091500,   -0.024,   -0.154,    0.000,   -0.170, -999.000,   -0.026,   -0.144,    0.000,   -0.167, -999.000,    0.060,    0.057, -999.000,    0.017, -999.000,    0.060,    0.054, -999.000,    0.016, -999.000,
       225,2020091418,   -0.037,   -0.171,    0.000,   -0.181,   -0.097,   -0.042,   -0.160,    0.000,   -0.173,   -0.063,    0.075,    0.062, -999.000,    0.019, -999.000,    0.075,    0.060, -999.000,    0.021, -999.000,
       225,2020091412,   -0.034,   -0.173,    0.000,   -0.155, -999.000,   -0.040,   -0.172,    0.000,   -0.149, -999.000,    0.072,    0.052, -999.000,    0.016, -999.000,    0.072,    0.052, -999.000,    0.019, -999.000,
       225,2020091406,   -0.044,   -0.208,    0.000,   -0.200, -999.000,   -0.051,   -0.202,    0.000,   -0.195,   -0.072,    0.088,    0.067, -999.000,    0.014, -999.000,    0.088,    0.063, -999.000,    0.016, -999.000,
       225,2020091400,   -0.025,   -0.155,    0.000,   -0.169,   -0.068,   -0.028,   -0.154,    0.000,   -0.167,   -0.137,    0.060,    0.053, -999.000,    0.014, -999.000,    0.060,    0.050, -999.000,    0.016, -999.000,
       225,2020091318,   -0.052,   -0.197,    0.000,   -0.210,   -0.078,   -0.058,   -0.191,    0.000,   -0.202,   -0.050,    0.092,    0.062, -999.000,    0.019,    0.044,    0.092,    0.061, -999.000,    0.019,    0.044,
       225,2020091312,   -0.035,   -0.173,    0.000,   -0.152,   -0.081,   -0.037,   -0.167,    0.000,   -0.150,   -0.079,    0.071,    0.045, -999.000,    0.019, -999.000,    0.071,    0.042, -999.000,    0.016, -999.000,
       225,2020091306,   -0.054,   -0.207,    0.000,   -0.190, -999.000,   -0.056,   -0.194,    0.000,   -0.193, -999.000,    0.094,    0.070, -999.000,    0.021, -999.000,    0.094,    0.061, -999.000,    0.019, -999.000,
       225,2020091300,   -0.023,   -0.150,    0.000,   -0.173, -999.000,   -0.027,   -0.150,    0.000,   -0.165, -999.000,    0.058,    0.049, -999.000,    0.017, -999.000,    0.058,    0.051, -999.000,    0.017, -999.000,
       225,2020091218,   -0.046,   -0.178,    0.000,   -0.193,   -0.071,   -0.050,   -0.168,    0.000,   -0.190, -999.000,    0.084,    0.065, -999.000,    0.021, -999.000,    0.084,    0.066, -999.000,    0.018, -999.000,
       225,2020091212,   -0.043,   -0.179,    0.000,   -0.162,   -0.159,   -0.045,   -0.178,    0.000,   -0.157, -999.000,    0.079,    0.049, -999.000,    0.017, -999.000,    0.079,    0.045, -999.000,    0.015, -999.000,
       225,2020091206,   -0.057,   -0.211,    0.000,   -0.211,   -0.189,   -0.059,   -0.204,    0.000,   -0.215,   -0.185,    0.101,    0.078, -999.000,    0.020,    0.055,    0.101,    0.074, -999.000,    0.019,    0.055,
       225,2020091200,   -0.021,   -0.153,    0.000,   -0.176,   -0.178,   -0.024,   -0.149,    0.000,   -0.176,   -0.074,    0.056,    0.047, -999.000,    0.024, -999.000,    0.056,    0.044, -999.000,    0.019, -999.000,
       225,2020091118,   -0.045,   -0.191,    0.000,   -0.196, -999.000,   -0.049,   -0.180,    0.000,   -0.191,   -0.244,    0.086,    0.067, -999.000,    0.017, -999.000,    0.086,    0.063, -999.000,    0.015, -999.000,
       225,2020091112,   -0.041,   -0.193,    0.000,   -0.171,   -0.152,   -0.048,   -0.186,    0.000,   -0.166,   -0.152,    0.081,    0.054, -999.000,    0.019,    0.047,    0.081,    0.053, -999.000,    0.017,    0.047,
       225,2020091106,   -0.057,   -0.225,    0.000,   -0.214,   -0.232,   -0.052,   -0.209,    0.000,   -0.205,   -0.134,    0.104,    0.073, -999.000,    0.028, -999.000,    0.104,    0.074, -999.000,    0.027, -999.000,
       225,2020091100,   -0.028,   -0.165,    0.000,   -0.184, -999.000,   -0.031,   -0.161,    0.000,   -0.184, -999.000,    0.065,    0.050, -999.000,    0.017, -999.000,    0.065,    0.048, -999.000,    0.018, -999.000,
       225,2020091018,   -0.045,   -0.209,    0.000,   -0.225,   -0.204,   -0.048,   -0.201,    0.000,   -0.220,   -0.163,    0.092,    0.070, -999.000,    0.024, -999.000,    0.092,    0.069, -999.000,    0.022, -999.000,
       225,2020091012,   -0.042,   -0.203,    0.000,   -0.199,   -0.124,   -0.050,   -0.208,    0.000,   -0.196,   -0.126,    0.087,    0.065, -999.000,    0.023,    0.032,    0.087,    0.071, -999.000,    0.019,    0.032,
       225,2020091006,   -0.065,   -0.240,    0.000,   -0.249,   -0.053,   -0.068,   -0.227,    0.000,   -0.240,   -0.052,    0.117,    0.090, -999.000,    0.028, -999.000,    0.117,    0.093, -999.000,    0.027, -999.000,
       225,2020091000,   -0.032,   -0.181,    0.000,   -0.199,   -0.189,   -0.039,   -0.181,    0.000,   -0.190, -999.000,    0.073,    0.054, -999.000,    0.020, -999.000,    0.073,    0.055, -999.000,    0.017, -999.000,
       225,2020090918,   -0.045,   -0.208,    0.000,   -0.221,   -0.055,   -0.049,   -0.207,    0.000,   -0.224,   -0.060,    0.090,    0.067, -999.000,    0.022,    0.017,    0.090,    0.068, -999.000,    0.019,    0.017,
       225,2020090912,   -0.053,   -0.221,    0.000,   -0.206, -999.000,   -0.056,   -0.220,    0.000,   -0.201, -999.000,    0.099,    0.070, -999.000,    0.021, -999.000,    0.099,    0.071, -999.000,    0.020, -999.000,
       225,2020090906,   -0.057,   -0.237,    0.000,   -0.232,   -0.061,   -0.058,   -0.229,    0.000,   -0.235,   -0.064,    0.108,    0.084, -999.000,    0.021,    0.037,    0.108,    0.079, -999.000,    0.024,    0.037,
       225,2020090900,   -0.030,   -0.179,    0.000,   -0.189,   -0.063,   -0.032,   -0.167,    0.000,   -0.191,   -0.052,    0.071,    0.063, -999.000,    0.018, -999.000,    0.071,    0.058, -999.000,    0.018, -999.000,
       225,2020090818,   -0.043,   -0.190,    0.000,   -0.208, -999.000,   -0.047,   -0.180,    0.000,   -0.202, -999.000,    0.085,    0.062, -999.000,    0.020, -999.000,    0.085,    0.063, -999.000,    0.020, -999.000,
       225,2020090812,   -0.049,   -0.215,    0.000,   -0.206, -999.000,   -0.052,   -0.211,    0.000,   -0.203, -999.000,    0.094,    0.069, -999.000,    0.020, -999.000,    0.094,    0.067, -999.000,    0.017, -999.000,
       225,2020090806,   -0.067,   -0.267,    0.000,   -0.258,   -0.224,   -0.073,   -0.252,    0.000,   -0.251,   -0.219,    0.122,    0.090, -999.000,    0.025, -999.000,    0.122,    0.084, -999.000,    0.019, -999.000,
       225,2020090800,   -0.036,   -0.201,    0.000,   -0.221,   -0.074,   -0.037,   -0.192,    0.000,   -0.223,   -0.060,    0.082,    0.072, -999.000,    0.018, -999.000,    0.082,    0.066, -999.000,    0.020, -999.000,
       225,2020090718,   -0.046,   -0.214,    0.000,   -0.229, -999.000,   -0.050,   -0.210,    0.000,   -0.229, -999.000,    0.094,    0.073, -999.000,    0.026, -999.000,    0.094,    0.072, -999.000,    0.026, -999.000,
       225,2020090712,   -0.046,   -0.244,    0.000,   -0.228, -999.000,   -0.049,   -0.241,    0.000,   -0.226, -999.000,    0.098,    0.067, -999.000,    0.025, -999.000,    0.098,    0.069, -999.000,    0.023, -999.000,
       225,2020090706,   -0.082,   -0.283,    0.000,   -0.295,   -0.181,   -0.088,   -0.284,    0.000,   -0.291,   -0.221,    0.137,    0.092, -999.000,    0.024,    0.136,    0.137,    0.092, -999.000,    0.024,    0.136,
       225,2020090700,   -0.039,   -0.219,    0.000,   -0.256, -999.000,   -0.037,   -0.207,    0.000,   -0.247, -999.000,    0.089,    0.069, -999.000,    0.022, -999.000,    0.089,    0.063, -999.000,    0.021, -999.000,
       225,2020090618,   -0.079,   -0.276,    0.000,   -0.284,   -0.338,   -0.073,   -0.262,    0.000,   -0.275, -999.000,    0.133,    0.095, -999.000,    0.034, -999.000,    0.133,    0.093, -999.000,    0.033, -999.000,
       225,2020090612,   -0.060,   -0.299,    0.000,   -0.265,   -0.169,   -0.062,   -0.294,    0.000,   -0.259,   -0.167,    0.121,    0.070, -999.000,    0.028, -999.000,    0.121,    0.068, -999.000,    0.027, -999.000,
       225,2020090606,   -0.087,   -0.314,    0.000,   -0.298, -999.000,   -0.091,   -0.291,    0.000,   -0.294, -999.000,    0.148,    0.102, -999.000,    0.034, -999.000,    0.148,    0.096, -999.000,    0.033, -999.000,
       225,2020090600,   -0.037,   -0.218,    0.000,   -0.263,   -0.306,   -0.041,   -0.214,    0.000,   -0.256,   -0.305,    0.087,    0.062, -999.000,    0.021, -999.000,    0.087,    0.058, -999.000,    0.021, -999.000,
       225,2020090518,   -0.079,   -0.292,    0.000,   -0.291, -999.000,   -0.081,   -0.283,    0.000,   -0.290, -999.000,    0.138,    0.091, -999.000,    0.031, -999.000,    0.138,    0.097, -999.000,    0.035, -999.000,
       225,2020090512,   -0.060,   -0.292,    0.000,   -0.310,   -0.298,   -0.066,   -0.286,    0.000,   -0.300,   -0.283,    0.126,    0.094, -999.000,    0.034,    0.032,    0.126,    0.102, -999.000,    0.029,    0.032,
       225,2020090506,   -0.098,   -0.362,    0.000,   -0.332,   -0.305,   -0.095,   -0.348,    0.000,   -0.329,   -0.305,    0.170,    0.124, -999.000,    0.042, -999.000,    0.170,    0.113, -999.000,    0.031, -999.000,
       225,2020090500,   -0.044,   -0.259,    0.000,   -0.281, -999.000,   -0.055,   -0.248,    0.000,   -0.280, -999.000,    0.103,    0.083, -999.000,    0.034, -999.000,    0.103,    0.076, -999.000,    0.030, -999.000,
       225,2020090418,   -0.075,   -0.321,    0.000,   -0.324, -999.000,   -0.085,   -0.309,    0.000,   -0.321, -999.000,    0.143,    0.109, -999.000,    0.035, -999.000,    0.143,    0.098, -999.000,    0.034, -999.000,
       225,2020090412,   -0.076,   -0.344,    0.000,   -0.324,   -0.279,   -0.084,   -0.337,    0.000,   -0.316, -999.000,    0.149,    0.110, -999.000,    0.037, -999.000,    0.149,    0.106, -999.000,    0.040, -999.000,
       225,2020090406,   -0.094,   -0.384,    0.000,   -0.363,   -0.138,   -0.104,   -0.350,    0.000,   -0.359,   -0.261,    0.178,    0.148, -999.000,    0.026, -999.000,    0.178,    0.147, -999.000,    0.028, -999.000,
       225,2020090400,   -0.048,   -0.306,    0.000,   -0.324,   -0.034,   -0.058,   -0.289,    0.000,   -0.306, -999.000,    0.117,    0.097, -999.000,    0.031, -999.000,    0.117,    0.091, -999.000,    0.032, -999.000,
       225,2020090318,   -0.081,   -0.339,    0.000,   -0.364,   -0.306,   -0.092,   -0.331,    0.000,   -0.354,   -0.261,    0.155,    0.118, -999.000,    0.034,    0.188,    0.155,    0.118, -999.000,    0.037,    0.188,
       225,2020090312,   -0.083,   -0.402,    0.000,   -0.353,   -0.306,   -0.091,   -0.385,    0.000,   -0.355, -999.000,    0.167,    0.121, -999.000,    0.031,    0.095,    0.167,    0.113, -999.000,    0.033,    0.095,
       225,2020090306,   -0.095,   -0.378,    0.000,   -0.388,   -0.414,   -0.117,   -0.365,    0.000,   -0.381,   -0.414,    0.179,    0.152, -999.000,    0.030, -999.000,    0.179,    0.152, -999.000,    0.030, -999.000,
       225,2020090300,   -0.057,   -0.317,    0.000,   -0.362,   -0.107,   -0.064,   -0.305,    0.000,   -0.345, -999.000,    0.129,    0.101, -999.000,    0.027,    0.097,    0.129,    0.094, -999.000,    0.029,    0.097,
       225,2020090218,   -0.104,   -0.337,    0.000,   -0.367,   -0.215,   -0.112,   -0.317,    0.000,   -0.352,   -0.219,    0.168,    0.119, -999.000,    0.023,    0.099,    0.168,    0.119, -999.000,    0.026,    0.099,
       225,2020090212,   -0.081,   -0.420,    0.000,   -0.377, -999.000,   -0.087,   -0.397,    0.000,   -0.378, -999.000,    0.168,    0.115, -999.000,    0.028, -999.000,    0.168,    0.106, -999.000,    0.031, -999.000,
       225,2020090206,   -0.118,   -0.425,    0.000,   -0.418,   -0.118,   -0.128,   -0.395,    0.000,   -0.399,   -0.112,    0.205,    0.162, -999.000,    0.032,    0.092,    0.205,    0.157, -999.000,    0.028,    0.092,
       225,2020090200,   -0.055,   -0.301,    0.000,   -0.369, -999.000,   -0.061,   -0.289,    0.000,   -0.358, -999.000,    0.124,    0.089, -999.000,    0.031, -999.000,    0.124,    0.087, -999.000,    0.035, -999.000,
       225,2020090118,   -0.099,   -0.334,    0.000,   -0.360,   -0.426,   -0.101,   -0.315,    0.000,   -0.351,   -0.388,    0.166,    0.122, -999.000,    0.029,    0.049,    0.166,    0.123, -999.000,    0.031,    0.049,
       225,2020090112,   -0.062,   -0.369,    0.000,   -0.367,   -0.158,   -0.073,   -0.364,    0.000,   -0.363,   -0.171,    0.144,    0.121, -999.000,    0.028, -999.000,    0.144,    0.118, -999.000,    0.026, -999.000,
       225,2020090106,   -0.110,   -0.399,    0.000,   -0.402,   -0.155,   -0.112,   -0.366,    0.000,   -0.398,   -0.172,    0.192,    0.153, -999.000,    0.031, -999.000,    0.192,    0.147, -999.000,    0.030, -999.000,
       225,2020090100,   -0.047,   -0.293,    0.000,   -0.363, -999.000,   -0.055,   -0.289,    0.000,   -0.348, -999.000,    0.116,    0.098, -999.000,    0.032, -999.000,    0.116,    0.097, -999.000,    0.024, -999.000,
       225,2020083118,   -0.087,   -0.350,    0.000,   -0.373,   -0.403,   -0.093,   -0.326,    0.000,   -0.369,   -0.313,    0.162,    0.122, -999.000,    0.037,    0.000,    0.162,    0.124, -999.000,    0.031,    0.000,
       225,2020083112,   -0.089,   -0.372,    0.000,   -0.362,   -0.417,   -0.098,   -0.371,    0.000,   -0.360,   -0.435,    0.169,    0.132, -999.000,    0.034,    0.015,    0.169,    0.131, -999.000,    0.031,    0.015,
       225,2020083106,   -0.091,   -0.378,    0.000,   -0.368,   -0.040,   -0.103,   -0.360,    0.000,   -0.370, -999.000,    0.174,    0.147, -999.000,    0.028, -999.000,    0.174,    0.143, -999.000,    0.031, -999.000,
       225,2020083100,   -0.047,   -0.241,    0.000,   -0.273,   -0.314,   -0.056,   -0.234,    0.000,   -0.264,   -0.193,    0.103,    0.084, -999.000,    0.027, -999.000,    0.103,    0.082, -999.000,    0.023, -999.000,
       225,2020083018,   -0.062,   -0.253,    0.000,   -0.265,   -0.080,   -0.068,   -0.234,    0.000,   -0.256, -999.000,    0.115,    0.091, -999.000,    0.030, -999.000,    0.115,    0.080, -999.000,    0.032, -999.000,
       225,2020083012,   -0.034,   -0.146,    0.000,   -0.140, -999.000,   -0.034,   -0.144,    0.000,   -0.137, -999.000,    0.065,    0.050, -999.000,    0.016, -999.000,    0.065,    0.049, -999.000,    0.017, -999.000,
       225,2020083006,    0.241,    0.713,    0.000,    0.777,    0.582,    0.231,    0.719,    0.000,    0.755,    0.672,    0.364,    0.270, -999.000,    0.085,    0.401,    0.364,    0.235, -999.000,    0.085,    0.401,
       225,2020083000,    0.000, -999.000,    0.000, -999.000, -999.000,    0.000, -999.000,    0.000, -999.000, -999.000, -999.000, -999.000, -999.000, -999.000, -999.000, -999.000, -999.000, -999.000, -999.000, -999.000,
