        10,2020092000,   -0.053,   -0.054,   -0.053,   -0.053,   -0.044,   -0.053,   -0.055,   -0.053,   -0.053,   -0.044,    0.056,    0.057,    0.055,    0.056,    0.072,    0.056,    0.057,    0.055,    0.056,    0.072,
        10,2020091918,   -0.053,   -0.049,   -0.055,   -0.051,   -0.043,   -0.053,   -0.049,   -0.055,   -0.051,   -0.043,    0.056,    0.053,    0.056,    0.055,    0.043,    0.056,    0.054,    0.056,    0.055,    0.043,
        10,2020091912,   -0.052,   -0.057,   -0.052,   -0.047,   -0.085,   -0.053,   -0.057,   -0.052,   -0.047,   -0.085,    0.055,    0.058,    0.055,    0.055,    0.064,    0.055,    0.057,    0.055,    0.055,    0.064,
        10,2020091906,   -0.053,   -0.053,   -0.053,   -0.051,   -0.076,   -0.053,   -0.053,   -0.053,   -0.050,   -0.076,    0.056,    0.056,    0.055,    0.055,    0.074,    0.056,    0.056,    0.055,    0.055,    0.074,
        10,2020091900,   -0.052,   -0.054,   -0.052,   -0.048,   -0.061,   -0.052,   -0.054,   -0.052,   -0.048,   -0.061,    0.055,    0.057,    0.055,    0.055,    0.068,    0.055,    0.057,    0.055,    0.055,    0.068,
        10,2020091818,   -0.053,   -0.052,   -0.053,   -0.050,   -0.065,   -0.053,   -0.052,   -0.053,   -0.049,   -0.065,    0.056,    0.056,    0.056,    0.055,    0.061,    0.056,    0.056,    0.056,    0.055,    0.061,
        10,2020091812,   -0.053,   -0.053,   -0.053,   -0.050,   -0.100,   -0.053,   -0.054,   -0.053,   -0.050,   -0.100,    0.056,    0.056,    0.056,    0.055,    0.075,    0.056,    0.056,    0.056,    0.055,    0.075,
        10,2020091806,   -0.052,   -0.054,   -0.052,   -0.051,   -0.086,   -0.052,   -0.054,   -0.051,   -0.051,   -0.085,    0.056,    0.055,    0.055,    0.056,    0.071,    0.056,    0.055,    0.055,    0.056,    0.071,
        10,2020091800,   -0.053,   -0.053,   -0.052,   -0.055,   -0.124,   -0.053,   -0.053,   -0.053,   -0.055,   -0.124,    0.056,    0.056,    0.055,    0.057,    0.058,    0.056,    0.056,    0.055,    0.057,    0.058,
        10,2020091718,   -0.052,   -0.056,   -0.052,   -0.047,   -0.111,   -0.052,   -0.056,   -0.052,   -0.047,   -0.111,    0.055,    0.056,    0.055,    0.053,    0.073,    0.055,    0.056,    0.055,    0.053,    0.073,
        10,2020091712,   -0.052,   -0.053,   -0.053,   -0.047,   -0.101,   -0.052,   -0.053,   -0.053,   -0.047,   -0.101,    0.056,    0.056,    0.056,    0.054,    0.063,    0.056,    0.056,    0.056,    0.054,    0.063,
        10,2020091706,   -0.053,   -0.053,   -0.053,   -0.050,   -0.107,   -0.053,   -0.053,   -0.053,   -0.050,   -0.107,    0.056,    0.056,    0.056,    0.055,    0.064,    0.056,    0.056,    0.056,    0.055,    0.064,
        10,2020091700,   -0.053,   -0.056,   -0.051,   -0.058,   -0.119,   -0.053,   -0.056,   -0.051,   -0.058,   -0.119,    0.056,    0.057,    0.055,    0.058,    0.067,    0.056,    0.057,    0.055,    0.058,    0.067,
        10,2020091618,   -0.052,   -0.051,   -0.053,   -0.051,   -0.079,   -0.053,   -0.051,   -0.053,   -0.051,   -0.079,    0.056,    0.055,    0.056,    0.056,    0.064,    0.056,    0.055,    0.056,    0.056,    0.064,
        10,2020091612,   -0.053,   -0.053,   -0.053,   -0.048,   -0.085,   -0.052,   -0.053,   -0.053,   -0.048,   -0.085,    0.056,    0.056,    0.056,    0.055,    0.070,    0.056,    0.057,    0.056,    0.055,    0.070,
        10,2020091606,   -0.053,   -0.053,   -0.053,   -0.049,   -0.082,   -0.053,   -0.053,   -0.053,   -0.049,   -0.082,    0.056,    0.056,    0.056,    0.056,    0.065,    0.056,    0.057,    0.056,    0.056,    0.065,
        10,2020091600,   -0.053,   -0.057,   -0.052,   -0.055,   -0.090,   -0.053,   -0.057,   -0.052,   -0.055,   -0.090,    0.056,    0.057,    0.056,    0.057,    0.074,    0.056,    0.057,    0.056,    0.057,    0.074,
        10,2020091518,   -0.053,   -0.048,   -0.056,   -0.052,   -0.075,   -0.053,   -0.048,   -0.056,   -0.052,   -0.075,    0.056,    0.054,    0.057,    0.056,    0.069,    0.056,    0.054,    0.057,    0.056,    0.069,
        10,2020091512,   -0.053,   -0.059,   -0.053,   -0.046,   -0.103,   -0.053,   -0.059,   -0.053,   -0.046,   -0.103,    0.056,    0.058,    0.056,    0.054,    0.067,    0.056,    0.058,    0.056,    0.054,    0.067,
        10,2020091506,   -0.053,   -0.052,   -0.053,   -0.053,   -0.079,   -0.053,   -0.052,   -0.053,   -0.053,   -0.079,    0.056,    0.056,    0.056,    0.058,    0.074,    0.056,    0.056,    0.056,    0.058,    0.074,
        10,2020091500,   -0.054,   -0.056,   -0.052,   -0.055,   -0.155,   -0.054,   -0.056,   -0.053,   -0.055,   -0.155,    0.056,    0.057,    0.056,    0.058,    0.038,    0.056,    0.057,    0.056,    0.057,    0.038,
        10,2020091418,   -0.054,   -0.050,   -0.056,   -0.051,   -0.086,   -0.054,   -0.050,   -0.056,   -0.051,   -0.085,    0.057,    0.055,    0.057,    0.056,    0.075,    0.057,    0.055,    0.057,    0.056,    0.075,
        10,2020091412,   -0.053,   -0.059,   -0.053,   -0.049,   -0.114,   -0.054,   -0.059,   -0.053,   -0.049,   -0.114,    0.056,    0.059,    0.056,    0.056,    0.069,    0.056,    0.059,    0.056,    0.056,    0.069,
        10,2020091406,   -0.054,   -0.052,   -0.054,   -0.055,   -0.059,   -0.054,   -0.052,   -0.054,   -0.054,   -0.059,    0.057,    0.057,    0.056,    0.057,    0.059,    0.057,    0.057,    0.056,    0.057,    0.059,
        10,2020091400,   -0.053,   -0.055,   -0.053,   -0.052,   -0.060,   -0.054,   -0.055,   -0.054,   -0.053,   -0.060,    0.056,    0.058,    0.056,    0.057,    0.073,    0.056,    0.057,    0.056,    0.057,    0.073,
        10,2020091318,   -0.053,   -0.051,   -0.054,   -0.050,   -0.075,   -0.053,   -0.051,   -0.054,   -0.050,   -0.074,    0.056,    0.055,    0.056,    0.055,    0.062,    0.056,    0.056,    0.056,    0.055,    0.062,
        10,2020091312,   -0.053,   -0.053,   -0.054,   -0.047,   -0.111,   -0.053,   -0.054,   -0.054,   -0.047,   -0.111,    0.056,    0.056,    0.056,    0.055,    0.064,    0.056,    0.056,    0.056,    0.055,    0.064,
        10,2020091306,   -0.053,   -0.056,   -0.053,   -0.052,   -0.082,   -0.053,   -0.056,   -0.053,   -0.052,   -0.082,    0.056,    0.057,    0.056,    0.056,    0.065,    0.056,    0.057,    0.056,    0.056,    0.065,
        10,2020091300,   -0.053,   -0.054,   -0.053,   -0.053,   -0.109,   -0.053,   -0.054,   -0.053,   -0.053,   -0.109,    0.056,    0.057,    0.056,    0.057,    0.063,    0.056,    0.057,    0.056,    0.057,    0.063,
        10,2020091218,   -0.053,   -0.054,   -0.053,   -0.050,   -0.085,   -0.053,   -0.054,   -0.053,   -0.050,   -0.085,    0.056,    0.056,    0.056,    0.055,    0.077,    0.056,    0.056,    0.056,    0.056,    0.077,
        10,2020091212,   -0.054,   -0.053,   -0.054,   -0.051,   -0.084,   -0.054,   -0.053,   -0.054,   -0.051,   -0.083,    0.057,    0.056,    0.057,    0.056,    0.071,    0.057,    0.056,    0.057,    0.056,    0.071,
        10,2020091206,   -0.053,   -0.056,   -0.053,   -0.050,   -0.092,   -0.053,   -0.056,   -0.053,   -0.050,   -0.092,    0.057,    0.057,    0.057,    0.055,    0.066,    0.057,    0.057,    0.057,    0.055,    0.066,
        10,2020091200,   -0.054,   -0.057,   -0.053,   -0.058,   -0.104,   -0.055,   -0.057,   -0.053,   -0.058,   -0.104,    0.057,    0.058,    0.056,    0.058,    0.079,    0.057,    0.058,    0.056,    0.058,    0.079,
        10,2020091118,   -0.054,   -0.053,   -0.054,   -0.051,   -0.071,   -0.053,   -0.053,   -0.054,   -0.051,   -0.070,    0.057,    0.056,    0.057,    0.055,    0.070,    0.057,    0.057,    0.057,    0.055,    0.070,
        10,2020091112,   -0.054,   -0.053,   -0.054,   -0.051,   -0.099,   -0.054,   -0.053,   -0.055,   -0.051,   -0.099,    0.057,    0.058,    0.057,    0.057,    0.069,    0.057,    0.057,    0.057,    0.057,    0.069,
        10,2020091106,   -0.054,   -0.055,   -0.054,   -0.051,   -0.088,   -0.054,   -0.055,   -0.054,   -0.051,   -0.088,    0.057,    0.058,    0.056,    0.057,    0.076,    0.057,    0.058,    0.056,    0.057,    0.076,
        10,2020091100,   -0.053,   -0.059,   -0.051,   -0.056,   -0.108,   -0.054,   -0.059,   -0.052,   -0.056,   -0.108,    0.056,    0.058,    0.055,    0.058,    0.073,    0.056,    0.058,    0.055,    0.058,    0.073,
        10,2020091018,   -0.053,   -0.049,   -0.055,   -0.049,   -0.107,   -0.053,   -0.049,   -0.055,   -0.049,   -0.106,    0.057,    0.054,    0.057,    0.056,    0.069,    0.057,    0.055,    0.057,    0.056,    0.069,
        10,2020091012,   -0.053,   -0.058,   -0.053,   -0.050,   -0.065,   -0.054,   -0.058,   -0.053,   -0.050,   -0.065,    0.057,    0.058,    0.056,    0.057,    0.066,    0.057,    0.058,    0.056,    0.057,    0.066,
        10,2020091006,   -0.053,   -0.052,   -0.054,   -0.053,   -0.097,   -0.054,   -0.052,   -0.054,   -0.053,   -0.097,    0.056,    0.056,    0.057,    0.057,    0.070,    0.056,    0.056,    0.057,    0.057,    0.070,
        10,2020091000,   -0.053,   -0.057,   -0.052,   -0.053,   -0.115,   -0.053,   -0.058,   -0.052,   -0.053,   -0.115,    0.056,    0.057,    0.056,    0.057,    0.056,    0.056,    0.057,    0.056,    0.057,    0.056,
        10,2020090918,   -0.054,   -0.049,   -0.056,   -0.049,   -0.070,   -0.053,   -0.048,   -0.056,   -0.048,   -0.070,    0.057,    0.054,    0.058,    0.056,    0.063,    0.057,    0.055,    0.058,    0.056,    0.063,
        10,2020090912,   -0.054,   -0.061,   -0.053,   -0.048,   -0.093,   -0.054,   -0.061,   -0.053,   -0.048,   -0.093,    0.057,    0.060,    0.056,    0.055,    0.073,    0.057,    0.059,    0.056,    0.055,    0.073,
        10,2020090906,   -0.053,   -0.053,   -0.053,   -0.054,   -0.051,   -0.053,   -0.053,   -0.053,   -0.054,   -0.051,    0.057,    0.057,    0.056,    0.059,    0.063,    0.057,    0.057,    0.056,    0.059,    0.063,
        10,2020090900,   -0.054,   -0.056,   -0.054,   -0.055,   -0.103,   -0.054,   -0.056,   -0.054,   -0.055,   -0.103,    0.057,    0.059,    0.056,    0.058,    0.077,    0.057,    0.059,    0.056,    0.057,    0.077,
        10,2020090818,   -0.054,   -0.051,   -0.055,   -0.054,   -0.070,   -0.054,   -0.050,   -0.055,   -0.053,   -0.069,    0.057,    0.056,    0.057,    0.057,    0.066,    0.057,    0.056,    0.057,    0.057,    0.066,
        10,2020090812,   -0.054,   -0.057,   -0.054,   -0.050,   -0.101,   -0.054,   -0.057,   -0.054,   -0.050,   -0.101,    0.057,    0.058,    0.057,    0.057,    0.069,    0.057,    0.058,    0.057,    0.057,    0.069,
        10,2020090806,   -0.054,   -0.054,   -0.054,   -0.051,   -0.074,   -0.054,   -0.054,   -0.054,   -0.051,   -0.074,    0.057,    0.057,    0.057,    0.056,    0.070,    0.057,    0.057,    0.057,    0.057,    0.070,
        10,2020090800,   -0.054,   -0.054,   -0.054,   -0.056,   -0.044,   -0.054,   -0.054,   -0.054,   -0.056,   -0.044,    0.057,    0.057,    0.057,    0.059,    0.069,    0.057,    0.057,    0.057,    0.059,    0.069,
        10,2020090718,   -0.054,   -0.056,   -0.054,   -0.053,   -0.059,   -0.054,   -0.055,   -0.054,   -0.052,   -0.059,    0.057,    0.058,    0.057,    0.057,    0.060,    0.057,    0.058,    0.057,    0.057,    0.060,
        10,2020090712,   -0.053,   -0.053,   -0.054,   -0.049,   -0.118,   -0.054,   -0.053,   -0.054,   -0.049,   -0.118,    0.057,    0.057,    0.057,    0.056,    0.054,    0.057,    0.057,    0.057,    0.056,    0.054,
        10,2020090706,   -0.054,   -0.056,   -0.053,   -0.052,   -0.071,   -0.054,   -0.056,   -0.053,   -0.052,   -0.071,    0.057,    0.057,    0.057,    0.057,    0.063,    0.057,    0.057,    0.057,    0.057,    0.063,
        10,2020090700,   -0.053,   -0.055,   -0.052,   -0.056,   -0.092,   -0.054,   -0.055,   -0.053,   -0.056,   -0.092,    0.057,    0.058,    0.056,    0.058,    0.068,    0.057,    0.057,    0.056,    0.058,    0.068,
        10,2020090618,   -0.054,   -0.056,   -0.054,   -0.050,   -0.087,   -0.053,   -0.055,   -0.053,   -0.049,   -0.087,    0.057,    0.057,    0.057,    0.055,    0.065,    0.057,    0.058,    0.057,    0.055,    0.065,
        10,2020090612,   -0.053,   -0.052,   -0.054,   -0.049,   -0.083,   -0.053,   -0.052,   -0.054,   -0.049,   -0.084,    0.056,    0.057,    0.057,    0.055,    0.066,    0.056,    0.057,    0.057,    0.055,    0.066,
        10,2020090606,   -0.054,   -0.055,   -0.054,   -0.050,   -0.073,   -0.054,   -0.054,   -0.054,   -0.050,   -0.073,    0.057,    0.057,    0.057,    0.056,    0.067,    0.057,    0.057,    0.057,    0.056,    0.067,
        10,2020090600,   -0.054,   -0.058,   -0.052,   -0.056,   -0.111,   -0.054,   -0.058,   -0.052,   -0.056,   -0.111,    0.057,    0.059,    0.056,    0.058,    0.070,    0.057,    0.059,    0.056,    0.058,    0.070,
        10,2020090518,   -0.054,   -0.050,   -0.055,   -0.053,   -0.077,   -0.053,   -0.050,   -0.055,   -0.052,   -0.077,    0.057,    0.055,    0.057,    0.056,    0.074,    0.057,    0.055,    0.057,    0.056,    0.074,
        10,2020090512,   -0.054,   -0.057,   -0.054,   -0.047,   -0.087,   -0.054,   -0.056,   -0.054,   -0.046,   -0.086,    0.057,    0.058,    0.057,    0.054,    0.063,    0.057,    0.059,    0.057,    0.054,    0.063,
        10,2020090506,   -0.054,   -0.054,   -0.054,   -0.054,   -0.106,   -0.054,   -0.054,   -0.054,   -0.054,   -0.106,    0.057,    0.057,    0.057,    0.057,    0.071,    0.057,    0.057,    0.057,    0.057,    0.071,
        10,2020090500,   -0.054,   -0.058,   -0.053,   -0.055,   -0.096,   -0.054,   -0.058,   -0.053,   -0.055,   -0.097,    0.057,    0.058,    0.057,    0.058,    0.087,    0.057,    0.058,    0.057,    0.058,    0.087,
        10,2020090418,   -0.054,   -0.049,   -0.056,   -0.054,   -0.084,   -0.054,   -0.049,   -0.056,   -0.054,   -0.084,    0.057,    0.055,    0.058,    0.057,    0.075,    0.057,    0.055,    0.058,    0.057,    0.075,
        10,2020090412,   -0.054,   -0.060,   -0.053,   -0.052,   -0.071,   -0.054,   -0.060,   -0.053,   -0.052,   -0.071,    0.057,    0.059,    0.057,    0.056,    0.072,    0.057,    0.059,    0.057,    0.056,    0.072,
        10,2020090406,   -0.054,   -0.053,   -0.054,   -0.057,   -0.074,   -0.054,   -0.053,   -0.055,   -0.057,   -0.074,    0.057,    0.057,    0.057,    0.060,    0.074,    0.057,    0.057,    0.057,    0.060,    0.074,
        10,2020090400,   -0.054,   -0.057,   -0.054,   -0.053,   -0.106,   -0.054,   -0.057,   -0.054,   -0.053,   -0.106,    0.057,    0.059,    0.057,    0.057,    0.074,    0.057,    0.059,    0.057,    0.058,    0.074,
        10,2020090318,   -0.054,   -0.050,   -0.056,   -0.052,   -0.056,   -0.054,   -0.050,   -0.056,   -0.052,   -0.056,    0.057,    0.056,    0.058,    0.057,    0.056,    0.057,    0.056,    0.058,    0.057,    0.056,
        10,2020090312,   -0.055,   -0.060,   -0.054,   -0.052,   -0.111,   -0.054,   -0.060,   -0.054,   -0.052,   -0.110,    0.057,    0.060,    0.057,    0.057,    0.055,    0.057,    0.060,    0.057,    0.057,    0.055,
        10,2020090306,   -0.054,   -0.053,   -0.054,   -0.056,   -0.058,   -0.054,   -0.053,   -0.054,   -0.056,   -0.058,    0.057,    0.058,    0.057,    0.058,    0.065,    0.057,    0.057,    0.057,    0.058,    0.065,
        10,2020090300,   -0.054,   -0.055,   -0.054,   -0.052,   -0.076,   -0.054,   -0.055,   -0.055,   -0.052,   -0.076,    0.057,    0.058,    0.057,    0.057,    0.071,    0.057,    0.058,    0.057,    0.057,    0.071,
        10,2020090218,   -0.055,   -0.056,   -0.055,   -0.052,   -0.072,   -0.055,   -0.055,   -0.055,   -0.052,   -0.072,    0.058,    0.059,    0.057,    0.057,    0.065,    0.058,    0.059,    0.057,    0.057,    0.065,
        10,2020090212,   -0.055,   -0.054,   -0.056,   -0.053,   -0.079,   -0.055,   -0.054,   -0.056,   -0.053,   -0.079,    0.058,    0.057,    0.058,    0.058,    0.060,    0.058,    0.057,    0.058,    0.058,    0.060,
        10,2020090206,   -0.054,   -0.057,   -0.053,   -0.049,   -0.102,   -0.054,   -0.057,   -0.053,   -0.049,   -0.102,    0.057,    0.058,    0.057,    0.056,    0.075,    0.057,    0.058,    0.057,    0.056,    0.075,
        10,2020090200,   -0.054,   -0.054,   -0.054,   -0.058,   -0.099,   -0.054,   -0.054,   -0.054,   -0.058,   -0.099,    0.057,    0.057,    0.057,    0.059,    0.065,    0.057,    0.058,    0.057,    0.059,    0.065,
        10,2020090118,   -0.055,   -0.058,   -0.054,   -0.055,   -0.074,   -0.055,   -0.058,   -0.054,   -0.055,   -0.074,    0.058,    0.058,    0.057,    0.058,    0.073,    0.058,    0.058,    0.057,    0.058,    0.073,
        10,2020090112,   -0.055,   -0.054,   -0.056,   -0.053,   -0.079,   -0.055,   -0.054,   -0.056,   -0.052,   -0.079,    0.058,    0.058,    0.058,    0.058,    0.066,    0.058,    0.058,    0.058,    0.058,    0.066,
        10,2020090106,   -0.055,   -0.055,   -0.055,   -0.053,   -0.109,   -0.055,   -0.055,   -0.055,   -0.053,   -0.109,    0.058,    0.058,    0.058,    0.058,    0.070,    0.058,    0.058,    0.058,    0.058,    0.070,
        10,2020090100,   -0.055,   -0.059,   -0.053,   -0.056,   -0.094,   -0.055,   -0.059,   -0.053,   -0.056,   -0.093,    0.058,    0.059,    0.057,    0.058,    0.072,    0.058,    0.059,    0.057,    0.058,    0.072,
        10,2020083118,   -0.054,   -0.052,   -0.056,   -0.052,   -0.080,   -0.055,   -0.052,   -0.056,   -0.052,   -0.081,    0.058,    0.057,    0.058,    0.057,    0.068,    0.058,    0.057,    0.058,    0.057,    0.068,
        10,2020083112,   -0.055,   -0.057,   -0.055,   -0.052,   -0.088,   -0.055,   -0.056,   -0.055,   -0.051,   -0.087,    0.058,    0.059,    0.058,    0.057,    0.068,    0.058,    0.059,    0.058,    0.058,    0.068,
        10,2020083106,   -0.054,   -0.055,   -0.055,   -0.050,   -0.117,   -0.055,   -0.055,   -0.055,   -0.050,   -0.117,    0.058,    0.058,    0.058,    0.057,    0.068,    0.058,    0.058,    0.058,    0.057,    0.068,
        10,2020083100,   -0.055,   -0.059,   -0.054,   -0.055,   -0.129,   -0.055,   -0.059,   -0.054,   -0.056,   -0.129,    0.058,    0.059,    0.058,    0.059,    0.047,    0.058,    0.059,    0.058,    0.059,    0.047,
        10,2020083018,   -0.055,   -0.050,   -0.057,   -0.053,   -0.080,   -0.055,   -0.050,   -0.057,   -0.053,   -0.080,    0.058,    0.056,    0.059,    0.058,    0.075,    0.058,    0.056,    0.059,    0.058,    0.075,
        10,2020083012,   -0.055,   -0.060,   -0.054,   -0.051,   -0.071,   -0.055,   -0.060,   -0.054,   -0.051,   -0.071,    0.058,    0.060,    0.058,    0.057,    0.072,    0.058,    0.060,    0.058,    0.057,    0.072,
        10,2020083006,   -0.055,   -0.054,   -0.056,   -0.056,   -0.099,   -0.055,   -0.054,   -0.056,   -0.056,   -0.098,    0.058,    0.058,    0.058,    0.059,    0.078,    0.058,    0.058,    0.058,    0.059,    0.078,
        10,2020083000,   -0.056,   -0.058,   -0.055,   -0.055,   -0.120,   -0.056,   -0.058,   -0.055,   -0.055,   -0.121,    0.058,    0.059,    0.058,    0.058,    0.056,    0.058,    0.059,    0.058,    0.058,    0.056,
