       208,2020092000,   -0.016,    0.030,   -0.030,    0.153, -999.000,   -0.045,    0.028,   -0.066,    0.153, -999.000,    0.108,    0.097,    0.104,    0.006, -999.000,    0.108,    0.100,    0.104,    0.006, -999.000,
       208,2020091918,   -0.024,    0.009,   -0.041,    0.153,    0.094,   -0.059,   -0.008,   -0.085,    0.152,    0.093,    0.131,    0.136,    0.126,    0.011,    0.004,    0.131,    0.128,    0.126,    0.010,    0.004,
       208,2020091912,   -0.022,   -0.028,   -0.027,    0.152,   -0.289,   -0.045,   -0.034,   -0.054,    0.155, -999.000,    0.108,    0.116,    0.104,    0.009, -999.000,    0.108,    0.106,    0.104,    0.012, -999.000,
       208,2020091906,   -0.016,    0.022,   -0.035,    0.151,   -0.050,   -0.057,    0.017,   -0.086,    0.152,   -0.081,    0.139,    0.134,    0.135,    0.009,    0.195,    0.139,    0.134,    0.135,    0.008,    0.195,
       208,2020091900,   -0.007,    0.039,   -0.018,    0.152, -999.000,   -0.029,    0.030,   -0.043,    0.153, -999.000,    0.101,    0.091,    0.098,    0.009, -999.000,    0.101,    0.090,    0.098,    0.009, -999.000,
       208,2020091818,   -0.051,   -0.010,   -0.072,    0.150,   -0.228,   -0.081,   -0.005,   -0.119,    0.152,   -0.317,    0.144,    0.143,    0.135,    0.013,    0.013,    0.144,    0.148,    0.135,    0.014,    0.013,
       208,2020091812,   -0.018,   -0.014,   -0.027,    0.154, -999.000,   -0.043,   -0.036,   -0.051,    0.155, -999.000,    0.108,    0.114,    0.104,    0.009, -999.000,    0.108,    0.107,    0.104,    0.008, -999.000,
       208,2020091806,   -0.023,    0.024,   -0.046,    0.150,   -0.092,   -0.058,   -0.002,   -0.085,    0.150,   -0.462,    0.131,    0.133,    0.128,    0.009,    0.191,    0.131,    0.117,    0.128,    0.007,    0.191,
       208,2020091800,   -0.017,    0.021,   -0.030,    0.151, -999.000,   -0.040,    0.022,   -0.059,    0.154, -999.000,    0.104,    0.090,    0.102,    0.007, -999.000,    0.104,    0.088,    0.102,    0.007, -999.000,
       208,2020091718,   -0.022,    0.013,   -0.049,    0.154, -999.000,   -0.060,    0.007,   -0.097,    0.153, -999.000,    0.133,    0.123,    0.130,    0.011, -999.000,    0.133,    0.120,    0.130,    0.009, -999.000,
       208,2020091712,   -0.016,   -0.033,   -0.021,    0.154, -999.000,   -0.040,   -0.054,   -0.044,    0.155, -999.000,    0.106,    0.116,    0.099,    0.005, -999.000,    0.106,    0.122,    0.099,    0.007, -999.000,
       208,2020091706,   -0.035,    0.020,   -0.062,    0.151,   -0.117,   -0.068,   -0.001,   -0.104,    0.149,   -0.014,    0.133,    0.122,    0.130,    0.011,    0.197,    0.133,    0.115,    0.130,    0.010,    0.197,
       208,2020091700,   -0.020,    0.007,   -0.028,    0.153, -999.000,   -0.041,    0.001,   -0.052,    0.156, -999.000,    0.105,    0.086,    0.103,    0.005, -999.000,    0.105,    0.091,    0.103,    0.010, -999.000,
       208,2020091618,   -0.023,    0.016,   -0.043,    0.150,   -0.020,   -0.052,    0.014,   -0.085,    0.155,   -0.011,    0.126,    0.113,    0.121,    0.010,    0.231,    0.126,    0.119,    0.121,    0.010,    0.231,
       208,2020091612,   -0.032,   -0.051,   -0.035,    0.152, -999.000,   -0.048,   -0.055,   -0.052,    0.151,   -0.155,    0.108,    0.117,    0.102,    0.012, -999.000,    0.108,    0.111,    0.102,    0.009, -999.000,
       208,2020091606,   -0.031,    0.034,   -0.059,    0.149,   -0.300,   -0.065,    0.014,   -0.100,    0.149,   -0.283,    0.137,    0.116,    0.134,    0.010,    0.146,    0.137,    0.105,    0.134,    0.008,    0.146,
       208,2020091600,   -0.016,   -0.002,   -0.022,    0.149,   -0.297,   -0.038,   -0.004,   -0.051,    0.153,   -0.302,    0.106,    0.098,    0.104,    0.012, -999.000,    0.106,    0.098,    0.104,    0.012, -999.000,
       208,2020091518,   -0.025,    0.006,   -0.044,    0.151, -999.000,   -0.058,   -0.005,   -0.087,    0.153, -999.000,    0.125,    0.115,    0.122,    0.014, -999.000,    0.125,    0.110,    0.122,    0.014, -999.000,
       208,2020091512,   -0.023,   -0.044,   -0.028,    0.153,    0.140,   -0.046,   -0.051,   -0.053,    0.157,   -0.028,    0.110,    0.109,    0.104,    0.007, -999.000,    0.110,    0.107,    0.104,    0.009, -999.000,
       208,2020091506,   -0.012,    0.021,   -0.036,    0.151,   -0.068,   -0.050,    0.000,   -0.082,    0.153,    0.074,    0.130,    0.114,    0.130,    0.012,    0.202,    0.130,    0.106,    0.130,    0.012,    0.202,
       208,2020091500,   -0.021,    0.015,   -0.032,    0.146, -999.000,   -0.051,   -0.003,   -0.066,    0.147, -999.000,    0.112,    0.119,    0.110,    0.015, -999.000,    0.112,    0.109,    0.110,    0.013, -999.000,
       208,2020091418,   -0.017,   -0.001,   -0.032,    0.152,   -0.022,   -0.055,   -0.024,   -0.081,    0.155,   -0.210,    0.132,    0.149,    0.126,    0.011, -999.000,    0.132,    0.142,    0.126,    0.011, -999.000,
       208,2020091412,   -0.031,   -0.029,   -0.038,    0.152, -999.000,   -0.052,   -0.034,   -0.065,    0.153, -999.000,    0.117,    0.112,    0.115,    0.012, -999.000,    0.117,    0.114,    0.115,    0.013, -999.000,
       208,2020091406,   -0.010,    0.022,   -0.026,    0.152, -999.000,   -0.040,    0.007,   -0.062,    0.152,   -0.228,    0.122,    0.111,    0.122,    0.009, -999.000,    0.122,    0.101,    0.122,    0.009, -999.000,
       208,2020091400,   -0.016,    0.031,   -0.028,    0.153,   -0.212,   -0.044,    0.022,   -0.062,    0.155,   -0.034,    0.106,    0.097,    0.103,    0.006, -999.000,    0.106,    0.093,    0.103,    0.006, -999.000,
       208,2020091318,   -0.015,    0.013,   -0.035,    0.151,   -0.124,   -0.049,    0.001,   -0.081,    0.154,   -0.215,    0.136,    0.117,    0.136,    0.010,    0.014,    0.136,    0.117,    0.136,    0.011,    0.014,
       208,2020091312,   -0.020,   -0.020,   -0.028,    0.153,   -0.036,   -0.043,   -0.031,   -0.054,    0.154,   -0.042,    0.109,    0.117,    0.105,    0.007, -999.000,    0.109,    0.107,    0.105,    0.008, -999.000,
       208,2020091306,   -0.019,    0.026,   -0.042,    0.155, -999.000,   -0.054,    0.000,   -0.083,    0.154, -999.000,    0.128,    0.116,    0.129,    0.006, -999.000,    0.128,    0.097,    0.129,    0.006, -999.000,
       208,2020091300,   -0.016,    0.004,   -0.025,    0.150, -999.000,   -0.037,    0.012,   -0.053,    0.153, -999.000,    0.108,    0.096,    0.105,    0.010, -999.000,    0.108,    0.103,    0.105,    0.010, -999.000,
       208,2020091218,   -0.025,   -0.012,   -0.038,    0.155,   -0.146,   -0.060,   -0.023,   -0.086,    0.149, -999.000,    0.141,    0.137,    0.138,    0.014, -999.000,    0.141,    0.141,    0.138,    0.006, -999.000,
       208,2020091212,   -0.026,   -0.029,   -0.031,    0.154,   -0.032,   -0.049,   -0.042,   -0.057,    0.154, -999.000,    0.101,    0.109,    0.097,    0.007, -999.000,    0.101,    0.103,    0.097,    0.006, -999.000,
       208,2020091206,   -0.021,    0.016,   -0.041,    0.153,    0.055,   -0.055,   -0.000,   -0.086,    0.152,    0.055,    0.134,    0.124,    0.133,    0.007,    0.126,    0.134,    0.121,    0.133,    0.008,    0.126,
       208,2020091200,   -0.014,    0.016,   -0.024,    0.151,    0.082,   -0.042,    0.002,   -0.055,    0.151,   -0.153,    0.106,    0.108,    0.103,    0.012, -999.000,    0.106,    0.096,    0.103,    0.012, -999.000,
       208,2020091118,   -0.038,    0.003,   -0.058,    0.155, -999.000,   -0.083,   -0.010,   -0.118,    0.155,    0.128,    0.138,    0.128,    0.137,    0.010, -999.000,    0.138,    0.119,    0.137,    0.008, -999.000,
       208,2020091112,   -0.017,   -0.024,   -0.023,    0.155,    0.004,   -0.038,   -0.042,   -0.044,    0.152,   -0.017,    0.106,    0.116,    0.102,    0.015,    0.141,    0.106,    0.104,    0.102,    0.007,    0.141,
       208,2020091106,   -0.035,    0.026,   -0.060,    0.154,    0.122,   -0.077,    0.003,   -0.108,    0.153,   -0.071,    0.140,    0.106,    0.141,    0.013, -999.000,    0.140,    0.108,    0.141,    0.011, -999.000,
       208,2020091100,   -0.011,    0.031,   -0.025,    0.156, -999.000,   -0.037,    0.022,   -0.055,    0.154, -999.000,    0.106,    0.093,    0.103,    0.010, -999.000,    0.106,    0.091,    0.103,    0.008, -999.000,
       208,2020091018,   -0.038,    0.002,   -0.057,    0.153,    0.082,   -0.070,   -0.003,   -0.101,    0.155,   -0.050,    0.138,    0.110,    0.136,    0.009, -999.000,    0.138,    0.119,    0.136,    0.010, -999.000,
       208,2020091012,   -0.028,   -0.036,   -0.034,    0.153,   -0.028,   -0.048,   -0.038,   -0.059,    0.154,   -0.018,    0.112,    0.118,    0.105,    0.010,    0.012,    0.112,    0.122,    0.105,    0.010,    0.012,
       208,2020091006,   -0.050,    0.004,   -0.075,    0.148,   -0.340,   -0.083,   -0.019,   -0.117,    0.153,   -0.334,    0.139,    0.115,    0.138,    0.008, -999.000,    0.139,    0.116,    0.138,    0.011, -999.000,
       208,2020091000,   -0.016,    0.018,   -0.027,    0.153,    0.070,   -0.041,    0.021,   -0.061,    0.154, -999.000,    0.112,    0.105,    0.109,    0.009, -999.000,    0.112,    0.111,    0.109,    0.007, -999.000,
       208,2020090918,   -0.029,   -0.008,   -0.044,    0.151,   -0.312,   -0.058,   -0.011,   -0.081,    0.152,   -0.247,    0.135,    0.118,    0.133,    0.011,    0.028,    0.135,    0.120,    0.133,    0.014,    0.028,
       208,2020090912,   -0.034,   -0.030,   -0.044,    0.153, -999.000,   -0.054,   -0.039,   -0.066,    0.154, -999.000,    0.117,    0.119,    0.113,    0.015, -999.000,    0.117,    0.116,    0.113,    0.015, -999.000,
       208,2020090906,   -0.037,    0.001,   -0.053,    0.151,   -0.296,   -0.066,   -0.016,   -0.090,    0.153,   -0.295,    0.134,    0.120,    0.134,    0.009,    0.091,    0.134,    0.112,    0.134,    0.011,    0.091,
       208,2020090900,   -0.020,    0.027,   -0.033,    0.153,   -0.117,   -0.047,    0.005,   -0.064,    0.153,   -0.421,    0.115,    0.115,    0.112,    0.009, -999.000,    0.115,    0.107,    0.112,    0.008, -999.000,
       208,2020090818,   -0.036,   -0.008,   -0.051,    0.153, -999.000,   -0.067,   -0.014,   -0.095,    0.156, -999.000,    0.137,    0.126,    0.136,    0.007, -999.000,    0.137,    0.125,    0.136,    0.007, -999.000,
       208,2020090812,   -0.024,   -0.029,   -0.032,    0.153, -999.000,   -0.042,   -0.043,   -0.051,    0.154, -999.000,    0.111,    0.118,    0.105,    0.008, -999.000,    0.111,    0.114,    0.105,    0.007, -999.000,
       208,2020090806,   -0.033,    0.004,   -0.051,    0.155,    0.030,   -0.069,   -0.016,   -0.095,    0.156,    0.027,    0.134,    0.116,    0.135,    0.008, -999.000,    0.134,    0.113,    0.135,    0.008, -999.000,
       208,2020090800,   -0.019,    0.011,   -0.031,    0.154,   -0.225,   -0.044,   -0.004,   -0.057,    0.154,   -0.255,    0.103,    0.111,    0.097,    0.010, -999.000,    0.103,    0.103,    0.097,    0.010, -999.000,
       208,2020090718,   -0.044,   -0.005,   -0.062,    0.156, -999.000,   -0.081,   -0.018,   -0.108,    0.156, -999.000,    0.145,    0.116,    0.145,    0.007, -999.000,    0.145,    0.120,    0.145,    0.006, -999.000,
       208,2020090712,   -0.029,   -0.044,   -0.034,    0.156, -999.000,   -0.050,   -0.049,   -0.058,    0.156, -999.000,    0.107,    0.115,    0.101,    0.006, -999.000,    0.107,    0.112,    0.101,    0.005, -999.000,
       208,2020090706,   -0.033,   -0.000,   -0.052,    0.149,   -0.106,   -0.061,    0.001,   -0.093,    0.153,   -0.063,    0.131,    0.104,    0.135,    0.008,    0.206,    0.131,    0.102,    0.135,    0.010,    0.206,
       208,2020090700,   -0.027,    0.013,   -0.043,    0.155, -999.000,   -0.055,    0.001,   -0.074,    0.155, -999.000,    0.113,    0.099,    0.109,    0.012, -999.000,    0.113,    0.092,    0.109,    0.009, -999.000,
       208,2020090618,   -0.041,    0.003,   -0.070,    0.156,    0.128,   -0.076,   -0.013,   -0.112,    0.158, -999.000,    0.138,    0.127,    0.135,    0.009, -999.000,    0.138,    0.115,    0.135,    0.012, -999.000,
       208,2020090612,   -0.018,   -0.020,   -0.030,    0.156,   -0.123,   -0.041,   -0.035,   -0.051,    0.158,   -0.116,    0.108,    0.105,    0.104,    0.005, -999.000,    0.108,    0.094,    0.104,    0.007, -999.000,
       208,2020090606,   -0.037,    0.015,   -0.064,    0.155, -999.000,   -0.073,   -0.006,   -0.108,    0.153, -999.000,    0.133,    0.110,    0.135,    0.009, -999.000,    0.133,    0.098,    0.135,    0.008, -999.000,
       208,2020090600,   -0.011,    0.009,   -0.023,    0.154,    0.130,   -0.029,    0.009,   -0.043,    0.153,    0.129,    0.111,    0.101,    0.108,    0.009, -999.000,    0.111,    0.099,    0.108,    0.005, -999.000,
       208,2020090518,   -0.034,   -0.005,   -0.054,    0.156, -999.000,   -0.062,   -0.014,   -0.091,    0.157, -999.000,    0.133,    0.116,    0.130,    0.009, -999.000,    0.133,    0.120,    0.130,    0.010, -999.000,
       208,2020090512,   -0.026,   -0.042,   -0.032,    0.153,    0.091,   -0.050,   -0.050,   -0.058,    0.155,    0.066,    0.110,    0.115,    0.105,    0.010,    0.056,    0.110,    0.108,    0.105,    0.007,    0.056,
       208,2020090506,   -0.032,    0.024,   -0.059,    0.156,    0.127,   -0.068,    0.003,   -0.101,    0.157,    0.128,    0.133,    0.116,    0.132,    0.006, -999.000,    0.133,    0.105,    0.132,    0.007, -999.000,
       208,2020090500,   -0.015,    0.014,   -0.025,    0.156, -999.000,   -0.036,    0.004,   -0.054,    0.156, -999.000,    0.108,    0.116,    0.106,    0.011, -999.000,    0.108,    0.100,    0.106,    0.011, -999.000,
       208,2020090418,   -0.022,   -0.001,   -0.037,    0.161, -999.000,   -0.052,   -0.016,   -0.076,    0.160, -999.000,    0.128,    0.123,    0.127,    0.009, -999.000,    0.128,    0.116,    0.127,    0.006, -999.000,
       208,2020090412,   -0.018,   -0.038,   -0.021,    0.159,    0.026,   -0.040,   -0.040,   -0.050,    0.159, -999.000,    0.115,    0.125,    0.109,    0.008, -999.000,    0.115,    0.121,    0.109,    0.008, -999.000,
       208,2020090406,   -0.032,    0.009,   -0.050,    0.158,   -0.220,   -0.069,   -0.010,   -0.100,    0.156,   -0.079,    0.133,    0.121,    0.131,    0.011, -999.000,    0.133,    0.119,    0.131,    0.009, -999.000,
       208,2020090400,   -0.021,    0.016,   -0.032,    0.159,   -0.335,   -0.041,    0.003,   -0.059,    0.158, -999.000,    0.114,    0.114,    0.111,    0.013, -999.000,    0.114,    0.105,    0.111,    0.007, -999.000,
       208,2020090318,   -0.023,   -0.010,   -0.034,    0.159,   -0.034,   -0.044,   -0.016,   -0.066,    0.161,   -0.092,    0.130,    0.124,    0.127,    0.013,    0.237,    0.130,    0.127,    0.127,    0.014,    0.237,
       208,2020090312,   -0.025,   -0.029,   -0.033,    0.161,    0.007,   -0.050,   -0.049,   -0.060,    0.158, -999.000,    0.119,    0.131,    0.114,    0.014,    0.151,    0.119,    0.124,    0.114,    0.011,    0.151,
       208,2020090306,   -0.024,   -0.014,   -0.033,    0.159,    0.126,   -0.050,   -0.024,   -0.072,    0.156,    0.126,    0.132,    0.124,    0.131,    0.015, -999.000,    0.132,    0.127,    0.131,    0.009, -999.000,
       208,2020090300,   -0.019,    0.016,   -0.032,    0.157,   -0.263,   -0.041,    0.006,   -0.062,    0.158, -999.000,    0.115,    0.093,    0.113,    0.015,    0.210,    0.115,    0.091,    0.113,    0.012,    0.210,
       208,2020090218,   -0.033,   -0.007,   -0.058,    0.159,   -0.131,   -0.057,   -0.022,   -0.098,    0.161,   -0.121,    0.142,    0.138,    0.135,    0.016,    0.121,    0.142,    0.140,    0.135,    0.013,    0.121,
       208,2020090212,   -0.008,   -0.014,   -0.017,    0.163, -999.000,   -0.036,   -0.051,   -0.043,    0.161, -999.000,    0.112,    0.129,    0.107,    0.010, -999.000,    0.112,    0.116,    0.107,    0.007, -999.000,
       208,2020090206,   -0.024,    0.005,   -0.040,    0.153,   -0.242,   -0.051,   -0.022,   -0.073,    0.154,   -0.294,    0.135,    0.126,    0.136,    0.019,    0.207,    0.135,    0.119,    0.136,    0.016,    0.207,
       208,2020090200,   -0.015,   -0.010,   -0.024,    0.158, -999.000,   -0.038,   -0.015,   -0.055,    0.159, -999.000,    0.120,    0.104,    0.120,    0.017, -999.000,    0.120,    0.102,    0.120,    0.016, -999.000,
       208,2020090118,   -0.044,   -0.015,   -0.071,    0.164,    0.132,   -0.066,   -0.030,   -0.105,    0.166,    0.097,    0.154,    0.151,    0.144,    0.012,    0.045,    0.154,    0.158,    0.144,    0.014,    0.045,
       208,2020090112,   -0.012,   -0.070,   -0.009,    0.161,   -0.048,   -0.034,   -0.078,   -0.035,    0.165,   -0.081,    0.120,    0.131,    0.112,    0.010, -999.000,    0.120,    0.137,    0.112,    0.013, -999.000,
       208,2020090106,   -0.040,    0.012,   -0.068,    0.163,   -0.195,   -0.076,   -0.016,   -0.110,    0.161,   -0.171,    0.143,    0.126,    0.140,    0.015, -999.000,    0.143,    0.123,    0.140,    0.013, -999.000,
       208,2020090100,    0.002,   -0.007,   -0.002,    0.154, -999.000,   -0.018,   -0.014,   -0.029,    0.153, -999.000,    0.105,    0.116,    0.101,    0.024, -999.000,    0.105,    0.115,    0.101,    0.021, -999.000,
       208,2020083118,   -0.022,   -0.006,   -0.039,    0.165,    0.118,   -0.044,   -0.016,   -0.068,    0.162,    0.011,    0.138,    0.150,    0.129,    0.016,    0.023,    0.138,    0.155,    0.129,    0.013,    0.023,
       208,2020083112,   -0.016,   -0.050,   -0.018,    0.158,    0.140,   -0.043,   -0.055,   -0.053,    0.162,    0.135,    0.132,    0.153,    0.121,    0.016,    0.031,    0.132,    0.154,    0.121,    0.018,    0.031,
       208,2020083106,   -0.035,    0.013,   -0.056,    0.161,   -0.479,   -0.061,   -0.005,   -0.090,    0.162, -999.000,    0.143,    0.125,    0.143,    0.015, -999.000,    0.143,    0.119,    0.143,    0.018, -999.000,
       208,2020083100,   -0.006,    0.023,   -0.019,    0.156,    0.151,   -0.021,    0.017,   -0.042,    0.159,   -0.014,    0.117,    0.123,    0.112,    0.023, -999.000,    0.117,    0.121,    0.112,    0.022, -999.000,
       208,2020083018,   -0.032,    0.017,   -0.059,    0.170,   -0.235,   -0.057,   -0.021,   -0.088,    0.172, -999.000,    0.149,    0.166,    0.141,    0.015, -999.000,    0.149,    0.144,    0.141,    0.016, -999.000,
       208,2020083012,   -0.009,   -0.029,   -0.017,    0.172, -999.000,   -0.039,   -0.038,   -0.052,    0.169, -999.000,    0.128,    0.133,    0.118,    0.022, -999.000,    0.128,    0.144,    0.118,    0.018, -999.000,
       208,2020083006,   -0.033,   -0.010,   -0.049,    0.167,   -0.034,   -0.072,   -0.030,   -0.094,    0.172,    0.065,    0.150,    0.131,    0.152,    0.021,    0.288,    0.150,    0.125,    0.152,    0.021,    0.288,
       208,2020083000,   -0.047, -999.000,   -0.047, -999.000, -999.000,   -0.071, -999.000,   -0.071, -999.000, -999.000,    0.125, -999.000,    0.125, -999.000, -999.000,    0.125, -999.000,    0.125, -999.000, -999.000,
