       200,2020092000,    0.205,    0.205,    0.205,    0.205, -999.000,    0.205,    0.205,    0.205,    0.205, -999.000,    0.000,    0.000,    0.000,    0.000, -999.000,    0.000,    0.000,    0.000,    0.000, -999.000,
       200,2020091918,    0.206,    0.206,    0.206,    0.206,    0.206,    0.206,    0.206,    0.206,    0.206,    0.206,    0.000,    0.000,    0.000, -999.000, -999.000,    0.000, -999.000,    0.000,    0.000, -999.000,
       200,2020091912,    0.206,    0.206,    0.206,    0.206, -999.000,    0.206,    0.206,    0.206,    0.206, -999.000,    0.000,    0.000,    0.000,    0.000, -999.000,    0.000, -999.000,    0.000,    0.000, -999.000,
       200,2020091906,    0.205,    0.205,    0.205,    0.205,    0.205,    0.205,    0.205,    0.205,    0.205,    0.205,    0.000,    0.000,    0.000,    0.000, -999.000,    0.000, -999.000,    0.000,    0.000, -999.000,
       200,2020091900,    0.206,    0.206,    0.206,    0.206, -999.000,    0.206,    0.206,    0.206,    0.206, -999.000,    0.000, -999.000, -999.000, -999.000, -999.000,    0.000, -999.000, -999.000, -999.000, -999.000,
       200,2020091818,    0.206,    0.206,    0.206,    0.206,    0.206,    0.206,    0.206,    0.206,    0.206,    0.206, -999.000, -999.000, -999.000, -999.000, -999.000, -999.000, -999.000, -999.000, -999.000, -999.000,
       200,2020091812,    0.205,    0.205,    0.205,    0.205,    0.205,    0.205,    0.205,    0.205,    0.205,    0.205,    0.000,    0.000,    0.000,    0.000, -999.000,    0.000,    0.000,    0.000,    0.000, -999.000,
       200,2020091806,    0.204,    0.204,    0.204,    0.204,    0.204,    0.204,    0.204,    0.204,    0.204, -999.000, -999.000, -999.000, -999.000, -999.000, -999.000, -999.000, -999.000, -999.000, -999.000, -999.000,
       200,2020091800,    0.206,    0.206,    0.206,    0.206, -999.000,    0.206,    0.206,    0.206,    0.206, -999.000, -999.000,    0.000,    0.000, -999.000, -999.000, -999.000, -999.000,    0.000, -999.000, -999.000,
       200,2020091718,    0.206,    0.206,    0.206,    0.206,    0.206,    0.206,    0.206,    0.206,    0.206,    0.206,    0.000,    0.000,    0.000, -999.000, -999.000,    0.000,    0.000,    0.000,    0.000, -999.000,
       200,2020091712,    0.206,    0.206,    0.206,    0.206,    0.206,    0.206,    0.206,    0.206,    0.206,    0.206, -999.000, -999.000, -999.000, -999.000, -999.000, -999.000, -999.000, -999.000, -999.000, -999.000,
       200,2020091706,    0.206,    0.206,    0.206,    0.206,    0.206,    0.206,    0.206,    0.206,    0.206, -999.000, -999.000, -999.000, -999.000, -999.000, -999.000, -999.000, -999.000, -999.000, -999.000, -999.000,
       200,2020091700,    0.207,    0.207,    0.207,    0.207, -999.000,    0.207,    0.207,    0.207,    0.207,    0.207, -999.000,    0.000, -999.000, -999.000, -999.000, -999.000,    0.000, -999.000, -999.000, -999.000,
       200,2020091618,    0.207,    0.207,    0.207,    0.207, -999.000,    0.207,    0.207,    0.207,    0.207, -999.000, -999.000, -999.000,    0.000, -999.000, -999.000, -999.000, -999.000,    0.000, -999.000, -999.000,
       200,2020091612,    0.206,    0.206,    0.206,    0.206,    0.206,    0.206,    0.206,    0.206,    0.206, -999.000, -999.000,    0.000, -999.000, -999.000, -999.000, -999.000, -999.000, -999.000, -999.000, -999.000,
       200,2020091606,    0.205,    0.205,    0.205,    0.205,    0.205,    0.205,    0.205,    0.205,    0.205, -999.000, -999.000, -999.000,    0.000, -999.000, -999.000, -999.000,    0.000,    0.000, -999.000, -999.000,
       200,2020091600,    0.206,    0.206,    0.206,    0.206,    0.206,    0.206,    0.206,    0.206,    0.206,    0.206, -999.000,    0.000, -999.000, -999.000, -999.000, -999.000, -999.000, -999.000, -999.000, -999.000,
       200,2020091518,    0.206,    0.206,    0.206,    0.206,    0.206,    0.206,    0.206,    0.206,    0.206,    0.206, -999.000,    0.000, -999.000,    0.000, -999.000, -999.000,    0.000, -999.000, -999.000, -999.000,
       200,2020091512,    0.205,    0.205,    0.205,    0.205, -999.000,    0.205,    0.205,    0.205,    0.205, -999.000, -999.000, -999.000, -999.000, -999.000, -999.000, -999.000, -999.000, -999.000, -999.000, -999.000,
       200,2020091506,    0.205,    0.205,    0.205,    0.205, -999.000,    0.205,    0.205,    0.205,    0.205,    0.205, -999.000, -999.000, -999.000, -999.000, -999.000, -999.000, -999.000, -999.000, -999.000, -999.000,
       200,2020091500,    0.205,    0.205,    0.205,    0.205, -999.000,    0.205,    0.205,    0.205,    0.205, -999.000,    0.000,    0.000,    0.000,    0.000, -999.000,    0.000,    0.000,    0.000,    0.000, -999.000,
       200,2020091418,    0.206,    0.206,    0.206,    0.206,    0.206,    0.206,    0.206,    0.206,    0.206,    0.206, -999.000, -999.000,    0.000,    0.000, -999.000, -999.000, -999.000,    0.000,    0.000, -999.000,
       200,2020091412,    0.205,    0.205,    0.205,    0.205, -999.000,    0.205,    0.205,    0.205,    0.205,    0.205,    0.000,    0.000,    0.000,    0.000, -999.000,    0.000,    0.000,    0.000,    0.000, -999.000,
       200,2020091406,    0.204,    0.204,    0.204,    0.204,    0.204,    0.204,    0.204,    0.204,    0.204,    0.204,    0.000,    0.000,    0.000,    0.000, -999.000,    0.000, -999.000,    0.000,    0.000, -999.000,
       200,2020091400,    0.205,    0.205,    0.205,    0.205, -999.000,    0.205,    0.205,    0.205,    0.205, -999.000, -999.000, -999.000, -999.000,    0.000, -999.000, -999.000, -999.000, -999.000, -999.000, -999.000,
       200,2020091318,    0.205,    0.205,    0.205,    0.205,    0.205,    0.205,    0.205,    0.205,    0.205,    0.205, -999.000,    0.000, -999.000, -999.000, -999.000, -999.000,    0.000, -999.000, -999.000, -999.000,
       200,2020091312,    0.205,    0.205,    0.205,    0.205, -999.000,    0.205,    0.205,    0.205,    0.205, -999.000,    0.000,    0.000,    0.000, -999.000, -999.000,    0.000, -999.000,    0.000,    0.000, -999.000,
       200,2020091306,    0.204,    0.204,    0.204,    0.204, -999.000,    0.204,    0.204,    0.204,    0.204, -999.000, -999.000, -999.000, -999.000,    0.000, -999.000, -999.000, -999.000, -999.000, -999.000, -999.000,
       200,2020091300,    0.204,    0.204,    0.204,    0.204, -999.000,    0.204,    0.204,    0.204,    0.204, -999.000,    0.000, -999.000,    0.000,    0.000, -999.000,    0.000, -999.000,    0.000,    0.000, -999.000,
       200,2020091218,    0.205,    0.205,    0.205,    0.205,    0.205,    0.205,    0.205,    0.205,    0.205,    0.205,    0.000,    0.000, -999.000,    0.000, -999.000,    0.000,    0.000, -999.000,    0.000, -999.000,
       200,2020091212,    0.204,    0.204,    0.204,    0.204,    0.204,    0.204,    0.204,    0.204,    0.204,    0.204, -999.000,    0.000, -999.000, -999.000, -999.000, -999.000, -999.000, -999.000, -999.000, -999.000,
       200,2020091206,    0.204,    0.204,    0.204,    0.204,    0.204,    0.204,    0.204,    0.204,    0.204,    0.204, -999.000, -999.000, -999.000, -999.000, -999.000, -999.000,    0.000, -999.000, -999.000, -999.000,
       200,2020091200,    0.204,    0.204,    0.204,    0.204, -999.000,    0.204,    0.204,    0.204,    0.204, -999.000,    0.000,    0.000,    0.000,    0.000, -999.000,    0.000,    0.000,    0.000,    0.000, -999.000,
       200,2020091118,    0.205,    0.205,    0.205,    0.205,    0.205,    0.205,    0.205,    0.205,    0.205,    0.205,    0.000, -999.000, -999.000, -999.000, -999.000,    0.000,    0.000, -999.000, -999.000, -999.000,
       200,2020091112,    0.204,    0.204,    0.204,    0.204,    0.204,    0.204,    0.204,    0.204,    0.204,    0.204, -999.000, -999.000, -999.000, -999.000, -999.000, -999.000,    0.000, -999.000, -999.000, -999.000,
       200,2020091106,    0.203,    0.203,    0.203,    0.203,    0.203,    0.203,    0.203,    0.203,    0.203,    0.203,    0.000, -999.000,    0.000,    0.000, -999.000,    0.000, -999.000,    0.000,    0.000, -999.000,
       200,2020091100,    0.203,    0.203,    0.203,    0.203, -999.000,    0.203,    0.203,    0.203,    0.203, -999.000, -999.000, -999.000, -999.000,    0.000, -999.000, -999.000, -999.000, -999.000,    0.000, -999.000,
       200,2020091018,    0.204,    0.204,    0.204,    0.204,    0.204,    0.204,    0.204,    0.204,    0.204,    0.204,    0.000, -999.000, -999.000, -999.000, -999.000,    0.000, -999.000, -999.000, -999.000, -999.000,
       200,2020091012,    0.203,    0.203,    0.203,    0.203, -999.000,    0.203,    0.203,    0.203,    0.203, -999.000, -999.000,    0.000, -999.000,    0.000, -999.000, -999.000,    0.000, -999.000, -999.000, -999.000,
       200,2020091006,    0.202,    0.202,    0.202,    0.202,    0.202,    0.202,    0.202,    0.202,    0.202,    0.202,    0.000, -999.000, -999.000, -999.000, -999.000,    0.000, -999.000, -999.000, -999.000, -999.000,
       200,2020091000,    0.203,    0.203,    0.203,    0.203, -999.000,    0.203,    0.203,    0.203,    0.203, -999.000, -999.000,    0.000, -999.000, -999.000, -999.000, -999.000, -999.000, -999.000, -999.000, -999.000,
       200,2020090918,    0.203,    0.203,    0.203,    0.203,    0.203,    0.203,    0.203,    0.203,    0.203,    0.203, -999.000,    0.000, -999.000,    0.000, -999.000, -999.000,    0.000, -999.000, -999.000, -999.000,
       200,2020090912,    0.203,    0.203,    0.203,    0.203, -999.000,    0.203,    0.203,    0.203,    0.203, -999.000,    0.000,    0.000,    0.000,    0.000, -999.000,    0.000, -999.000,    0.000,    0.000, -999.000,
       200,2020090906,    0.202,    0.202,    0.202,    0.202,    0.202,    0.202,    0.202,    0.202,    0.202,    0.202,    0.000, -999.000,    0.000,    0.000, -999.000,    0.000, -999.000,    0.000, -999.000, -999.000,
       200,2020090900,    0.202,    0.202,    0.202,    0.202, -999.000,    0.202,    0.202,    0.202,    0.202,    0.202, -999.000, -999.000, -999.000, -999.000, -999.000, -999.000, -999.000, -999.000, -999.000, -999.000,
       200,2020090818,    0.202,    0.202,    0.202,    0.202,    0.202,    0.202,    0.202,    0.202,    0.202, -999.000, -999.000, -999.000, -999.000, -999.000, -999.000, -999.000, -999.000, -999.000, -999.000, -999.000,
       200,2020090812,    0.202,    0.202,    0.202,    0.202,    0.202,    0.202,    0.202,    0.202,    0.202,    0.202, -999.000,    0.000, -999.000,    0.000, -999.000, -999.000,    0.000, -999.000,    0.000, -999.000,
       200,2020090806,    0.201,    0.201,    0.201,    0.201,    0.201,    0.201,    0.201,    0.201,    0.201,    0.201, -999.000,    0.000,    0.000, -999.000, -999.000, -999.000,    0.000,    0.000, -999.000, -999.000,
       200,2020090800,    0.202,    0.202,    0.202,    0.202,    0.202,    0.202,    0.202,    0.202,    0.202,    0.202, -999.000, -999.000, -999.000,    0.000, -999.000, -999.000, -999.000, -999.000, -999.000, -999.000,
       200,2020090718,    0.201,    0.201,    0.201,    0.201,    0.201,    0.201,    0.201,    0.201,    0.201, -999.000,    0.000, -999.000,    0.000,    0.000, -999.000,    0.000,    0.000,    0.000,    0.000, -999.000,
       200,2020090712,    0.201,    0.201,    0.201,    0.201, -999.000,    0.201,    0.201,    0.201,    0.201, -999.000, -999.000, -999.000, -999.000, -999.000, -999.000, -999.000,    0.000, -999.000, -999.000, -999.000,
       200,2020090706,    0.200,    0.200,    0.200,    0.200,    0.200,    0.200,    0.200,    0.200,    0.200,    0.200, -999.000, -999.000, -999.000, -999.000, -999.000, -999.000, -999.000, -999.000, -999.000, -999.000,
       200,2020090700,    0.202,    0.202,    0.202,    0.202,    0.202,    0.202,    0.202,    0.202,    0.202, -999.000, -999.000, -999.000, -999.000, -999.000, -999.000, -999.000, -999.000, -999.000, -999.000, -999.000,
       200,2020090618,    0.202,    0.202,    0.202,    0.202, -999.000,    0.202,    0.202,    0.202,    0.202, -999.000,    0.000,    0.000,    0.000,    0.000, -999.000,    0.000,    0.000,    0.000,    0.000, -999.000,
       200,2020090612,    0.201,    0.201,    0.201,    0.201, -999.000,    0.201,    0.201,    0.201,    0.201, -999.000, -999.000,    0.000, -999.000, -999.000, -999.000, -999.000, -999.000, -999.000, -999.000, -999.000,
       200,2020090606,    0.201,    0.201,    0.201,    0.201, -999.000,    0.201,    0.201,    0.201,    0.201,    0.201,    0.000, -999.000,    0.000,    0.000, -999.000,    0.000, -999.000,    0.000,    0.000, -999.000,
       200,2020090600,    0.201,    0.201,    0.201,    0.201,    0.201,    0.201,    0.201,    0.201,    0.201, -999.000, -999.000, -999.000, -999.000, -999.000, -999.000, -999.000, -999.000, -999.000, -999.000, -999.000,
       200,2020090518,    0.201,    0.201,    0.201,    0.201,    0.201,    0.201,    0.201,    0.201,    0.201, -999.000,    0.000,    0.000,    0.000,    0.000, -999.000,    0.000, -999.000,    0.000,    0.000, -999.000,
       200,2020090512,    0.201,    0.201,    0.201,    0.201,    0.201,    0.201,    0.201,    0.201,    0.201,    0.201, -999.000, -999.000, -999.000, -999.000, -999.000, -999.000, -999.000, -999.000, -999.000, -999.000,
       200,2020090506,    0.201,    0.201,    0.201,    0.201,    0.201,    0.201,    0.201,    0.201,    0.201, -999.000,    0.000,    0.000, -999.000, -999.000, -999.000,    0.000,    0.000, -999.000, -999.000, -999.000,
       200,2020090500,    0.202,    0.202,    0.202,    0.202, -999.000,    0.202,    0.202,    0.202,    0.202,    0.202,    0.000,    0.000, -999.000, -999.000, -999.000,    0.000,    0.000, -999.000, -999.000, -999.000,
       200,2020090418,    0.202,    0.202,    0.202,    0.202,    0.202,    0.202,    0.202,    0.202,    0.202,    0.202, -999.000,    0.000,    0.000,    0.000, -999.000, -999.000, -999.000,    0.000,    0.000, -999.000,
       200,2020090412,    0.201,    0.201,    0.201,    0.201,    0.201,    0.201,    0.201,    0.201,    0.201, -999.000, -999.000,    0.000,    0.000,    0.000, -999.000, -999.000,    0.000,    0.000,    0.000, -999.000,
       200,2020090406,    0.201,    0.201,    0.201,    0.201,    0.201,    0.201,    0.201,    0.201,    0.201,    0.201, -999.000,    0.000, -999.000, -999.000, -999.000, -999.000, -999.000, -999.000, -999.000, -999.000,
       200,2020090400,    0.203,    0.203,    0.203,    0.203,    0.203,    0.203,    0.203,    0.203,    0.203, -999.000, -999.000, -999.000, -999.000,    0.000, -999.000, -999.000,    0.000, -999.000,    0.000, -999.000,
       200,2020090318,    0.203,    0.203,    0.203,    0.203,    0.203,    0.203,    0.203,    0.203,    0.203,    0.203, -999.000, -999.000, -999.000, -999.000, -999.000, -999.000,    0.000, -999.000, -999.000, -999.000,
       200,2020090312,    0.202,    0.202,    0.202,    0.202,    0.202,    0.202,    0.202,    0.202,    0.202,    0.202, -999.000,    0.000, -999.000, -999.000, -999.000, -999.000, -999.000, -999.000, -999.000, -999.000,
       200,2020090306,    0.202,    0.202,    0.202,    0.202,    0.202,    0.202,    0.202,    0.202,    0.202,    0.202, -999.000, -999.000, -999.000, -999.000, -999.000, -999.000,    0.000, -999.000, -999.000, -999.000,
       200,2020090300,    0.202,    0.202,    0.202,    0.202, -999.000,    0.202,    0.202,    0.202,    0.202, -999.000,    0.000, -999.000,    0.000, -999.000, -999.000,    0.000,    0.000,    0.000, -999.000, -999.000,
       200,2020090218,    0.202,    0.202,    0.202,    0.202,    0.202,    0.202,    0.202,    0.202,    0.202,    0.202,    0.000, -999.000,    0.000, -999.000, -999.000,    0.000, -999.000,    0.000,    0.000, -999.000,
       200,2020090212,    0.201,    0.201,    0.201,    0.201,    0.201,    0.201,    0.201,    0.201,    0.201, -999.000, -999.000, -999.000, -999.000,    0.000, -999.000, -999.000,    0.000, -999.000,    0.000, -999.000,
       200,2020090206,    0.201,    0.201,    0.201,    0.201,    0.201,    0.201,    0.201,    0.201,    0.201,    0.201, -999.000, -999.000, -999.000, -999.000, -999.000, -999.000, -999.000, -999.000, -999.000, -999.000,
       200,2020090200,    0.200,    0.200,    0.200,    0.200, -999.000,    0.200,    0.200,    0.200,    0.200, -999.000, -999.000, -999.000,    0.000,    0.000, -999.000, -999.000, -999.000,    0.000, -999.000, -999.000,
       200,2020090118,    0.201,    0.201,    0.201,    0.201, -999.000,    0.201,    0.201,    0.201,    0.201, -999.000, -999.000,    0.000, -999.000, -999.000, -999.000, -999.000, -999.000, -999.000, -999.000, -999.000,
       200,2020090112,    0.200,    0.200,    0.200,    0.200, -999.000,    0.200,    0.200,    0.200,    0.200,    0.200,    0.000,    0.000,    0.000, -999.000, -999.000,    0.000, -999.000,    0.000, -999.000, -999.000,
       200,2020090106,    0.199,    0.199,    0.199,    0.199, -999.000,    0.199,    0.199,    0.199,    0.199,    0.199,    0.000,    0.000,    0.000,    0.000, -999.000,    0.000,    0.000,    0.000,    0.000, -999.000,
       200,2020090100,    0.200,    0.200,    0.200,    0.200,    0.200,    0.200,    0.200,    0.200,    0.200,    0.200, -999.000,    0.000, -999.000, -999.000, -999.000, -999.000, -999.000, -999.000, -999.000, -999.000,
       200,2020083118,    0.201,    0.201,    0.201,    0.201, -999.000,    0.201,    0.201,    0.201,    0.201, -999.000,    0.000,    0.000,    0.000,    0.000, -999.000,    0.000, -999.000,    0.000,    0.000, -999.000,
       200,2020083112,    0.200,    0.200,    0.200,    0.200,    0.200,    0.200,    0.200,    0.200,    0.200,    0.200,    0.000, -999.000,    0.000, -999.000, -999.000,    0.000,    0.000,    0.000,    0.000, -999.000,
       200,2020083106,    0.202,    0.202,    0.202,    0.202, -999.000,    0.202,    0.202,    0.202,    0.202,    0.202,    0.000,    0.000,    0.000,    0.000, -999.000,    0.000,    0.000,    0.000,    0.000, -999.000,
       200,2020083100,    0.201,    0.201,    0.201,    0.201, -999.000,    0.201,    0.201,    0.201,    0.201,    0.201, -999.000,    0.000, -999.000, -999.000, -999.000, -999.000, -999.000, -999.000, -999.000, -999.000,
       200,2020083018,    0.201,    0.201,    0.201,    0.201,    0.201,    0.201,    0.201,    0.201,    0.201,    0.201, -999.000,    0.000, -999.000, -999.000, -999.000, -999.000,    0.000, -999.000, -999.000, -999.000,
       200,2020083012,    0.200,    0.200,    0.200,    0.200, -999.000,    0.200,    0.200,    0.200,    0.200,    0.200, -999.000, -999.000, -999.000, -999.000, -999.000, -999.000, -999.000, -999.000, -999.000, -999.000,
       200,2020083006,    0.201,    0.201,    0.201,    0.201, -999.000,    0.201,    0.201,    0.201,    0.201,    0.201,    0.000,    0.000,    0.000, -999.000, -999.000,    0.000,    0.000,    0.000, -999.000, -999.000,
       200,2020083000,    0.200, -999.000,    0.200, -999.000, -999.000,    0.200, -999.000,    0.200, -999.000, -999.000, -999.000, -999.000, -999.000, -999.000, -999.000, -999.000, -999.000, -999.000, -999.000, -999.000,
