       349,2020092000,   -0.027,   -0.027,   -0.026,   -0.027,   -0.027,   -0.026,   -0.027,   -0.026,   -0.026,   -0.020,    0.027,    0.028,    0.027,    0.028,    0.047,    0.027,    0.028,    0.027,    0.028,    0.047,
       349,2020091918,   -0.026,   -0.023,   -0.027,   -0.025,   -0.021,   -0.026,   -0.023,   -0.027,   -0.025,   -0.022,    0.026,    0.025,    0.027,    0.027,    0.021,    0.026,    0.025,    0.027,    0.027,    0.021,
       349,2020091912,   -0.024,   -0.025,   -0.024,   -0.021,   -0.029,   -0.024,   -0.025,   -0.024,   -0.021,   -0.034,    0.025,    0.026,    0.025,    0.025,    0.028,    0.025,    0.026,    0.025,    0.025,    0.028,
       349,2020091906,   -0.023,   -0.023,   -0.023,   -0.022,   -0.035,   -0.023,   -0.024,   -0.023,   -0.022,   -0.038,    0.025,    0.025,    0.025,    0.025,    0.033,    0.025,    0.025,    0.025,    0.025,    0.033,
       349,2020091900,   -0.023,   -0.023,   -0.023,   -0.021,   -0.032,   -0.023,   -0.023,   -0.023,   -0.022,   -0.032,    0.024,    0.025,    0.024,    0.024,    0.031,    0.024,    0.025,    0.024,    0.024,    0.031,
       349,2020091818,   -0.024,   -0.023,   -0.025,   -0.022,   -0.027,   -0.024,   -0.023,   -0.025,   -0.023,   -0.022,    0.025,    0.025,    0.025,    0.025,    0.026,    0.025,    0.025,    0.025,    0.024,    0.026,
       349,2020091812,   -0.024,   -0.024,   -0.024,   -0.025,   -0.038,   -0.024,   -0.024,   -0.024,   -0.025,   -0.042,    0.026,    0.025,    0.026,    0.027,    0.054,    0.026,    0.025,    0.026,    0.026,    0.054,
       349,2020091806,   -0.023,   -0.023,   -0.022,   -0.024,   -0.044,   -0.022,   -0.023,   -0.022,   -0.023,   -0.040,    0.024,    0.024,    0.024,    0.025,    0.031,    0.024,    0.024,    0.024,    0.025,    0.031,
       349,2020091800,   -0.024,   -0.024,   -0.024,   -0.025,   -0.061,   -0.024,   -0.024,   -0.024,   -0.024,   -0.070,    0.026,    0.026,    0.025,    0.026,    0.026,    0.026,    0.026,    0.025,    0.026,    0.026,
       349,2020091718,   -0.023,   -0.024,   -0.023,   -0.021,   -0.038,   -0.023,   -0.024,   -0.023,   -0.021,   -0.047,    0.025,    0.025,    0.024,    0.024,    0.039,    0.025,    0.025,    0.024,    0.023,    0.039,
       349,2020091712,   -0.024,   -0.025,   -0.025,   -0.022,   -0.046,   -0.024,   -0.024,   -0.025,   -0.022,   -0.043,    0.026,    0.026,    0.026,    0.025,    0.029,    0.026,    0.026,    0.026,    0.025,    0.029,
       349,2020091706,   -0.024,   -0.024,   -0.025,   -0.024,   -0.042,   -0.025,   -0.024,   -0.025,   -0.024,   -0.043,    0.026,    0.026,    0.026,    0.027,    0.030,    0.026,    0.026,    0.026,    0.026,    0.030,
       349,2020091700,   -0.024,   -0.025,   -0.023,   -0.028,   -0.049,   -0.024,   -0.025,   -0.024,   -0.027,   -0.049,    0.025,    0.026,    0.025,    0.027,    0.032,    0.025,    0.026,    0.025,    0.027,    0.032,
       349,2020091618,   -0.023,   -0.022,   -0.023,   -0.024,   -0.040,   -0.023,   -0.022,   -0.023,   -0.024,   -0.037,    0.025,    0.024,    0.025,    0.025,    0.029,    0.025,    0.024,    0.025,    0.025,    0.029,
       349,2020091612,   -0.023,   -0.022,   -0.023,   -0.019,   -0.034,   -0.022,   -0.022,   -0.023,   -0.018,   -0.035,    0.024,    0.024,    0.024,    0.022,    0.032,    0.024,    0.024,    0.024,    0.022,    0.032,
       349,2020091606,   -0.023,   -0.023,   -0.023,   -0.023,   -0.031,   -0.023,   -0.022,   -0.023,   -0.023,   -0.031,    0.024,    0.024,    0.024,    0.025,    0.026,    0.024,    0.024,    0.024,    0.025,    0.026,
       349,2020091600,   -0.024,   -0.025,   -0.023,   -0.026,   -0.051,   -0.024,   -0.025,   -0.023,   -0.025,   -0.051,    0.025,    0.025,    0.025,    0.025,    0.031,    0.025,    0.025,    0.025,    0.025,    0.031,
       349,2020091518,   -0.024,   -0.022,   -0.025,   -0.024,   -0.035,   -0.024,   -0.021,   -0.025,   -0.024,   -0.033,    0.025,    0.024,    0.025,    0.025,    0.032,    0.025,    0.024,    0.025,    0.025,    0.032,
       349,2020091512,   -0.023,   -0.025,   -0.023,   -0.020,   -0.041,   -0.023,   -0.025,   -0.023,   -0.020,   -0.041,    0.024,    0.025,    0.024,    0.023,    0.031,    0.024,    0.025,    0.024,    0.024,    0.031,
       349,2020091506,   -0.023,   -0.022,   -0.023,   -0.023,   -0.042,   -0.023,   -0.022,   -0.023,   -0.023,   -0.034,    0.024,    0.024,    0.024,    0.025,    0.033,    0.024,    0.024,    0.024,    0.026,    0.033,
       349,2020091500,   -0.023,   -0.024,   -0.022,   -0.025,   -0.062,   -0.023,   -0.024,   -0.023,   -0.025,   -0.064,    0.024,    0.024,    0.024,    0.025,    0.022,    0.024,    0.024,    0.024,    0.025,    0.022,
       349,2020091418,   -0.024,   -0.022,   -0.025,   -0.023,   -0.035,   -0.024,   -0.022,   -0.025,   -0.022,   -0.028,    0.025,    0.024,    0.025,    0.025,    0.033,    0.025,    0.024,    0.025,    0.025,    0.033,
       349,2020091412,   -0.024,   -0.025,   -0.023,   -0.025,   -0.049,   -0.024,   -0.026,   -0.023,   -0.024,   -0.049,    0.025,    0.025,    0.024,    0.026,    0.030,    0.025,    0.025,    0.024,    0.026,    0.030,
       349,2020091406,   -0.024,   -0.023,   -0.024,   -0.026,   -0.031,   -0.024,   -0.023,   -0.024,   -0.026,   -0.029,    0.025,    0.025,    0.025,    0.026,    0.028,    0.025,    0.025,    0.025,    0.025,    0.028,
       349,2020091400,   -0.023,   -0.024,   -0.023,   -0.022,   -0.044,   -0.023,   -0.024,   -0.023,   -0.022,   -0.027,    0.024,    0.025,    0.024,    0.024,    0.039,    0.024,    0.024,    0.024,    0.024,    0.039,
       349,2020091318,   -0.023,   -0.022,   -0.024,   -0.022,   -0.046,   -0.023,   -0.022,   -0.024,   -0.022,   -0.041,    0.025,    0.024,    0.025,    0.025,    0.025,    0.025,    0.025,    0.025,    0.025,    0.025,
       349,2020091312,   -0.024,   -0.024,   -0.025,   -0.022,   -0.045,   -0.024,   -0.024,   -0.025,   -0.022,   -0.043,    0.025,    0.025,    0.025,    0.025,    0.032,    0.025,    0.025,    0.025,    0.025,    0.032,
       349,2020091306,   -0.026,   -0.027,   -0.026,   -0.028,   -0.036,   -0.026,   -0.027,   -0.025,   -0.027,   -0.034,    0.027,    0.027,    0.027,    0.028,    0.032,    0.027,    0.027,    0.027,    0.028,    0.032,
       349,2020091300,   -0.026,   -0.025,   -0.025,   -0.029,   -0.055,   -0.026,   -0.025,   -0.025,   -0.028,   -0.054,    0.027,    0.027,    0.027,    0.028,    0.028,    0.027,    0.027,    0.027,    0.028,    0.028,
       349,2020091218,   -0.026,   -0.026,   -0.026,   -0.026,   -0.033,   -0.026,   -0.026,   -0.026,   -0.026,   -0.032,    0.027,    0.027,    0.027,    0.028,    0.037,    0.027,    0.027,    0.027,    0.028,    0.037,
       349,2020091212,   -0.026,   -0.025,   -0.027,   -0.026,   -0.041,   -0.026,   -0.025,   -0.027,   -0.026,   -0.041,    0.027,    0.027,    0.027,    0.028,    0.036,    0.027,    0.027,    0.027,    0.028,    0.036,
       349,2020091206,   -0.027,   -0.028,   -0.027,   -0.024,   -0.031,   -0.027,   -0.028,   -0.027,   -0.024,   -0.031,    0.028,    0.029,    0.028,    0.028,    0.031,    0.028,    0.029,    0.028,    0.028,    0.031,
       349,2020091200,   -0.027,   -0.028,   -0.026,   -0.031,   -0.060,   -0.027,   -0.028,   -0.027,   -0.031,   -0.060,    0.028,    0.028,    0.027,    0.029,    0.039,    0.028,    0.028,    0.027,    0.029,    0.039,
       349,2020091118,   -0.025,   -0.025,   -0.026,   -0.026,   -0.024,   -0.026,   -0.025,   -0.026,   -0.025,   -0.028,    0.027,    0.027,    0.027,    0.026,    0.030,    0.027,    0.027,    0.027,    0.027,    0.030,
       349,2020091112,   -0.025,   -0.024,   -0.026,   -0.025,   -0.059,   -0.025,   -0.024,   -0.026,   -0.024,   -0.048,    0.026,    0.026,    0.026,    0.026,    0.029,    0.026,    0.026,    0.026,    0.026,    0.029,
       349,2020091106,   -0.025,   -0.025,   -0.025,   -0.025,   -0.043,   -0.025,   -0.025,   -0.025,   -0.025,   -0.042,    0.026,    0.026,    0.026,    0.026,    0.034,    0.026,    0.026,    0.026,    0.027,    0.034,
       349,2020091100,   -0.023,   -0.025,   -0.022,   -0.025,   -0.046,   -0.023,   -0.025,   -0.022,   -0.025,   -0.046,    0.024,    0.025,    0.024,    0.024,    0.031,    0.024,    0.025,    0.024,    0.024,    0.031,
       349,2020091018,   -0.024,   -0.022,   -0.025,   -0.024,   -0.053,   -0.024,   -0.022,   -0.025,   -0.024,   -0.051,    0.025,    0.024,    0.025,    0.026,    0.029,    0.025,    0.024,    0.025,    0.026,    0.029,
       349,2020091012,   -0.022,   -0.023,   -0.022,   -0.020,   -0.032,   -0.022,   -0.023,   -0.022,   -0.020,   -0.032,    0.023,    0.023,    0.023,    0.023,    0.027,    0.023,    0.024,    0.023,    0.023,    0.027,
       349,2020091006,   -0.023,   -0.022,   -0.023,   -0.023,   -0.043,   -0.023,   -0.022,   -0.023,   -0.022,   -0.042,    0.024,    0.024,    0.024,    0.024,    0.029,    0.024,    0.024,    0.024,    0.024,    0.029,
       349,2020091000,   -0.021,   -0.024,   -0.021,   -0.021,   -0.039,   -0.021,   -0.024,   -0.021,   -0.021,   -0.036,    0.022,    0.023,    0.022,    0.022,    0.024,    0.022,    0.023,    0.022,    0.022,    0.024,
       349,2020090918,   -0.023,   -0.021,   -0.024,   -0.022,   -0.031,   -0.023,   -0.020,   -0.024,   -0.022,   -0.029,    0.024,    0.023,    0.024,    0.025,    0.028,    0.024,    0.023,    0.024,    0.025,    0.028,
       349,2020090912,   -0.023,   -0.026,   -0.023,   -0.021,   -0.043,   -0.023,   -0.026,   -0.023,   -0.021,   -0.043,    0.024,    0.025,    0.024,    0.024,    0.032,    0.024,    0.025,    0.024,    0.024,    0.032,
       349,2020090906,   -0.024,   -0.024,   -0.023,   -0.028,   -0.027,   -0.024,   -0.024,   -0.023,   -0.028,   -0.023,    0.025,    0.025,    0.025,    0.027,    0.031,    0.025,    0.025,    0.025,    0.027,    0.031,
       349,2020090900,   -0.024,   -0.025,   -0.024,   -0.025,   -0.049,   -0.024,   -0.025,   -0.024,   -0.024,   -0.049,    0.025,    0.026,    0.025,    0.026,    0.037,    0.025,    0.026,    0.025,    0.026,    0.037,
       349,2020090818,   -0.023,   -0.021,   -0.023,   -0.023,   -0.025,   -0.023,   -0.021,   -0.024,   -0.023,   -0.021,    0.024,    0.023,    0.024,    0.024,    0.027,    0.024,    0.024,    0.024,    0.025,    0.027,
       349,2020090812,   -0.024,   -0.025,   -0.024,   -0.023,   -0.041,   -0.024,   -0.025,   -0.024,   -0.024,   -0.041,    0.025,    0.025,    0.025,    0.025,    0.030,    0.025,    0.025,    0.025,    0.025,    0.030,
       349,2020090806,   -0.024,   -0.024,   -0.024,   -0.025,   -0.033,   -0.024,   -0.024,   -0.024,   -0.025,   -0.037,    0.025,    0.026,    0.025,    0.026,    0.033,    0.025,    0.026,    0.025,    0.026,    0.033,
       349,2020090800,   -0.025,   -0.024,   -0.025,   -0.024,   -0.020,   -0.025,   -0.024,   -0.025,   -0.025,   -0.020,    0.026,    0.026,    0.026,    0.027,    0.039,    0.026,    0.026,    0.026,    0.027,    0.039,
       349,2020090718,   -0.025,   -0.025,   -0.026,   -0.025,   -0.037,   -0.025,   -0.025,   -0.025,   -0.024,   -0.036,    0.026,    0.026,    0.026,    0.026,    0.031,    0.026,    0.026,    0.026,    0.026,    0.031,
       349,2020090712,   -0.025,   -0.025,   -0.025,   -0.025,   -0.064,   -0.025,   -0.025,   -0.025,   -0.024,   -0.055,    0.026,    0.026,    0.026,    0.026,    0.021,    0.026,    0.026,    0.026,    0.027,    0.021,
       349,2020090706,   -0.024,   -0.024,   -0.023,   -0.023,   -0.051,   -0.024,   -0.025,   -0.023,   -0.023,   -0.038,    0.025,    0.025,    0.025,    0.025,    0.025,    0.025,    0.025,    0.025,    0.025,    0.025,
       349,2020090700,   -0.024,   -0.024,   -0.023,   -0.028,   -0.040,   -0.024,   -0.024,   -0.023,   -0.027,   -0.041,    0.025,    0.025,    0.025,    0.026,    0.030,    0.025,    0.025,    0.025,    0.026,    0.030,
       349,2020090618,   -0.022,   -0.022,   -0.022,   -0.021,   -0.034,   -0.022,   -0.023,   -0.022,   -0.021,   -0.040,    0.023,    0.023,    0.023,    0.022,    0.030,    0.023,    0.023,    0.023,    0.022,    0.030,
       349,2020090612,   -0.023,   -0.023,   -0.023,   -0.022,   -0.037,   -0.023,   -0.022,   -0.023,   -0.021,   -0.035,    0.024,    0.024,    0.024,    0.024,    0.027,    0.024,    0.024,    0.024,    0.023,    0.027,
       349,2020090606,   -0.023,   -0.022,   -0.023,   -0.023,   -0.022,   -0.023,   -0.022,   -0.023,   -0.023,   -0.016,    0.024,    0.023,    0.024,    0.024,    0.023,    0.024,    0.023,    0.024,    0.024,    0.023,
       349,2020090600,   -0.023,   -0.026,   -0.022,   -0.025,   -0.052,   -0.024,   -0.026,   -0.023,   -0.024,   -0.050,    0.025,    0.025,    0.024,    0.025,    0.030,    0.025,    0.026,    0.024,    0.025,    0.030,
       349,2020090518,   -0.023,   -0.022,   -0.023,   -0.026,   -0.045,   -0.023,   -0.022,   -0.023,   -0.025,   -0.045,    0.024,    0.024,    0.024,    0.025,    0.032,    0.024,    0.024,    0.024,    0.025,    0.032,
       349,2020090512,   -0.024,   -0.025,   -0.024,   -0.022,   -0.036,   -0.024,   -0.024,   -0.024,   -0.022,   -0.039,    0.025,    0.026,    0.025,    0.024,    0.028,    0.025,    0.026,    0.025,    0.024,    0.028,
       349,2020090506,   -0.023,   -0.022,   -0.023,   -0.026,   -0.038,   -0.023,   -0.022,   -0.023,   -0.025,   -0.038,    0.024,    0.024,    0.024,    0.025,    0.032,    0.024,    0.024,    0.024,    0.025,    0.032,
       349,2020090500,   -0.023,   -0.024,   -0.022,   -0.022,   -0.029,   -0.023,   -0.024,   -0.022,   -0.022,   -0.029,    0.023,    0.024,    0.023,    0.023,    0.035,    0.023,    0.024,    0.023,    0.023,    0.035,
       349,2020090418,   -0.020,   -0.019,   -0.021,   -0.020,   -0.026,   -0.020,   -0.019,   -0.021,   -0.020,   -0.028,    0.022,    0.021,    0.022,    0.022,    0.031,    0.022,    0.021,    0.022,    0.022,    0.031,
       349,2020090412,   -0.021,   -0.023,   -0.021,   -0.021,   -0.019,   -0.021,   -0.024,   -0.021,   -0.021,   -0.016,    0.022,    0.023,    0.022,    0.022,    0.028,    0.022,    0.023,    0.022,    0.022,    0.028,
       349,2020090406,   -0.021,   -0.021,   -0.020,   -0.026,   -0.028,   -0.021,   -0.021,   -0.021,   -0.025,   -0.024,    0.022,    0.022,    0.022,    0.024,    0.028,    0.022,    0.022,    0.022,    0.024,    0.028,
       349,2020090400,   -0.020,   -0.021,   -0.019,   -0.020,   -0.046,   -0.020,   -0.021,   -0.020,   -0.020,   -0.046,    0.021,    0.021,    0.021,    0.021,    0.025,    0.021,    0.021,    0.021,    0.021,    0.025,
       349,2020090318,   -0.020,   -0.018,   -0.022,   -0.018,   -0.017,   -0.021,   -0.019,   -0.022,   -0.018,   -0.019,    0.021,    0.021,    0.022,    0.021,    0.018,    0.021,    0.021,    0.022,    0.021,    0.018,
       349,2020090312,   -0.022,   -0.023,   -0.021,   -0.023,   -0.039,   -0.022,   -0.023,   -0.021,   -0.022,   -0.042,    0.023,    0.023,    0.022,    0.023,    0.027,    0.023,    0.023,    0.022,    0.024,    0.027,
       349,2020090306,   -0.022,   -0.022,   -0.022,   -0.026,   -0.024,   -0.022,   -0.022,   -0.022,   -0.025,   -0.030,    0.023,    0.023,    0.023,    0.024,    0.026,    0.023,    0.024,    0.023,    0.024,    0.026,
       349,2020090300,   -0.020,   -0.020,   -0.020,   -0.020,   -0.033,   -0.020,   -0.020,   -0.021,   -0.020,   -0.033,    0.021,    0.021,    0.021,    0.021,    0.026,    0.021,    0.021,    0.021,    0.021,    0.026,
       349,2020090218,   -0.020,   -0.020,   -0.020,   -0.018,   -0.027,   -0.020,   -0.020,   -0.020,   -0.019,   -0.026,    0.021,    0.021,    0.021,    0.021,    0.023,    0.021,    0.021,    0.021,    0.021,    0.023,
       349,2020090212,   -0.021,   -0.021,   -0.022,   -0.017,   -0.029,   -0.021,   -0.020,   -0.021,   -0.018,   -0.030,    0.022,    0.021,    0.022,    0.021,    0.023,    0.022,    0.021,    0.022,    0.021,    0.023,
       349,2020090206,   -0.020,   -0.020,   -0.020,   -0.021,   -0.043,   -0.020,   -0.020,   -0.020,   -0.021,   -0.040,    0.022,    0.021,    0.021,    0.023,    0.027,    0.022,    0.021,    0.021,    0.023,    0.027,
       349,2020090200,   -0.021,   -0.020,   -0.021,   -0.024,   -0.036,   -0.021,   -0.020,   -0.021,   -0.023,   -0.037,    0.022,    0.021,    0.022,    0.022,    0.026,    0.022,    0.021,    0.022,    0.023,    0.026,
       349,2020090118,   -0.019,   -0.020,   -0.019,   -0.021,   -0.022,   -0.019,   -0.020,   -0.019,   -0.021,   -0.021,    0.020,    0.020,    0.020,    0.020,    0.024,    0.020,    0.020,    0.020,    0.020,    0.024,
       349,2020090112,   -0.019,   -0.018,   -0.020,   -0.018,   -0.024,   -0.019,   -0.019,   -0.020,   -0.018,   -0.027,    0.020,    0.020,    0.020,    0.020,    0.024,    0.020,    0.020,    0.020,    0.020,    0.024,
       349,2020090106,   -0.020,   -0.018,   -0.020,   -0.020,   -0.040,   -0.020,   -0.019,   -0.020,   -0.020,   -0.035,    0.021,    0.020,    0.021,    0.021,    0.017,    0.021,    0.020,    0.021,    0.021,    0.017,
       349,2020090100,   -0.020,   -0.020,   -0.019,   -0.021,   -0.033,   -0.020,   -0.021,   -0.019,   -0.021,   -0.030,    0.020,    0.021,    0.020,    0.020,    0.025,    0.020,    0.021,    0.020,    0.021,    0.025,
       349,2020083118,   -0.020,   -0.019,   -0.020,   -0.019,   -0.028,   -0.020,   -0.019,   -0.020,   -0.019,   -0.031,    0.021,    0.021,    0.021,    0.020,    0.023,    0.021,    0.021,    0.021,    0.020,    0.023,
       349,2020083112,   -0.021,   -0.021,   -0.021,   -0.020,   -0.031,   -0.021,   -0.021,   -0.021,   -0.019,   -0.030,    0.022,    0.022,    0.022,    0.022,    0.025,    0.022,    0.022,    0.022,    0.022,    0.025,
       349,2020083106,   -0.020,   -0.021,   -0.020,   -0.020,   -0.044,   -0.020,   -0.020,   -0.020,   -0.021,   -0.046,    0.021,    0.021,    0.021,    0.022,    0.025,    0.021,    0.022,    0.021,    0.022,    0.025,
       349,2020083100,   -0.019,   -0.021,   -0.019,   -0.021,   -0.044,   -0.019,   -0.021,   -0.019,   -0.021,   -0.044,    0.020,    0.021,    0.020,    0.021,    0.017,    0.020,    0.021,    0.020,    0.022,    0.017,
       349,2020083018,   -0.018,   -0.017,   -0.019,   -0.019,   -0.023,   -0.018,   -0.017,   -0.019,   -0.018,   -0.027,    0.020,    0.019,    0.020,    0.020,    0.030,    0.020,    0.019,    0.020,    0.021,    0.030,
       349,2020083012,   -0.019,   -0.020,   -0.019,   -0.020,   -0.031,   -0.019,   -0.020,   -0.019,   -0.019,   -0.031,    0.020,    0.021,    0.020,    0.020,    0.027,    0.020,    0.021,    0.020,    0.020,    0.027,
       349,2020083006,   -0.019,   -0.019,   -0.019,   -0.021,   -0.023,   -0.019,   -0.019,   -0.019,   -0.021,   -0.023,    0.020,    0.020,    0.020,    0.021,    0.025,    0.020,    0.020,    0.020,    0.021,    0.025,
       349,2020083000,   -0.020,   -0.021,   -0.019,   -0.019,   -0.040,   -0.020,   -0.020,   -0.019,   -0.019,   -0.041,    0.020,    0.020,    0.020,    0.020,    0.019,    0.020,    0.021,    0.020,    0.020,    0.019,
