        76,2020092000,    0.128,    0.129,    0.127,    0.136,    0.095,    0.128,    0.130,    0.126,    0.138,    0.095,    0.128,    0.130,    0.127,    0.130,    0.189,    0.128,    0.130,    0.127,    0.130,    0.189,
        76,2020091918,    0.127,    0.116,    0.131,    0.126,    0.098,    0.128,    0.117,    0.134,    0.127,    0.101,    0.127,    0.122,    0.129,    0.131,    0.108,    0.127,    0.121,    0.129,    0.130,    0.108,
        76,2020091912,    0.121,    0.123,    0.123,    0.102,    0.159,    0.124,    0.123,    0.127,    0.102,    0.153,    0.126,    0.128,    0.126,    0.123,    0.138,    0.126,    0.128,    0.126,    0.124,    0.138,
        76,2020091906,    0.123,    0.123,    0.123,    0.123,    0.205,    0.124,    0.123,    0.124,    0.124,    0.206,    0.126,    0.126,    0.126,    0.127,    0.158,    0.126,    0.126,    0.126,    0.126,    0.158,
        76,2020091900,    0.123,    0.121,    0.123,    0.126,    0.210,    0.124,    0.121,    0.125,    0.126,    0.210,    0.127,    0.128,    0.126,    0.127,    0.150,    0.127,    0.128,    0.126,    0.127,    0.150,
        76,2020091818,    0.126,    0.124,    0.128,    0.118,    0.131,    0.127,    0.124,    0.130,    0.118,    0.134,    0.127,    0.128,    0.127,    0.125,    0.132,    0.127,    0.128,    0.127,    0.124,    0.132,
        76,2020091812,    0.124,    0.121,    0.124,    0.131,    0.189,    0.124,    0.119,    0.124,    0.133,    0.189,    0.127,    0.125,    0.127,    0.132,    0.266,    0.127,    0.125,    0.127,    0.130,    0.266,
        76,2020091806,    0.118,    0.119,    0.115,    0.136,    0.197,    0.119,    0.120,    0.115,    0.136,    0.197,    0.125,    0.126,    0.124,    0.130,    0.172,    0.125,    0.125,    0.124,    0.129,    0.172,
        76,2020091800,    0.123,    0.120,    0.124,    0.127,    0.343,    0.125,    0.120,    0.125,    0.130,    0.343,    0.127,    0.127,    0.126,    0.129,    0.046,    0.127,    0.126,    0.126,    0.128,    0.046,
        76,2020091718,    0.122,    0.126,    0.121,    0.115,    0.253,    0.122,    0.126,    0.121,    0.117,    0.269,    0.126,    0.128,    0.126,    0.123,    0.175,    0.126,    0.129,    0.126,    0.121,    0.175,
        76,2020091712,    0.125,    0.122,    0.127,    0.117,    0.212,    0.126,    0.120,    0.129,    0.117,    0.211,    0.128,    0.126,    0.128,    0.124,    0.141,    0.128,    0.127,    0.128,    0.124,    0.141,
        76,2020091706,    0.122,    0.117,    0.123,    0.124,    0.203,    0.124,    0.118,    0.125,    0.127,    0.180,    0.127,    0.127,    0.127,    0.129,    0.148,    0.127,    0.126,    0.127,    0.129,    0.148,
        76,2020091700,    0.125,    0.127,    0.122,    0.149,    0.224,    0.126,    0.126,    0.124,    0.150,    0.243,    0.127,    0.128,    0.126,    0.134,    0.162,    0.127,    0.129,    0.126,    0.134,    0.162,
        76,2020091618,    0.121,    0.117,    0.120,    0.131,    0.177,    0.121,    0.117,    0.120,    0.131,    0.179,    0.126,    0.125,    0.125,    0.130,    0.147,    0.126,    0.125,    0.125,    0.131,    0.147,
        76,2020091612,    0.123,    0.118,    0.126,    0.106,    0.194,    0.123,    0.118,    0.126,    0.105,    0.194,    0.128,    0.127,    0.128,    0.121,    0.168,    0.128,    0.127,    0.128,    0.122,    0.168,
        76,2020091606,    0.124,    0.120,    0.125,    0.132,    0.180,    0.124,    0.119,    0.125,    0.131,    0.168,    0.127,    0.128,    0.126,    0.131,    0.147,    0.127,    0.128,    0.126,    0.132,    0.147,
        76,2020091600,    0.125,    0.132,    0.122,    0.134,    0.210,    0.127,    0.132,    0.124,    0.136,    0.237,    0.127,    0.128,    0.126,    0.131,    0.154,    0.127,    0.128,    0.126,    0.131,    0.154,
        76,2020091518,    0.124,    0.106,    0.131,    0.126,    0.172,    0.123,    0.105,    0.131,    0.128,    0.143,    0.126,    0.119,    0.128,    0.129,    0.166,    0.126,    0.120,    0.128,    0.130,    0.166,
        76,2020091512,    0.128,    0.134,    0.127,    0.111,    0.215,    0.128,    0.133,    0.128,    0.108,    0.215,    0.128,    0.131,    0.127,    0.124,    0.161,    0.128,    0.131,    0.127,    0.126,    0.161,
        76,2020091506,    0.123,    0.116,    0.126,    0.130,    0.226,    0.123,    0.115,    0.125,    0.130,    0.206,    0.126,    0.124,    0.125,    0.133,    0.168,    0.126,    0.125,    0.125,    0.133,    0.168,
        76,2020091500,    0.127,    0.132,    0.124,    0.143,    0.335,    0.129,    0.132,    0.127,    0.143,    0.379,    0.128,    0.128,    0.127,    0.133,    0.104,    0.128,    0.128,    0.127,    0.133,    0.104,
        76,2020091418,    0.126,    0.114,    0.131,    0.129,    0.168,    0.127,    0.113,    0.132,    0.132,    0.138,    0.127,    0.122,    0.128,    0.131,    0.161,    0.127,    0.123,    0.128,    0.132,    0.161,
        76,2020091412,    0.128,    0.130,    0.126,    0.139,    0.238,    0.131,    0.133,    0.129,    0.139,    0.238,    0.129,    0.132,    0.127,    0.137,    0.158,    0.129,    0.132,    0.127,    0.137,    0.158,
        76,2020091406,    0.122,    0.116,    0.123,    0.136,    0.158,    0.123,    0.119,    0.123,    0.139,    0.146,    0.125,    0.128,    0.124,    0.130,    0.138,    0.125,    0.127,    0.124,    0.128,    0.138,
        76,2020091400,    0.124,    0.124,    0.124,    0.122,    0.238,    0.126,    0.123,    0.127,    0.122,    0.179,    0.126,    0.127,    0.126,    0.126,    0.185,    0.126,    0.127,    0.126,    0.126,    0.185,
        76,2020091318,    0.121,    0.116,    0.123,    0.120,    0.191,    0.121,    0.118,    0.123,    0.119,    0.173,    0.125,    0.124,    0.125,    0.129,    0.134,    0.125,    0.124,    0.125,    0.129,    0.134,
        76,2020091312,    0.123,    0.119,    0.126,    0.113,    0.239,    0.125,    0.119,    0.128,    0.112,    0.239,    0.126,    0.125,    0.126,    0.128,    0.143,    0.126,    0.126,    0.126,    0.127,    0.143,
        76,2020091306,    0.125,    0.129,    0.122,    0.136,    0.224,    0.125,    0.128,    0.122,    0.133,    0.224,    0.126,    0.127,    0.126,    0.131,    0.144,    0.126,    0.126,    0.126,    0.131,    0.144,
        76,2020091300,    0.124,    0.117,    0.123,    0.140,    0.327,    0.125,    0.117,    0.125,    0.141,    0.310,    0.127,    0.125,    0.126,    0.134,    0.086,    0.127,    0.125,    0.126,    0.133,    0.086,
        76,2020091218,    0.122,    0.121,    0.122,    0.128,    0.160,    0.123,    0.120,    0.122,    0.129,    0.170,    0.126,    0.126,    0.126,    0.130,    0.170,    0.126,    0.126,    0.126,    0.129,    0.170,
        76,2020091212,    0.123,    0.115,    0.125,    0.129,    0.213,    0.124,    0.116,    0.127,    0.127,    0.213,    0.126,    0.124,    0.127,    0.130,    0.160,    0.126,    0.125,    0.127,    0.131,    0.160,
        76,2020091206,    0.122,    0.126,    0.121,    0.119,    0.174,    0.123,    0.127,    0.122,    0.118,    0.174,    0.125,    0.126,    0.124,    0.126,    0.125,    0.125,    0.126,    0.124,    0.125,    0.125,
        76,2020091200,    0.127,    0.130,    0.123,    0.150,    0.189,    0.128,    0.130,    0.125,    0.148,    0.188,    0.128,    0.130,    0.126,    0.132,    0.267,    0.128,    0.130,    0.126,    0.132,    0.267,
        76,2020091118,    0.121,    0.119,    0.121,    0.126,    0.159,    0.123,    0.119,    0.124,    0.125,    0.138,    0.126,    0.125,    0.126,    0.124,    0.139,    0.126,    0.126,    0.126,    0.125,    0.139,
        76,2020091112,    0.126,    0.119,    0.128,    0.127,    0.285,    0.127,    0.119,    0.130,    0.124,    0.235,    0.129,    0.128,    0.128,    0.132,    0.141,    0.129,    0.129,    0.128,    0.132,    0.141,
        76,2020091106,    0.126,    0.127,    0.125,    0.135,    0.144,    0.128,    0.126,    0.127,    0.135,    0.173,    0.127,    0.129,    0.125,    0.132,    0.156,    0.127,    0.129,    0.125,    0.132,    0.156,
        76,2020091100,    0.124,    0.134,    0.119,    0.142,    0.240,    0.126,    0.133,    0.121,    0.140,    0.240,    0.126,    0.131,    0.124,    0.129,    0.163,    0.126,    0.131,    0.124,    0.129,    0.163,
        76,2020091018,    0.124,    0.114,    0.127,    0.124,    0.281,    0.124,    0.113,    0.129,    0.125,    0.282,    0.126,    0.122,    0.127,    0.132,    0.136,    0.126,    0.122,    0.127,    0.132,    0.136,
        76,2020091012,    0.123,    0.125,    0.124,    0.109,    0.242,    0.123,    0.125,    0.125,    0.109,    0.242,    0.126,    0.125,    0.126,    0.127,    0.138,    0.126,    0.126,    0.126,    0.126,    0.138,
        76,2020091006,    0.127,    0.120,    0.129,    0.138,    0.242,    0.127,    0.120,    0.128,    0.137,    0.242,    0.126,    0.126,    0.126,    0.125,    0.142,    0.126,    0.126,    0.126,    0.125,    0.142,
        76,2020091000,    0.123,    0.132,    0.119,    0.128,    0.188,    0.123,    0.133,    0.119,    0.128,    0.188,    0.125,    0.128,    0.124,    0.124,    0.137,    0.125,    0.128,    0.124,    0.123,    0.137,
        76,2020090918,    0.121,    0.107,    0.128,    0.116,    0.165,    0.121,    0.106,    0.129,    0.116,    0.167,    0.125,    0.119,    0.127,    0.127,    0.160,    0.125,    0.120,    0.127,    0.127,    0.160,
        76,2020090912,    0.125,    0.136,    0.123,    0.115,    0.218,    0.126,    0.136,    0.124,    0.116,    0.218,    0.127,    0.131,    0.126,    0.127,    0.161,    0.127,    0.131,    0.126,    0.127,    0.161,
        76,2020090906,    0.125,    0.123,    0.123,    0.158,    0.109,    0.126,    0.123,    0.124,    0.160,    0.103,    0.127,    0.128,    0.125,    0.136,    0.142,    0.127,    0.128,    0.125,    0.137,    0.142,
        76,2020090900,    0.126,    0.130,    0.125,    0.135,    0.227,    0.128,    0.129,    0.126,    0.134,    0.227,    0.127,    0.131,    0.125,    0.128,    0.204,    0.127,    0.131,    0.125,    0.128,    0.204,
        76,2020090818,    0.124,    0.118,    0.126,    0.129,    0.109,    0.126,    0.118,    0.129,    0.132,    0.122,    0.126,    0.123,    0.127,    0.130,    0.134,    0.126,    0.123,    0.127,    0.130,    0.134,
        76,2020090812,    0.126,    0.123,    0.126,    0.126,    0.188,    0.126,    0.124,    0.126,    0.127,    0.188,    0.127,    0.128,    0.126,    0.128,    0.154,    0.127,    0.128,    0.126,    0.129,    0.154,
        76,2020090806,    0.122,    0.118,    0.122,    0.132,    0.171,    0.122,    0.117,    0.123,    0.134,    0.167,    0.126,    0.127,    0.125,    0.131,    0.155,    0.126,    0.127,    0.125,    0.130,    0.155,
        76,2020090800,    0.122,    0.118,    0.123,    0.134,    0.000,    0.123,    0.119,    0.124,    0.134,    0.000,    0.126,    0.126,    0.126,    0.132,    0.000,    0.126,    0.126,    0.126,    0.131,    0.000,
        76,2020090718,    0.124,    0.126,    0.123,    0.122,    0.121,    0.124,    0.126,    0.124,    0.120,    0.130,    0.125,    0.127,    0.124,    0.127,    0.132,    0.125,    0.127,    0.124,    0.127,    0.132,
        76,2020090712,    0.122,    0.118,    0.123,    0.128,    0.243,    0.123,    0.118,    0.124,    0.131,    0.239,    0.127,    0.125,    0.126,    0.131,    0.148,    0.127,    0.125,    0.126,    0.131,    0.148,
        76,2020090706,    0.122,    0.126,    0.117,    0.139,    0.202,    0.123,    0.127,    0.119,    0.141,    0.185,    0.126,    0.127,    0.124,    0.131,    0.126,    0.126,    0.127,    0.124,    0.131,    0.126,
        76,2020090700,    0.121,    0.124,    0.117,    0.148,    0.225,    0.122,    0.124,    0.118,    0.145,    0.216,    0.125,    0.127,    0.124,    0.128,    0.145,    0.125,    0.127,    0.124,    0.129,    0.145,
        76,2020090618,    0.120,    0.122,    0.118,    0.121,    0.206,    0.121,    0.123,    0.121,    0.122,    0.206,    0.126,    0.127,    0.125,    0.123,    0.144,    0.126,    0.127,    0.125,    0.122,    0.144,
        76,2020090612,    0.121,    0.118,    0.123,    0.113,    0.182,    0.122,    0.118,    0.124,    0.115,    0.183,    0.126,    0.126,    0.126,    0.125,    0.135,    0.126,    0.126,    0.126,    0.123,    0.135,
        76,2020090606,    0.122,    0.116,    0.123,    0.139,    0.025,    0.124,    0.118,    0.125,    0.139,    0.068,    0.125,    0.124,    0.125,    0.127,    0.041,    0.125,    0.124,    0.125,    0.126,    0.041,
        76,2020090600,    0.125,    0.136,    0.120,    0.135,    0.283,    0.126,    0.134,    0.122,    0.135,    0.277,    0.127,    0.130,    0.125,    0.130,    0.146,    0.127,    0.130,    0.125,    0.131,    0.146,
        76,2020090518,    0.121,    0.115,    0.121,    0.135,    0.243,    0.122,    0.115,    0.123,    0.136,    0.252,    0.125,    0.123,    0.125,    0.129,    0.157,    0.125,    0.123,    0.125,    0.130,    0.157,
        76,2020090512,    0.124,    0.127,    0.124,    0.113,    0.188,    0.124,    0.127,    0.125,    0.113,    0.189,    0.126,    0.129,    0.126,    0.119,    0.143,    0.126,    0.129,    0.126,    0.120,    0.143,
        76,2020090506,    0.123,    0.115,    0.124,    0.141,    0.226,    0.124,    0.115,    0.125,    0.143,    0.205,    0.125,    0.125,    0.124,    0.131,    0.166,    0.125,    0.125,    0.124,    0.130,    0.166,
        76,2020090500,    0.125,    0.133,    0.122,    0.129,    0.156,    0.125,    0.134,    0.123,    0.127,    0.156,    0.127,    0.128,    0.127,    0.126,    0.190,    0.127,    0.128,    0.127,    0.126,    0.190,
        76,2020090418,    0.118,    0.112,    0.121,    0.116,    0.119,    0.119,    0.112,    0.123,    0.117,    0.145,    0.124,    0.122,    0.125,    0.125,    0.161,    0.124,    0.122,    0.125,    0.125,    0.161,
        76,2020090412,    0.123,    0.136,    0.120,    0.123,    0.088,    0.125,    0.136,    0.122,    0.127,    0.088,    0.127,    0.129,    0.126,    0.127,    0.148,    0.127,    0.129,    0.126,    0.125,    0.148,
        76,2020090406,    0.122,    0.123,    0.118,    0.161,    0.196,    0.123,    0.124,    0.119,    0.157,    0.141,    0.125,    0.126,    0.123,    0.138,    0.175,    0.125,    0.126,    0.123,    0.139,    0.175,
        76,2020090400,    0.122,    0.126,    0.120,    0.132,    0.278,    0.124,    0.127,    0.122,    0.131,    0.278,    0.126,    0.127,    0.126,    0.129,    0.150,    0.126,    0.127,    0.126,    0.130,    0.150,
        76,2020090318,    0.120,    0.106,    0.127,    0.112,    0.074,    0.122,    0.109,    0.130,    0.113,    0.091,    0.125,    0.122,    0.126,    0.125,    0.058,    0.125,    0.121,    0.126,    0.126,    0.058,
        76,2020090312,    0.128,    0.131,    0.125,    0.142,    0.291,    0.128,    0.129,    0.126,    0.142,    0.291,    0.127,    0.129,    0.125,    0.134,    0.087,    0.127,    0.129,    0.125,    0.134,    0.087,
        76,2020090306,    0.124,    0.121,    0.123,    0.153,    0.190,    0.124,    0.119,    0.123,    0.157,    0.176,    0.126,    0.127,    0.125,    0.129,    0.141,    0.126,    0.128,    0.125,    0.129,    0.141,
        76,2020090300,    0.121,    0.117,    0.122,    0.127,    0.146,    0.123,    0.117,    0.125,    0.127,    0.140,    0.125,    0.125,    0.125,    0.129,    0.150,    0.125,    0.126,    0.125,    0.127,    0.150,
        76,2020090218,    0.123,    0.126,    0.122,    0.119,    0.169,    0.124,    0.127,    0.123,    0.121,    0.153,    0.126,    0.129,    0.125,    0.128,    0.140,    0.126,    0.129,    0.125,    0.128,    0.140,
        76,2020090212,    0.124,    0.121,    0.126,    0.112,    0.218,    0.125,    0.119,    0.128,    0.113,    0.200,    0.126,    0.124,    0.127,    0.125,    0.124,    0.126,    0.125,    0.127,    0.125,    0.124,
        76,2020090206,    0.120,    0.123,    0.117,    0.139,    0.217,    0.121,    0.123,    0.117,    0.139,    0.217,    0.126,    0.126,    0.125,    0.133,    0.168,    0.126,    0.126,    0.125,    0.134,    0.168,
        76,2020090200,    0.124,    0.113,    0.126,    0.144,    0.226,    0.125,    0.113,    0.127,    0.142,    0.226,    0.126,    0.123,    0.126,    0.131,    0.147,    0.126,    0.122,    0.126,    0.133,    0.147,
        76,2020090118,    0.124,    0.130,    0.122,    0.125,    0.121,    0.126,    0.130,    0.124,    0.122,    0.142,    0.126,    0.126,    0.125,    0.125,    0.126,    0.126,    0.126,    0.125,    0.125,    0.126,
        76,2020090112,    0.124,    0.121,    0.126,    0.118,    0.151,    0.125,    0.120,    0.127,    0.119,    0.194,    0.126,    0.124,    0.126,    0.125,    0.154,    0.126,    0.125,    0.126,    0.124,    0.154,
        76,2020090106,    0.125,    0.112,    0.129,    0.130,    0.135,    0.125,    0.114,    0.129,    0.132,    0.173,    0.125,    0.120,    0.127,    0.131,    0.072,    0.125,    0.120,    0.127,    0.129,    0.072,
        76,2020090100,    0.123,    0.127,    0.121,    0.135,    0.181,    0.124,    0.127,    0.122,    0.137,    0.171,    0.126,    0.128,    0.125,    0.126,    0.151,    0.126,    0.127,    0.125,    0.126,    0.151,
        76,2020083118,    0.117,    0.116,    0.118,    0.115,    0.204,    0.118,    0.116,    0.120,    0.115,    0.198,    0.124,    0.123,    0.125,    0.120,    0.136,    0.124,    0.122,    0.125,    0.119,    0.136,
        76,2020083112,    0.123,    0.122,    0.124,    0.120,    0.170,    0.123,    0.120,    0.125,    0.118,    0.169,    0.126,    0.125,    0.126,    0.128,    0.141,    0.126,    0.126,    0.126,    0.129,    0.141,
        76,2020083106,    0.120,    0.121,    0.118,    0.123,    0.267,    0.120,    0.120,    0.120,    0.125,    0.266,    0.126,    0.128,    0.124,    0.130,    0.134,    0.126,    0.128,    0.124,    0.128,    0.134,
        76,2020083100,    0.122,    0.131,    0.118,    0.129,    0.240,    0.122,    0.131,    0.119,    0.127,    0.240,    0.126,    0.129,    0.125,    0.130,    0.112,    0.126,    0.129,    0.125,    0.131,    0.112,
        76,2020083018,    0.118,    0.108,    0.122,    0.126,    0.197,    0.119,    0.108,    0.124,    0.126,    0.196,    0.125,    0.123,    0.125,    0.128,    0.154,    0.125,    0.122,    0.125,    0.128,    0.154,
        76,2020083012,    0.126,    0.129,    0.124,    0.137,    0.213,    0.126,    0.128,    0.125,    0.137,    0.213,    0.127,    0.128,    0.126,    0.128,    0.144,    0.127,    0.128,    0.126,    0.128,    0.144,
        76,2020083006,    0.123,    0.119,    0.123,    0.135,    0.111,    0.124,    0.120,    0.124,    0.139,    0.173,    0.125,    0.126,    0.125,    0.129,    0.144,    0.125,    0.126,    0.125,    0.129,    0.144,
        76,2020083000,    0.125,    0.127,    0.124,    0.125,    0.275,    0.126,    0.128,    0.126,    0.120,    0.263,    0.126,    0.127,    0.126,    0.126,    0.098,    0.126,    0.127,    0.126,    0.127,    0.098,
