       217,2020092000,    0.010,    0.013,    0.010,    0.010, -999.000,    0.011,    0.012,    0.011,    0.011, -999.000,    0.012,    0.013,    0.012,    0.013, -999.000,    0.012,    0.013,    0.012,    0.012, -999.000,
       217,2020091918,    0.011,    0.010,    0.011,    0.015,    0.007,    0.011,    0.009,    0.011,    0.011,    0.007,    0.012,    0.012,    0.012,    0.012,    0.006,    0.012,    0.012,    0.012,    0.014,    0.006,
       217,2020091912,    0.010,    0.011,    0.010,    0.009,    0.039,    0.011,    0.011,    0.011,    0.006, -999.000,    0.012,    0.013,    0.012,    0.009, -999.000,    0.012,    0.013,    0.012,    0.012, -999.000,
       217,2020091906,    0.010,    0.013,    0.010,    0.011,    0.004,    0.012,    0.014,    0.011,    0.016,    0.006,    0.012,    0.014,    0.012,    0.015,    0.007,    0.012,    0.014,    0.012,    0.013,    0.007,
       217,2020091900,    0.010,    0.012,    0.010,    0.010, -999.000,    0.011,    0.012,    0.010,    0.011, -999.000,    0.012,    0.013,    0.012,    0.012, -999.000,    0.012,    0.013,    0.012,    0.011, -999.000,
       217,2020091818,    0.010,    0.010,    0.010,    0.013,    0.004,    0.010,    0.010,    0.010,    0.010,    0.018,    0.012,    0.011,    0.012,    0.013,    0.003,    0.012,    0.011,    0.012,    0.013,    0.003,
       217,2020091812,    0.011,    0.015,    0.010,    0.011, -999.000,    0.012,    0.013,    0.012,    0.011, -999.000,    0.012,    0.013,    0.012,    0.013, -999.000,    0.012,    0.013,    0.012,    0.014, -999.000,
       217,2020091806,    0.011,    0.011,    0.010,    0.007,    0.019,    0.012,    0.012,    0.011,    0.009,    0.034,    0.012,    0.012,    0.011,    0.011,    0.019,    0.012,    0.012,    0.011,    0.010,    0.019,
       217,2020091800,    0.010,    0.011,    0.010,    0.010, -999.000,    0.011,    0.011,    0.011,    0.015, -999.000,    0.012,    0.012,    0.012,    0.013, -999.000,    0.012,    0.011,    0.012,    0.012, -999.000,
       217,2020091718,    0.010,    0.009,    0.011,    0.006, -999.000,    0.011,    0.010,    0.012,    0.006, -999.000,    0.012,    0.011,    0.012,    0.009, -999.000,    0.012,    0.011,    0.012,    0.010, -999.000,
       217,2020091712,    0.012,    0.014,    0.011,    0.011, -999.000,    0.011,    0.014,    0.011,    0.010, -999.000,    0.013,    0.014,    0.013,    0.012, -999.000,    0.013,    0.014,    0.013,    0.013, -999.000,
       217,2020091706,    0.011,    0.011,    0.011,    0.011,    0.009,    0.012,    0.013,    0.012,    0.013,    0.005,    0.013,    0.014,    0.013,    0.015,    0.006,    0.013,    0.013,    0.013,    0.013,    0.006,
       217,2020091700,    0.011,    0.010,    0.011,    0.017, -999.000,    0.012,    0.010,    0.012,    0.011, -999.000,    0.013,    0.014,    0.013,    0.014, -999.000,    0.013,    0.014,    0.013,    0.017, -999.000,
       217,2020091618,    0.012,    0.009,    0.013,    0.009,    0.007,    0.012,    0.010,    0.013,    0.014,    0.002,    0.014,    0.012,    0.014,    0.017,    0.003,    0.014,    0.011,    0.014,    0.013,    0.003,
       217,2020091612,    0.012,    0.013,    0.011,    0.015, -999.000,    0.012,    0.013,    0.012,    0.013,    0.037,    0.014,    0.015,    0.014,    0.018, -999.000,    0.014,    0.015,    0.014,    0.015, -999.000,
       217,2020091606,    0.012,    0.013,    0.012,    0.010,    0.019,    0.013,    0.013,    0.013,    0.012,    0.023,    0.013,    0.013,    0.013,    0.014,    0.019,    0.013,    0.014,    0.013,    0.011,    0.019,
       217,2020091600,    0.011,    0.010,    0.012,    0.012,    0.007,    0.012,    0.010,    0.013,    0.013,    0.007,    0.013,    0.012,    0.013,    0.015, -999.000,    0.013,    0.012,    0.013,    0.015, -999.000,
       217,2020091518,    0.011,    0.012,    0.011,    0.011, -999.000,    0.011,    0.013,    0.011,    0.013, -999.000,    0.013,    0.014,    0.013,    0.016, -999.000,    0.013,    0.014,    0.013,    0.014, -999.000,
       217,2020091512,    0.011,    0.010,    0.011,    0.010,    0.015,    0.012,    0.011,    0.012,    0.009,    0.039,    0.013,    0.012,    0.013,    0.014, -999.000,    0.013,    0.012,    0.013,    0.013, -999.000,
       217,2020091506,    0.011,    0.015,    0.010,    0.010,    0.001,    0.012,    0.016,    0.011,    0.010,    0.001,    0.014,    0.015,    0.013,    0.012,    0.000,    0.014,    0.015,    0.013,    0.012,    0.000,
       217,2020091500,    0.012,    0.011,    0.012,    0.020, -999.000,    0.013,    0.012,    0.013,    0.016, -999.000,    0.014,    0.014,    0.014,    0.015, -999.000,    0.014,    0.013,    0.014,    0.018, -999.000,
       217,2020091418,    0.010,    0.011,    0.010,    0.011,    0.023,    0.011,    0.011,    0.010,    0.012,    0.000,    0.013,    0.014,    0.013,    0.014, -999.000,    0.013,    0.013,    0.013,    0.013, -999.000,
       217,2020091412,    0.012,    0.009,    0.012,    0.008, -999.000,    0.013,    0.011,    0.013,    0.014, -999.000,    0.014,    0.014,    0.014,    0.014, -999.000,    0.014,    0.013,    0.014,    0.011, -999.000,
       217,2020091406,    0.011,    0.013,    0.010,    0.011, -999.000,    0.012,    0.014,    0.011,    0.017,    0.001,    0.013,    0.015,    0.013,    0.016, -999.000,    0.013,    0.015,    0.013,    0.013, -999.000,
       217,2020091400,    0.012,    0.012,    0.012,    0.011,    0.042,    0.013,    0.012,    0.013,    0.011,    0.021,    0.014,    0.014,    0.014,    0.013, -999.000,    0.014,    0.014,    0.014,    0.012, -999.000,
       217,2020091318,    0.013,    0.015,    0.012,    0.013,    0.046,    0.013,    0.015,    0.013,    0.012,    0.030,    0.014,    0.015,    0.014,    0.013, -999.000,    0.014,    0.015,    0.014,    0.013, -999.000,
       217,2020091312,    0.012,    0.013,    0.012,    0.009,    0.000,    0.013,    0.012,    0.013,    0.011,    0.000,    0.015,    0.014,    0.015,    0.014, -999.000,    0.015,    0.015,    0.015,    0.012, -999.000,
       217,2020091306,    0.012,    0.015,    0.011,    0.016, -999.000,    0.013,    0.016,    0.012,    0.014, -999.000,    0.014,    0.016,    0.014,    0.015, -999.000,    0.014,    0.015,    0.014,    0.015, -999.000,
       217,2020091300,    0.013,    0.016,    0.012,    0.015, -999.000,    0.014,    0.015,    0.013,    0.018, -999.000,    0.015,    0.016,    0.015,    0.017, -999.000,    0.015,    0.017,    0.015,    0.016, -999.000,
       217,2020091218,    0.013,    0.014,    0.013,    0.011,    0.000,    0.014,    0.014,    0.014,    0.018, -999.000,    0.015,    0.016,    0.015,    0.017, -999.000,    0.015,    0.016,    0.015,    0.016, -999.000,
       217,2020091212,    0.014,    0.016,    0.013,    0.014,    0.001,    0.015,    0.016,    0.014,    0.014, -999.000,    0.016,    0.017,    0.015,    0.017, -999.000,    0.016,    0.016,    0.015,    0.016, -999.000,
       217,2020091206,    0.014,    0.016,    0.013,    0.010,    0.007,    0.014,    0.016,    0.013,    0.010,    0.009,    0.016,    0.017,    0.015,    0.014,    0.013,    0.016,    0.017,    0.015,    0.014,    0.013,
       217,2020091200,    0.013,    0.013,    0.013,    0.017,    0.019,    0.014,    0.012,    0.015,    0.016,    0.024,    0.015,    0.016,    0.015,    0.017, -999.000,    0.015,    0.015,    0.015,    0.016, -999.000,
       217,2020091118,    0.014,    0.011,    0.014,    0.011, -999.000,    0.015,    0.011,    0.016,    0.014,    0.004,    0.016,    0.014,    0.016,    0.014, -999.000,    0.016,    0.014,    0.016,    0.013, -999.000,
       217,2020091112,    0.014,    0.014,    0.014,    0.011,    0.027,    0.014,    0.016,    0.014,    0.014,    0.027,    0.016,    0.018,    0.016,    0.015,    0.028,    0.016,    0.017,    0.016,    0.012,    0.028,
       217,2020091106,    0.013,    0.016,    0.013,    0.012,    0.019,    0.014,    0.017,    0.013,    0.014,    0.025,    0.015,    0.016,    0.015,    0.018, -999.000,    0.015,    0.016,    0.015,    0.016, -999.000,
       217,2020091100,    0.014,    0.013,    0.014,    0.009, -999.000,    0.015,    0.012,    0.016,    0.013, -999.000,    0.016,    0.016,    0.016,    0.013, -999.000,    0.016,    0.016,    0.016,    0.012, -999.000,
       217,2020091018,    0.012,    0.015,    0.011,    0.010,    0.011,    0.013,    0.015,    0.013,    0.012,    0.009,    0.015,    0.017,    0.014,    0.014, -999.000,    0.015,    0.017,    0.014,    0.012, -999.000,
       217,2020091012,    0.013,    0.016,    0.012,    0.012,    0.038,    0.014,    0.015,    0.014,    0.012,    0.038,    0.016,    0.016,    0.015,    0.015,    0.018,    0.016,    0.016,    0.015,    0.017,    0.018,
       217,2020091006,    0.014,    0.016,    0.013,    0.018,    0.018,    0.015,    0.018,    0.014,    0.019,    0.018,    0.016,    0.018,    0.015,    0.021, -999.000,    0.016,    0.017,    0.015,    0.019, -999.000,
       217,2020091000,    0.014,    0.014,    0.014,    0.016,    0.037,    0.015,    0.014,    0.016,    0.017, -999.000,    0.016,    0.016,    0.016,    0.020, -999.000,    0.016,    0.016,    0.016,    0.019, -999.000,
       217,2020090918,    0.014,    0.015,    0.013,    0.018,    0.019,    0.014,    0.014,    0.014,    0.015,    0.030,    0.016,    0.016,    0.016,    0.017,    0.022,    0.016,    0.016,    0.016,    0.018,    0.022,
       217,2020090912,    0.015,    0.012,    0.016,    0.011, -999.000,    0.015,    0.013,    0.016,    0.013, -999.000,    0.016,    0.016,    0.017,    0.019, -999.000,    0.016,    0.015,    0.017,    0.016, -999.000,
       217,2020090906,    0.014,    0.015,    0.013,    0.020,    0.016,    0.015,    0.015,    0.014,    0.019,    0.016,    0.016,    0.016,    0.016,    0.017,    0.018,    0.016,    0.016,    0.016,    0.016,    0.018,
       217,2020090900,    0.014,    0.017,    0.014,    0.018,    0.054,    0.015,    0.017,    0.015,    0.012,    0.044,    0.017,    0.018,    0.016,    0.014, -999.000,    0.017,    0.018,    0.016,    0.019, -999.000,
       217,2020090818,    0.014,    0.015,    0.013,    0.022, -999.000,    0.014,    0.014,    0.014,    0.018, -999.000,    0.017,    0.016,    0.016,    0.019, -999.000,    0.017,    0.017,    0.016,    0.019, -999.000,
       217,2020090812,    0.014,    0.016,    0.014,    0.012, -999.000,    0.014,    0.016,    0.014,    0.013, -999.000,    0.016,    0.017,    0.016,    0.018, -999.000,    0.016,    0.017,    0.016,    0.016, -999.000,
       217,2020090806,    0.014,    0.016,    0.013,    0.009,    0.018,    0.015,    0.017,    0.015,    0.011,    0.018,    0.016,    0.018,    0.016,    0.017, -999.000,    0.016,    0.018,    0.016,    0.014, -999.000,
       217,2020090800,    0.014,    0.019,    0.013,    0.017,    0.000,    0.015,    0.019,    0.015,    0.019,    0.027,    0.016,    0.019,    0.016,    0.017, -999.000,    0.016,    0.018,    0.016,    0.016, -999.000,
       217,2020090718,    0.014,    0.014,    0.014,    0.013, -999.000,    0.016,    0.017,    0.016,    0.013, -999.000,    0.017,    0.018,    0.017,    0.015, -999.000,    0.017,    0.017,    0.017,    0.015, -999.000,
       217,2020090712,    0.016,    0.017,    0.015,    0.014, -999.000,    0.017,    0.018,    0.017,    0.012, -999.000,    0.018,    0.018,    0.017,    0.016, -999.000,    0.018,    0.018,    0.017,    0.018, -999.000,
       217,2020090706,    0.015,    0.018,    0.013,    0.011,    0.029,    0.016,    0.018,    0.015,    0.013,    0.023,    0.017,    0.018,    0.016,    0.016,    0.024,    0.017,    0.018,    0.016,    0.015,    0.024,
       217,2020090700,    0.014,    0.014,    0.014,    0.012, -999.000,    0.015,    0.013,    0.016,    0.014, -999.000,    0.017,    0.017,    0.016,    0.016, -999.000,    0.017,    0.018,    0.016,    0.016, -999.000,
       217,2020090618,    0.015,    0.016,    0.014,    0.010,    0.047,    0.015,    0.017,    0.015,    0.014, -999.000,    0.017,    0.018,    0.017,    0.017, -999.000,    0.017,    0.017,    0.017,    0.014, -999.000,
       217,2020090612,    0.016,    0.017,    0.015,    0.012,    0.059,    0.016,    0.018,    0.016,    0.015,    0.059,    0.018,    0.019,    0.018,    0.019, -999.000,    0.018,    0.019,    0.018,    0.017, -999.000,
       217,2020090606,    0.015,    0.019,    0.013,    0.014, -999.000,    0.017,    0.019,    0.016,    0.018, -999.000,    0.018,    0.019,    0.017,    0.021, -999.000,    0.018,    0.019,    0.017,    0.016, -999.000,
       217,2020090600,    0.017,    0.016,    0.017,    0.014,    0.000,    0.018,    0.016,    0.018,    0.016,    0.000,    0.019,    0.020,    0.019,    0.019, -999.000,    0.019,    0.019,    0.019,    0.019, -999.000,
       217,2020090518,    0.017,    0.018,    0.016,    0.018, -999.000,    0.017,    0.018,    0.017,    0.011, -999.000,    0.019,    0.018,    0.019,    0.017, -999.000,    0.019,    0.018,    0.019,    0.021, -999.000,
       217,2020090512,    0.015,    0.018,    0.015,    0.011,    0.003,    0.017,    0.017,    0.017,    0.011,    0.000,    0.018,    0.018,    0.018,    0.015,    0.005,    0.018,    0.019,    0.018,    0.013,    0.005,
       217,2020090506,    0.016,    0.019,    0.015,    0.014,    0.036,    0.017,    0.021,    0.016,    0.014,    0.036,    0.018,    0.020,    0.018,    0.020, -999.000,    0.018,    0.020,    0.018,    0.016, -999.000,
       217,2020090500,    0.015,    0.012,    0.015,    0.023, -999.000,    0.016,    0.013,    0.017,    0.021, -999.000,    0.018,    0.017,    0.018,    0.021, -999.000,    0.018,    0.017,    0.018,    0.020, -999.000,
       217,2020090418,    0.015,    0.016,    0.015,    0.013, -999.000,    0.017,    0.018,    0.016,    0.015, -999.000,    0.018,    0.019,    0.018,    0.017, -999.000,    0.018,    0.019,    0.018,    0.015, -999.000,
       217,2020090412,    0.015,    0.012,    0.015,    0.013,    0.026,    0.016,    0.014,    0.016,    0.019, -999.000,    0.017,    0.017,    0.017,    0.019, -999.000,    0.017,    0.016,    0.017,    0.017, -999.000,
       217,2020090406,    0.015,    0.016,    0.014,    0.019,    0.000,    0.017,    0.019,    0.016,    0.023,    0.000,    0.018,    0.019,    0.017,    0.019, -999.000,    0.018,    0.018,    0.017,    0.019, -999.000,
       217,2020090400,    0.016,    0.016,    0.016,    0.022,    0.060,    0.017,    0.016,    0.017,    0.025, -999.000,    0.018,    0.019,    0.018,    0.019, -999.000,    0.018,    0.017,    0.018,    0.019, -999.000,
       217,2020090318,    0.016,    0.017,    0.016,    0.016,    0.011,    0.017,    0.017,    0.017,    0.015,    0.009,    0.020,    0.019,    0.020,    0.018,    0.017,    0.020,    0.020,    0.020,    0.019,    0.017,
       217,2020090312,    0.015,    0.016,    0.015,    0.016,    0.035,    0.017,    0.018,    0.016,    0.019, -999.000,    0.018,    0.020,    0.018,    0.021,    0.034,    0.018,    0.018,    0.018,    0.020,    0.034,
       217,2020090306,    0.018,    0.022,    0.017,    0.018,    0.000,    0.019,    0.022,    0.017,    0.024,    0.000,    0.020,    0.021,    0.019,    0.021, -999.000,    0.020,    0.021,    0.019,    0.021, -999.000,
       217,2020090300,    0.018,    0.018,    0.019,    0.018,    0.033,    0.019,    0.019,    0.019,    0.019, -999.000,    0.020,    0.021,    0.020,    0.019,    0.042,    0.020,    0.020,    0.020,    0.021,    0.042,
       217,2020090218,    0.018,    0.020,    0.017,    0.022,    0.023,    0.018,    0.019,    0.018,    0.015,    0.023,    0.020,    0.021,    0.020,    0.018,    0.034,    0.020,    0.021,    0.020,    0.021,    0.034,
       217,2020090212,    0.015,    0.016,    0.015,    0.011, -999.000,    0.017,    0.018,    0.017,    0.010, -999.000,    0.018,    0.021,    0.018,    0.016, -999.000,    0.018,    0.019,    0.018,    0.018, -999.000,
       217,2020090206,    0.018,    0.020,    0.017,    0.015,    0.049,    0.019,    0.022,    0.018,    0.021,    0.015,    0.020,    0.022,    0.020,    0.020,    0.025,    0.020,    0.021,    0.020,    0.015,    0.025,
       217,2020090200,    0.015,    0.019,    0.015,    0.013, -999.000,    0.017,    0.020,    0.016,    0.016, -999.000,    0.018,    0.020,    0.018,    0.019, -999.000,    0.018,    0.020,    0.018,    0.015, -999.000,
       217,2020090118,    0.016,    0.017,    0.016,    0.016,    0.000,    0.017,    0.019,    0.017,    0.012,    0.000,    0.018,    0.020,    0.018,    0.016,    0.000,    0.018,    0.019,    0.018,    0.020,    0.000,
       217,2020090112,    0.015,    0.017,    0.014,    0.017,    0.060,    0.016,    0.019,    0.015,    0.012,    0.060,    0.018,    0.019,    0.018,    0.016, -999.000,    0.018,    0.019,    0.018,    0.020, -999.000,
       217,2020090106,    0.015,    0.019,    0.014,    0.013,    0.000,    0.017,    0.020,    0.016,    0.019,    0.000,    0.018,    0.020,    0.017,    0.023, -999.000,    0.018,    0.019,    0.017,    0.019, -999.000,
       217,2020090100,    0.016,    0.014,    0.016,    0.020, -999.000,    0.016,    0.015,    0.016,    0.020, -999.000,    0.019,    0.019,    0.018,    0.018, -999.000,    0.019,    0.019,    0.018,    0.020, -999.000,
       217,2020083118,    0.017,    0.017,    0.016,    0.016,    0.007,    0.017,    0.018,    0.017,    0.016,    0.005,    0.019,    0.020,    0.019,    0.018,    0.000,    0.019,    0.020,    0.019,    0.016,    0.000,
       217,2020083112,    0.017,    0.016,    0.017,    0.022,    0.035,    0.018,    0.019,    0.017,    0.018,    0.013,    0.020,    0.021,    0.020,    0.021,    0.040,    0.020,    0.020,    0.020,    0.022,    0.040,
       217,2020083106,    0.016,    0.019,    0.015,    0.018,    0.054,    0.017,    0.020,    0.016,    0.024, -999.000,    0.019,    0.020,    0.018,    0.020, -999.000,    0.019,    0.020,    0.018,    0.022, -999.000,
       217,2020083100,    0.017,    0.016,    0.016,    0.023,    0.007,    0.017,    0.015,    0.017,    0.024,    0.005,    0.019,    0.018,    0.019,    0.021, -999.000,    0.019,    0.018,    0.019,    0.022, -999.000,
       217,2020083018,    0.015,    0.017,    0.015,    0.018,    0.002,    0.016,    0.018,    0.015,    0.016, -999.000,    0.017,    0.018,    0.017,    0.019, -999.000,    0.017,    0.018,    0.017,    0.018, -999.000,
       217,2020083012,    0.016,    0.014,    0.016,    0.015, -999.000,    0.017,    0.017,    0.017,    0.020, -999.000,    0.019,    0.019,    0.019,    0.020, -999.000,    0.019,    0.018,    0.019,    0.018, -999.000,
       217,2020083006,    0.016,    0.019,    0.015,    0.029,    0.046,    0.016,    0.020,    0.015,    0.023,    0.035,    0.018,    0.018,    0.018,    0.019,    0.015,    0.018,    0.019,    0.018,    0.021,    0.015,
       217,2020083000,    0.016, -999.000,    0.016, -999.000, -999.000,    0.017, -999.000,    0.017, -999.000, -999.000,    0.018, -999.000,    0.018, -999.000, -999.000,    0.018, -999.000,    0.018, -999.000, -999.000,
