       355,2020092000,    0.016,   -0.003,    0.030,   -0.090,   -0.023,    0.019,   -0.004,    0.033,   -0.091,   -0.029,    0.079,    0.068,    0.076,    0.072,    0.016,    0.079,    0.070,    0.076,    0.069,    0.016,
       355,2020091918,    0.008,   -0.005,    0.022,   -0.096,   -0.061,    0.012,   -0.003,    0.029,   -0.108,   -0.043,    0.093,    0.080,    0.094,    0.095,    0.072,    0.093,    0.078,    0.094,    0.085,    0.072,
       355,2020091912,    0.015,    0.007,    0.027,   -0.109,    0.037,    0.018,    0.004,    0.033,   -0.105,    0.041,    0.084,    0.079,    0.078,    0.070,    0.062,    0.084,    0.078,    0.078,    0.074,    0.062,
       355,2020091906,    0.010,   -0.006,    0.026,   -0.108,    0.039,    0.013,   -0.005,    0.030,   -0.105,    0.048,    0.095,    0.081,    0.095,    0.060,    0.105,    0.095,    0.081,    0.095,    0.062,    0.105,
       355,2020091900,    0.019,    0.002,    0.033,   -0.093,    0.042,    0.019,    0.001,    0.035,   -0.104,    0.044,    0.085,    0.077,    0.081,    0.076,    0.094,    0.085,    0.077,    0.081,    0.069,    0.094,
       355,2020091818,    0.011,    0.007,    0.022,   -0.094,    0.052,    0.015,    0.008,    0.028,   -0.099,    0.057,    0.097,    0.083,    0.099,    0.081,    0.113,    0.097,    0.075,    0.099,    0.078,    0.113,
       355,2020091812,    0.020,    0.017,    0.031,   -0.093,    0.007,    0.023,    0.019,    0.033,   -0.091,    0.002,    0.083,    0.074,    0.080,    0.067,    0.049,    0.083,    0.074,    0.080,    0.072,    0.049,
       355,2020091806,    0.010,   -0.001,    0.026,   -0.104,    0.058,    0.015,    0.001,    0.033,   -0.109,    0.069,    0.098,    0.089,    0.098,    0.058,    0.109,    0.098,    0.087,    0.098,    0.059,    0.109,
       355,2020091800,    0.020,    0.005,    0.035,   -0.086,   -0.001,    0.021,    0.007,    0.035,   -0.095,   -0.007,    0.084,    0.077,    0.081,    0.069,    0.024,    0.084,    0.077,    0.081,    0.063,    0.024,
       355,2020091718,    0.012,    0.003,    0.027,   -0.098,    0.074,    0.015,    0.004,    0.030,   -0.097,    0.096,    0.094,    0.091,    0.090,    0.074,    0.177,    0.094,    0.088,    0.090,    0.074,    0.177,
       355,2020091712,    0.017,    0.002,    0.032,   -0.087,    0.076,    0.019,    0.001,    0.036,   -0.088,    0.075,    0.085,    0.079,    0.081,    0.070,    0.109,    0.085,    0.079,    0.081,    0.069,    0.109,
       355,2020091706,    0.005,    0.001,    0.018,   -0.101,    0.055,    0.009,    0.002,    0.024,   -0.102,    0.045,    0.096,    0.095,    0.092,    0.058,    0.103,    0.096,    0.095,    0.092,    0.060,    0.103,
       355,2020091700,    0.016,   -0.002,    0.030,   -0.074,    0.019,    0.018,   -0.002,    0.033,   -0.082,   -0.016,    0.081,    0.074,    0.081,    0.068,    0.082,    0.081,    0.070,    0.081,    0.060,    0.082,
       355,2020091618,    0.010,   -0.000,    0.026,   -0.082,   -0.038,    0.011,   -0.001,    0.029,   -0.090,   -0.010,    0.093,    0.090,    0.090,    0.075,    0.127,    0.093,    0.088,    0.090,    0.068,    0.127,
       355,2020091612,    0.013,   -0.001,    0.026,   -0.081,    0.025,    0.015,    0.001,    0.029,   -0.082,    0.019,    0.090,    0.081,    0.090,    0.069,    0.122,    0.090,    0.079,    0.090,    0.067,    0.122,
       355,2020091606,    0.011,   -0.002,    0.028,   -0.099,    0.019,    0.014,   -0.001,    0.033,   -0.099,    0.007,    0.094,    0.094,    0.090,    0.063,    0.089,    0.094,    0.092,    0.090,    0.060,    0.089,
       355,2020091600,    0.017,    0.005,    0.028,   -0.065,    0.078,    0.019,    0.003,    0.033,   -0.077,    0.074,    0.082,    0.079,    0.079,    0.075,    0.093,    0.082,    0.079,    0.079,    0.066,    0.093,
       355,2020091518,    0.008,   -0.003,    0.026,   -0.092,    0.036,    0.013,   -0.001,    0.035,   -0.101,    0.018,    0.103,    0.092,    0.103,    0.092,    0.130,    0.103,    0.092,    0.103,    0.080,    0.130,
       355,2020091512,    0.012,    0.005,    0.023,   -0.084,   -0.007,    0.015,    0.003,    0.029,   -0.089,    0.038,    0.095,    0.090,    0.093,    0.082,    0.040,    0.095,    0.088,    0.093,    0.083,    0.040,
       355,2020091506,    0.016,    0.003,    0.030,   -0.091,    0.060,    0.019,    0.005,    0.033,   -0.091,    0.033,    0.091,    0.089,    0.087,    0.081,    0.115,    0.091,    0.086,    0.087,    0.083,    0.115,
       355,2020091500,    0.014,    0.002,    0.024,   -0.062,   -0.010,    0.016,    0.001,    0.027,   -0.065,   -0.049,    0.083,    0.080,    0.082,    0.073,    0.118,    0.083,    0.078,    0.082,    0.073,    0.118,
       355,2020091418,    0.013,    0.001,    0.030,   -0.080,    0.030,    0.016,    0.002,    0.033,   -0.089,    0.037,    0.089,    0.080,    0.088,    0.076,    0.116,    0.089,    0.080,    0.088,    0.067,    0.116,
       355,2020091412,    0.012,    0.004,    0.021,   -0.069,   -0.049,    0.014,    0.001,    0.024,   -0.069,   -0.048,    0.084,    0.093,    0.081,    0.067,    0.045,    0.084,    0.087,    0.081,    0.066,    0.045,
       355,2020091406,    0.013,   -0.008,    0.029,   -0.074,    0.057,    0.017,   -0.004,    0.034,   -0.073,    0.052,    0.082,    0.083,    0.078,    0.067,    0.071,    0.082,    0.080,    0.078,    0.065,    0.071,
       355,2020091400,    0.013,   -0.009,    0.026,   -0.060,    0.021,    0.016,   -0.009,    0.029,   -0.058,   -0.023,    0.079,    0.081,    0.075,    0.054,    0.079,    0.079,    0.081,    0.075,    0.061,    0.079,
       355,2020091318,    0.006,   -0.007,    0.020,   -0.074,    0.041,    0.009,   -0.006,    0.024,   -0.077,    0.031,    0.074,    0.075,    0.069,    0.064,    0.105,    0.074,    0.073,    0.069,    0.059,    0.105,
       355,2020091312,    0.014,    0.006,    0.024,   -0.076,   -0.016,    0.015,    0.004,    0.027,   -0.078,    0.004,    0.076,    0.084,    0.070,    0.058,    0.040,    0.076,    0.082,    0.070,    0.058,    0.040,
       355,2020091306,    0.009,   -0.001,    0.020,   -0.076,   -0.059,    0.012,   -0.000,    0.024,   -0.079,    0.046,    0.074,    0.077,    0.071,    0.054,    0.106,    0.074,    0.075,    0.071,    0.051,    0.106,
       355,2020091300,    0.013,   -0.003,    0.025,   -0.060,    0.079,    0.015,   -0.004,    0.028,   -0.060,    0.060,    0.074,    0.073,    0.071,    0.062,    0.092,    0.074,    0.072,    0.071,    0.063,    0.092,
       355,2020091218,    0.006,    0.004,    0.017,   -0.075,   -0.004,    0.008,    0.002,    0.020,   -0.076,    0.016,    0.068,    0.069,    0.062,    0.062,    0.084,    0.068,    0.066,    0.062,    0.060,    0.084,
       355,2020091212,    0.010,    0.005,    0.019,   -0.062,   -0.012,    0.014,    0.004,    0.024,   -0.063,    0.000,    0.071,    0.071,    0.071,    0.056,    0.019,    0.071,    0.068,    0.071,    0.055,    0.019,
       355,2020091206,    0.008,    0.000,    0.018,   -0.069,    0.060,    0.011,    0.002,    0.022,   -0.069,    0.019,    0.068,    0.071,    0.063,    0.050,    0.070,    0.068,    0.071,    0.063,    0.051,    0.070,
       355,2020091200,    0.014,   -0.001,    0.025,   -0.061, -999.000,    0.017,   -0.001,    0.029,   -0.067,   -0.041,    0.067,    0.063,    0.065,    0.062, -999.000,    0.067,    0.063,    0.065,    0.058, -999.000,
       355,2020091118,    0.007,    0.000,    0.017,   -0.059,    0.011,    0.009,   -0.000,    0.020,   -0.066,    0.014,    0.066,    0.065,    0.064,    0.054,    0.082,    0.066,    0.065,    0.064,    0.050,    0.082,
       355,2020091112,    0.009,    0.001,    0.018,   -0.066,   -0.039,    0.012,    0.001,    0.021,   -0.065,    0.021,    0.071,    0.073,    0.069,    0.055,    0.074,    0.071,    0.069,    0.069,    0.053,    0.074,
       355,2020091106,    0.012,    0.003,    0.022,   -0.064,    0.042,    0.015,    0.003,    0.027,   -0.064,    0.042,    0.070,    0.066,    0.069,    0.048,    0.040,    0.070,    0.064,    0.069,    0.049,    0.040,
       355,2020091100,    0.009,   -0.001,    0.017,   -0.057,   -0.007,    0.012,   -0.002,    0.021,   -0.058,   -0.035,    0.062,    0.057,    0.061,    0.046, -999.000,    0.062,    0.057,    0.061,    0.048, -999.000,
       355,2020091018,    0.012,    0.003,    0.025,   -0.065,    0.053,    0.014,    0.001,    0.030,   -0.069,    0.053,    0.071,    0.064,    0.071,    0.050,    0.075,    0.071,    0.062,    0.071,    0.046,    0.075,
       355,2020091012,    0.009,    0.007,    0.018,   -0.072,   -0.002,    0.011,    0.003,    0.021,   -0.077,   -0.008,    0.065,    0.063,    0.062,    0.053,    0.097,    0.065,    0.059,    0.062,    0.050,    0.097,
       355,2020091006,    0.012,   -0.004,    0.025,   -0.060,    0.046,    0.016,   -0.001,    0.029,   -0.060,    0.047,    0.067,    0.064,    0.066,    0.046,    0.082,    0.067,    0.062,    0.066,    0.046,    0.082,
       355,2020091000,    0.011,    0.003,    0.018,   -0.051,   -0.002,    0.012,    0.003,    0.020,   -0.055,    0.012,    0.058,    0.054,    0.058,    0.051,    0.098,    0.058,    0.054,    0.058,    0.049,    0.098,
       355,2020090918,    0.014,   -0.004,    0.029,   -0.057,    0.048,    0.015,   -0.004,    0.031,   -0.063,    0.059,    0.066,    0.064,    0.063,    0.047,    0.077,    0.066,    0.060,    0.063,    0.044,    0.077,
       355,2020090912,    0.010,    0.009,    0.016,   -0.069,   -0.004,    0.011,    0.007,    0.019,   -0.068,   -0.007,    0.059,    0.058,    0.056,    0.045,    0.054,    0.059,    0.056,    0.056,    0.044,    0.054,
       355,2020090906,    0.016,   -0.001,    0.029,   -0.062,    0.036,    0.018,    0.001,    0.032,   -0.067,    0.046,    0.064,    0.064,    0.061,    0.048,    0.079,    0.064,    0.062,    0.061,    0.045,    0.079,
       355,2020090900,    0.010,    0.010,    0.015,   -0.054,   -0.004,    0.011,    0.011,    0.016,   -0.057,    0.030,    0.056,    0.052,    0.055,    0.049,    0.019,    0.056,    0.053,    0.055,    0.049,    0.019,
       355,2020090818,    0.010,   -0.001,    0.021,   -0.058,   -0.014,    0.012,   -0.001,    0.025,   -0.064,    0.003,    0.063,    0.059,    0.063,    0.054,    0.058,    0.063,    0.057,    0.063,    0.047,    0.058,
       355,2020090812,    0.011,    0.011,    0.018,   -0.066,   -0.015,    0.012,    0.008,    0.019,   -0.063,   -0.001,    0.059,    0.060,    0.056,    0.051,    0.056,    0.059,    0.056,    0.056,    0.053,    0.056,
       355,2020090806,    0.015,   -0.002,    0.027,   -0.058,    0.012,    0.017,   -0.002,    0.030,   -0.058,    0.024,    0.064,    0.060,    0.063,    0.058,    0.059,    0.064,    0.058,    0.063,    0.057,    0.059,
       355,2020090800,    0.014,    0.010,    0.020,   -0.067,   -0.010,    0.015,    0.010,    0.022,   -0.069,   -0.006,    0.060,    0.056,    0.058,    0.064,    0.030,    0.060,    0.057,    0.058,    0.063,    0.030,
       355,2020090718,    0.010,   -0.007,    0.023,   -0.065,    0.027,    0.013,   -0.008,    0.028,   -0.070,    0.015,    0.066,    0.063,    0.062,    0.057,    0.106,    0.066,    0.060,    0.062,    0.055,    0.106,
       355,2020090712,    0.013,    0.010,    0.020,   -0.073,    0.020,    0.016,    0.012,    0.023,   -0.071,    0.041,    0.061,    0.062,    0.056,    0.054,    0.067,    0.061,    0.061,    0.056,    0.059,    0.067,
       355,2020090706,    0.013,   -0.008,    0.027,   -0.060,    0.049,    0.015,   -0.007,    0.030,   -0.059,    0.060,    0.067,    0.064,    0.064,    0.041,    0.043,    0.067,    0.062,    0.064,    0.045,    0.043,
       355,2020090700,    0.013,    0.008,    0.021,   -0.063,    0.000,    0.015,    0.008,    0.024,   -0.063,    0.007,    0.060,    0.057,    0.057,    0.055,    0.036,    0.060,    0.057,    0.057,    0.057,    0.036,
       355,2020090618,    0.007,   -0.009,    0.020,   -0.071,    0.060,    0.009,   -0.008,    0.023,   -0.073,    0.068,    0.066,    0.055,    0.065,    0.058,    0.062,    0.066,    0.054,    0.065,    0.058,    0.062,
       355,2020090612,    0.016,    0.009,    0.026,   -0.074,   -0.032,    0.018,    0.010,    0.028,   -0.071,   -0.033,    0.062,    0.059,    0.057,    0.055,    0.074,    0.062,    0.058,    0.057,    0.058,    0.074,
       355,2020090606,    0.008,   -0.006,    0.018,   -0.070,   -0.002,    0.011,   -0.003,    0.022,   -0.071,    0.002,    0.066,    0.059,    0.066,    0.054,    0.058,    0.066,    0.058,    0.066,    0.053,    0.058,
       355,2020090600,    0.015,    0.004,    0.025,   -0.062,    0.031,    0.016,    0.004,    0.026,   -0.062,    0.036,    0.058,    0.055,    0.055,    0.049,    0.048,    0.058,    0.055,    0.055,    0.051,    0.048,
       355,2020090518,    0.008,   -0.006,    0.020,   -0.054,   -0.023,    0.009,   -0.004,    0.023,   -0.058,    0.001,    0.060,    0.052,    0.060,    0.053,    0.041,    0.060,    0.050,    0.060,    0.051,    0.041,
       355,2020090512,    0.012,    0.013,    0.018,   -0.057,    0.024,    0.013,    0.011,    0.020,   -0.059,    0.022,    0.058,    0.057,    0.057,    0.045,    0.048,    0.058,    0.053,    0.057,    0.042,    0.048,
       355,2020090506,    0.013,    0.006,    0.022,   -0.050,    0.016,    0.015,    0.009,    0.024,   -0.053,    0.011,    0.058,    0.051,    0.059,    0.049,    0.078,    0.058,    0.051,    0.059,    0.048,    0.078,
       355,2020090500,    0.012,    0.007,    0.019,   -0.051,    0.038,    0.016,    0.009,    0.025,   -0.055,    0.034,    0.059,    0.052,    0.058,    0.051,    0.119,    0.059,    0.053,    0.058,    0.048,    0.119,
       355,2020090418,    0.012,    0.007,    0.021,   -0.051,    0.036,    0.013,    0.007,    0.023,   -0.055,    0.027,    0.058,    0.050,    0.058,    0.056,    0.058,    0.058,    0.049,    0.058,    0.050,    0.058,
       355,2020090412,    0.006,    0.016,    0.008,   -0.047,   -0.013,    0.010,    0.018,    0.013,   -0.051,   -0.011,    0.059,    0.058,    0.058,    0.050,    0.050,    0.059,    0.056,    0.058,    0.047,    0.050,
       355,2020090406,    0.019,    0.009,    0.026,   -0.033,    0.030,    0.020,    0.011,    0.028,   -0.038,    0.041,    0.055,    0.050,    0.056,    0.045,    0.069,    0.055,    0.049,    0.056,    0.039,    0.069,
       355,2020090400,    0.005,    0.008,    0.008,   -0.042,   -0.007,    0.008,    0.009,    0.013,   -0.051,   -0.006,    0.058,    0.055,    0.058,    0.060,    0.008,    0.058,    0.055,    0.058,    0.049,    0.008,
       355,2020090318,    0.015,    0.006,    0.024,   -0.046,    0.018,    0.016,    0.006,    0.027,   -0.056,    0.022,    0.058,    0.053,    0.058,    0.058,    0.062,    0.058,    0.052,    0.058,    0.048,    0.062,
       355,2020090312,    0.008,    0.019,    0.009,   -0.042,   -0.016,    0.011,    0.020,    0.013,   -0.046,   -0.016,    0.058,    0.054,    0.058,    0.053,    0.013,    0.058,    0.055,    0.058,    0.050,    0.013,
       355,2020090306,    0.013,    0.004,    0.022,   -0.034,    0.014,    0.015,    0.005,    0.024,   -0.038,    0.032,    0.057,    0.049,    0.059,    0.053,    0.069,    0.057,    0.049,    0.059,    0.049,    0.069,
       355,2020090300,    0.008,    0.006,    0.012,   -0.035,    0.024,    0.009,    0.006,    0.014,   -0.044,    0.042,    0.055,    0.048,    0.056,    0.054,    0.065,    0.055,    0.050,    0.056,    0.045,    0.065,
       355,2020090218,    0.008,   -0.003,    0.017,   -0.041,   -0.006,    0.007,   -0.004,    0.018,   -0.051,   -0.008,    0.050,    0.040,    0.052,    0.054,    0.042,    0.050,    0.039,    0.052,    0.044,    0.042,
       355,2020090212,    0.006,    0.009,    0.010,   -0.041,    0.010,    0.008,    0.009,    0.013,   -0.042,    0.017,    0.050,    0.044,    0.051,    0.045,    0.036,    0.050,    0.042,    0.051,    0.045,    0.036,
       355,2020090206,    0.010,   -0.002,    0.019,   -0.030,    0.043,    0.011,   -0.001,    0.020,   -0.036,    0.040,    0.051,    0.046,    0.052,    0.046,    0.049,    0.051,    0.046,    0.052,    0.039,    0.049,
       355,2020090200,    0.007,    0.005,    0.011,   -0.032,    0.005,    0.009,    0.005,    0.014,   -0.034,   -0.002,    0.048,    0.042,    0.049,    0.042,    0.051,    0.048,    0.042,    0.049,    0.042,    0.051,
       355,2020090118,    0.010,    0.002,    0.017,   -0.040,    0.008,    0.010,    0.001,    0.018,   -0.047,    0.014,    0.052,    0.045,    0.053,    0.053,    0.057,    0.052,    0.041,    0.053,    0.048,    0.057,
       355,2020090112,    0.010,    0.013,    0.013,   -0.039,    0.024,    0.012,    0.013,    0.016,   -0.040,    0.012,    0.049,    0.045,    0.049,    0.041,    0.029,    0.049,    0.045,    0.049,    0.042,    0.029,
       355,2020090106,    0.009,   -0.006,    0.018,   -0.046,    0.011,    0.009,   -0.004,    0.018,   -0.043,    0.004,    0.060,    0.053,    0.059,    0.044,    0.086,    0.060,    0.054,    0.059,    0.049,    0.086,
       355,2020090100,    0.010,    0.012,    0.012,   -0.039,    0.044,    0.012,    0.012,    0.016,   -0.044,    0.043,    0.053,    0.048,    0.053,    0.056,    0.044,    0.053,    0.047,    0.053,    0.052,    0.044,
       355,2020083118,    0.007,   -0.004,    0.016,   -0.039,   -0.005,    0.008,   -0.000,    0.017,   -0.044,    0.013,    0.055,    0.046,    0.057,    0.049,    0.064,    0.055,    0.045,    0.057,    0.046,    0.064,
       355,2020083112,    0.010,    0.011,    0.013,   -0.039,    0.003,    0.011,    0.010,    0.014,   -0.038,    0.008,    0.051,    0.051,    0.050,    0.042,    0.038,    0.051,    0.049,    0.050,    0.049,    0.038,
       355,2020083106,    0.008,   -0.003,    0.016,   -0.048,    0.073,    0.010,   -0.002,    0.019,   -0.048,    0.072,    0.058,    0.052,    0.058,    0.050,    0.049,    0.058,    0.052,    0.058,    0.049,    0.049,
       355,2020083100,    0.012,    0.014,    0.014,   -0.029,    0.013,    0.012,    0.014,    0.015,   -0.036,    0.025,    0.049,    0.047,    0.048,    0.054,    0.030,    0.049,    0.048,    0.048,    0.048,    0.030,
       355,2020083018,    0.006,   -0.002,    0.014,   -0.045,   -0.051,    0.008,   -0.002,    0.018,   -0.045,   -0.025,    0.058,    0.054,    0.059,    0.052,    0.030,    0.058,    0.052,    0.059,    0.053,    0.030,
       355,2020083012,    0.012,    0.016,    0.016,   -0.052,   -0.019,    0.014,    0.014,    0.019,   -0.051,   -0.015,    0.058,    0.057,    0.056,    0.059,    0.049,    0.058,    0.057,    0.056,    0.058,    0.049,
       355,2020083006,    0.011,    0.000,    0.019,   -0.035,   -0.004,    0.013,    0.001,    0.021,   -0.037,    0.017,    0.059,    0.055,    0.058,    0.061,    0.078,    0.059,    0.055,    0.058,    0.060,    0.078,
       355,2020083000,    0.009,    0.004,    0.015,   -0.043,    0.048,    0.012,    0.005,    0.018,   -0.037,    0.031,    0.056,    0.052,    0.054,    0.053,    0.056,    0.056,    0.054,    0.054,    0.057,    0.056,
