       283,2020092000,   -0.023,   -0.029,   -0.021,   -0.025,   -0.000,   -0.024,   -0.029,   -0.022,   -0.027,   -0.000,    0.023,    0.024,    0.023,    0.027, -999.000,    0.023,    0.024,    0.023,    0.023, -999.000,
       283,2020091918,   -0.025,   -0.022,   -0.026,   -0.031,   -0.008,   -0.023,   -0.021,   -0.024,   -0.024,   -0.019,    0.024,    0.022,    0.025,    0.023,    0.010,    0.024,    0.023,    0.025,    0.025,    0.010,
       283,2020091912,   -0.025,   -0.026,   -0.025,   -0.021,   -0.054,   -0.025,   -0.026,   -0.025,   -0.021,   -0.054,    0.025,    0.025,    0.024,    0.024,    0.034,    0.025,    0.025,    0.024,    0.027,    0.034,
       283,2020091906,   -0.025,   -0.024,   -0.025,   -0.023,   -0.025,   -0.025,   -0.024,   -0.025,   -0.036,   -0.035,    0.024,    0.024,    0.024,    0.028,    0.032,    0.024,    0.024,    0.024,    0.024,    0.032,
       283,2020091900,   -0.024,   -0.027,   -0.024,   -0.017, -999.000,   -0.024,   -0.027,   -0.024,   -0.020,   -0.014,    0.024,    0.025,    0.024,    0.021, -999.000,    0.024,    0.025,    0.024,    0.020, -999.000,
       283,2020091818,   -0.022,   -0.020,   -0.023,   -0.023,   -0.035,   -0.023,   -0.021,   -0.023,   -0.022,   -0.035,    0.024,    0.023,    0.024,    0.022,    0.030,    0.024,    0.022,    0.024,    0.021,    0.030,
       283,2020091812,   -0.024,   -0.027,   -0.023,   -0.024,   -0.035,   -0.025,   -0.026,   -0.024,   -0.022,   -0.035,    0.024,    0.025,    0.024,    0.025,    0.038,    0.024,    0.025,    0.024,    0.028,    0.038,
       283,2020091806,   -0.025,   -0.026,   -0.025,   -0.018,   -0.048,   -0.024,   -0.025,   -0.023,   -0.023,   -0.044,    0.024,    0.023,    0.025,    0.025,    0.032,    0.024,    0.024,    0.025,    0.023,    0.032,
       283,2020091800,   -0.026,   -0.027,   -0.026,   -0.020, -999.000,   -0.025,   -0.027,   -0.025,   -0.032, -999.000,    0.025,    0.025,    0.025,    0.023, -999.000,    0.025,    0.026,    0.025,    0.020, -999.000,
       283,2020091718,   -0.025,   -0.021,   -0.027,   -0.010,   -0.001,   -0.025,   -0.021,   -0.027,   -0.015,   -0.002,    0.025,    0.023,    0.026,    0.016,    0.001,    0.025,    0.023,    0.026,    0.018,    0.001,
       283,2020091712,   -0.024,   -0.025,   -0.023,   -0.027,   -0.067,   -0.023,   -0.025,   -0.023,   -0.031,   -0.051,    0.025,    0.025,    0.024,    0.027,    0.012,    0.025,    0.026,    0.024,    0.027,    0.012,
       283,2020091706,   -0.026,   -0.025,   -0.027,   -0.036,   -0.012,   -0.025,   -0.024,   -0.026,   -0.032,   -0.011,    0.025,    0.025,    0.025,    0.030,    0.017,    0.025,    0.026,    0.025,    0.029,    0.017,
       283,2020091700,   -0.026,   -0.027,   -0.025,   -0.033,   -0.072,   -0.025,   -0.026,   -0.025,   -0.026,   -0.073,    0.026,    0.026,    0.026,    0.026, -999.000,    0.026,    0.027,    0.026,    0.030, -999.000,
       283,2020091618,   -0.026,   -0.023,   -0.028,   -0.016,   -0.015,   -0.026,   -0.024,   -0.027,   -0.029,   -0.016,    0.025,    0.025,    0.026,    0.030,    0.026,    0.025,    0.025,    0.026,    0.020,    0.026,
       283,2020091612,   -0.026,   -0.026,   -0.026,   -0.027,   -0.040,   -0.026,   -0.026,   -0.025,   -0.027,   -0.039,    0.026,    0.026,    0.026,    0.032,    0.033,    0.026,    0.026,    0.026,    0.027,    0.033,
       283,2020091606,   -0.024,   -0.021,   -0.026,   -0.025,   -0.031,   -0.025,   -0.022,   -0.027,   -0.027,   -0.035,    0.025,    0.025,    0.026,    0.029,    0.026,    0.025,    0.024,    0.026,    0.025,    0.026,
       283,2020091600,   -0.025,   -0.026,   -0.025,   -0.024,   -0.024,   -0.025,   -0.025,   -0.026,   -0.024,   -0.025,    0.025,    0.025,    0.026,    0.025,    0.035,    0.025,    0.025,    0.026,    0.027,    0.035,
       283,2020091518,   -0.024,   -0.026,   -0.024,   -0.021,   -0.032,   -0.025,   -0.026,   -0.025,   -0.038,   -0.024,    0.025,    0.027,    0.025,    0.032,    0.006,    0.025,    0.027,    0.025,    0.027,    0.006,
       283,2020091512,   -0.026,   -0.025,   -0.027,   -0.027,   -0.061,   -0.026,   -0.024,   -0.027,   -0.028,   -0.059,    0.026,    0.025,    0.027,    0.030,    0.029,    0.026,    0.026,    0.027,    0.027,    0.029,
       283,2020091506,   -0.024,   -0.025,   -0.024,   -0.024,   -0.012,   -0.025,   -0.025,   -0.025,   -0.028,   -0.012,    0.026,    0.026,    0.026,    0.028,    0.020,    0.026,    0.026,    0.026,    0.026,    0.020,
       283,2020091500,   -0.026,   -0.030,   -0.025,   -0.044, -999.000,   -0.027,   -0.029,   -0.026,   -0.032,   -0.078,    0.026,    0.027,    0.026,    0.029, -999.000,    0.026,    0.027,    0.026,    0.030, -999.000,
       283,2020091418,   -0.024,   -0.023,   -0.024,   -0.029,   -0.028,   -0.023,   -0.023,   -0.023,   -0.029,   -0.036,    0.026,    0.025,    0.026,    0.027,    0.026,    0.026,    0.025,    0.026,    0.025,    0.026,
       283,2020091412,   -0.026,   -0.026,   -0.026,   -0.034,   -0.053,   -0.026,   -0.026,   -0.026,   -0.040,   -0.046,    0.027,    0.026,    0.026,    0.030,    0.046,    0.027,    0.027,    0.026,    0.034,    0.046,
       283,2020091406,   -0.025,   -0.025,   -0.025,   -0.032,   -0.021,   -0.025,   -0.024,   -0.025,   -0.039,   -0.016,    0.026,    0.026,    0.026,    0.027,    0.036,    0.026,    0.027,    0.026,    0.026,    0.036,
       283,2020091400,   -0.025,   -0.029,   -0.024,   -0.021,   -0.072,   -0.027,   -0.030,   -0.026,   -0.021,   -0.042,    0.026,    0.028,    0.025,    0.023, -999.000,    0.026,    0.027,    0.025,    0.024, -999.000,
       283,2020091318,   -0.025,   -0.025,   -0.026,   -0.029,   -0.052,   -0.026,   -0.025,   -0.027,   -0.028,   -0.042,    0.025,    0.026,    0.025,    0.028,    0.040,    0.025,    0.025,    0.025,    0.026,    0.040,
       283,2020091312,   -0.024,   -0.024,   -0.024,   -0.022,   -0.028,   -0.025,   -0.025,   -0.025,   -0.028,   -0.019,    0.025,    0.025,    0.025,    0.027,    0.040,    0.025,    0.025,    0.025,    0.022,    0.040,
       283,2020091306,   -0.023,   -0.022,   -0.023,   -0.035,   -0.072,   -0.023,   -0.023,   -0.024,   -0.030,   -0.067,    0.025,    0.025,    0.025,    0.026,    0.003,    0.025,    0.025,    0.025,    0.026,    0.003,
       283,2020091300,   -0.025,   -0.029,   -0.023,   -0.022,   -0.029,   -0.025,   -0.029,   -0.024,   -0.027,   -0.049,    0.025,    0.026,    0.025,    0.025, -999.000,    0.025,    0.026,    0.025,    0.024, -999.000,
       283,2020091218,   -0.025,   -0.021,   -0.027,   -0.020,   -0.046,   -0.025,   -0.022,   -0.027,   -0.030,   -0.042,    0.026,    0.024,    0.026,    0.025,    0.029,    0.026,    0.025,    0.026,    0.025,    0.029,
       283,2020091212,   -0.025,   -0.026,   -0.025,   -0.038,   -0.001,   -0.026,   -0.026,   -0.025,   -0.041,   -0.022,    0.026,    0.026,    0.025,    0.031, -999.000,    0.026,    0.026,    0.025,    0.031, -999.000,
       283,2020091206,   -0.025,   -0.025,   -0.025,   -0.028,   -0.025,   -0.024,   -0.024,   -0.025,   -0.023,   -0.018,    0.026,    0.025,    0.026,    0.025,    0.031,    0.026,    0.026,    0.026,    0.029,    0.031,
       283,2020091200,   -0.028,   -0.027,   -0.028,   -0.024, -999.000,   -0.027,   -0.026,   -0.028,   -0.023,   -0.054,    0.027,    0.027,    0.027,    0.022, -999.000,    0.027,    0.028,    0.027,    0.020, -999.000,
       283,2020091118,   -0.026,   -0.022,   -0.028,   -0.034,   -0.040,   -0.027,   -0.022,   -0.030,   -0.042,   -0.024,    0.026,    0.025,    0.026,    0.026,    0.012,    0.026,    0.024,    0.026,    0.028,    0.012,
       283,2020091112,   -0.027,   -0.025,   -0.027,   -0.024,   -0.040,   -0.026,   -0.025,   -0.027,   -0.025,   -0.026,    0.027,    0.027,    0.027,    0.027,    0.039,    0.027,    0.028,    0.027,    0.026,    0.039,
       283,2020091106,   -0.026,   -0.024,   -0.026,   -0.020,   -0.048,   -0.026,   -0.025,   -0.026,   -0.027,   -0.049,    0.026,    0.026,    0.026,    0.031,    0.033,    0.026,    0.025,    0.026,    0.033,    0.033,
       283,2020091100,   -0.027,   -0.026,   -0.027,   -0.014, -999.000,   -0.027,   -0.026,   -0.027,   -0.019, -999.000,    0.027,    0.027,    0.027,    0.019, -999.000,    0.027,    0.028,    0.027,    0.015, -999.000,
       283,2020091018,   -0.026,   -0.027,   -0.026,   -0.022,   -0.004,   -0.027,   -0.027,   -0.027,   -0.029,   -0.033,    0.027,    0.027,    0.027,    0.029, -999.000,    0.027,    0.027,    0.027,    0.023, -999.000,
       283,2020091012,   -0.028,   -0.027,   -0.028,   -0.037,   -0.043,   -0.027,   -0.027,   -0.028,   -0.022,   -0.058,    0.028,    0.026,    0.029,    0.025,    0.011,    0.028,    0.028,    0.029,    0.034,    0.011,
       283,2020091006,   -0.026,   -0.026,   -0.026,   -0.034,   -0.039,   -0.028,   -0.027,   -0.028,   -0.043,   -0.041,    0.027,    0.028,    0.027,    0.037,    0.037,    0.027,    0.027,    0.027,    0.033,    0.037,
       283,2020091000,   -0.027,   -0.028,   -0.026,   -0.023,   -0.022,   -0.027,   -0.028,   -0.027,   -0.025,   -0.057,    0.027,    0.027,    0.027,    0.029, -999.000,    0.027,    0.027,    0.027,    0.022, -999.000,
       283,2020090918,   -0.026,   -0.026,   -0.026,   -0.038,   -0.031,   -0.027,   -0.029,   -0.027,   -0.035,   -0.036,    0.027,    0.028,    0.027,    0.028,    0.026,    0.027,    0.027,    0.027,    0.028,    0.026,
       283,2020090912,   -0.028,   -0.026,   -0.028,   -0.023,   -0.047,   -0.028,   -0.026,   -0.028,   -0.038,   -0.046,    0.027,    0.027,    0.027,    0.034,    0.040,    0.027,    0.027,    0.027,    0.026,    0.040,
       283,2020090906,   -0.027,   -0.023,   -0.029,   -0.028,   -0.043,   -0.026,   -0.023,   -0.028,   -0.030,   -0.021,    0.027,    0.026,    0.028,    0.023,    0.036,    0.027,    0.025,    0.028,    0.025,    0.036,
       283,2020090900,   -0.027,   -0.031,   -0.025,   -0.028,   -0.071,   -0.026,   -0.030,   -0.025,   -0.024,   -0.074,    0.027,    0.028,    0.026,    0.022,    0.007,    0.027,    0.028,    0.026,    0.025,    0.007,
       283,2020090818,   -0.026,   -0.026,   -0.026,   -0.023,   -0.056,   -0.027,   -0.026,   -0.027,   -0.039,   -0.047,    0.026,    0.027,    0.026,    0.031,    0.032,    0.026,    0.026,    0.026,    0.020,    0.032,
       283,2020090812,   -0.026,   -0.026,   -0.026,   -0.019,   -0.046,   -0.025,   -0.026,   -0.025,   -0.024,   -0.042,    0.027,    0.027,    0.027,    0.028, -999.000,    0.027,    0.027,    0.027,    0.021, -999.000,
       283,2020090806,   -0.025,   -0.026,   -0.024,   -0.019,   -0.034,   -0.027,   -0.027,   -0.027,   -0.032,   -0.037,    0.026,    0.028,    0.025,    0.034,    0.032,    0.026,    0.027,    0.025,    0.021,    0.032,
       283,2020090800,   -0.027,   -0.030,   -0.026,   -0.031,   -0.000,   -0.027,   -0.029,   -0.026,   -0.035,   -0.039,    0.027,    0.027,    0.026,    0.031, -999.000,    0.027,    0.028,    0.026,    0.030, -999.000,
       283,2020090718,   -0.026,   -0.024,   -0.026,   -0.029,   -0.049,   -0.027,   -0.025,   -0.027,   -0.026,   -0.045,    0.027,    0.027,    0.027,    0.027,    0.039,    0.027,    0.027,    0.027,    0.028,    0.039,
       283,2020090712,   -0.028,   -0.029,   -0.027,   -0.033,   -0.012,   -0.027,   -0.029,   -0.027,   -0.026,   -0.012,    0.027,    0.027,    0.027,    0.029,    0.018,    0.027,    0.028,    0.027,    0.031,    0.018,
       283,2020090706,   -0.026,   -0.026,   -0.026,   -0.017,   -0.007,   -0.026,   -0.025,   -0.027,   -0.023,   -0.023,    0.026,    0.026,    0.027,    0.027,    0.009,    0.026,    0.026,    0.027,    0.021,    0.009,
       283,2020090700,   -0.027,   -0.025,   -0.028,   -0.014,   -0.001,   -0.026,   -0.025,   -0.026,   -0.025,   -0.019,    0.027,    0.026,    0.028,    0.025,    0.000,    0.027,    0.027,    0.028,    0.021,    0.000,
       283,2020090618,   -0.027,   -0.025,   -0.028,   -0.024,   -0.038,   -0.027,   -0.026,   -0.028,   -0.025,   -0.044,    0.026,    0.026,    0.026,    0.028,    0.039,    0.026,    0.025,    0.026,    0.029,    0.039,
       283,2020090612,   -0.028,   -0.028,   -0.028,   -0.027,   -0.060,   -0.026,   -0.026,   -0.025,   -0.021,   -0.066,    0.028,    0.027,    0.027,    0.030,    0.029,    0.028,    0.028,    0.027,    0.029,    0.029,
       283,2020090606,   -0.025,   -0.024,   -0.025,   -0.032,   -0.078,   -0.026,   -0.026,   -0.026,   -0.037,   -0.081,    0.026,    0.026,    0.026,    0.036, -999.000,    0.026,    0.025,    0.026,    0.028, -999.000,
       283,2020090600,   -0.027,   -0.026,   -0.027,   -0.018,   -0.011,   -0.026,   -0.026,   -0.027,   -0.026,   -0.010,    0.027,    0.026,    0.027,    0.026,    0.015,    0.027,    0.027,    0.027,    0.023,    0.015,
       283,2020090518,   -0.026,   -0.022,   -0.027,   -0.029,   -0.022,   -0.026,   -0.023,   -0.027,   -0.020,   -0.032,    0.026,    0.024,    0.026,    0.023,    0.031,    0.026,    0.024,    0.026,    0.026,    0.031,
       283,2020090512,   -0.025,   -0.026,   -0.025,   -0.021,   -0.009,   -0.025,   -0.025,   -0.025,   -0.016,   -0.000,    0.026,    0.026,    0.026,    0.020, -999.000,    0.026,    0.026,    0.026,    0.022, -999.000,
       283,2020090506,   -0.025,   -0.025,   -0.025,   -0.025,   -0.022,   -0.026,   -0.026,   -0.026,   -0.024,   -0.035,    0.026,    0.026,    0.026,    0.030,    0.032,    0.026,    0.025,    0.026,    0.011,    0.032,
       283,2020090500,   -0.026,   -0.025,   -0.026,   -0.033,   -0.001,   -0.026,   -0.026,   -0.026,   -0.027,   -0.001,    0.026,    0.025,    0.027,    0.028,    0.001,    0.026,    0.026,    0.027,    0.027,    0.001,
       283,2020090418,   -0.025,   -0.026,   -0.025,   -0.030,   -0.036,   -0.026,   -0.026,   -0.026,   -0.029,   -0.045,    0.025,    0.026,    0.026,    0.025,    0.031,    0.025,    0.025,    0.026,    0.027,    0.031,
       283,2020090412,   -0.025,   -0.022,   -0.026,   -0.024,   -0.017,   -0.025,   -0.023,   -0.027,   -0.034,   -0.018,    0.025,    0.025,    0.025,    0.029,    0.024,    0.025,    0.024,    0.025,    0.025,    0.024,
       283,2020090406,   -0.024,   -0.024,   -0.024,   -0.038,   -0.041,   -0.024,   -0.024,   -0.024,   -0.033,   -0.041,    0.025,    0.025,    0.024,    0.029,    0.038,    0.025,    0.025,    0.024,    0.029,    0.038,
       283,2020090400,   -0.025,   -0.028,   -0.024,   -0.042,   -0.069,   -0.024,   -0.026,   -0.023,   -0.039,   -0.067,    0.025,    0.024,    0.025,    0.024,    0.009,    0.025,    0.025,    0.025,    0.022,    0.009,
       283,2020090318,   -0.025,   -0.024,   -0.025,   -0.039,   -0.006,   -0.025,   -0.024,   -0.025,   -0.037,   -0.010,    0.025,    0.024,    0.026,    0.024,    0.006,    0.025,    0.024,    0.026,    0.025,    0.006,
       283,2020090312,   -0.025,   -0.024,   -0.024,   -0.040,   -0.052,   -0.025,   -0.026,   -0.025,   -0.043,   -0.036,    0.025,    0.026,    0.025,    0.027,    0.037,    0.025,    0.025,    0.025,    0.029,    0.037,
       283,2020090306,   -0.026,   -0.026,   -0.025,   -0.034,   -0.040,   -0.026,   -0.026,   -0.026,   -0.041,   -0.042,    0.026,    0.027,    0.026,    0.030,    0.041,    0.026,    0.027,    0.026,    0.032,    0.041,
       283,2020090300,   -0.027,   -0.029,   -0.027,   -0.032,   -0.031,   -0.028,   -0.029,   -0.027,   -0.029,   -0.036,    0.027,    0.027,    0.027,    0.023,    0.030,    0.027,    0.027,    0.027,    0.029,    0.030,
       283,2020090218,   -0.028,   -0.024,   -0.029,   -0.038,   -0.053,   -0.026,   -0.024,   -0.028,   -0.034,   -0.041,    0.027,    0.026,    0.027,    0.027,    0.043,    0.027,    0.026,    0.027,    0.028,    0.043,
       283,2020090212,   -0.026,   -0.026,   -0.027,   -0.028, -999.000,   -0.026,   -0.025,   -0.026,   -0.021,   -0.000,    0.027,    0.026,    0.027,    0.027, -999.000,    0.027,    0.027,    0.027,    0.030, -999.000,
       283,2020090206,   -0.027,   -0.026,   -0.027,   -0.041,   -0.067,   -0.027,   -0.027,   -0.028,   -0.031,   -0.048,    0.026,    0.027,    0.026,    0.028,    0.024,    0.026,    0.026,    0.026,    0.027,    0.024,
       283,2020090200,   -0.026,   -0.030,   -0.024,   -0.034, -999.000,   -0.027,   -0.030,   -0.025,   -0.034, -999.000,    0.026,    0.027,    0.026,    0.028, -999.000,    0.026,    0.027,    0.026,    0.027, -999.000,
       283,2020090118,   -0.027,   -0.025,   -0.028,   -0.029,   -0.028,   -0.027,   -0.024,   -0.028,   -0.028,   -0.034,    0.026,    0.026,    0.026,    0.027,    0.039,    0.026,    0.026,    0.026,    0.029,    0.039,
       283,2020090112,   -0.025,   -0.026,   -0.024,   -0.036,   -0.066,   -0.025,   -0.025,   -0.024,   -0.028,   -0.065,    0.026,    0.026,    0.025,    0.028,    0.015,    0.026,    0.026,    0.025,    0.031,    0.015,
       283,2020090106,   -0.024,   -0.024,   -0.023,   -0.039,   -0.036,   -0.025,   -0.025,   -0.024,   -0.037,   -0.035,    0.025,    0.025,    0.025,    0.031,    0.036,    0.025,    0.025,    0.025,    0.030,    0.036,
       283,2020090100,   -0.026,   -0.026,   -0.026,   -0.038,   -0.047,   -0.025,   -0.026,   -0.025,   -0.032,   -0.044,    0.026,    0.026,    0.026,    0.025,    0.035,    0.026,    0.027,    0.026,    0.029,    0.035,
       283,2020083118,   -0.025,   -0.026,   -0.025,   -0.027,   -0.016,   -0.026,   -0.026,   -0.027,   -0.028,   -0.017,    0.025,    0.026,    0.025,    0.023,    0.024,    0.025,    0.025,    0.025,    0.021,    0.024,
       283,2020083112,   -0.027,   -0.026,   -0.027,   -0.032,   -0.034,   -0.026,   -0.025,   -0.026,   -0.034,   -0.012,    0.026,    0.026,    0.026,    0.029,    0.039,    0.026,    0.026,    0.026,    0.029,    0.039,
       283,2020083106,   -0.024,   -0.023,   -0.025,   -0.033,   -0.071,   -0.025,   -0.025,   -0.026,   -0.035,   -0.075,    0.025,    0.026,    0.025,    0.025,    0.005,    0.025,    0.025,    0.025,    0.026,    0.005,
       283,2020083100,   -0.026,   -0.026,   -0.025,   -0.046,   -0.026,   -0.024,   -0.023,   -0.023,   -0.039,   -0.024,    0.026,    0.024,    0.026,    0.024,    0.034,    0.026,    0.026,    0.026,    0.024,    0.034,
       283,2020083018,   -0.027,   -0.027,   -0.027,   -0.027,   -0.019,   -0.027,   -0.028,   -0.027,   -0.029,   -0.020,    0.025,    0.026,    0.026,    0.029,    0.031,    0.025,    0.025,    0.026,    0.027,    0.031,
       283,2020083012,   -0.028,   -0.027,   -0.028,   -0.033,   -0.015,   -0.027,   -0.026,   -0.027,   -0.041,   -0.014,    0.027,    0.026,    0.027,    0.029, -999.000,    0.027,    0.027,    0.027,    0.033, -999.000,
       283,2020083006,   -0.025,   -0.024,   -0.025,   -0.033,   -0.038,   -0.026,   -0.025,   -0.027,   -0.042,   -0.044,    0.026,    0.026,    0.026,    0.030,    0.031,    0.026,    0.025,    0.026,    0.029,    0.031,
       283,2020083000,   -0.026,   -0.027,   -0.026,   -0.027,   -0.025,   -0.025,   -0.025,   -0.025,   -0.024,   -0.032,    0.027,    0.026,    0.027,    0.027,    0.034,    0.027,    0.027,    0.027,    0.029,    0.034,
