        89,2020092000,   -0.044,   -0.030,   -0.048,    0.094, -999.000,   -0.048,   -0.029,   -0.054,    0.107, -999.000,    0.048,    0.044,    0.044,    0.053, -999.000,    0.048,    0.045,    0.044,    0.044, -999.000,
        89,2020091918,   -0.051,   -0.043,   -0.056,    0.120,    0.015,   -0.051,   -0.035,   -0.062,    0.140,   -0.011,    0.057,    0.053,    0.051,    0.042,    0.093,    0.057,    0.053,    0.051,    0.052,    0.093,
        89,2020091912,   -0.047,   -0.054,   -0.050,    0.117, -999.000,   -0.049,   -0.053,   -0.053,    0.114, -999.000,    0.048,    0.034,    0.041,    0.053, -999.000,    0.048,    0.034,    0.041,    0.052, -999.000,
        89,2020091906,   -0.048,   -0.026,   -0.057,    0.101,   -0.060,   -0.052,   -0.023,   -0.063,    0.097,   -0.053,    0.057,    0.057,    0.049,    0.043,    0.051,    0.057,    0.059,    0.049,    0.041,    0.051,
        89,2020091900,   -0.044,   -0.035,   -0.049,    0.093,   -0.098,   -0.046,   -0.027,   -0.054,    0.107,   -0.095,    0.051,    0.053,    0.046,    0.052, -999.000,    0.051,    0.050,    0.046,    0.047, -999.000,
        89,2020091818,   -0.051,   -0.042,   -0.060,    0.125,   -0.065,   -0.052,   -0.035,   -0.064,    0.125,   -0.071,    0.057,    0.050,    0.046,    0.056,    0.047,    0.057,    0.052,    0.046,    0.053,    0.047,
        89,2020091812,   -0.049,   -0.047,   -0.054,    0.127,    0.091,   -0.051,   -0.047,   -0.056,    0.112,    0.090,    0.047,    0.038,    0.041,    0.046, -999.000,    0.047,    0.038,    0.041,    0.044, -999.000,
        89,2020091806,   -0.047,   -0.021,   -0.060,    0.110,   -0.068,   -0.050,   -0.023,   -0.065,    0.107,   -0.068,    0.058,    0.059,    0.047,    0.032,    0.035,    0.058,    0.060,    0.047,    0.040,    0.035,
        89,2020091800,   -0.049,   -0.037,   -0.053,    0.096, -999.000,   -0.050,   -0.034,   -0.056,    0.110, -999.000,    0.047,    0.049,    0.043,    0.045, -999.000,    0.047,    0.047,    0.043,    0.038, -999.000,
        89,2020091718,   -0.051,   -0.039,   -0.061,    0.124,    0.005,   -0.051,   -0.028,   -0.065,    0.129,   -0.099,    0.056,    0.053,    0.042,    0.054,    0.093,    0.056,    0.056,    0.042,    0.053,    0.093,
        89,2020091712,   -0.052,   -0.053,   -0.055,    0.122,   -0.096,   -0.054,   -0.048,   -0.060,    0.117,   -0.098,    0.048,    0.043,    0.044,    0.048,    0.003,    0.048,    0.040,    0.044,    0.049,    0.003,
        89,2020091706,   -0.044,   -0.016,   -0.057,    0.118,   -0.034,   -0.046,   -0.016,   -0.062,    0.114,   -0.085,    0.061,    0.059,    0.047,    0.042,    0.096,    0.061,    0.064,    0.047,    0.042,    0.096,
        89,2020091700,   -0.048,   -0.032,   -0.053,    0.090,   -0.093,   -0.052,   -0.034,   -0.058,    0.106,   -0.096,    0.051,    0.050,    0.046,    0.041,    0.007,    0.051,    0.052,    0.046,    0.025,    0.007,
        89,2020091618,   -0.051,   -0.039,   -0.059,    0.107,   -0.079,   -0.051,   -0.033,   -0.065,    0.125,   -0.078,    0.056,    0.057,    0.046,    0.050, -999.000,    0.056,    0.057,    0.046,    0.037, -999.000,
        89,2020091612,   -0.051,   -0.055,   -0.054,    0.123,   -0.092,   -0.052,   -0.051,   -0.056,    0.123,   -0.079,    0.049,    0.040,    0.045,    0.048,    0.002,    0.049,    0.036,    0.045,    0.043,    0.002,
        89,2020091606,   -0.042,   -0.022,   -0.054,    0.104,   -0.033,   -0.046,   -0.021,   -0.061,    0.119,   -0.087,    0.058,    0.058,    0.050,    0.040,    0.077,    0.058,    0.058,    0.050,    0.036,    0.077,
        89,2020091600,   -0.045,   -0.043,   -0.048,    0.097,   -0.040,   -0.050,   -0.038,   -0.055,    0.110,   -0.038,    0.051,    0.043,    0.048,    0.048, -999.000,    0.051,    0.045,    0.048,    0.031, -999.000,
        89,2020091518,   -0.051,   -0.037,   -0.062,    0.114,   -0.006,   -0.050,   -0.032,   -0.067,    0.144,   -0.034,    0.058,    0.054,    0.045,    0.054,    0.134,    0.058,    0.055,    0.045,    0.051,    0.134,
        89,2020091512,   -0.046,   -0.056,   -0.049,    0.127,   -0.096,   -0.048,   -0.051,   -0.052,    0.131,   -0.102,    0.055,    0.036,    0.050,    0.048,    0.010,    0.055,    0.034,    0.050,    0.044,    0.010,
        89,2020091506,   -0.043,   -0.021,   -0.054,    0.126,   -0.094,   -0.044,   -0.018,   -0.060,    0.119,   -0.096,    0.061,    0.058,    0.052,    0.053,    0.013,    0.061,    0.060,    0.052,    0.059,    0.013,
        89,2020091500,   -0.043,   -0.049,   -0.046,    0.096, -999.000,   -0.051,   -0.048,   -0.054,    0.110, -999.000,    0.055,    0.036,    0.052,    0.050, -999.000,    0.055,    0.038,    0.052,    0.049, -999.000,
        89,2020091418,   -0.052,   -0.043,   -0.060,    0.121,    0.020,   -0.051,   -0.035,   -0.065,    0.135,    0.019,    0.057,    0.052,    0.048,    0.048,    0.156,    0.057,    0.051,    0.048,    0.045,    0.156,
        89,2020091412,   -0.045,   -0.052,   -0.048,    0.106, -999.000,   -0.049,   -0.052,   -0.052,    0.124,    0.127,    0.052,    0.038,    0.049,    0.050, -999.000,    0.052,    0.040,    0.049,    0.046, -999.000,
        89,2020091406,   -0.046,   -0.020,   -0.056,    0.101,   -0.053,   -0.051,   -0.023,   -0.064,    0.105,   -0.074,    0.060,    0.057,    0.052,    0.052,    0.071,    0.060,    0.060,    0.052,    0.050,    0.071,
        89,2020091400,   -0.043,   -0.025,   -0.048,    0.084,   -0.096,   -0.048,   -0.026,   -0.054,    0.097,   -0.094,    0.051,    0.049,    0.047,    0.036, -999.000,    0.051,    0.053,    0.047,    0.035, -999.000,
        89,2020091318,   -0.043,   -0.037,   -0.050,    0.110,   -0.005,   -0.047,   -0.035,   -0.057,    0.121,   -0.079,    0.058,    0.051,    0.052,    0.055,    0.123,    0.058,    0.052,    0.052,    0.042,    0.123,
        89,2020091312,   -0.049,   -0.050,   -0.054,    0.122,   -0.060,   -0.052,   -0.052,   -0.056,    0.131,   -0.066,    0.053,    0.042,    0.047,    0.050,    0.017,    0.053,    0.044,    0.047,    0.046,    0.017,
        89,2020091306,   -0.043,   -0.020,   -0.052,    0.098,   -0.101,   -0.048,   -0.021,   -0.061,    0.099,   -0.100,    0.059,    0.057,    0.053,    0.053, -999.000,    0.059,    0.060,    0.053,    0.059, -999.000,
        89,2020091300,   -0.045,   -0.023,   -0.051,    0.090, -999.000,   -0.049,   -0.022,   -0.057,    0.094, -999.000,    0.051,    0.049,    0.044,    0.051, -999.000,    0.051,    0.051,    0.044,    0.048, -999.000,
        89,2020091218,   -0.042,   -0.036,   -0.050,    0.132,    0.019,   -0.046,   -0.032,   -0.058,    0.141,   -0.023,    0.064,    0.052,    0.056,    0.053,    0.105,    0.064,    0.055,    0.056,    0.056,    0.105,
        89,2020091212,   -0.050,   -0.051,   -0.052,    0.109,   -0.009,   -0.051,   -0.051,   -0.055,    0.113,   -0.009,    0.049,    0.037,    0.047,    0.043,    0.052,    0.049,    0.038,    0.047,    0.045,    0.052,
        89,2020091206,   -0.042,   -0.027,   -0.050,    0.104,   -0.069,   -0.047,   -0.025,   -0.058,    0.098,   -0.040,    0.062,    0.058,    0.056,    0.056,    0.059,    0.062,    0.059,    0.056,    0.053,    0.059,
        89,2020091200,   -0.048,   -0.022,   -0.054,    0.091, -999.000,   -0.051,   -0.017,   -0.061,    0.111, -999.000,    0.052,    0.051,    0.047,    0.066, -999.000,    0.052,    0.054,    0.047,    0.055, -999.000,
        89,2020091118,   -0.047,   -0.043,   -0.052,    0.114,    0.002,   -0.050,   -0.037,   -0.060,    0.136,    0.057,    0.057,    0.052,    0.052,    0.055,    0.065,    0.057,    0.051,    0.052,    0.058,    0.065,
        89,2020091112,   -0.043,   -0.048,   -0.047,    0.102,    0.013,   -0.048,   -0.049,   -0.052,    0.106,   -0.021,    0.054,    0.040,    0.049,    0.050,    0.101,    0.054,    0.044,    0.049,    0.048,    0.101,
        89,2020091106,   -0.044,   -0.027,   -0.051,    0.097,   -0.031,   -0.049,   -0.023,   -0.061,    0.087,   -0.085,    0.060,    0.060,    0.054,    0.059,    0.092,    0.060,    0.062,    0.054,    0.051,    0.092,
        89,2020091100,   -0.046,   -0.024,   -0.052,    0.088, -999.000,   -0.051,   -0.019,   -0.059,    0.090, -999.000,    0.049,    0.047,    0.044,    0.051, -999.000,    0.049,    0.047,    0.044,    0.053, -999.000,
        89,2020091018,   -0.054,   -0.043,   -0.060,    0.110,   -0.054,   -0.054,   -0.038,   -0.065,    0.121,   -0.057,    0.056,    0.052,    0.051,    0.048,    0.059,    0.056,    0.054,    0.051,    0.049,    0.059,
        89,2020091012,   -0.048,   -0.047,   -0.053,    0.118, -999.000,   -0.050,   -0.046,   -0.057,    0.126, -999.000,    0.054,    0.045,    0.049,    0.058, -999.000,    0.054,    0.044,    0.049,    0.047, -999.000,
        89,2020091006,   -0.047,   -0.021,   -0.058,    0.096,   -0.046,   -0.051,   -0.025,   -0.064,    0.081,   -0.030,    0.060,    0.058,    0.052,    0.042,    0.082,    0.060,    0.062,    0.052,    0.044,    0.082,
        89,2020091000,   -0.049,   -0.033,   -0.053,    0.087,    0.047,   -0.050,   -0.029,   -0.058,    0.095, -999.000,    0.050,    0.047,    0.046,    0.042, -999.000,    0.050,    0.048,    0.046,    0.037, -999.000,
        89,2020090918,   -0.052,   -0.035,   -0.060,    0.117,   -0.023,   -0.052,   -0.032,   -0.064,    0.127,   -0.030,    0.059,    0.055,    0.051,    0.048,    0.089,    0.059,    0.059,    0.051,    0.044,    0.089,
        89,2020090912,   -0.051,   -0.051,   -0.055,    0.109,   -0.090,   -0.055,   -0.053,   -0.059,    0.115,   -0.090,    0.051,    0.039,    0.046,    0.055,    0.014,    0.051,    0.042,    0.046,    0.049,    0.014,
        89,2020090906,   -0.054,   -0.028,   -0.063,    0.093,   -0.093,   -0.056,   -0.027,   -0.067,    0.109,   -0.089,    0.057,    0.062,    0.050,    0.062,    0.008,    0.057,    0.063,    0.050,    0.050,    0.008,
        89,2020090900,   -0.047,   -0.040,   -0.051,    0.084,   -0.090,   -0.050,   -0.039,   -0.055,    0.091,   -0.088,    0.053,    0.047,    0.049,    0.040,    0.002,    0.053,    0.048,    0.049,    0.046,    0.002,
        89,2020090818,   -0.051,   -0.039,   -0.058,    0.122,   -0.085,   -0.055,   -0.035,   -0.066,    0.131,   -0.090,    0.058,    0.054,    0.053,    0.040, -999.000,    0.058,    0.054,    0.053,    0.040, -999.000,
        89,2020090812,   -0.051,   -0.054,   -0.054,    0.116,   -0.032,   -0.052,   -0.053,   -0.056,    0.118,   -0.021,    0.050,    0.040,    0.045,    0.038,    0.025,    0.050,    0.042,    0.045,    0.045,    0.025,
        89,2020090806,   -0.049,   -0.024,   -0.058,    0.101,   -0.047,   -0.054,   -0.028,   -0.064,    0.090,   -0.060,    0.059,    0.055,    0.052,    0.051,    0.098,    0.059,    0.060,    0.052,    0.051,    0.098,
        89,2020090800,   -0.049,   -0.035,   -0.056,    0.106,    0.047,   -0.052,   -0.032,   -0.061,    0.103,    0.047,    0.055,    0.056,    0.047,    0.060, -999.000,    0.055,    0.061,    0.047,    0.055, -999.000,
        89,2020090718,   -0.051,   -0.046,   -0.057,    0.108,   -0.093,   -0.053,   -0.040,   -0.063,    0.120,   -0.084,    0.059,    0.052,    0.054,    0.054,    0.013,    0.059,    0.050,    0.054,    0.059,    0.013,
        89,2020090712,   -0.053,   -0.055,   -0.057,    0.129,   -0.097,   -0.054,   -0.054,   -0.059,    0.126,   -0.097,    0.052,    0.041,    0.047,    0.052, -999.000,    0.052,    0.042,    0.047,    0.048, -999.000,
        89,2020090706,   -0.049,   -0.030,   -0.057,    0.077,   -0.067,   -0.054,   -0.029,   -0.065,    0.064,   -0.073,    0.058,    0.054,    0.054,    0.048,    0.046,    0.058,    0.058,    0.054,    0.045,    0.046,
        89,2020090700,   -0.048,   -0.037,   -0.054,    0.100,   -0.006,   -0.052,   -0.035,   -0.059,    0.095,   -0.053,    0.055,    0.051,    0.049,    0.053,    0.066,    0.055,    0.056,    0.049,    0.053,    0.066,
        89,2020090618,   -0.050,   -0.054,   -0.057,    0.113,   -0.096,   -0.054,   -0.041,   -0.065,    0.117,   -0.096,    0.063,    0.055,    0.056,    0.068,    0.009,    0.063,    0.048,    0.056,    0.062,    0.009,
        89,2020090612,   -0.051,   -0.047,   -0.059,    0.118, -999.000,   -0.054,   -0.045,   -0.062,    0.134, -999.000,    0.055,    0.047,    0.046,    0.060, -999.000,    0.055,    0.048,    0.046,    0.056, -999.000,
        89,2020090606,   -0.049,   -0.025,   -0.060,    0.088, -999.000,   -0.051,   -0.023,   -0.065,    0.088,    0.070,    0.059,    0.057,    0.052,    0.065, -999.000,    0.059,    0.058,    0.052,    0.059, -999.000,
        89,2020090600,   -0.050,   -0.031,   -0.057,    0.087,    0.029,   -0.054,   -0.028,   -0.061,    0.082,   -0.102,    0.053,    0.053,    0.048,    0.048,    0.114,    0.053,    0.052,    0.048,    0.043,    0.114,
        89,2020090518,   -0.052,   -0.037,   -0.062,    0.114,   -0.086,   -0.056,   -0.041,   -0.067,    0.124,   -0.086,    0.060,    0.053,    0.050,    0.058,    0.015,    0.060,    0.056,    0.050,    0.056,    0.015,
        89,2020090512,   -0.052,   -0.048,   -0.056,    0.105,    0.050,   -0.054,   -0.050,   -0.059,    0.124,    0.052,    0.050,    0.041,    0.046,    0.051, -999.000,    0.050,    0.041,    0.046,    0.048, -999.000,
        89,2020090506,   -0.048,   -0.033,   -0.056,    0.085,   -0.013,   -0.051,   -0.033,   -0.062,    0.079,   -0.054,    0.060,    0.053,    0.056,    0.056,    0.092,    0.060,    0.056,    0.056,    0.050,    0.092,
        89,2020090500,   -0.053,   -0.041,   -0.058,    0.089,   -0.081,   -0.055,   -0.037,   -0.062,    0.102,   -0.076,    0.052,    0.043,    0.047,    0.052, -999.000,    0.052,    0.048,    0.047,    0.051, -999.000,
        89,2020090418,   -0.048,   -0.042,   -0.056,    0.130,    0.039,   -0.051,   -0.039,   -0.063,    0.135,   -0.018,    0.064,    0.054,    0.057,    0.053, -999.000,    0.064,    0.056,    0.057,    0.051, -999.000,
        89,2020090412,   -0.048,   -0.058,   -0.050,    0.117,    0.031,   -0.052,   -0.055,   -0.056,    0.116, -999.000,    0.056,    0.038,    0.054,    0.057, -999.000,    0.056,    0.036,    0.054,    0.061, -999.000,
        89,2020090406,   -0.056,   -0.037,   -0.063,    0.062,   -0.059,   -0.056,   -0.033,   -0.067,    0.094,   -0.072,    0.052,    0.051,    0.048,    0.066,    0.057,    0.052,    0.052,    0.048,    0.060,    0.057,
        89,2020090400,   -0.046,   -0.048,   -0.048,    0.077,    0.099,   -0.051,   -0.044,   -0.057,    0.117, -999.000,    0.056,    0.043,    0.055,    0.074, -999.000,    0.056,    0.046,    0.055,    0.050, -999.000,
        89,2020090318,   -0.061,   -0.049,   -0.068,    0.113,    0.005,   -0.059,   -0.046,   -0.070,    0.139,   -0.028,    0.052,    0.057,    0.044,    0.058,    0.119,    0.052,    0.055,    0.044,    0.056,    0.119,
        89,2020090312,   -0.048,   -0.058,   -0.049,    0.108,    0.092,   -0.052,   -0.057,   -0.056,    0.109,    0.091,    0.059,    0.039,    0.057,    0.063, -999.000,    0.059,    0.041,    0.057,    0.059, -999.000,
        89,2020090306,   -0.052,   -0.036,   -0.058,    0.065,   -0.061,   -0.052,   -0.031,   -0.064,    0.091,   -0.044,    0.056,    0.053,    0.053,    0.051,    0.043,    0.056,    0.056,    0.053,    0.052,    0.043,
        89,2020090300,   -0.047,   -0.042,   -0.051,    0.096, -999.000,   -0.051,   -0.038,   -0.059,    0.114, -999.000,    0.059,    0.052,    0.055,    0.053, -999.000,    0.059,    0.052,    0.055,    0.059, -999.000,
        89,2020090218,   -0.051,   -0.040,   -0.059,    0.125,   -0.104,   -0.052,   -0.038,   -0.066,    0.141,   -0.081,    0.063,    0.056,    0.056,    0.045,    0.002,    0.063,    0.059,    0.056,    0.038,    0.002,
        89,2020090212,   -0.053,   -0.051,   -0.057,    0.126,    0.022,   -0.056,   -0.052,   -0.062,    0.112,   -0.086,    0.055,    0.045,    0.051,    0.045,    0.100,    0.055,    0.048,    0.051,    0.049,    0.100,
        89,2020090206,   -0.052,   -0.039,   -0.059,    0.108,   -0.053,   -0.052,   -0.037,   -0.062,    0.103,   -0.061,    0.057,    0.055,    0.053,    0.055,    0.087,    0.057,    0.055,    0.053,    0.059,    0.087,
        89,2020090200,   -0.046,   -0.036,   -0.050,    0.105, -999.000,   -0.051,   -0.036,   -0.057,    0.113, -999.000,    0.061,    0.053,    0.058,    0.046, -999.000,    0.061,    0.057,    0.058,    0.040, -999.000,
        89,2020090118,   -0.053,   -0.046,   -0.061,    0.126,   -0.100,   -0.053,   -0.039,   -0.065,    0.131,   -0.101,    0.062,    0.058,    0.053,    0.047,    0.005,    0.062,    0.056,    0.053,    0.053,    0.005,
        89,2020090112,   -0.053,   -0.057,   -0.055,    0.115, -999.000,   -0.057,   -0.058,   -0.060,    0.115,    0.023,    0.055,    0.044,    0.054,    0.047, -999.000,    0.055,    0.046,    0.054,    0.040, -999.000,
        89,2020090106,   -0.056,   -0.036,   -0.065,    0.105,   -0.094,   -0.059,   -0.034,   -0.070,    0.093,   -0.107,    0.059,    0.060,    0.051,    0.031,    0.016,    0.059,    0.060,    0.051,    0.037,    0.016,
        89,2020090100,   -0.052,   -0.039,   -0.057,    0.111,   -0.062,   -0.056,   -0.040,   -0.063,    0.124,   -0.063,    0.058,    0.061,    0.053,    0.049, -999.000,    0.058,    0.063,    0.053,    0.035, -999.000,
        89,2020083118,   -0.055,   -0.051,   -0.063,    0.114,   -0.089,   -0.055,   -0.047,   -0.066,    0.128,   -0.087,    0.059,    0.057,    0.050,    0.053, -999.000,    0.059,    0.056,    0.050,    0.047, -999.000,
        89,2020083112,   -0.052,   -0.056,   -0.056,    0.124,    0.038,   -0.056,   -0.056,   -0.059,    0.110,    0.076,    0.059,    0.053,    0.054,    0.047, -999.000,    0.059,    0.056,    0.054,    0.041, -999.000,
        89,2020083106,   -0.051,   -0.036,   -0.060,    0.106,   -0.098,   -0.054,   -0.035,   -0.064,    0.104,   -0.095,    0.061,    0.056,    0.056,    0.036,    0.010,    0.061,    0.060,    0.056,    0.033,    0.010,
        89,2020083100,   -0.051,   -0.036,   -0.056,    0.099, -999.000,   -0.054,   -0.031,   -0.062,    0.116,   -0.008,    0.060,    0.064,    0.056,    0.042, -999.000,    0.060,    0.063,    0.056,    0.037, -999.000,
        89,2020083018,   -0.057,   -0.045,   -0.066,    0.112,   -0.086,   -0.057,   -0.042,   -0.069,    0.123,   -0.086,    0.058,    0.056,    0.050,    0.056,    0.032,    0.058,    0.058,    0.050,    0.052,    0.032,
        89,2020083012,   -0.052,   -0.058,   -0.056,    0.119, -999.000,   -0.056,   -0.055,   -0.061,    0.127,    0.062,    0.061,    0.050,    0.055,    0.053, -999.000,    0.061,    0.049,    0.055,    0.048, -999.000,
        89,2020083006,   -0.046,   -0.027,   -0.056,    0.116,   -0.103,   -0.049,   -0.029,   -0.061,    0.111,   -0.101,    0.064,    0.058,    0.057,    0.061, -999.000,    0.064,    0.061,    0.057,    0.055, -999.000,
        89,2020083000,   -0.052,   -0.027,   -0.061,    0.085,   -0.124,   -0.059,   -0.035,   -0.066,    0.074,   -0.125,    0.059,    0.052,    0.053,    0.029, -999.000,    0.059,    0.060,    0.053,    0.029, -999.000,
