       406,2020092000,    0.009,    0.029,    0.000,    0.014, -999.000,    0.010,    0.029,    0.000,    0.014, -999.000,    0.014,    0.010, -999.000,    0.011, -999.000,    0.014,    0.010, -999.000,    0.008, -999.000,
       406,2020091918,    0.021,    0.058,    0.000,    0.022, -999.000,    0.021,    0.059,    0.000,    0.022, -999.000,    0.029,    0.019, -999.000,    0.012, -999.000,    0.029,    0.019, -999.000,    0.013, -999.000,
       406,2020091912,    0.011,    0.037,    0.000,    0.011, -999.000,    0.012,    0.037,    0.000,    0.010, -999.000,    0.018,    0.011, -999.000,    0.007, -999.000,    0.018,    0.011, -999.000,    0.005, -999.000,
       406,2020091906,    0.013,    0.042,    0.000,    0.018,    0.037,    0.014,    0.041,    0.000,    0.013,    0.033,    0.021,    0.017, -999.000,    0.011,    0.012,    0.021,    0.017, -999.000,    0.011,    0.012,
       406,2020091900,    0.011,    0.025,    0.000,    0.011, -999.000,    0.011,    0.025,    0.000,    0.011, -999.000,    0.013,    0.008, -999.000,    0.008, -999.000,    0.013,    0.007, -999.000,    0.008, -999.000,
       406,2020091818,    0.017,    0.048,    0.000,    0.020,    0.036,    0.017,    0.048,    0.000,    0.018,    0.029,    0.025,    0.018, -999.000,    0.011,    0.001,    0.025,    0.019, -999.000,    0.013,    0.001,
       406,2020091812,    0.010,    0.039,    0.000,    0.012, -999.000,    0.012,    0.040,    0.000,    0.012, -999.000,    0.018,    0.012, -999.000,    0.007, -999.000,    0.018,    0.012, -999.000,    0.006, -999.000,
       406,2020091806,    0.017,    0.051,    0.000,    0.026,    0.016,    0.018,    0.049,    0.000,    0.024, -999.000,    0.026,    0.020, -999.000,    0.012, -999.000,    0.026,    0.019, -999.000,    0.012, -999.000,
       406,2020091800,    0.014,    0.029,    0.000,    0.011, -999.000,    0.014,    0.029,    0.000,    0.010, -999.000,    0.015,    0.008, -999.000,    0.008, -999.000,    0.015,    0.007, -999.000,    0.009, -999.000,
       406,2020091718,    0.030,    0.068,    0.000,    0.031, -999.000,    0.030,    0.069,    0.000,    0.032, -999.000,    0.037,    0.029, -999.000,    0.014, -999.000,    0.037,    0.028, -999.000,    0.016, -999.000,
       406,2020091712,    0.015,    0.064,    0.000,    0.015, -999.000,    0.018,    0.065,    0.000,    0.015, -999.000,    0.028,    0.018, -999.000,    0.011, -999.000,    0.028,    0.019, -999.000,    0.011, -999.000,
       406,2020091706,    0.030,    0.073,    0.000,    0.031, -999.000,    0.033,    0.075,    0.000,    0.027, -999.000,    0.040,    0.029, -999.000,    0.014, -999.000,    0.040,    0.029, -999.000,    0.015, -999.000,
       406,2020091700,    0.014,    0.052,    0.000,    0.024, -999.000,    0.015,    0.053,    0.000,    0.024, -999.000,    0.023,    0.015, -999.000,    0.012, -999.000,    0.023,    0.016, -999.000,    0.013, -999.000,
       406,2020091618,    0.039,    0.081,    0.000,    0.043,    0.076,    0.038,    0.082,    0.000,    0.028,    0.102,    0.044,    0.034, -999.000,    0.020,    0.036,    0.044,    0.031, -999.000,    0.020,    0.036,
       406,2020091612,    0.016,    0.061,    0.000,    0.018, -999.000,    0.019,    0.063,    0.000,    0.020, -999.000,    0.028,    0.021, -999.000,    0.012, -999.000,    0.028,    0.023, -999.000,    0.012, -999.000,
       406,2020091606,    0.028,    0.066,    0.000,    0.028,    0.021,    0.028,    0.067,    0.000,    0.024,    0.020,    0.035,    0.026, -999.000,    0.014, -999.000,    0.035,    0.025, -999.000,    0.014, -999.000,
       406,2020091600,    0.015,    0.050,    0.000,    0.022,    0.041,    0.017,    0.050,    0.000,    0.019,    0.042,    0.024,    0.013, -999.000,    0.012, -999.000,    0.024,    0.014, -999.000,    0.013, -999.000,
       406,2020091518,    0.029,    0.071,    0.000,    0.030, -999.000,    0.028,    0.070,    0.000,    0.024, -999.000,    0.038,    0.029, -999.000,    0.016, -999.000,    0.038,    0.030, -999.000,    0.016, -999.000,
       406,2020091512,    0.015,    0.055,    0.000,    0.015, -999.000,    0.016,    0.055,    0.000,    0.013,    0.014,    0.025,    0.018, -999.000,    0.012, -999.000,    0.025,    0.018, -999.000,    0.009, -999.000,
       406,2020091506,    0.021,    0.048,    0.000,    0.018, -999.000,    0.022,    0.047,    0.000,    0.015, -999.000,    0.026,    0.018, -999.000,    0.012, -999.000,    0.026,    0.019, -999.000,    0.012, -999.000,
       406,2020091500,    0.011,    0.032,    0.000,    0.011, -999.000,    0.011,    0.030,    0.000,    0.011, -999.000,    0.016,    0.011, -999.000,    0.007, -999.000,    0.016,    0.012, -999.000,    0.007, -999.000,
       406,2020091418,    0.018,    0.049,    0.000,    0.022,    0.025,    0.019,    0.050,    0.000,    0.019,    0.047,    0.025,    0.018, -999.000,    0.011, -999.000,    0.025,    0.018, -999.000,    0.011, -999.000,
       406,2020091412,    0.014,    0.054,    0.000,    0.015, -999.000,    0.017,    0.054,    0.000,    0.012, -999.000,    0.025,    0.017, -999.000,    0.008, -999.000,    0.025,    0.016, -999.000,    0.009, -999.000,
       406,2020091406,    0.016,    0.054,    0.000,    0.017, -999.000,    0.019,    0.054,    0.000,    0.014,    0.048,    0.026,    0.021, -999.000,    0.011, -999.000,    0.026,    0.020, -999.000,    0.012, -999.000,
       406,2020091400,    0.018,    0.043,    0.000,    0.011,    0.019,    0.020,    0.044,    0.000,    0.013,    0.037,    0.023,    0.014, -999.000,    0.012, -999.000,    0.023,    0.014, -999.000,    0.013, -999.000,
       406,2020091318,    0.022,    0.064,    0.000,    0.027,    0.020,    0.026,    0.065,    0.000,    0.025,    0.021,    0.032,    0.024, -999.000,    0.012, -999.000,    0.032,    0.024, -999.000,    0.014, -999.000,
       406,2020091312,    0.018,    0.056,    0.000,    0.016, -999.000,    0.019,    0.057,    0.000,    0.016, -999.000,    0.027,    0.017, -999.000,    0.012, -999.000,    0.027,    0.018, -999.000,    0.010, -999.000,
       406,2020091306,    0.023,    0.067,    0.000,    0.015, -999.000,    0.025,    0.067,    0.000,    0.016, -999.000,    0.034,    0.026, -999.000,    0.014, -999.000,    0.034,    0.024, -999.000,    0.014, -999.000,
       406,2020091300,    0.018,    0.045,    0.000,    0.017, -999.000,    0.023,    0.045,    0.000,    0.012, -999.000,    0.023,    0.014, -999.000,    0.013, -999.000,    0.023,    0.014, -999.000,    0.016, -999.000,
       406,2020091218,    0.024,    0.071,    0.000,    0.027,    0.061,    0.025,    0.068,    0.000,    0.026, -999.000,    0.037,    0.029, -999.000,    0.018, -999.000,    0.037,    0.032, -999.000,    0.018, -999.000,
       406,2020091212,    0.017,    0.048,    0.000,    0.013, -999.000,    0.019,    0.050,    0.000,    0.011, -999.000,    0.024,    0.014, -999.000,    0.008, -999.000,    0.024,    0.014, -999.000,    0.007, -999.000,
       406,2020091206,    0.019,    0.051,    0.000,    0.017,    0.031,    0.021,    0.052,    0.000,    0.020,    0.028,    0.027,    0.021, -999.000,    0.014,    0.006,    0.027,    0.020, -999.000,    0.013,    0.006,
       406,2020091200,    0.010,    0.034,    0.000,    0.014,    0.030,    0.013,    0.036,    0.000,    0.015,    0.027,    0.016,    0.010, -999.000,    0.013, -999.000,    0.016,    0.010, -999.000,    0.012, -999.000,
       406,2020091118,    0.025,    0.061,    0.000,    0.023, -999.000,    0.027,    0.061,    0.000,    0.025, -999.000,    0.033,    0.025, -999.000,    0.014, -999.000,    0.033,    0.025, -999.000,    0.014, -999.000,
       406,2020091112,    0.009,    0.032,    0.000,    0.009,    0.016,    0.011,    0.032,    0.000,    0.009, -999.000,    0.015,    0.010, -999.000,    0.005, -999.000,    0.015,    0.010, -999.000,    0.005, -999.000,
       406,2020091106,    0.016,    0.036,    0.000,    0.013,    0.016,    0.015,    0.034,    0.000,    0.010,    0.016,    0.020,    0.014, -999.000,    0.009, -999.000,    0.020,    0.015, -999.000,    0.008, -999.000,
       406,2020091100,    0.009,    0.026,    0.000,    0.011, -999.000,    0.010,    0.026,    0.000,    0.011, -999.000,    0.013,    0.008, -999.000,    0.007, -999.000,    0.013,    0.008, -999.000,    0.008, -999.000,
       406,2020091018,    0.009,    0.025,    0.000,    0.012, -999.000,    0.009,    0.025,    0.000,    0.011, -999.000,    0.014,    0.011, -999.000,    0.007, -999.000,    0.014,    0.012, -999.000,    0.008, -999.000,
       406,2020091012,    0.003,    0.011,    0.000,    0.004,    0.003,    0.003,    0.011,    0.000,    0.004,    0.003,    0.005,    0.004, -999.000,    0.002, -999.000,    0.005,    0.004, -999.000,    0.002, -999.000,
       406,2020091006,    0.006,    0.013,    0.000,    0.005, -999.000,    0.006,    0.013,    0.000,    0.004, -999.000,    0.008,    0.005, -999.000,    0.003, -999.000,    0.008,    0.006, -999.000,    0.003, -999.000,
       406,2020091000,    0.005,    0.012,    0.000,    0.005, -999.000,    0.005,    0.012,    0.000,    0.004, -999.000,    0.006,    0.003, -999.000,    0.003, -999.000,    0.006,    0.003, -999.000,    0.003, -999.000,
       406,2020090918,    0.009,    0.021,    0.000,    0.007,    0.015,    0.010,    0.021,    0.000,    0.008,    0.013,    0.011,    0.007, -999.000,    0.005,    0.004,    0.011,    0.007, -999.000,    0.004,    0.004,
       406,2020090912,   -0.006,   -0.020,    0.000,   -0.006, -999.000,   -0.007,   -0.020,    0.000,   -0.006, -999.000,    0.010,    0.006, -999.000,    0.003, -999.000,    0.010,    0.006, -999.000,    0.003, -999.000,
       406,2020090906,    0.003,    0.009,    0.000,    0.002, -999.000,    0.003,    0.009,    0.000,    0.002, -999.000,    0.004,    0.003, -999.000,    0.002, -999.000,    0.004,    0.003, -999.000,    0.002, -999.000,
       406,2020090900,    0.001,    0.003,    0.000,    0.001, -999.000,    0.001,    0.003,    0.000,    0.001,    0.002,    0.001,    0.001, -999.000,    0.001, -999.000,    0.001,    0.001, -999.000,    0.001, -999.000,
       406,2020090818,    0.002,    0.007,    0.000,    0.002, -999.000,    0.002,    0.007,    0.000,    0.003, -999.000,    0.003,    0.002, -999.000,    0.002, -999.000,    0.003,    0.002, -999.000,    0.002, -999.000,
       406,2020090812,   -0.009,   -0.028,    0.000,   -0.009, -999.000,   -0.010,   -0.029,    0.000,   -0.010, -999.000,    0.014,    0.009, -999.000,    0.007, -999.000,    0.014,    0.010, -999.000,    0.005, -999.000,
       406,2020090806,   -0.005,   -0.016,    0.000,   -0.005,   -0.010,   -0.006,   -0.016,    0.000,   -0.005,   -0.010,    0.008,    0.006, -999.000,    0.004, -999.000,    0.008,    0.006, -999.000,    0.003, -999.000,
       406,2020090800,   -0.005,   -0.010,    0.000,   -0.003,   -0.011,   -0.005,   -0.010,    0.000,   -0.003,   -0.008,    0.005,    0.003, -999.000,    0.002, -999.000,    0.005,    0.003, -999.000,    0.003, -999.000,
       406,2020090718,    0.000,    0.001,    0.000,    0.000, -999.000,    0.000,    0.001,    0.000,    0.000, -999.000,    0.000,    0.000, -999.000,    0.000, -999.000,    0.000,    0.000, -999.000,    0.000, -999.000,
       406,2020090712,   -0.016,   -0.058,    0.000,   -0.017, -999.000,   -0.018,   -0.058,    0.000,   -0.018, -999.000,    0.027,    0.016, -999.000,    0.012, -999.000,    0.027,    0.016, -999.000,    0.010, -999.000,
       406,2020090706,   -0.009,   -0.024,    0.000,   -0.009,   -0.009,   -0.010,   -0.025,    0.000,   -0.008,   -0.023,    0.013,    0.009, -999.000,    0.006,    0.002,    0.013,    0.008, -999.000,    0.006,    0.002,
       406,2020090700,   -0.009,   -0.021,    0.000,   -0.009, -999.000,   -0.010,   -0.020,    0.000,   -0.008, -999.000,    0.010,    0.005, -999.000,    0.006, -999.000,    0.010,    0.006, -999.000,    0.005, -999.000,
       406,2020090618,   -0.011,   -0.027,    0.000,   -0.011,   -0.018,   -0.011,   -0.026,    0.000,   -0.011, -999.000,    0.015,    0.011, -999.000,    0.007, -999.000,    0.015,    0.012, -999.000,    0.007, -999.000,
       406,2020090612,   -0.024,   -0.094,    0.000,   -0.027, -999.000,   -0.027,   -0.097,    0.000,   -0.025, -999.000,    0.042,    0.031, -999.000,    0.016, -999.000,    0.042,    0.033, -999.000,    0.014, -999.000,
       406,2020090606,   -0.027,   -0.065,    0.000,   -0.021, -999.000,   -0.029,   -0.064,    0.000,   -0.021, -999.000,    0.035,    0.023, -999.000,    0.018, -999.000,    0.035,    0.024, -999.000,    0.017, -999.000,
       406,2020090600,   -0.019,   -0.054,    0.000,   -0.024,   -0.076,   -0.022,   -0.055,    0.000,   -0.022,   -0.076,    0.026,    0.016, -999.000,    0.017, -999.000,    0.026,    0.014, -999.000,    0.018, -999.000,
       406,2020090518,   -0.030,   -0.060,    0.000,   -0.021, -999.000,   -0.031,   -0.060,    0.000,   -0.021, -999.000,    0.034,    0.023, -999.000,    0.015, -999.000,    0.034,    0.024, -999.000,    0.017, -999.000,
       406,2020090512,   -0.027,   -0.117,    0.000,   -0.045,   -0.062,   -0.031,   -0.118,    0.000,   -0.042, -999.000,    0.052,    0.045, -999.000,    0.020, -999.000,    0.052,    0.045, -999.000,    0.023, -999.000,
       406,2020090506,   -0.052,   -0.111,    0.000,   -0.024,   -0.019,   -0.051,   -0.110,    0.000,   -0.028,   -0.019,    0.061,    0.043, -999.000,    0.028, -999.000,    0.061,    0.041, -999.000,    0.020, -999.000,
       406,2020090500,   -0.027,   -0.085,    0.000,   -0.032, -999.000,   -0.034,   -0.083,    0.000,   -0.033, -999.000,    0.041,    0.023, -999.000,    0.031, -999.000,    0.041,    0.023, -999.000,    0.029, -999.000,
       406,2020090418,   -0.051,   -0.099,    0.000,   -0.037, -999.000,   -0.053,   -0.098,    0.000,   -0.035, -999.000,    0.054,    0.038, -999.000,    0.022, -999.000,    0.054,    0.038, -999.000,    0.018, -999.000,
       406,2020090412,   -0.047,   -0.165,    0.000,   -0.048, -999.000,   -0.048,   -0.162,    0.000,   -0.038, -999.000,    0.078,    0.057, -999.000,    0.034, -999.000,    0.078,    0.055, -999.000,    0.033, -999.000,
       406,2020090406,   -0.050,   -0.121,    0.000,   -0.024, -999.000,   -0.050,   -0.109,    0.000,   -0.021, -999.000,    0.067,    0.049, -999.000,    0.019, -999.000,    0.067,    0.049, -999.000,    0.021, -999.000,
       406,2020090400,   -0.026,   -0.089,    0.000,   -0.020,   -0.032,   -0.032,   -0.087,    0.000,   -0.020, -999.000,    0.042,    0.027, -999.000,    0.023, -999.000,    0.042,    0.026, -999.000,    0.022, -999.000,
       406,2020090318,   -0.036,   -0.088,    0.000,   -0.034, -999.000,   -0.038,   -0.087,    0.000,   -0.033,   -0.074,    0.046,    0.029, -999.000,    0.021, -999.000,    0.046,    0.029, -999.000,    0.024, -999.000,
       406,2020090312,   -0.053,   -0.177,    0.000,   -0.048,   -0.088,   -0.058,   -0.177,    0.000,   -0.047, -999.000,    0.085,    0.055, -999.000,    0.026, -999.000,    0.085,    0.055, -999.000,    0.028, -999.000,
       406,2020090306,   -0.037,   -0.106,    0.000,   -0.030,   -0.065,   -0.044,   -0.106,    0.000,   -0.029,   -0.065,    0.056,    0.043, -999.000,    0.024, -999.000,    0.056,    0.043, -999.000,    0.026, -999.000,
       406,2020090300,   -0.032,   -0.078,    0.000,   -0.033,   -0.080,   -0.038,   -0.077,    0.000,   -0.025, -999.000,    0.040,    0.025, -999.000,    0.018, -999.000,    0.040,    0.023, -999.000,    0.022, -999.000,
       406,2020090218,   -0.033,   -0.076,    0.000,   -0.032,   -0.052,   -0.035,   -0.075,    0.000,   -0.031,   -0.052,    0.041,    0.029, -999.000,    0.014,    0.012,    0.041,    0.029, -999.000,    0.016,    0.012,
       406,2020090212,   -0.049,   -0.167,    0.000,   -0.061, -999.000,   -0.052,   -0.168,    0.000,   -0.062, -999.000,    0.078,    0.050, -999.000,    0.024, -999.000,    0.078,    0.053, -999.000,    0.027, -999.000,
       406,2020090206,   -0.034,   -0.109,    0.000,   -0.031,   -0.048,   -0.038,   -0.105,    0.000,   -0.025,   -0.060,    0.055,    0.041, -999.000,    0.021,    0.013,    0.055,    0.042, -999.000,    0.017,    0.013,
       406,2020090200,   -0.029,   -0.074,    0.000,   -0.037, -999.000,   -0.034,   -0.073,    0.000,   -0.029, -999.000,    0.037,    0.021, -999.000,    0.019, -999.000,    0.037,    0.022, -999.000,    0.019, -999.000,
       406,2020090118,   -0.032,   -0.070,    0.000,   -0.029,   -0.108,   -0.032,   -0.069,    0.000,   -0.028, -999.000,    0.039,    0.031, -999.000,    0.016, -999.000,    0.039,    0.032, -999.000,    0.018, -999.000,
       406,2020090112,   -0.037,   -0.152,    0.000,   -0.043,   -0.040,   -0.043,   -0.151,    0.000,   -0.047,   -0.041,    0.066,    0.044, -999.000,    0.020, -999.000,    0.066,    0.040, -999.000,    0.022, -999.000,
       406,2020090106,   -0.032,   -0.100,    0.000,   -0.037,   -0.079,   -0.038,   -0.097,    0.000,   -0.038,   -0.076,    0.050,    0.038, -999.000,    0.026, -999.000,    0.050,    0.039, -999.000,    0.026, -999.000,
       406,2020090100,   -0.026,   -0.078,    0.000,   -0.033, -999.000,   -0.029,   -0.077,    0.000,   -0.032, -999.000,    0.037,    0.022, -999.000,    0.015, -999.000,    0.037,    0.022, -999.000,    0.015, -999.000,
       406,2020083118,   -0.039,   -0.072,    0.000,   -0.032,   -0.051,   -0.041,   -0.071,    0.000,   -0.034,   -0.058,    0.041,    0.030, -999.000,    0.017, -999.000,    0.041,    0.031, -999.000,    0.018, -999.000,
       406,2020083112,   -0.049,   -0.176,    0.000,   -0.053,   -0.098,   -0.053,   -0.179,    0.000,   -0.051,   -0.104,    0.083,    0.065, -999.000,    0.028,    0.011,    0.083,    0.063, -999.000,    0.027,    0.011,
       406,2020083106,   -0.032,   -0.090,    0.000,   -0.031, -999.000,   -0.038,   -0.088,    0.000,   -0.027, -999.000,    0.047,    0.034, -999.000,    0.016, -999.000,    0.047,    0.034, -999.000,    0.016, -999.000,
       406,2020083100,   -0.011,   -0.033,    0.000,   -0.013,   -0.023,   -0.014,   -0.033,    0.000,   -0.013,   -0.027,    0.016,    0.011, -999.000,    0.009, -999.000,    0.016,    0.011, -999.000,    0.008, -999.000,
       406,2020083018,    0.046,    0.091,    0.000,    0.046,    0.103,    0.049,    0.092,    0.000,    0.037, -999.000,    0.052,    0.038, -999.000,    0.028,    0.033,    0.052,    0.039, -999.000,    0.031,    0.033,
       406,2020083012,    0.120,    0.449,    0.000,    0.129, -999.000,    0.124,    0.455,    0.000,    0.111, -999.000,    0.213,    0.178, -999.000,    0.083, -999.000,    0.213,    0.180, -999.000,    0.082, -999.000,
       406,2020083006,    0.250,    2.009,    0.000,    0.940, -999.000,    0.167,    1.731,    0.000,    0.823, -999.000,    0.664,    0.390, -999.000,    0.683, -999.000,    0.664,    0.829, -999.000,    0.718, -999.000,
       406,2020083000,   -0.006, -999.000,    0.000,   -1.048, -999.000,   -0.010, -999.000,    0.000,   -1.692, -999.000,    0.090, -999.000, -999.000,    1.538, -999.000,    0.090, -999.000, -999.000,    0.791, -999.000,
