       238,2020092000,   -0.100,   -0.114,   -0.098,   -0.098, -999.000,   -0.107,   -0.114,   -0.107,   -0.092, -999.000,    0.081,    0.084,    0.081,    0.088, -999.000,    0.081,    0.085,    0.081,    0.082, -999.000,
       238,2020091918,   -0.106,   -0.103,   -0.106,   -0.124,   -0.101,   -0.106,   -0.099,   -0.108,   -0.104,   -0.101,    0.084,    0.080,    0.084,    0.085,    0.047,    0.084,    0.082,    0.084,    0.091,    0.047,
       238,2020091912,   -0.100,   -0.104,   -0.100,   -0.082,   -0.248,   -0.105,   -0.107,   -0.106,   -0.067, -999.000,    0.081,    0.083,    0.080,    0.066, -999.000,    0.081,    0.084,    0.080,    0.075, -999.000,
       238,2020091906,   -0.105,   -0.122,   -0.102,   -0.106,   -0.062,   -0.113,   -0.124,   -0.110,   -0.130,   -0.080,    0.082,    0.089,    0.081,    0.095,    0.069,    0.082,    0.089,    0.081,    0.081,    0.069,
       238,2020091900,   -0.103,   -0.110,   -0.102,   -0.098, -999.000,   -0.105,   -0.115,   -0.104,   -0.109, -999.000,    0.083,    0.087,    0.082,    0.083, -999.000,    0.083,    0.086,    0.082,    0.084, -999.000,
       238,2020091818,   -0.108,   -0.109,   -0.107,   -0.125,   -0.084,   -0.110,   -0.111,   -0.110,   -0.103,   -0.158,    0.087,    0.084,    0.088,    0.097,    0.031,    0.087,    0.083,    0.088,    0.094,    0.031,
       238,2020091812,   -0.110,   -0.135,   -0.106,   -0.101, -999.000,   -0.115,   -0.125,   -0.114,   -0.105, -999.000,    0.086,    0.087,    0.085,    0.088, -999.000,    0.086,    0.084,    0.085,    0.095, -999.000,
       238,2020091806,   -0.116,   -0.124,   -0.115,   -0.092,   -0.254,   -0.123,   -0.131,   -0.121,   -0.102,   -0.261,    0.088,    0.089,    0.088,    0.084, -999.000,    0.088,    0.089,    0.088,    0.077, -999.000,
       238,2020091800,   -0.109,   -0.119,   -0.108,   -0.105, -999.000,   -0.112,   -0.115,   -0.111,   -0.140, -999.000,    0.085,    0.085,    0.086,    0.089, -999.000,    0.085,    0.081,    0.086,    0.085, -999.000,
       238,2020091718,   -0.112,   -0.105,   -0.117,   -0.076, -999.000,   -0.118,   -0.110,   -0.123,   -0.083, -999.000,    0.088,    0.086,    0.089,    0.077, -999.000,    0.088,    0.085,    0.089,    0.081, -999.000,
       238,2020091712,   -0.108,   -0.124,   -0.105,   -0.107, -999.000,   -0.108,   -0.122,   -0.106,   -0.097, -999.000,    0.086,    0.091,    0.085,    0.078, -999.000,    0.086,    0.091,    0.085,    0.088, -999.000,
       238,2020091706,   -0.107,   -0.109,   -0.105,   -0.114,   -0.121,   -0.113,   -0.116,   -0.112,   -0.110,   -0.077,    0.084,    0.089,    0.084,    0.099,    0.044,    0.084,    0.086,    0.084,    0.082,    0.044,
       238,2020091700,   -0.106,   -0.093,   -0.106,   -0.126, -999.000,   -0.108,   -0.094,   -0.109,   -0.106, -999.000,    0.085,    0.088,    0.084,    0.085, -999.000,    0.085,    0.089,    0.084,    0.099, -999.000,
       238,2020091618,   -0.105,   -0.090,   -0.110,   -0.080,   -0.080,   -0.107,   -0.097,   -0.110,   -0.103,   -0.046,    0.083,    0.079,    0.084,    0.094, -999.000,    0.083,    0.074,    0.084,    0.084, -999.000,
       238,2020091612,   -0.101,   -0.110,   -0.098,   -0.123, -999.000,   -0.104,   -0.115,   -0.101,   -0.098,   -0.233,    0.082,    0.086,    0.081,    0.100, -999.000,    0.082,    0.086,    0.081,    0.083, -999.000,
       238,2020091606,   -0.108,   -0.114,   -0.106,   -0.101,   -0.157,   -0.113,   -0.115,   -0.113,   -0.110,   -0.168,    0.082,    0.081,    0.082,    0.091,    0.086,    0.082,    0.083,    0.082,    0.067,    0.086,
       238,2020091600,   -0.102,   -0.091,   -0.104,   -0.107,   -0.100,   -0.107,   -0.091,   -0.110,   -0.112,   -0.100,    0.081,    0.079,    0.082,    0.086, -999.000,    0.081,    0.079,    0.082,    0.082, -999.000,
       238,2020091518,   -0.097,   -0.102,   -0.097,   -0.095, -999.000,   -0.101,   -0.108,   -0.099,   -0.106, -999.000,    0.082,    0.086,    0.081,    0.092, -999.000,    0.082,    0.085,    0.081,    0.085, -999.000,
       238,2020091512,   -0.099,   -0.097,   -0.100,   -0.093,   -0.151,   -0.106,   -0.104,   -0.107,   -0.085,   -0.241,    0.081,    0.077,    0.081,    0.085, -999.000,    0.081,    0.077,    0.081,    0.081, -999.000,
       238,2020091506,   -0.096,   -0.115,   -0.089,   -0.095,   -0.039,   -0.104,   -0.126,   -0.097,   -0.090,   -0.039,    0.082,    0.085,    0.080,    0.074, -999.000,    0.082,    0.086,    0.080,    0.077, -999.000,
       238,2020091500,   -0.105,   -0.098,   -0.106,   -0.140, -999.000,   -0.108,   -0.102,   -0.108,   -0.134, -999.000,    0.082,    0.082,    0.082,    0.083, -999.000,    0.082,    0.080,    0.082,    0.095, -999.000,
       238,2020091418,   -0.092,   -0.095,   -0.091,   -0.099,   -0.180,   -0.093,   -0.097,   -0.092,   -0.098,   -0.023,    0.078,    0.080,    0.078,    0.085, -999.000,    0.078,    0.077,    0.078,    0.081, -999.000,
       238,2020091412,   -0.098,   -0.082,   -0.102,   -0.082, -999.000,   -0.104,   -0.091,   -0.107,   -0.117, -999.000,    0.080,    0.080,    0.080,    0.074, -999.000,    0.080,    0.077,    0.080,    0.068, -999.000,
       238,2020091406,   -0.092,   -0.105,   -0.089,   -0.095, -999.000,   -0.100,   -0.107,   -0.096,   -0.127,   -0.040,    0.079,    0.084,    0.077,    0.084, -999.000,    0.079,    0.083,    0.077,    0.081, -999.000,
       238,2020091400,   -0.102,   -0.100,   -0.103,   -0.100,   -0.242,   -0.105,   -0.101,   -0.107,   -0.095,   -0.125,    0.080,    0.084,    0.080,    0.081, -999.000,    0.080,    0.082,    0.080,    0.077, -999.000,
       238,2020091318,   -0.104,   -0.114,   -0.101,   -0.113,   -0.252,   -0.108,   -0.113,   -0.107,   -0.101,   -0.194,    0.081,    0.084,    0.080,    0.078, -999.000,    0.081,    0.087,    0.080,    0.073, -999.000,
       238,2020091312,   -0.099,   -0.106,   -0.098,   -0.083,   -0.004,   -0.104,   -0.108,   -0.104,   -0.094,   -0.004,    0.080,    0.079,    0.079,    0.078, -999.000,    0.080,    0.084,    0.079,    0.070, -999.000,
       238,2020091306,   -0.095,   -0.109,   -0.089,   -0.120, -999.000,   -0.102,   -0.116,   -0.096,   -0.107, -999.000,    0.080,    0.087,    0.078,    0.084, -999.000,    0.080,    0.085,    0.078,    0.082, -999.000,
       238,2020091300,   -0.095,   -0.113,   -0.092,   -0.110, -999.000,   -0.099,   -0.105,   -0.097,   -0.122, -999.000,    0.079,    0.080,    0.079,    0.084, -999.000,    0.079,    0.082,    0.079,    0.084, -999.000,
       238,2020091218,   -0.096,   -0.101,   -0.095,   -0.085,   -0.016,   -0.104,   -0.103,   -0.103,   -0.120, -999.000,    0.079,    0.077,    0.078,    0.081, -999.000,    0.079,    0.079,    0.078,    0.080, -999.000,
       238,2020091212,   -0.097,   -0.109,   -0.094,   -0.098,   -0.027,   -0.102,   -0.113,   -0.099,   -0.097, -999.000,    0.077,    0.081,    0.076,    0.081, -999.000,    0.077,    0.081,    0.076,    0.075, -999.000,
       238,2020091206,   -0.096,   -0.108,   -0.094,   -0.075,   -0.060,   -0.098,   -0.107,   -0.096,   -0.074,   -0.070,    0.078,    0.081,    0.077,    0.077,    0.076,    0.078,    0.081,    0.077,    0.076,    0.076,
       238,2020091200,   -0.100,   -0.101,   -0.100,   -0.115,   -0.152,   -0.105,   -0.091,   -0.107,   -0.109,   -0.172,    0.080,    0.081,    0.080,    0.084, -999.000,    0.080,    0.079,    0.080,    0.082, -999.000,
       238,2020091118,   -0.098,   -0.086,   -0.102,   -0.087, -999.000,   -0.103,   -0.087,   -0.108,   -0.108,   -0.064,    0.078,    0.075,    0.079,    0.077, -999.000,    0.078,    0.074,    0.079,    0.066, -999.000,
       238,2020091112,   -0.097,   -0.101,   -0.096,   -0.087,   -0.147,   -0.100,   -0.107,   -0.098,   -0.099,   -0.185,    0.078,    0.082,    0.078,    0.074,    0.108,    0.078,    0.082,    0.078,    0.067,    0.108,
       238,2020091106,   -0.101,   -0.118,   -0.097,   -0.082,   -0.151,   -0.105,   -0.121,   -0.100,   -0.098,   -0.175,    0.078,    0.079,    0.077,    0.092, -999.000,    0.078,    0.077,    0.077,    0.087, -999.000,
       238,2020091100,   -0.103,   -0.098,   -0.105,   -0.077, -999.000,   -0.107,   -0.091,   -0.110,   -0.107, -999.000,    0.080,    0.082,    0.080,    0.070, -999.000,    0.080,    0.081,    0.080,    0.067, -999.000,
       238,2020091018,   -0.092,   -0.105,   -0.089,   -0.088,   -0.117,   -0.098,   -0.105,   -0.097,   -0.097,   -0.101,    0.078,    0.082,    0.077,    0.074, -999.000,    0.078,    0.085,    0.077,    0.062, -999.000,
       238,2020091012,   -0.097,   -0.114,   -0.093,   -0.088,   -0.211,   -0.104,   -0.113,   -0.102,   -0.092,   -0.211,    0.080,    0.080,    0.079,    0.081,    0.053,    0.080,    0.081,    0.079,    0.085,    0.053,
       238,2020091006,   -0.102,   -0.114,   -0.097,   -0.117,   -0.147,   -0.109,   -0.124,   -0.103,   -0.114,   -0.147,    0.079,    0.085,    0.077,    0.101, -999.000,    0.079,    0.083,    0.077,    0.093, -999.000,
       238,2020091000,   -0.099,   -0.103,   -0.099,   -0.103,   -0.212,   -0.107,   -0.099,   -0.109,   -0.107, -999.000,    0.082,    0.082,    0.082,    0.097, -999.000,    0.082,    0.081,    0.082,    0.095, -999.000,
       238,2020090918,   -0.100,   -0.106,   -0.097,   -0.117,   -0.134,   -0.100,   -0.100,   -0.099,   -0.109,   -0.187,    0.080,    0.080,    0.080,    0.080,    0.097,    0.080,    0.080,    0.080,    0.083,    0.097,
       238,2020090912,   -0.105,   -0.093,   -0.109,   -0.082, -999.000,   -0.109,   -0.097,   -0.114,   -0.073, -999.000,    0.081,    0.080,    0.082,    0.085, -999.000,    0.081,    0.079,    0.082,    0.075, -999.000,
       238,2020090906,   -0.101,   -0.108,   -0.097,   -0.136,   -0.125,   -0.104,   -0.110,   -0.101,   -0.125,   -0.125,    0.080,    0.079,    0.081,    0.086,    0.088,    0.080,    0.079,    0.081,    0.079,    0.088,
       238,2020090900,   -0.102,   -0.112,   -0.100,   -0.111,   -0.253,   -0.107,   -0.116,   -0.106,   -0.100,   -0.230,    0.082,    0.085,    0.081,    0.070, -999.000,    0.082,    0.085,    0.081,    0.088, -999.000,
       238,2020090818,   -0.101,   -0.109,   -0.098,   -0.142, -999.000,   -0.104,   -0.105,   -0.102,   -0.121, -999.000,    0.083,    0.081,    0.082,    0.088, -999.000,    0.083,    0.084,    0.082,    0.082, -999.000,
       238,2020090812,   -0.100,   -0.110,   -0.098,   -0.095, -999.000,   -0.100,   -0.111,   -0.098,   -0.086, -999.000,    0.079,    0.080,    0.079,    0.087, -999.000,    0.079,    0.078,    0.079,    0.075, -999.000,
       238,2020090806,   -0.099,   -0.112,   -0.096,   -0.072,   -0.145,   -0.106,   -0.113,   -0.104,   -0.085,   -0.145,    0.079,    0.086,    0.078,    0.079, -999.000,    0.079,    0.082,    0.078,    0.075, -999.000,
       238,2020090800,   -0.100,   -0.124,   -0.095,   -0.117,   -0.016,   -0.105,   -0.121,   -0.101,   -0.131,   -0.132,    0.079,    0.084,    0.078,    0.071, -999.000,    0.079,    0.081,    0.078,    0.070, -999.000,
       238,2020090718,   -0.100,   -0.104,   -0.099,   -0.091, -999.000,   -0.108,   -0.112,   -0.107,   -0.096, -999.000,    0.083,    0.084,    0.084,    0.080, -999.000,    0.083,    0.080,    0.084,    0.081, -999.000,
       238,2020090712,   -0.104,   -0.112,   -0.104,   -0.098, -999.000,   -0.109,   -0.116,   -0.109,   -0.087, -999.000,    0.080,    0.083,    0.079,    0.073, -999.000,    0.080,    0.085,    0.079,    0.078, -999.000,
       238,2020090706,   -0.101,   -0.118,   -0.095,   -0.078,   -0.166,   -0.107,   -0.116,   -0.103,   -0.099,   -0.149,    0.080,    0.080,    0.078,    0.073,    0.077,    0.080,    0.082,    0.078,    0.076,    0.077,
       238,2020090700,   -0.098,   -0.094,   -0.100,   -0.088, -999.000,   -0.105,   -0.092,   -0.108,   -0.098, -999.000,    0.081,    0.085,    0.081,    0.082, -999.000,    0.081,    0.086,    0.081,    0.081, -999.000,
       238,2020090618,   -0.102,   -0.110,   -0.101,   -0.075,   -0.233,   -0.105,   -0.111,   -0.104,   -0.094, -999.000,    0.080,    0.082,    0.080,    0.083, -999.000,    0.080,    0.080,    0.080,    0.076, -999.000,
       238,2020090612,   -0.101,   -0.113,   -0.101,   -0.080,   -0.251,   -0.104,   -0.116,   -0.102,   -0.090,   -0.251,    0.081,    0.086,    0.080,    0.083, -999.000,    0.081,    0.084,    0.080,    0.081, -999.000,
       238,2020090606,   -0.100,   -0.120,   -0.094,   -0.087, -999.000,   -0.110,   -0.121,   -0.105,   -0.106, -999.000,    0.080,    0.085,    0.078,    0.092, -999.000,    0.080,    0.084,    0.078,    0.079, -999.000,
       238,2020090600,   -0.105,   -0.102,   -0.107,   -0.086,   -0.000,   -0.107,   -0.099,   -0.109,   -0.101,   -0.000,    0.083,    0.083,    0.083,    0.081, -999.000,    0.083,    0.081,    0.083,    0.079, -999.000,
       238,2020090518,   -0.104,   -0.112,   -0.101,   -0.101, -999.000,   -0.106,   -0.112,   -0.105,   -0.077, -999.000,    0.082,    0.081,    0.082,    0.077, -999.000,    0.082,    0.081,    0.082,    0.088, -999.000,
       238,2020090512,   -0.100,   -0.113,   -0.098,   -0.088,   -0.043,   -0.106,   -0.116,   -0.106,   -0.080,   -0.003,    0.080,    0.080,    0.080,    0.071,    0.058,    0.080,    0.080,    0.080,    0.069,    0.058,
       238,2020090506,   -0.102,   -0.119,   -0.097,   -0.099,   -0.198,   -0.108,   -0.126,   -0.102,   -0.086,   -0.198,    0.083,    0.084,    0.081,    0.092, -999.000,    0.083,    0.086,    0.081,    0.075, -999.000,
       238,2020090500,   -0.098,   -0.085,   -0.099,   -0.134, -999.000,   -0.103,   -0.087,   -0.106,   -0.123, -999.000,    0.082,    0.080,    0.082,    0.087, -999.000,    0.082,    0.079,    0.082,    0.079, -999.000,
       238,2020090418,   -0.101,   -0.108,   -0.099,   -0.090, -999.000,   -0.110,   -0.116,   -0.109,   -0.105, -999.000,    0.084,    0.085,    0.084,    0.080, -999.000,    0.084,    0.085,    0.084,    0.076, -999.000,
       238,2020090412,   -0.103,   -0.092,   -0.106,   -0.087,   -0.173,   -0.109,   -0.103,   -0.110,   -0.116, -999.000,    0.081,    0.082,    0.082,    0.089, -999.000,    0.081,    0.078,    0.082,    0.080, -999.000,
       238,2020090406,   -0.102,   -0.107,   -0.100,   -0.125, -999.000,   -0.113,   -0.124,   -0.108,   -0.140,   -0.004,    0.084,    0.085,    0.084,    0.085, -999.000,    0.084,    0.084,    0.084,    0.088, -999.000,
       238,2020090400,   -0.107,   -0.110,   -0.106,   -0.141,   -0.265,   -0.112,   -0.110,   -0.110,   -0.157, -999.000,    0.084,    0.085,    0.084,    0.075, -999.000,    0.084,    0.081,    0.084,    0.079, -999.000,
       238,2020090318,   -0.104,   -0.110,   -0.103,   -0.107,   -0.087,   -0.106,   -0.108,   -0.106,   -0.104,   -0.074,    0.086,    0.083,    0.086,    0.080,    0.086,    0.086,    0.085,    0.086,    0.083,    0.086,
       238,2020090312,   -0.097,   -0.099,   -0.097,   -0.092,   -0.178,   -0.104,   -0.113,   -0.102,   -0.102, -999.000,    0.080,    0.083,    0.080,    0.086,    0.100,    0.080,    0.079,    0.080,    0.083,    0.100,
       238,2020090306,   -0.109,   -0.124,   -0.105,   -0.109,   -0.000,   -0.112,   -0.125,   -0.106,   -0.135,   -0.000,    0.083,    0.086,    0.081,    0.081, -999.000,    0.083,    0.087,    0.081,    0.089, -999.000,
       238,2020090300,   -0.110,   -0.108,   -0.111,   -0.108,   -0.159,   -0.114,   -0.114,   -0.114,   -0.119, -999.000,    0.085,    0.083,    0.086,    0.080,    0.138,    0.085,    0.082,    0.086,    0.087,    0.138,
       238,2020090218,   -0.110,   -0.116,   -0.107,   -0.124,   -0.125,   -0.109,   -0.114,   -0.109,   -0.095,   -0.125,    0.085,    0.087,    0.084,    0.081,    0.115,    0.085,    0.087,    0.084,    0.083,    0.115,
       238,2020090212,   -0.096,   -0.102,   -0.097,   -0.074, -999.000,   -0.102,   -0.103,   -0.104,   -0.074, -999.000,    0.079,    0.083,    0.079,    0.068, -999.000,    0.079,    0.081,    0.079,    0.080, -999.000,
       238,2020090206,   -0.109,   -0.119,   -0.105,   -0.101,   -0.221,   -0.112,   -0.123,   -0.107,   -0.125,   -0.122,    0.084,    0.087,    0.084,    0.079,    0.064,    0.084,    0.084,    0.084,    0.068,    0.064,
       238,2020090200,   -0.106,   -0.120,   -0.103,   -0.101, -999.000,   -0.111,   -0.123,   -0.109,   -0.106, -999.000,    0.084,    0.091,    0.083,    0.087, -999.000,    0.084,    0.088,    0.083,    0.076, -999.000,
       238,2020090118,   -0.110,   -0.117,   -0.108,   -0.106,   -0.011,   -0.113,   -0.123,   -0.113,   -0.087,   -0.001,    0.085,    0.086,    0.085,    0.081,    0.015,    0.085,    0.085,    0.085,    0.090,    0.015,
       238,2020090112,   -0.099,   -0.106,   -0.098,   -0.105,   -0.263,   -0.104,   -0.119,   -0.103,   -0.087,   -0.263,    0.084,    0.088,    0.084,    0.079, -999.000,    0.084,    0.086,    0.084,    0.095, -999.000,
       238,2020090106,   -0.103,   -0.122,   -0.098,   -0.086,   -0.007,   -0.111,   -0.129,   -0.104,   -0.106,   -0.007,    0.084,    0.085,    0.082,    0.102, -999.000,    0.084,    0.086,    0.082,    0.087, -999.000,
       238,2020090100,   -0.104,   -0.091,   -0.105,   -0.125, -999.000,   -0.108,   -0.099,   -0.108,   -0.128, -999.000,    0.084,    0.087,    0.084,    0.080, -999.000,    0.084,    0.086,    0.084,    0.081, -999.000,
       238,2020083118,   -0.104,   -0.109,   -0.103,   -0.107,   -0.087,   -0.106,   -0.112,   -0.105,   -0.103,   -0.064,    0.082,    0.084,    0.083,    0.078,    0.000,    0.082,    0.083,    0.083,    0.074,    0.000,
       238,2020083112,   -0.107,   -0.104,   -0.107,   -0.125,   -0.178,   -0.111,   -0.118,   -0.110,   -0.113,   -0.116,    0.087,    0.090,    0.087,    0.088,    0.126,    0.087,    0.087,    0.087,    0.090,    0.126,
       238,2020083106,   -0.106,   -0.121,   -0.101,   -0.108,   -0.252,   -0.111,   -0.123,   -0.106,   -0.136, -999.000,    0.088,    0.091,    0.087,    0.090, -999.000,    0.088,    0.090,    0.087,    0.091, -999.000,
       238,2020083100,   -0.108,   -0.108,   -0.107,   -0.134,   -0.088,   -0.110,   -0.101,   -0.111,   -0.137,   -0.076,    0.084,    0.081,    0.084,    0.091, -999.000,    0.084,    0.082,    0.084,    0.090, -999.000,
       238,2020083018,   -0.106,   -0.112,   -0.103,   -0.123,   -0.132,   -0.106,   -0.118,   -0.103,   -0.104, -999.000,    0.082,    0.085,    0.081,    0.080,    0.113,    0.082,    0.082,    0.081,    0.078,    0.113,
       238,2020083012,   -0.105,   -0.101,   -0.106,   -0.102, -999.000,   -0.112,   -0.117,   -0.111,   -0.121, -999.000,    0.085,    0.089,    0.085,    0.089, -999.000,    0.085,    0.084,    0.085,    0.086, -999.000,
       238,2020083006,   -0.107,   -0.112,   -0.104,   -0.115,   -0.188,   -0.112,   -0.123,   -0.107,   -0.131,   -0.150,    0.087,    0.085,    0.087,    0.096,    0.088,    0.087,    0.085,    0.087,    0.093,    0.088,
       238,2020083000,   -0.111, -999.000,   -0.111, -999.000, -999.000,   -0.116, -999.000,   -0.116, -999.000, -999.000,    0.087, -999.000,    0.087, -999.000, -999.000,    0.087, -999.000,    0.087, -999.000, -999.000,
