       190,2020092000,   -0.072,   -0.083,   -0.071,   -0.066, -999.000,   -0.078,   -0.083,   -0.077,   -0.069, -999.000,    0.059,    0.061,    0.058,    0.065, -999.000,    0.059,    0.062,    0.058,    0.060, -999.000,
       190,2020091918,   -0.075,   -0.073,   -0.074,   -0.095,   -0.071,   -0.075,   -0.070,   -0.076,   -0.080,   -0.071,    0.059,    0.057,    0.058,    0.060,    0.033,    0.059,    0.059,    0.058,    0.062,    0.033,
       190,2020091912,   -0.074,   -0.079,   -0.073,   -0.067,   -0.181,   -0.077,   -0.080,   -0.077,   -0.050, -999.000,    0.059,    0.062,    0.058,    0.048, -999.000,    0.059,    0.063,    0.058,    0.059, -999.000,
       190,2020091906,   -0.073,   -0.080,   -0.072,   -0.079,   -0.053,   -0.079,   -0.087,   -0.077,   -0.091,   -0.056,    0.058,    0.064,    0.057,    0.069,    0.054,    0.058,    0.063,    0.057,    0.059,    0.054,
       190,2020091900,   -0.072,   -0.080,   -0.072,   -0.068, -999.000,   -0.074,   -0.081,   -0.073,   -0.072, -999.000,    0.058,    0.061,    0.057,    0.056, -999.000,    0.058,    0.061,    0.057,    0.059, -999.000,
       190,2020091818,   -0.074,   -0.075,   -0.073,   -0.088,   -0.056,   -0.075,   -0.077,   -0.074,   -0.072,   -0.106,    0.059,    0.057,    0.059,    0.066,    0.021,    0.059,    0.057,    0.059,    0.065,    0.021,
       190,2020091812,   -0.077,   -0.096,   -0.074,   -0.070, -999.000,   -0.080,   -0.093,   -0.079,   -0.074, -999.000,    0.060,    0.060,    0.059,    0.061, -999.000,    0.060,    0.060,    0.059,    0.066, -999.000,
       190,2020091806,   -0.077,   -0.079,   -0.077,   -0.062,   -0.121,   -0.083,   -0.088,   -0.081,   -0.068,   -0.174,    0.059,    0.060,    0.059,    0.057,    0.070,    0.059,    0.059,    0.059,    0.052,    0.070,
       190,2020091800,   -0.075,   -0.083,   -0.073,   -0.073, -999.000,   -0.076,   -0.078,   -0.075,   -0.096, -999.000,    0.058,    0.057,    0.058,    0.061, -999.000,    0.058,    0.055,    0.058,    0.058, -999.000,
       190,2020091718,   -0.075,   -0.070,   -0.078,   -0.051, -999.000,   -0.079,   -0.075,   -0.082,   -0.053, -999.000,    0.059,    0.058,    0.059,    0.051, -999.000,    0.059,    0.055,    0.059,    0.055, -999.000,
       190,2020091712,   -0.074,   -0.089,   -0.072,   -0.077, -999.000,   -0.075,   -0.088,   -0.073,   -0.071, -999.000,    0.058,    0.062,    0.058,    0.055, -999.000,    0.058,    0.062,    0.058,    0.060, -999.000,
       190,2020091706,   -0.073,   -0.074,   -0.072,   -0.077,   -0.081,   -0.076,   -0.079,   -0.075,   -0.071,   -0.051,    0.057,    0.061,    0.057,    0.064,    0.030,    0.057,    0.058,    0.057,    0.057,    0.030,
       190,2020091700,   -0.072,   -0.064,   -0.073,   -0.089, -999.000,   -0.073,   -0.064,   -0.074,   -0.071, -999.000,    0.058,    0.060,    0.057,    0.059, -999.000,    0.058,    0.060,    0.057,    0.068, -999.000,
       190,2020091618,   -0.075,   -0.064,   -0.079,   -0.061,   -0.081,   -0.075,   -0.068,   -0.077,   -0.076,   -0.032,    0.058,    0.056,    0.059,    0.067, -999.000,    0.058,    0.053,    0.059,    0.060, -999.000,
       190,2020091612,   -0.071,   -0.077,   -0.069,   -0.086, -999.000,   -0.073,   -0.079,   -0.071,   -0.074,   -0.164,    0.058,    0.061,    0.057,    0.071, -999.000,    0.058,    0.062,    0.057,    0.059, -999.000,
       190,2020091606,   -0.075,   -0.078,   -0.075,   -0.067,   -0.109,   -0.080,   -0.081,   -0.079,   -0.076,   -0.117,    0.057,    0.057,    0.057,    0.061,    0.060,    0.057,    0.059,    0.057,    0.046,    0.060,
       190,2020091600,   -0.072,   -0.065,   -0.073,   -0.079,   -0.070,   -0.075,   -0.064,   -0.077,   -0.080,   -0.070,    0.057,    0.055,    0.057,    0.061, -999.000,    0.057,    0.057,    0.057,    0.059, -999.000,
       190,2020091518,   -0.069,   -0.069,   -0.069,   -0.068, -999.000,   -0.071,   -0.075,   -0.070,   -0.075, -999.000,    0.058,    0.061,    0.058,    0.066, -999.000,    0.058,    0.060,    0.058,    0.060, -999.000,
       190,2020091512,   -0.072,   -0.072,   -0.072,   -0.068,   -0.107,   -0.076,   -0.075,   -0.077,   -0.060,   -0.173,    0.058,    0.054,    0.058,    0.062, -999.000,    0.058,    0.057,    0.058,    0.058, -999.000,
       190,2020091506,   -0.068,   -0.082,   -0.065,   -0.068,   -0.027,   -0.074,   -0.090,   -0.069,   -0.066,   -0.028,    0.058,    0.061,    0.057,    0.054,    0.002,    0.058,    0.061,    0.057,    0.055,    0.002,
       190,2020091500,   -0.075,   -0.071,   -0.075,   -0.101, -999.000,   -0.076,   -0.072,   -0.077,   -0.084, -999.000,    0.058,    0.059,    0.058,    0.059, -999.000,    0.058,    0.057,    0.058,    0.069, -999.000,
       190,2020091418,   -0.065,   -0.066,   -0.065,   -0.070,   -0.130,   -0.067,   -0.071,   -0.066,   -0.069,   -0.016,    0.056,    0.058,    0.056,    0.062, -999.000,    0.056,    0.055,    0.056,    0.060, -999.000,
       190,2020091412,   -0.072,   -0.066,   -0.074,   -0.058, -999.000,   -0.076,   -0.070,   -0.078,   -0.086, -999.000,    0.058,    0.058,    0.059,    0.053, -999.000,    0.058,    0.057,    0.059,    0.050, -999.000,
       190,2020091406,   -0.068,   -0.073,   -0.067,   -0.072, -999.000,   -0.073,   -0.080,   -0.071,   -0.096,   -0.030,    0.057,    0.063,    0.057,    0.062, -999.000,    0.057,    0.060,    0.057,    0.061, -999.000,
       190,2020091400,   -0.074,   -0.074,   -0.074,   -0.073,   -0.174,   -0.076,   -0.072,   -0.077,   -0.069,   -0.090,    0.058,    0.060,    0.057,    0.058, -999.000,    0.058,    0.060,    0.057,    0.056, -999.000,
       190,2020091318,   -0.075,   -0.082,   -0.072,   -0.082,   -0.180,   -0.077,   -0.079,   -0.077,   -0.074,   -0.139,    0.058,    0.060,    0.057,    0.057, -999.000,    0.058,    0.063,    0.057,    0.052, -999.000,
       190,2020091312,   -0.071,   -0.072,   -0.072,   -0.062,   -0.003,   -0.074,   -0.070,   -0.075,   -0.069, -999.000,    0.057,    0.057,    0.057,    0.058, -999.000,    0.057,    0.060,    0.057,    0.049, -999.000,
       190,2020091306,   -0.069,   -0.075,   -0.066,   -0.089, -999.000,   -0.074,   -0.084,   -0.071,   -0.079, -999.000,    0.059,    0.064,    0.057,    0.062, -999.000,    0.059,    0.062,    0.057,    0.060, -999.000,
       190,2020091300,   -0.071,   -0.084,   -0.069,   -0.081, -999.000,   -0.073,   -0.075,   -0.072,   -0.092, -999.000,    0.059,    0.058,    0.059,    0.061, -999.000,    0.059,    0.061,    0.059,    0.063, -999.000,
       190,2020091218,   -0.072,   -0.075,   -0.072,   -0.065,   -0.012,   -0.077,   -0.077,   -0.076,   -0.098, -999.000,    0.058,    0.057,    0.058,    0.058, -999.000,    0.058,    0.060,    0.058,    0.061, -999.000,
       190,2020091212,   -0.074,   -0.084,   -0.072,   -0.075, -999.000,   -0.077,   -0.085,   -0.075,   -0.078, -999.000,    0.058,    0.059,    0.058,    0.062, -999.000,    0.058,    0.058,    0.058,    0.057, -999.000,
       190,2020091206,   -0.072,   -0.078,   -0.071,   -0.057,   -0.046,   -0.075,   -0.082,   -0.073,   -0.058,   -0.053,    0.059,    0.061,    0.059,    0.059,    0.057,    0.059,    0.061,    0.059,    0.057,    0.057,
       190,2020091200,   -0.075,   -0.075,   -0.074,   -0.087,   -0.111,   -0.077,   -0.068,   -0.078,   -0.082,   -0.125,    0.059,    0.060,    0.059,    0.060, -999.000,    0.059,    0.058,    0.059,    0.060, -999.000,
       190,2020091118,   -0.074,   -0.062,   -0.077,   -0.071, -999.000,   -0.077,   -0.065,   -0.081,   -0.081,   -0.047,    0.058,    0.056,    0.059,    0.057, -999.000,    0.058,    0.055,    0.059,    0.051, -999.000,
       190,2020091112,   -0.073,   -0.075,   -0.073,   -0.068,   -0.111,   -0.075,   -0.081,   -0.074,   -0.076,   -0.109,    0.059,    0.062,    0.059,    0.056,    0.081,    0.059,    0.063,    0.059,    0.050,    0.081,
       190,2020091106,   -0.074,   -0.085,   -0.072,   -0.057,   -0.111,   -0.078,   -0.088,   -0.074,   -0.072,   -0.129,    0.057,    0.057,    0.057,    0.067, -999.000,    0.057,    0.057,    0.057,    0.063, -999.000,
       190,2020091100,   -0.075,   -0.072,   -0.077,   -0.059, -999.000,   -0.079,   -0.068,   -0.081,   -0.077, -999.000,    0.058,    0.061,    0.058,    0.051, -999.000,    0.058,    0.059,    0.058,    0.052, -999.000,
       190,2020091018,   -0.068,   -0.080,   -0.066,   -0.068,   -0.086,   -0.072,   -0.078,   -0.071,   -0.069,   -0.074,    0.058,    0.061,    0.057,    0.054, -999.000,    0.058,    0.064,    0.057,    0.048, -999.000,
       190,2020091012,   -0.070,   -0.081,   -0.068,   -0.064,   -0.153,   -0.076,   -0.081,   -0.075,   -0.068,   -0.181,    0.058,    0.058,    0.057,    0.062,    0.039,    0.058,    0.059,    0.057,    0.062,    0.039,
       190,2020091006,   -0.075,   -0.084,   -0.071,   -0.087,   -0.108,   -0.080,   -0.091,   -0.075,   -0.085,   -0.107,    0.058,    0.062,    0.057,    0.075, -999.000,    0.058,    0.061,    0.057,    0.069, -999.000,
       190,2020091000,   -0.071,   -0.071,   -0.071,   -0.073,   -0.152,   -0.077,   -0.071,   -0.078,   -0.076, -999.000,    0.059,    0.059,    0.059,    0.069, -999.000,    0.059,    0.057,    0.059,    0.068, -999.000,
       190,2020090918,   -0.074,   -0.077,   -0.072,   -0.090,   -0.097,   -0.072,   -0.072,   -0.072,   -0.079,   -0.135,    0.058,    0.058,    0.058,    0.059,    0.070,    0.058,    0.057,    0.058,    0.063,    0.070,
       190,2020090912,   -0.075,   -0.063,   -0.079,   -0.057, -999.000,   -0.078,   -0.067,   -0.082,   -0.059, -999.000,    0.058,    0.055,    0.059,    0.065, -999.000,    0.058,    0.054,    0.059,    0.053, -999.000,
       190,2020090906,   -0.071,   -0.072,   -0.070,   -0.098,   -0.090,   -0.075,   -0.077,   -0.074,   -0.089,   -0.090,    0.058,    0.057,    0.059,    0.061,    0.064,    0.058,    0.055,    0.059,    0.058,    0.064,
       190,2020090900,   -0.073,   -0.082,   -0.071,   -0.075,   -0.180,   -0.077,   -0.084,   -0.075,   -0.071,   -0.164,    0.058,    0.061,    0.057,    0.050, -999.000,    0.058,    0.061,    0.057,    0.061, -999.000,
       190,2020090818,   -0.069,   -0.072,   -0.067,   -0.097, -999.000,   -0.073,   -0.073,   -0.072,   -0.091, -999.000,    0.057,    0.058,    0.057,    0.061, -999.000,    0.057,    0.057,    0.057,    0.057, -999.000,
       190,2020090812,   -0.070,   -0.077,   -0.068,   -0.070, -999.000,   -0.071,   -0.078,   -0.070,   -0.064, -999.000,    0.056,    0.058,    0.056,    0.063, -999.000,    0.056,    0.058,    0.056,    0.054, -999.000,
       190,2020090806,   -0.070,   -0.074,   -0.070,   -0.052,   -0.105,   -0.076,   -0.079,   -0.075,   -0.063,   -0.105,    0.057,    0.062,    0.056,    0.059, -999.000,    0.057,    0.060,    0.056,    0.054, -999.000,
       190,2020090800,   -0.072,   -0.089,   -0.069,   -0.089,   -0.011,   -0.076,   -0.088,   -0.073,   -0.101,   -0.095,    0.057,    0.060,    0.056,    0.052, -999.000,    0.057,    0.058,    0.056,    0.053, -999.000,
       190,2020090718,   -0.072,   -0.071,   -0.072,   -0.072, -999.000,   -0.077,   -0.078,   -0.077,   -0.073, -999.000,    0.059,    0.060,    0.060,    0.060, -999.000,    0.059,    0.057,    0.060,    0.060, -999.000,
       190,2020090712,   -0.075,   -0.070,   -0.075,   -0.077, -999.000,   -0.079,   -0.078,   -0.079,   -0.067, -999.000,    0.057,    0.060,    0.057,    0.053, -999.000,    0.057,    0.058,    0.057,    0.057, -999.000,
       190,2020090706,   -0.072,   -0.080,   -0.069,   -0.058,   -0.136,   -0.077,   -0.084,   -0.074,   -0.070,   -0.126,    0.057,    0.058,    0.057,    0.054,    0.049,    0.057,    0.058,    0.057,    0.055,    0.049,
       190,2020090700,   -0.069,   -0.067,   -0.070,   -0.062, -999.000,   -0.074,   -0.064,   -0.075,   -0.078, -999.000,    0.057,    0.060,    0.056,    0.059, -999.000,    0.057,    0.061,    0.056,    0.056, -999.000,
       190,2020090618,   -0.072,   -0.079,   -0.072,   -0.050,   -0.163,   -0.074,   -0.081,   -0.073,   -0.068, -999.000,    0.056,    0.058,    0.056,    0.059, -999.000,    0.056,    0.057,    0.056,    0.053, -999.000,
       190,2020090612,   -0.071,   -0.081,   -0.071,   -0.058,   -0.178,   -0.073,   -0.081,   -0.072,   -0.067,   -0.179,    0.058,    0.062,    0.057,    0.062, -999.000,    0.058,    0.059,    0.057,    0.058, -999.000,
       190,2020090606,   -0.070,   -0.084,   -0.066,   -0.065, -999.000,   -0.077,   -0.084,   -0.074,   -0.079, -999.000,    0.056,    0.059,    0.055,    0.065, -999.000,    0.056,    0.059,    0.055,    0.054, -999.000,
       190,2020090600,   -0.074,   -0.073,   -0.075,   -0.064,   -0.000,   -0.075,   -0.071,   -0.077,   -0.069,   -0.000,    0.058,    0.059,    0.058,    0.058, -999.000,    0.058,    0.057,    0.058,    0.058, -999.000,
       190,2020090518,   -0.073,   -0.076,   -0.072,   -0.079, -999.000,   -0.075,   -0.080,   -0.074,   -0.059, -999.000,    0.058,    0.058,    0.058,    0.055, -999.000,    0.058,    0.058,    0.058,    0.063, -999.000,
       190,2020090512,   -0.069,   -0.077,   -0.068,   -0.056,   -0.031,   -0.074,   -0.078,   -0.074,   -0.052,   -0.002,    0.056,    0.059,    0.056,    0.053,    0.041,    0.056,    0.059,    0.056,    0.048,    0.041,
       190,2020090506,   -0.071,   -0.079,   -0.069,   -0.072,   -0.139,   -0.077,   -0.091,   -0.073,   -0.065,   -0.140,    0.058,    0.059,    0.057,    0.066, -999.000,    0.058,    0.062,    0.057,    0.053, -999.000,
       190,2020090500,   -0.067,   -0.061,   -0.068,   -0.091, -999.000,   -0.071,   -0.060,   -0.073,   -0.087, -999.000,    0.056,    0.056,    0.056,    0.063, -999.000,    0.056,    0.055,    0.056,    0.054, -999.000,
       190,2020090418,   -0.070,   -0.072,   -0.069,   -0.071, -999.000,   -0.077,   -0.082,   -0.075,   -0.077, -999.000,    0.058,    0.059,    0.058,    0.057, -999.000,    0.058,    0.057,    0.058,    0.057, -999.000,
       190,2020090412,   -0.071,   -0.061,   -0.073,   -0.063,   -0.120,   -0.076,   -0.070,   -0.077,   -0.092, -999.000,    0.056,    0.055,    0.057,    0.063, -999.000,    0.056,    0.053,    0.057,    0.057, -999.000,
       190,2020090406,   -0.068,   -0.068,   -0.068,   -0.084,   -0.005,   -0.076,   -0.082,   -0.073,   -0.094,   -0.003,    0.056,    0.057,    0.056,    0.059, -999.000,    0.056,    0.055,    0.056,    0.060, -999.000,
       190,2020090400,   -0.072,   -0.072,   -0.071,   -0.102,   -0.177,   -0.075,   -0.074,   -0.074,   -0.110, -999.000,    0.056,    0.057,    0.057,    0.048, -999.000,    0.056,    0.054,    0.057,    0.053, -999.000,
       190,2020090318,   -0.070,   -0.069,   -0.069,   -0.080,   -0.058,   -0.071,   -0.071,   -0.071,   -0.078,   -0.049,    0.057,    0.056,    0.058,    0.055,    0.058,    0.057,    0.056,    0.058,    0.056,    0.058,
       190,2020090312,   -0.067,   -0.067,   -0.066,   -0.071,   -0.123,   -0.072,   -0.076,   -0.071,   -0.078, -999.000,    0.055,    0.056,    0.055,    0.062,    0.069,    0.055,    0.054,    0.055,    0.060,    0.069,
       190,2020090306,   -0.075,   -0.081,   -0.073,   -0.072,   -0.000,   -0.077,   -0.086,   -0.073,   -0.096,   -0.000,    0.057,    0.060,    0.056,    0.056, -999.000,    0.057,    0.060,    0.056,    0.064, -999.000,
       190,2020090300,   -0.076,   -0.077,   -0.076,   -0.069,   -0.110,   -0.079,   -0.079,   -0.078,   -0.084, -999.000,    0.059,    0.058,    0.059,    0.056,    0.095,    0.059,    0.057,    0.059,    0.059,    0.095,
       190,2020090218,   -0.075,   -0.075,   -0.074,   -0.095,   -0.111,   -0.075,   -0.076,   -0.076,   -0.068,   -0.111,    0.059,    0.060,    0.058,    0.056,    0.094,    0.059,    0.060,    0.058,    0.060,    0.094,
       190,2020090212,   -0.066,   -0.067,   -0.067,   -0.047, -999.000,   -0.071,   -0.072,   -0.072,   -0.054, -999.000,    0.055,    0.058,    0.055,    0.049, -999.000,    0.055,    0.055,    0.055,    0.053, -999.000,
       190,2020090206,   -0.073,   -0.078,   -0.071,   -0.066,   -0.151,   -0.076,   -0.084,   -0.073,   -0.086,   -0.084,    0.057,    0.060,    0.057,    0.052,    0.044,    0.057,    0.059,    0.057,    0.044,    0.044,
       190,2020090200,   -0.071,   -0.077,   -0.070,   -0.072, -999.000,   -0.074,   -0.081,   -0.073,   -0.072, -999.000,    0.055,    0.060,    0.055,    0.059, -999.000,    0.055,    0.058,    0.055,    0.050, -999.000,
       190,2020090118,   -0.072,   -0.081,   -0.070,   -0.072,   -0.007,   -0.076,   -0.084,   -0.075,   -0.058,   -0.001,    0.057,    0.057,    0.056,    0.054,    0.010,    0.057,    0.057,    0.056,    0.061,    0.010,
       190,2020090112,   -0.068,   -0.082,   -0.066,   -0.071,   -0.177,   -0.071,   -0.085,   -0.069,   -0.058,   -0.177,    0.057,    0.056,    0.056,    0.053, -999.000,    0.057,    0.059,    0.056,    0.064, -999.000,
       190,2020090106,   -0.070,   -0.081,   -0.067,   -0.062,   -0.005,   -0.074,   -0.086,   -0.070,   -0.071,   -0.005,    0.057,    0.055,    0.056,    0.068, -999.000,    0.057,    0.060,    0.056,    0.059, -999.000,
       190,2020090100,   -0.070,   -0.062,   -0.070,   -0.092, -999.000,   -0.073,   -0.069,   -0.073,   -0.086, -999.000,    0.057,    0.059,    0.056,    0.054, -999.000,    0.057,    0.058,    0.056,    0.053, -999.000,
       190,2020083118,   -0.072,   -0.077,   -0.070,   -0.079,   -0.060,   -0.073,   -0.076,   -0.072,   -0.076,   -0.044,    0.056,    0.059,    0.056,    0.054,    0.000,    0.056,    0.058,    0.056,    0.050,    0.000,
       190,2020083112,   -0.072,   -0.067,   -0.072,   -0.085,   -0.119,   -0.075,   -0.077,   -0.074,   -0.079,   -0.096,    0.059,    0.061,    0.059,    0.060,    0.084,    0.059,    0.058,    0.059,    0.063,    0.084,
       190,2020083106,   -0.070,   -0.078,   -0.068,   -0.079,   -0.169,   -0.075,   -0.083,   -0.071,   -0.094, -999.000,    0.059,    0.062,    0.058,    0.062, -999.000,    0.059,    0.059,    0.058,    0.064, -999.000,
       190,2020083100,   -0.075,   -0.077,   -0.074,   -0.097,   -0.060,   -0.076,   -0.070,   -0.076,   -0.096,   -0.051,    0.058,    0.056,    0.057,    0.062, -999.000,    0.058,    0.057,    0.057,    0.062, -999.000,
       190,2020083018,   -0.075,   -0.080,   -0.073,   -0.088,   -0.036,   -0.075,   -0.085,   -0.072,   -0.080, -999.000,    0.057,    0.058,    0.057,    0.059, -999.000,    0.057,    0.058,    0.057,    0.056, -999.000,
       190,2020083012,   -0.073,   -0.066,   -0.074,   -0.070, -999.000,   -0.078,   -0.075,   -0.078,   -0.089, -999.000,    0.060,    0.061,    0.060,    0.063, -999.000,    0.060,    0.059,    0.060,    0.061, -999.000,
       190,2020083006,   -0.075,   -0.081,   -0.072,   -0.108,   -0.113,   -0.078,   -0.086,   -0.074,   -0.087,   -0.103,    0.061,    0.059,    0.061,    0.065,    0.061,    0.061,    0.062,    0.061,    0.057,    0.061,
       190,2020083000,   -0.077,   -0.178,   -0.077, -999.000, -999.000,   -0.080, -999.000,   -0.080, -999.000, -999.000,    0.060, -999.000,    0.060, -999.000, -999.000,    0.060, -999.000,    0.060, -999.000, -999.000,
