       274,2020092000,   -0.082,   -0.434,    0.000,   -0.862, -999.000,   -0.087,   -0.424,    0.000,   -0.858, -999.000,    0.222,    0.249, -999.000,    0.084, -999.000,    0.222,    0.241, -999.000,    0.073, -999.000,
       274,2020091918,   -0.125,   -0.510,    0.000,   -0.853,   -0.515,   -0.133,   -0.477,    0.000,   -0.843,   -0.529,    0.279,    0.306, -999.000,    0.091,    0.211,    0.279,    0.309, -999.000,    0.092,    0.211,
       274,2020091912,   -0.127,   -0.558,    0.000,   -0.801,   -0.015,   -0.128,   -0.539,    0.000,   -0.791, -999.000,    0.275,    0.283, -999.000,    0.129, -999.000,    0.275,    0.278, -999.000,    0.124, -999.000,
       274,2020091906,   -0.134,   -0.522,    0.000,   -0.813,   -0.384,   -0.128,   -0.496,    0.000,   -0.780,   -0.273,    0.286,    0.318, -999.000,    0.114,    0.404,    0.286,    0.316, -999.000,    0.111,    0.404,
       274,2020091900,   -0.069,   -0.428,    0.000,   -0.822, -999.000,   -0.071,   -0.393,    0.000,   -0.808, -999.000,    0.195,    0.244, -999.000,    0.098, -999.000,    0.195,    0.227, -999.000,    0.087, -999.000,
       274,2020091818,   -0.126,   -0.460,    0.000,   -0.826,   -0.035,   -0.142,   -0.465,    0.000,   -0.817,   -0.022,    0.271,    0.295, -999.000,    0.089,    0.007,    0.271,    0.307, -999.000,    0.084,    0.007,
       274,2020091812,   -0.110,   -0.564,    0.000,   -0.826, -999.000,   -0.113,   -0.524,    0.000,   -0.802, -999.000,    0.261,    0.257, -999.000,    0.114, -999.000,    0.261,    0.258, -999.000,    0.104, -999.000,
       274,2020091806,   -0.158,   -0.570,    0.000,   -0.887,   -0.157,   -0.153,   -0.502,    0.000,   -0.870,   -0.010,    0.316,    0.342, -999.000,    0.119,    0.148,    0.316,    0.333, -999.000,    0.115,    0.148,
       274,2020091800,   -0.077,   -0.375,    0.000,   -0.837, -999.000,   -0.081,   -0.379,    0.000,   -0.840, -999.000,    0.205,    0.235, -999.000,    0.107, -999.000,    0.205,    0.237, -999.000,    0.122, -999.000,
       274,2020091718,   -0.192,   -0.559,    0.000,   -0.939, -999.000,   -0.177,   -0.544,    0.000,   -0.903, -999.000,    0.347,    0.341, -999.000,    0.104, -999.000,    0.347,    0.343, -999.000,    0.092, -999.000,
       274,2020091712,   -0.108,   -0.561,    0.000,   -0.838, -999.000,   -0.107,   -0.509,    0.000,   -0.851, -999.000,    0.262,    0.278, -999.000,    0.094, -999.000,    0.262,    0.277, -999.000,    0.110, -999.000,
       274,2020091706,   -0.186,   -0.623,    0.000,   -0.924,   -0.186,   -0.186,   -0.580,    0.000,   -0.890,   -0.318,    0.351,    0.363, -999.000,    0.141,    0.213,    0.351,    0.366, -999.000,    0.132,    0.213,
       274,2020091700,   -0.057,   -0.356,    0.000,   -0.895, -999.000,   -0.058,   -0.339,    0.000,   -0.889, -999.000,    0.184,    0.204, -999.000,    0.079, -999.000,    0.184,    0.198, -999.000,    0.137, -999.000,
       274,2020091618,   -0.164,   -0.618,    0.000,   -1.006,   -0.480,   -0.177,   -0.604,    0.000,   -0.939,   -0.489,    0.342,    0.372, -999.000,    0.120,    0.598,    0.342,    0.354, -999.000,    0.137,    0.598,
       274,2020091612,   -0.115,   -0.485,    0.000,   -0.856, -999.000,   -0.130,   -0.509,    0.000,   -0.845,   -0.136,    0.263,    0.310, -999.000,    0.154, -999.000,    0.263,    0.295, -999.000,    0.135, -999.000,
       274,2020091606,   -0.194,   -0.698,    0.000,   -0.927,   -0.069,   -0.182,   -0.647,    0.000,   -0.889,   -0.089,    0.361,    0.337, -999.000,    0.121,    0.084,    0.361,    0.325, -999.000,    0.079,    0.084,
       274,2020091600,   -0.064,   -0.355,    0.000,   -0.879,   -0.026,   -0.076,   -0.344,    0.000,   -0.879,   -0.026,    0.193,    0.250, -999.000,    0.126, -999.000,    0.193,    0.242, -999.000,    0.145, -999.000,
       274,2020091518,   -0.144,   -0.561,    0.000,   -0.970, -999.000,   -0.152,   -0.538,    0.000,   -0.912, -999.000,    0.318,    0.359, -999.000,    0.160, -999.000,    0.318,    0.333, -999.000,    0.152, -999.000,
       274,2020091512,   -0.143,   -0.523,    0.000,   -0.844,   -0.903,   -0.137,   -0.505,    0.000,   -0.836,   -0.255,    0.290,    0.291, -999.000,    0.092, -999.000,    0.290,    0.291, -999.000,    0.101, -999.000,
       274,2020091506,   -0.212,   -0.658,    0.000,   -0.895,   -0.374,   -0.198,   -0.599,    0.000,   -0.891,   -0.668,    0.372,    0.351, -999.000,    0.111,    0.418,    0.372,    0.358, -999.000,    0.102,    0.418,
       274,2020091500,   -0.082,   -0.473,    0.000,   -0.867, -999.000,   -0.084,   -0.424,    0.000,   -0.862, -999.000,    0.231,    0.312, -999.000,    0.197, -999.000,    0.231,    0.310, -999.000,    0.174, -999.000,
       274,2020091418,   -0.136,   -0.530,    0.000,   -0.948,   -0.116,   -0.149,   -0.478,    0.000,   -0.933,   -0.075,    0.304,    0.319, -999.000,    0.123, -999.000,    0.304,    0.318, -999.000,    0.136, -999.000,
       274,2020091412,   -0.125,   -0.594,    0.000,   -0.856, -999.000,   -0.145,   -0.578,    0.000,   -0.819, -999.000,    0.285,    0.300, -999.000,    0.112, -999.000,    0.285,    0.306, -999.000,    0.136, -999.000,
       274,2020091406,   -0.142,   -0.617,    0.000,   -0.897, -999.000,   -0.158,   -0.584,    0.000,   -0.890,   -0.077,    0.311,    0.331, -999.000,    0.118, -999.000,    0.311,    0.334, -999.000,    0.121, -999.000,
       274,2020091400,   -0.086,   -0.472,    0.000,   -0.921,   -0.059,   -0.094,   -0.462,    0.000,   -0.924,   -0.531,    0.236,    0.315, -999.000,    0.070, -999.000,    0.236,    0.306, -999.000,    0.092, -999.000,
       274,2020091318,   -0.167,   -0.555,    0.000,   -0.977,   -0.096,   -0.179,   -0.525,    0.000,   -0.969,   -0.037,    0.337,    0.347, -999.000,    0.083,    0.098,    0.337,    0.351, -999.000,    0.100,    0.098,
       274,2020091312,   -0.145,   -0.659,    0.000,   -0.939,   -0.159,   -0.148,   -0.634,    0.000,   -0.918,   -0.149,    0.315,    0.304, -999.000,    0.130, -999.000,    0.315,    0.298, -999.000,    0.128, -999.000,
       274,2020091306,   -0.186,   -0.660,    0.000,   -0.947, -999.000,   -0.189,   -0.613,    0.000,   -0.946, -999.000,    0.357,    0.378, -999.000,    0.098, -999.000,    0.357,    0.355, -999.000,    0.106, -999.000,
       274,2020091300,   -0.084,   -0.444,    0.000,   -0.940, -999.000,   -0.093,   -0.444,    0.000,   -0.937, -999.000,    0.242,    0.296, -999.000,    0.109, -999.000,    0.242,    0.312, -999.000,    0.125, -999.000,
       274,2020091218,   -0.159,   -0.564,    0.000,   -1.057,   -0.079,   -0.167,   -0.501,    0.000,   -0.973, -999.000,    0.344,    0.376, -999.000,    0.179, -999.000,    0.344,    0.401, -999.000,    0.088, -999.000,
       274,2020091212,   -0.156,   -0.626,    0.000,   -0.943,   -0.429,   -0.163,   -0.622,    0.000,   -0.916, -999.000,    0.310,    0.280, -999.000,    0.125, -999.000,    0.310,    0.266, -999.000,    0.084, -999.000,
       274,2020091206,   -0.183,   -0.641,    0.000,   -0.973,   -0.580,   -0.186,   -0.602,    0.000,   -0.962,   -0.520,    0.357,    0.377, -999.000,    0.096,    0.348,    0.357,    0.377, -999.000,    0.093,    0.348,
       274,2020091200,   -0.070,   -0.397,    0.000,   -0.914,   -0.592,   -0.075,   -0.390,    0.000,   -0.918,   -0.052,    0.211,    0.240, -999.000,    0.171, -999.000,    0.211,    0.234, -999.000,    0.153, -999.000,
       274,2020091118,   -0.152,   -0.591,    0.000,   -1.038, -999.000,   -0.165,   -0.553,    0.000,   -1.009,   -1.110,    0.334,    0.386, -999.000,    0.109, -999.000,    0.334,    0.382, -999.000,    0.099, -999.000,
       274,2020091112,   -0.149,   -0.660,    0.000,   -0.944,   -0.511,   -0.166,   -0.616,    0.000,   -0.905,   -0.432,    0.316,    0.287, -999.000,    0.132,    0.380,    0.316,    0.287, -999.000,    0.071,    0.380,
       274,2020091106,   -0.169,   -0.642,    0.000,   -0.926,   -0.744,   -0.143,   -0.552,    0.000,   -0.874,   -0.384,    0.342,    0.336, -999.000,    0.152, -999.000,    0.342,    0.367, -999.000,    0.127, -999.000,
       274,2020091100,   -0.087,   -0.430,    0.000,   -0.926, -999.000,   -0.089,   -0.407,    0.000,   -0.893, -999.000,    0.231,    0.245, -999.000,    0.096, -999.000,    0.231,    0.251, -999.000,    0.101, -999.000,
       274,2020091018,   -0.128,   -0.524,    0.000,   -0.999,   -0.508,   -0.142,   -0.501,    0.000,   -1.002,   -0.323,    0.301,    0.358, -999.000,    0.105, -999.000,    0.301,    0.353, -999.000,    0.111, -999.000,
       274,2020091012,   -0.127,   -0.569,    0.000,   -0.918,   -0.210,   -0.149,   -0.577,    0.000,   -0.922,   -0.212,    0.290,    0.308, -999.000,    0.120,    0.126,    0.290,    0.323, -999.000,    0.127,    0.126,
       274,2020091006,   -0.176,   -0.619,    0.000,   -0.893,   -0.036,   -0.173,   -0.545,    0.000,   -0.930,   -0.038,    0.354,    0.380, -999.000,    0.149, -999.000,    0.354,    0.405, -999.000,    0.168, -999.000,
       274,2020091000,   -0.091,   -0.462,    0.000,   -0.941,   -0.503,   -0.108,   -0.462,    0.000,   -0.883, -999.000,    0.231,    0.268, -999.000,    0.138, -999.000,    0.231,    0.265, -999.000,    0.139, -999.000,
       274,2020090918,   -0.128,   -0.503,    0.000,   -0.941,   -0.044,   -0.136,   -0.499,    0.000,   -0.961,   -0.057,    0.294,    0.323, -999.000,    0.114,    0.024,    0.294,    0.324, -999.000,    0.141,    0.024,
       274,2020090912,   -0.159,   -0.612,    0.000,   -0.927, -999.000,   -0.165,   -0.612,    0.000,   -0.919, -999.000,    0.327,    0.340, -999.000,    0.160, -999.000,    0.327,    0.341, -999.000,    0.136, -999.000,
       274,2020090906,   -0.153,   -0.591,    0.000,   -0.871,   -0.261,   -0.152,   -0.546,    0.000,   -0.899,   -0.057,    0.316,    0.341, -999.000,    0.132,    0.362,    0.316,    0.346, -999.000,    0.129,    0.362,
       274,2020090900,   -0.091,   -0.494,    0.000,   -0.923,   -0.074,   -0.096,   -0.442,    0.000,   -0.946,   -0.024,    0.242,    0.308, -999.000,    0.108, -999.000,    0.242,    0.292, -999.000,    0.098, -999.000,
       274,2020090818,   -0.128,   -0.510,    0.000,   -1.010, -999.000,   -0.143,   -0.469,    0.000,   -1.013, -999.000,    0.294,    0.313, -999.000,    0.082, -999.000,    0.294,    0.344, -999.000,    0.090, -999.000,
       274,2020090812,   -0.166,   -0.667,    0.000,   -1.043, -999.000,   -0.174,   -0.652,    0.000,   -1.044, -999.000,    0.350,    0.362, -999.000,    0.118, -999.000,    0.350,    0.349, -999.000,    0.089, -999.000,
       274,2020090806,   -0.169,   -0.633,    0.000,   -1.004,   -0.378,   -0.175,   -0.573,    0.000,   -0.963,   -0.364,    0.340,    0.351, -999.000,    0.105, -999.000,    0.340,    0.350, -999.000,    0.100, -999.000,
       274,2020090800,   -0.093,   -0.442,    0.000,   -0.935,   -0.070,   -0.088,   -0.405,    0.000,   -0.936,   -0.045,    0.243,    0.279, -999.000,    0.128, -999.000,    0.243,    0.285, -999.000,    0.135, -999.000,
       274,2020090718,   -0.125,   -0.502,    0.000,   -1.038, -999.000,   -0.133,   -0.486,    0.000,   -1.041, -999.000,    0.292,    0.319, -999.000,    0.098, -999.000,    0.292,    0.320, -999.000,    0.084, -999.000,
       274,2020090712,   -0.135,   -0.632,    0.000,   -1.034, -999.000,   -0.142,   -0.625,    0.000,   -1.028, -999.000,    0.312,    0.293, -999.000,    0.119, -999.000,    0.312,    0.307, -999.000,    0.103, -999.000,
       274,2020090706,   -0.193,   -0.623,    0.000,   -1.001,   -0.399,   -0.203,   -0.624,    0.000,   -1.040,   -0.474,    0.361,    0.365, -999.000,    0.083,    0.515,    0.361,    0.369, -999.000,    0.117,    0.515,
       274,2020090700,   -0.096,   -0.422,    0.000,   -1.027, -999.000,   -0.089,   -0.389,    0.000,   -1.001, -999.000,    0.256,    0.246, -999.000,    0.142, -999.000,    0.256,    0.251, -999.000,    0.116, -999.000,
       274,2020090618,   -0.196,   -0.601,    0.000,   -1.084,   -0.996,   -0.173,   -0.539,    0.000,   -1.068, -999.000,    0.378,    0.352, -999.000,    0.111, -999.000,    0.378,    0.389, -999.000,    0.122, -999.000,
       274,2020090612,   -0.159,   -0.694,    0.000,   -1.047,   -0.194,   -0.159,   -0.683,    0.000,   -1.037,   -0.191,    0.341,    0.284, -999.000,    0.101, -999.000,    0.341,    0.274, -999.000,    0.108, -999.000,
       274,2020090606,   -0.207,   -0.697,    0.000,   -1.031, -999.000,   -0.199,   -0.613,    0.000,   -0.995,   -0.011,    0.386,    0.377, -999.000,    0.126, -999.000,    0.386,    0.383, -999.000,    0.100, -999.000,
       274,2020090600,   -0.094,   -0.418,    0.000,   -1.050,   -1.064,   -0.095,   -0.421,    0.000,   -1.004,   -1.057,    0.253,    0.240, -999.000,    0.143, -999.000,    0.253,    0.216, -999.000,    0.107, -999.000,
       274,2020090518,   -0.191,   -0.635,    0.000,   -1.092, -999.000,   -0.188,   -0.590,    0.000,   -1.101, -999.000,    0.377,    0.377, -999.000,    0.106, -999.000,    0.377,    0.398, -999.000,    0.128, -999.000,
       274,2020090512,   -0.142,   -0.594,    0.000,   -1.102,   -0.727,   -0.146,   -0.565,    0.000,   -1.092,   -0.581,    0.327,    0.319, -999.000,    0.135,    0.244,    0.327,    0.343, -999.000,    0.131,    0.244,
       274,2020090506,   -0.218,   -0.767,    0.000,   -1.044,   -0.574,   -0.207,   -0.716,    0.000,   -1.049,   -0.573,    0.412,    0.421, -999.000,    0.123, -999.000,    0.412,    0.413, -999.000,    0.109, -999.000,
       274,2020090500,   -0.097,   -0.496,    0.000,   -1.029, -999.000,   -0.121,   -0.472,    0.000,   -1.031, -999.000,    0.255,    0.295, -999.000,    0.148, -999.000,    0.255,    0.295, -999.000,    0.116, -999.000,
       274,2020090418,   -0.165,   -0.627,    0.000,   -1.137, -999.000,   -0.187,   -0.589,    0.000,   -1.104, -999.000,    0.353,    0.377, -999.000,    0.119, -999.000,    0.353,    0.367, -999.000,    0.094, -999.000,
       274,2020090412,   -0.167,   -0.680,    0.000,   -1.096,   -0.445,   -0.182,   -0.665,    0.000,   -1.071, -999.000,    0.357,    0.364, -999.000,    0.116, -999.000,    0.357,    0.361, -999.000,    0.115, -999.000,
       274,2020090406,   -0.199,   -0.772,    0.000,   -1.108,   -0.103,   -0.208,   -0.655,    0.000,   -1.075,   -0.422,    0.423,    0.477, -999.000,    0.129, -999.000,    0.423,    0.499, -999.000,    0.112, -999.000,
       274,2020090400,   -0.100,   -0.558,    0.000,   -1.113,   -0.010,   -0.121,   -0.502,    0.000,   -1.051, -999.000,    0.273,    0.313, -999.000,    0.121, -999.000,    0.273,    0.313, -999.000,    0.114, -999.000,
       274,2020090318,   -0.165,   -0.619,    0.000,   -1.172,   -0.663,   -0.190,   -0.588,    0.000,   -1.157,   -0.522,    0.360,    0.374, -999.000,    0.159,    0.533,    0.360,    0.406, -999.000,    0.143,    0.533,
       274,2020090312,   -0.177,   -0.794,    0.000,   -1.155,   -0.541,   -0.191,   -0.749,    0.000,   -1.144, -999.000,    0.389,    0.410, -999.000,    0.191,    0.402,    0.389,    0.393, -999.000,    0.161,    0.402,
       274,2020090306,   -0.183,   -0.686,    0.000,   -1.163,   -0.895,   -0.223,   -0.647,    0.000,   -1.112,   -0.897,    0.394,    0.469, -999.000,    0.203, -999.000,    0.394,    0.466, -999.000,    0.166, -999.000,
       274,2020090300,   -0.113,   -0.519,    0.000,   -1.174,   -0.079,   -0.127,   -0.487,    0.000,   -1.128, -999.000,    0.298,    0.329, -999.000,    0.174,    0.094,    0.298,    0.322, -999.000,    0.112,    0.094,
       274,2020090218,   -0.229,   -0.648,    0.000,   -1.225,   -0.271,   -0.249,   -0.578,    0.000,   -1.211,   -0.278,    0.426,    0.392, -999.000,    0.205,    0.189,    0.426,    0.416, -999.000,    0.197,    0.189,
       274,2020090212,   -0.193,   -0.878,    0.000,   -1.301, -999.000,   -0.194,   -0.787,    0.000,   -1.283, -999.000,    0.426,    0.395, -999.000,    0.158, -999.000,    0.426,    0.392, -999.000,    0.108, -999.000,
       274,2020090206,   -0.232,   -0.802,    0.000,   -1.141,   -0.079,   -0.241,   -0.703,    0.000,   -1.090,   -0.040,    0.451,    0.482, -999.000,    0.239,    0.097,    0.451,    0.490, -999.000,    0.219,    0.097,
       274,2020090200,   -0.102,   -0.442,    0.000,   -1.154, -999.000,   -0.118,   -0.409,    0.000,   -1.141, -999.000,    0.278,    0.271, -999.000,    0.224, -999.000,    0.278,    0.279, -999.000,    0.212, -999.000,
       274,2020090118,   -0.228,   -0.671,    0.000,   -1.258,   -1.240,   -0.241,   -0.612,    0.000,   -1.272,   -0.861,    0.443,    0.431, -999.000,    0.166,    0.513,    0.443,    0.462, -999.000,    0.194,    0.513,
       274,2020090112,   -0.143,   -0.748,    0.000,   -1.245,   -0.128,   -0.166,   -0.717,    0.000,   -1.271,   -0.135,    0.360,    0.399, -999.000,    0.131, -999.000,    0.360,    0.398, -999.000,    0.191, -999.000,
       274,2020090106,   -0.252,   -0.850,    0.000,   -1.316,   -0.113,   -0.239,   -0.731,    0.000,   -1.269,   -0.124,    0.489,    0.499, -999.000,    0.259, -999.000,    0.489,    0.510, -999.000,    0.219, -999.000,
       274,2020090100,   -0.096,   -0.504,    0.000,   -1.180, -999.000,   -0.116,   -0.486,    0.000,   -1.112, -999.000,    0.279,    0.330, -999.000,    0.298, -999.000,    0.279,    0.334, -999.000,    0.275, -999.000,
       274,2020083118,   -0.211,   -0.736,    0.000,   -1.367,   -0.986,   -0.222,   -0.664,    0.000,   -1.319,   -0.696,    0.440,    0.435, -999.000,    0.246,    0.032,    0.440,    0.438, -999.000,    0.226,    0.032,
       274,2020083112,   -0.210,   -0.818,    0.000,   -1.183,   -1.294,   -0.233,   -0.813,    0.000,   -1.247,   -1.201,    0.450,    0.501, -999.000,    0.268,    0.371,    0.450,    0.517, -999.000,    0.281,    0.371,
       274,2020083106,   -0.243,   -0.955,    0.000,   -1.274,   -0.015,   -0.263,   -0.877,    0.000,   -1.247, -999.000,    0.510,    0.588, -999.000,    0.257, -999.000,    0.510,    0.585, -999.000,    0.268, -999.000,
       274,2020083100,   -0.145,   -0.647,    0.000,   -1.232,   -1.450,   -0.174,   -0.626,    0.000,   -1.216,   -0.758,    0.360,    0.418, -999.000,    0.336, -999.000,    0.360,    0.407, -999.000,    0.343, -999.000,
       274,2020083018,   -0.245,   -0.887,    0.000,   -1.508,   -1.115,   -0.268,   -0.784,    0.000,   -1.522, -999.000,    0.509,    0.521, -999.000,    0.241,    1.437,    0.509,    0.507, -999.000,    0.270,    1.437,
       274,2020083012,   -0.264,   -1.012,    0.000,   -1.537, -999.000,   -0.264,   -0.988,    0.000,   -1.469, -999.000,    0.562,    0.623, -999.000,    0.349, -999.000,    0.562,    0.626, -999.000,    0.322, -999.000,
       274,2020083006,   -0.541,   -1.681,    0.000,   -2.407,   -0.283,   -0.453,   -1.578,    0.000,   -2.111,   -0.540,    1.012,    1.076, -999.000,    0.775,    0.366,    1.012,    1.091, -999.000,    0.802,    0.366,
       274,2020083000,   -0.003,   -0.202,    0.000, -999.000,   -0.160,   -0.007,   -0.218,    0.000, -999.000,   -0.203,    0.028,    0.086, -999.000, -999.000, -999.000,    0.028,    0.087, -999.000, -999.000, -999.000,
