       413,2020092000,   -0.036,    0.000,   -0.093,    0.299, -999.000,   -0.051,    0.015,   -0.117,    0.327, -999.000,    0.282,    0.278,    0.256,    0.306, -999.000,    0.282,    0.279,    0.256,    0.249, -999.000,
       413,2020091918,   -0.004,    0.067,   -0.102,    0.420, -999.000,   -0.045,    0.040,   -0.143,    0.432, -999.000,    0.319,    0.270,    0.268,    0.404, -999.000,    0.319,    0.278,    0.268,    0.397, -999.000,
       413,2020091912,   -0.069,   -0.105,   -0.091,    0.429, -999.000,   -0.096,   -0.095,   -0.124,    0.499, -999.000,    0.273,    0.251,    0.250,    0.304, -999.000,    0.273,    0.245,    0.250,    0.234, -999.000,
       413,2020091906,    0.021,    0.060,   -0.033,    0.374,    0.193,   -0.029,    0.015,   -0.082,    0.377,    0.000,    0.294,    0.332,    0.247,    0.252,    0.435,    0.294,    0.340,    0.247,    0.227,    0.435,
       413,2020091900,   -0.016,    0.020,   -0.080,    0.311, -999.000,   -0.022,   -0.013,   -0.072,    0.345, -999.000,    0.263,    0.269,    0.237,    0.312, -999.000,    0.263,    0.259,    0.237,    0.223, -999.000,
       413,2020091818,   -0.018,    0.063,   -0.101,    0.407,   -0.073,   -0.040,    0.054,   -0.150,    0.493,   -0.339,    0.290,    0.293,    0.247,    0.393,    0.041,    0.290,    0.279,    0.247,    0.293,    0.041,
       413,2020091812,   -0.066,   -0.119,   -0.109,    0.500, -999.000,   -0.113,   -0.119,   -0.156,    0.562, -999.000,    0.301,    0.239,    0.250,    0.320, -999.000,    0.301,    0.254,    0.250,    0.301, -999.000,
       413,2020091806,   -0.038,    0.045,   -0.111,    0.389,   -0.224,   -0.079,    0.002,   -0.153,    0.435, -999.000,    0.298,    0.312,    0.262,    0.223, -999.000,    0.298,    0.302,    0.262,    0.228, -999.000,
       413,2020091800,   -0.027,    0.008,   -0.109,    0.287, -999.000,   -0.022,    0.017,   -0.112,    0.396, -999.000,    0.263,    0.236,    0.240,    0.313, -999.000,    0.263,    0.233,    0.240,    0.276, -999.000,
       413,2020091718,    0.013,    0.088,   -0.137,    0.553, -999.000,   -0.038,    0.073,   -0.178,    0.607, -999.000,    0.338,    0.283,    0.258,    0.272, -999.000,    0.338,    0.291,    0.258,    0.296, -999.000,
       413,2020091712,   -0.077,   -0.127,   -0.103,    0.443, -999.000,   -0.097,   -0.126,   -0.117,    0.452, -999.000,    0.292,    0.233,    0.263,    0.274, -999.000,    0.292,    0.249,    0.263,    0.296, -999.000,
       413,2020091706,    0.004,    0.079,   -0.079,    0.457, -999.000,   -0.024,    0.045,   -0.112,    0.459, -999.000,    0.290,    0.277,    0.253,    0.274, -999.000,    0.290,    0.280,    0.253,    0.295, -999.000,
       413,2020091700,   -0.043,    0.030,   -0.100,    0.370, -999.000,   -0.050,    0.023,   -0.114,    0.522, -999.000,    0.267,    0.227,    0.250,    0.317, -999.000,    0.267,    0.219,    0.250,    0.209, -999.000,
       413,2020091618,    0.030,    0.099,   -0.120,    0.417,    0.356,    0.022,    0.082,   -0.131,    0.575,    0.871,    0.317,    0.295,    0.237,    0.360,    0.727,    0.317,    0.297,    0.237,    0.258,    0.727,
       413,2020091612,   -0.060,   -0.090,   -0.077,    0.386, -999.000,   -0.089,   -0.088,   -0.113,    0.488, -999.000,    0.272,    0.272,    0.248,    0.345, -999.000,    0.272,    0.277,    0.248,    0.254, -999.000,
       413,2020091606,   -0.014,    0.063,   -0.116,    0.410,   -0.661,   -0.050,    0.022,   -0.148,    0.389,   -0.652,    0.318,    0.291,    0.270,    0.260, -999.000,    0.318,    0.307,    0.270,    0.269, -999.000,
       413,2020091600,   -0.016,    0.060,   -0.080,    0.377,   -0.115,   -0.027,    0.060,   -0.121,    0.490,   -0.117,    0.282,    0.228,    0.263,    0.307, -999.000,    0.282,    0.243,    0.263,    0.275, -999.000,
       413,2020091518,    0.031,    0.008,   -0.056,    0.507, -999.000,   -0.015,    0.002,   -0.126,    0.573, -999.000,    0.330,    0.298,    0.267,    0.362, -999.000,    0.330,    0.292,    0.267,    0.307, -999.000,
       413,2020091512,   -0.044,   -0.046,   -0.084,    0.490, -999.000,   -0.092,   -0.066,   -0.136,    0.614,   -0.215,    0.296,    0.239,    0.267,    0.337, -999.000,    0.296,    0.260,    0.267,    0.298, -999.000,
       413,2020091506,    0.030,    0.011,   -0.036,    0.461, -999.000,   -0.035,   -0.043,   -0.105,    0.532, -999.000,    0.344,    0.328,    0.283,    0.342, -999.000,    0.344,    0.341,    0.283,    0.346, -999.000,
       413,2020091500,   -0.021,    0.066,   -0.091,    0.232, -999.000,   -0.046,    0.024,   -0.118,    0.306, -999.000,    0.276,    0.284,    0.250,    0.267, -999.000,    0.276,    0.269,    0.250,    0.302, -999.000,
       413,2020091418,    0.028,    0.040,   -0.067,    0.498,   -0.266,    0.014,    0.007,   -0.077,    0.575,    0.021,    0.336,    0.318,    0.272,    0.350, -999.000,    0.336,    0.302,    0.272,    0.342, -999.000,
       413,2020091412,   -0.052,   -0.002,   -0.094,    0.525, -999.000,   -0.089,   -0.038,   -0.141,    0.505, -999.000,    0.295,    0.275,    0.270,    0.300, -999.000,    0.295,    0.286,    0.270,    0.269, -999.000,
       413,2020091406,   -0.024,    0.041,   -0.091,    0.429, -999.000,   -0.054,    0.005,   -0.118,    0.395,   -0.033,    0.313,    0.322,    0.268,    0.339, -999.000,    0.313,    0.316,    0.268,    0.342, -999.000,
       413,2020091400,    0.021,    0.074,   -0.063,    0.381,   -0.526,    0.011,    0.054,   -0.083,    0.501,    0.037,    0.269,    0.256,    0.222,    0.229, -999.000,    0.269,    0.258,    0.222,    0.278, -999.000,
       413,2020091318,    0.011,    0.033,   -0.050,    0.375,   -0.561,   -0.030,    0.003,   -0.116,    0.554,   -0.563,    0.327,    0.339,    0.272,    0.299, -999.000,    0.327,    0.358,    0.272,    0.316, -999.000,
       413,2020091312,   -0.060,   -0.060,   -0.114,    0.512, -999.000,   -0.092,   -0.052,   -0.153,    0.510, -999.000,    0.318,    0.283,    0.273,    0.335, -999.000,    0.318,    0.294,    0.273,    0.311, -999.000,
       413,2020091306,   -0.021,    0.027,   -0.084,    0.378, -999.000,   -0.065,   -0.015,   -0.124,    0.371, -999.000,    0.327,    0.378,    0.266,    0.323, -999.000,    0.327,    0.366,    0.266,    0.369, -999.000,
       413,2020091300,    0.028,   -0.003,   -0.020,    0.353, -999.000,    0.022,    0.020,   -0.047,    0.385, -999.000,    0.296,    0.241,    0.292,    0.327, -999.000,    0.296,    0.236,    0.292,    0.295, -999.000,
       413,2020091218,   -0.000,    0.026,   -0.063,    0.577,    0.078,   -0.038,    0.008,   -0.111,    0.470, -999.000,    0.341,    0.335,    0.285,    0.371, -999.000,    0.341,    0.352,    0.285,    0.327, -999.000,
       413,2020091212,   -0.078,   -0.106,   -0.104,    0.493, -999.000,   -0.117,   -0.126,   -0.143,    0.496, -999.000,    0.286,    0.239,    0.258,    0.374, -999.000,    0.286,    0.255,    0.258,    0.286, -999.000,
       413,2020091206,   -0.031,    0.013,   -0.101,    0.500,    0.241,   -0.052,   -0.006,   -0.131,    0.486,    0.165,    0.344,    0.359,    0.287,    0.364,    0.221,    0.344,    0.366,    0.287,    0.312,    0.221,
       413,2020091200,   -0.009,    0.021,   -0.062,    0.326,    0.173,   -0.019,    0.050,   -0.090,    0.382,   -0.512,    0.285,    0.259,    0.268,    0.356, -999.000,    0.285,    0.232,    0.268,    0.347, -999.000,
       413,2020091118,   -0.018,    0.065,   -0.148,    0.555, -999.000,   -0.052,    0.051,   -0.189,    0.578, -999.000,    0.359,    0.321,    0.297,    0.351, -999.000,    0.359,    0.324,    0.297,    0.326, -999.000,
       413,2020091112,   -0.075,   -0.066,   -0.121,    0.492,    0.495,   -0.112,   -0.109,   -0.150,    0.576, -999.000,    0.313,    0.304,    0.268,    0.329, -999.000,    0.313,    0.311,    0.268,    0.327, -999.000,
       413,2020091106,   -0.015,    0.054,   -0.107,    0.523,    0.119,   -0.077,   -0.030,   -0.141,    0.608,    0.122,    0.351,    0.317,    0.298,    0.366, -999.000,    0.351,    0.358,    0.298,    0.338, -999.000,
       413,2020091100,   -0.025,    0.068,   -0.125,    0.472, -999.000,   -0.036,    0.073,   -0.148,    0.364, -999.000,    0.349,    0.291,    0.315,    0.344, -999.000,    0.349,    0.297,    0.315,    0.311, -999.000,
       413,2020091018,    0.024,    0.006,   -0.023,    0.463, -999.000,   -0.020,   -0.004,   -0.122,    0.562, -999.000,    0.344,    0.312,    0.307,    0.338, -999.000,    0.344,    0.337,    0.307,    0.338, -999.000,
       413,2020091012,   -0.064,   -0.065,   -0.092,    0.502,   -0.569,   -0.104,   -0.061,   -0.146,    0.512,   -0.563,    0.299,    0.287,    0.270,    0.315, -999.000,    0.299,    0.296,    0.270,    0.305, -999.000,
       413,2020091006,   -0.041,    0.033,   -0.142,    0.347, -999.000,   -0.087,   -0.047,   -0.177,    0.447, -999.000,    0.338,    0.351,    0.279,    0.290, -999.000,    0.338,    0.355,    0.279,    0.304, -999.000,
       413,2020091000,    0.007,    0.076,   -0.057,    0.377, -999.000,   -0.012,    0.069,   -0.106,    0.524, -999.000,    0.307,    0.273,    0.291,    0.302, -999.000,    0.307,    0.290,    0.291,    0.305, -999.000,
       413,2020090918,    0.022,    0.020,   -0.066,    0.468,   -0.312,   -0.017,   -0.000,   -0.116,    0.522,   -0.530,    0.342,    0.309,    0.284,    0.330,    0.296,    0.342,    0.316,    0.284,    0.342,    0.296,
       413,2020090912,   -0.084,   -0.019,   -0.166,    0.569, -999.000,   -0.112,   -0.033,   -0.187,    0.624, -999.000,    0.334,    0.295,    0.279,    0.377, -999.000,    0.334,    0.299,    0.279,    0.348, -999.000,
       413,2020090906,   -0.056,    0.034,   -0.132,    0.421, -999.000,   -0.076,   -0.022,   -0.143,    0.434, -999.000,    0.327,    0.332,    0.288,    0.332, -999.000,    0.327,    0.331,    0.288,    0.323, -999.000,
       413,2020090900,    0.009,    0.057,   -0.053,    0.403, -999.000,   -0.014,    0.007,   -0.065,    0.427,   -0.742,    0.302,    0.282,    0.289,    0.253, -999.000,    0.302,    0.279,    0.289,    0.245, -999.000,
       413,2020090818,   -0.011,    0.038,   -0.077,    0.441, -999.000,   -0.024,    0.020,   -0.122,    0.626, -999.000,    0.318,    0.325,    0.278,    0.351, -999.000,    0.318,    0.326,    0.278,    0.276, -999.000,
       413,2020090812,   -0.051,   -0.052,   -0.109,    0.458, -999.000,   -0.067,   -0.074,   -0.117,    0.573, -999.000,    0.312,    0.288,    0.256,    0.401, -999.000,    0.312,    0.300,    0.256,    0.348, -999.000,
       413,2020090806,   -0.042,    0.030,   -0.109,    0.597,    0.075,   -0.091,   -0.029,   -0.155,    0.608,    0.079,    0.358,    0.363,    0.303,    0.335, -999.000,    0.358,    0.389,    0.303,    0.302, -999.000,
       413,2020090800,    0.021,    0.000,   -0.038,    0.438,    0.062,   -0.018,   -0.020,   -0.074,    0.452,   -0.339,    0.314,    0.278,    0.253,    0.438, -999.000,    0.314,    0.291,    0.253,    0.412, -999.000,
       413,2020090718,    0.000,    0.021,   -0.070,    0.656, -999.000,   -0.056,   -0.035,   -0.130,    0.707, -999.000,    0.374,    0.358,    0.316,    0.304, -999.000,    0.374,    0.357,    0.316,    0.388, -999.000,
       413,2020090712,   -0.093,   -0.102,   -0.148,    0.540, -999.000,   -0.113,   -0.088,   -0.176,    0.635, -999.000,    0.335,    0.274,    0.289,    0.380, -999.000,    0.335,    0.282,    0.289,    0.374, -999.000,
       413,2020090706,   -0.046,   -0.004,   -0.097,    0.369,   -0.517,   -0.072,    0.003,   -0.146,    0.479,    0.007,    0.343,    0.350,    0.300,    0.292,    0.370,    0.343,    0.372,    0.300,    0.333,    0.370,
       413,2020090700,    0.051,    0.049,   -0.059,    0.471, -999.000,    0.056,    0.053,   -0.058,    0.541, -999.000,    0.322,    0.257,    0.269,    0.407, -999.000,    0.322,    0.258,    0.269,    0.341, -999.000,
       413,2020090618,    0.035,    0.024,   -0.062,    0.669,    0.069,   -0.022,   -0.008,   -0.123,    0.736, -999.000,    0.377,    0.356,    0.291,    0.309, -999.000,    0.377,    0.348,    0.291,    0.350, -999.000,
       413,2020090612,   -0.055,   -0.070,   -0.113,    0.468, -999.000,   -0.084,   -0.075,   -0.129,    0.506, -999.000,    0.317,    0.264,    0.269,    0.427, -999.000,    0.317,    0.256,    0.269,    0.366, -999.000,
       413,2020090606,   -0.039,   -0.002,   -0.090,    0.315, -999.000,   -0.074,   -0.018,   -0.134,    0.210, -999.000,    0.348,    0.346,    0.309,    0.458, -999.000,    0.348,    0.370,    0.309,    0.401, -999.000,
       413,2020090600,   -0.010,    0.035,   -0.096,    0.332,    0.595,   -0.007,    0.066,   -0.100,    0.325,    0.592,    0.325,    0.284,    0.309,    0.366, -999.000,    0.325,    0.265,    0.309,    0.313, -999.000,
       413,2020090518,    0.012,    0.003,   -0.048,    0.434, -999.000,   -0.029,   -0.024,   -0.115,    0.552, -999.000,    0.364,    0.333,    0.310,    0.371, -999.000,    0.364,    0.355,    0.310,    0.458, -999.000,
       413,2020090512,   -0.061,   -0.051,   -0.100,    0.407,    0.455,   -0.103,   -0.050,   -0.152,    0.504, -999.000,    0.315,    0.282,    0.285,    0.345, -999.000,    0.315,    0.306,    0.285,    0.345, -999.000,
       413,2020090506,   -0.029,    0.036,   -0.130,    0.360,    0.036,   -0.088,   -0.029,   -0.181,    0.431,    0.031,    0.371,    0.356,    0.333,    0.353, -999.000,    0.371,    0.374,    0.333,    0.324, -999.000,
       413,2020090500,    0.034,    0.109,   -0.029,    0.456, -999.000,    0.046,    0.099,   -0.051,    0.543, -999.000,    0.320,    0.298,    0.303,    0.382, -999.000,    0.320,    0.278,    0.303,    0.384, -999.000,
       413,2020090418,    0.058,    0.029,   -0.051,    0.716, -999.000,   -0.009,   -0.014,   -0.153,    0.688, -999.000,    0.403,    0.326,    0.337,    0.402, -999.000,    0.403,    0.342,    0.337,    0.371, -999.000,
       413,2020090412,   -0.052,    0.009,   -0.123,    0.585, -999.000,   -0.083,   -0.019,   -0.154,    0.587, -999.000,    0.336,    0.301,    0.289,    0.430, -999.000,    0.336,    0.287,    0.289,    0.425, -999.000,
       413,2020090406,   -0.018,    0.072,   -0.118,    0.374, -999.000,   -0.052,   -0.017,   -0.120,    0.393, -999.000,    0.371,    0.387,    0.303,    0.405, -999.000,    0.371,    0.404,    0.303,    0.350, -999.000,
       413,2020090400,    0.018,    0.061,   -0.024,    0.339,   -0.802,    0.019,    0.051,   -0.059,    0.551, -999.000,    0.316,    0.287,    0.300,    0.446, -999.000,    0.316,    0.275,    0.300,    0.457, -999.000,
       413,2020090318,    0.013,    0.034,   -0.068,    0.659, -999.000,    0.006,    0.027,   -0.102,    0.639,    0.027,    0.368,    0.320,    0.322,    0.439, -999.000,    0.368,    0.334,    0.322,    0.362, -999.000,
       413,2020090312,   -0.049,   -0.010,   -0.114,    0.544,    0.380,   -0.096,   -0.066,   -0.157,    0.516, -999.000,    0.356,    0.329,    0.302,    0.465, -999.000,    0.356,    0.334,    0.302,    0.485, -999.000,
       413,2020090306,   -0.050,   -0.020,   -0.092,    0.444,    0.302,   -0.079,   -0.043,   -0.152,    0.460,    0.304,    0.363,    0.373,    0.313,    0.398, -999.000,    0.363,    0.408,    0.313,    0.386, -999.000,
       413,2020090300,    0.027,    0.028,   -0.045,    0.465,    0.000,    0.019,    0.005,   -0.081,    0.561, -999.000,    0.352,    0.306,    0.332,    0.360, -999.000,    0.352,    0.296,    0.332,    0.388, -999.000,
       413,2020090218,    0.030,    0.033,   -0.061,    0.556,   -0.121,    0.015,    0.012,   -0.135,    0.711,   -0.119,    0.404,    0.410,    0.313,    0.403,    0.076,    0.404,    0.425,    0.313,    0.390,    0.076,
       413,2020090212,   -0.018,   -0.015,   -0.114,    0.702, -999.000,   -0.090,   -0.076,   -0.181,    0.713, -999.000,    0.390,    0.353,    0.302,    0.345, -999.000,    0.390,    0.355,    0.302,    0.342, -999.000,
       413,2020090206,   -0.049,    0.038,   -0.109,    0.380,   -0.591,   -0.064,   -0.022,   -0.124,    0.484,   -0.286,    0.387,    0.410,    0.342,    0.437,    0.432,    0.387,    0.433,    0.342,    0.360,    0.432,
       413,2020090200,    0.066,   -0.010,    0.017,    0.592, -999.000,    0.059,   -0.016,   -0.029,    0.583, -999.000,    0.366,    0.316,    0.307,    0.399, -999.000,    0.366,    0.314,    0.307,    0.400, -999.000,
       413,2020090118,    0.029,    0.053,   -0.128,    0.647,    1.214,   -0.002,    0.000,   -0.174,    0.758, -999.000,    0.450,    0.436,    0.356,    0.355, -999.000,    0.450,    0.423,    0.356,    0.356, -999.000,
       413,2020090112,   -0.071,   -0.080,   -0.110,    0.456,   -0.746,   -0.089,   -0.127,   -0.137,    0.640,   -0.737,    0.367,    0.331,    0.339,    0.359, -999.000,    0.367,    0.353,    0.339,    0.343, -999.000,
       413,2020090106,   -0.017,    0.065,   -0.104,    0.583,    0.044,   -0.074,   -0.009,   -0.158,    0.545,    0.046,    0.411,    0.429,    0.322,    0.422, -999.000,    0.411,    0.484,    0.322,    0.345, -999.000,
       413,2020090100,    0.025,    0.059,   -0.029,    0.355, -999.000,    0.010,    0.035,   -0.081,    0.417, -999.000,    0.370,    0.330,    0.360,    0.401, -999.000,    0.370,    0.347,    0.360,    0.374, -999.000,
       413,2020083118,    0.090,    0.061,   -0.035,    0.617,    0.127,    0.044,    0.039,   -0.124,    0.659,    0.111,    0.460,    0.439,    0.391,    0.462, -999.000,    0.460,    0.430,    0.391,    0.438, -999.000,
       413,2020083112,   -0.055,   -0.028,   -0.115,    0.477,    0.198,   -0.103,   -0.076,   -0.168,    0.529,    0.408,    0.426,    0.420,    0.384,    0.471,    0.308,    0.426,    0.438,    0.384,    0.435,    0.308,
       413,2020083106,   -0.040,    0.063,   -0.136,    0.513, -999.000,   -0.082,   -0.000,   -0.178,    0.376, -999.000,    0.434,    0.475,    0.364,    0.443, -999.000,    0.434,    0.468,    0.364,    0.480, -999.000,
       413,2020083100,   -0.057,   -0.044,   -0.103,    0.340,    0.266,   -0.053,   -0.018,   -0.129,    0.357,    0.091,    0.391,    0.337,    0.389,    0.432, -999.000,    0.391,    0.336,    0.389,    0.383, -999.000,
       413,2020083018,   -0.073,   -0.748,   -0.095,    0.589, -999.000,   -0.101,   -0.695,   -0.152,    0.625, -999.000,    0.457,    0.206,    0.397,    0.629, -999.000,    0.457,    0.189,    0.397,    0.786, -999.000,
       413,2020083012,   -0.111, -999.000,   -0.123,    1.034, -999.000,   -0.172, -999.000,   -0.184,    0.861, -999.000,    0.395, -999.000,    0.376,    0.650, -999.000,    0.395, -999.000,    0.376,    0.577, -999.000,
       413,2020083006,   -0.075, -999.000,   -0.089,    0.989, -999.000,   -0.138, -999.000,   -0.147,    0.804, -999.000,    0.420, -999.000,    0.400,    0.613, -999.000,    0.420, -999.000,    0.400,    0.550, -999.000,
       413,2020083000,   -0.120, -999.000,   -0.120,   -0.168, -999.000,   -0.179, -999.000,   -0.179,   -0.260, -999.000,    0.371, -999.000,    0.371, -999.000, -999.000,    0.371, -999.000,    0.371, -999.000, -999.000,
