        81,2020092000,   -0.248,   -0.337,   -0.234,   -0.204, -999.000,   -0.255,   -0.320,   -0.242,   -0.206, -999.000,    0.170,    0.164,    0.167,    0.184, -999.000,    0.170,    0.161,    0.167,    0.173, -999.000,
        81,2020091918,   -0.253,   -0.256,   -0.253,   -0.258,   -0.192,   -0.248,   -0.244,   -0.251,   -0.230,   -0.272,    0.166,    0.167,    0.165,    0.174,    0.089,    0.166,    0.166,    0.165,    0.176,    0.089,
        81,2020091912,   -0.260,   -0.300,   -0.250,   -0.184,   -0.484,   -0.260,   -0.284,   -0.253,   -0.143,   -0.487,    0.168,    0.165,    0.167,    0.143,    0.011,    0.168,    0.163,    0.167,    0.163,    0.011,
        81,2020091906,   -0.264,   -0.285,   -0.260,   -0.215,   -0.242,   -0.264,   -0.278,   -0.260,   -0.268,   -0.235,    0.167,    0.168,    0.166,    0.186,    0.207,    0.167,    0.169,    0.166,    0.162,    0.207,
        81,2020091900,   -0.250,   -0.298,   -0.243,   -0.196,   -0.221,   -0.250,   -0.292,   -0.242,   -0.233,   -0.221,    0.167,    0.166,    0.166,    0.170, -999.000,    0.167,    0.165,    0.166,    0.167, -999.000,
        81,2020091818,   -0.250,   -0.264,   -0.247,   -0.242,   -0.280,   -0.245,   -0.256,   -0.243,   -0.203,   -0.315,    0.168,    0.160,    0.169,    0.181,    0.200,    0.168,    0.161,    0.169,    0.175,    0.200,
        81,2020091812,   -0.258,   -0.319,   -0.242,   -0.206,   -0.461,   -0.265,   -0.307,   -0.250,   -0.211,   -0.461,    0.168,    0.152,    0.168,    0.174, -999.000,    0.168,    0.148,    0.168,    0.187, -999.000,
        81,2020091806,   -0.268,   -0.281,   -0.265,   -0.185,   -0.369,   -0.268,   -0.279,   -0.264,   -0.208,   -0.353,    0.165,    0.160,    0.166,    0.172,    0.168,    0.165,    0.160,    0.166,    0.153,    0.168,
        81,2020091800,   -0.253,   -0.300,   -0.245,   -0.224, -999.000,   -0.250,   -0.281,   -0.242,   -0.281, -999.000,    0.166,    0.167,    0.166,    0.170, -999.000,    0.166,    0.158,    0.166,    0.170, -999.000,
        81,2020091718,   -0.264,   -0.243,   -0.276,   -0.168,   -0.072,   -0.262,   -0.239,   -0.274,   -0.187,   -0.072,    0.166,    0.162,    0.165,    0.168, -999.000,    0.166,    0.161,    0.165,    0.171, -999.000,
        81,2020091712,   -0.252,   -0.305,   -0.236,   -0.246,   -0.467,   -0.253,   -0.302,   -0.236,   -0.251,   -0.371,    0.167,    0.161,    0.164,    0.180,    0.045,    0.167,    0.163,    0.164,    0.184,    0.045,
        81,2020091706,   -0.257,   -0.265,   -0.254,   -0.299,   -0.179,   -0.259,   -0.265,   -0.257,   -0.272,   -0.159,    0.169,    0.171,    0.168,    0.193,    0.149,    0.169,    0.173,    0.168,    0.176,    0.149,
        81,2020091700,   -0.252,   -0.288,   -0.245,   -0.303,   -0.488,   -0.251,   -0.284,   -0.245,   -0.258,   -0.488,    0.169,    0.179,    0.166,    0.180,    0.009,    0.169,    0.180,    0.166,    0.190,    0.009,
        81,2020091618,   -0.257,   -0.257,   -0.259,   -0.189,   -0.190,   -0.256,   -0.252,   -0.260,   -0.211,   -0.190,    0.167,    0.166,    0.167,    0.184,    0.169,    0.167,    0.165,    0.167,    0.182,    0.169,
        81,2020091612,   -0.254,   -0.291,   -0.241,   -0.255,   -0.308,   -0.255,   -0.285,   -0.243,   -0.193,   -0.308,    0.167,    0.164,    0.167,    0.192,    0.203,    0.167,    0.160,    0.167,    0.166,    0.203,
        81,2020091606,   -0.258,   -0.269,   -0.256,   -0.213,   -0.307,   -0.259,   -0.266,   -0.257,   -0.216,   -0.321,    0.165,    0.165,    0.165,    0.176,    0.145,    0.165,    0.168,    0.165,    0.143,    0.145,
        81,2020091600,   -0.242,   -0.263,   -0.238,   -0.230,   -0.296,   -0.245,   -0.252,   -0.244,   -0.238,   -0.271,    0.167,    0.172,    0.166,    0.174,    0.171,    0.167,    0.173,    0.166,    0.166,    0.171,
        81,2020091518,   -0.239,   -0.259,   -0.236,   -0.194,   -0.311,   -0.241,   -0.252,   -0.239,   -0.210,   -0.344,    0.170,    0.177,    0.168,    0.180,    0.047,    0.170,    0.176,    0.168,    0.169,    0.047,
        81,2020091512,   -0.251,   -0.268,   -0.246,   -0.193,   -0.398,   -0.256,   -0.271,   -0.250,   -0.177,   -0.437,    0.167,    0.164,    0.167,    0.175,    0.109,    0.167,    0.165,    0.167,    0.165,    0.109,
        81,2020091506,   -0.245,   -0.289,   -0.231,   -0.202,   -0.073,   -0.253,   -0.292,   -0.239,   -0.204,   -0.073,    0.170,    0.162,    0.169,    0.165,    0.006,    0.170,    0.165,    0.169,    0.161,    0.006,
        81,2020091500,   -0.253,   -0.295,   -0.244,   -0.285,   -0.493,   -0.254,   -0.286,   -0.246,   -0.247,   -0.493,    0.166,    0.169,    0.165,    0.166, -999.000,    0.166,    0.165,    0.165,    0.186, -999.000,
        81,2020091418,   -0.233,   -0.249,   -0.229,   -0.209,   -0.264,   -0.228,   -0.233,   -0.227,   -0.207,   -0.264,    0.167,    0.170,    0.167,    0.176,    0.178,    0.167,    0.169,    0.167,    0.167,    0.178,
        81,2020091412,   -0.262,   -0.297,   -0.250,   -0.214,   -0.343,   -0.261,   -0.283,   -0.251,   -0.261,   -0.305,    0.167,    0.167,    0.165,    0.159,    0.204,    0.167,    0.165,    0.165,    0.170,    0.204,
        81,2020091406,   -0.245,   -0.289,   -0.235,   -0.214,   -0.247,   -0.247,   -0.269,   -0.238,   -0.283,   -0.231,    0.170,    0.173,    0.168,    0.178,    0.208,    0.170,    0.172,    0.168,    0.173,    0.208,
        81,2020091400,   -0.250,   -0.299,   -0.242,   -0.218,   -0.486,   -0.253,   -0.284,   -0.247,   -0.207,   -0.300,    0.169,    0.178,    0.166,    0.172,    0.011,    0.169,    0.175,    0.166,    0.164,    0.011,
        81,2020091318,   -0.260,   -0.266,   -0.258,   -0.233,   -0.371,   -0.259,   -0.262,   -0.259,   -0.219,   -0.303,    0.169,    0.174,    0.168,    0.165,    0.179,    0.169,    0.173,    0.168,    0.150,    0.179,
        81,2020091312,   -0.251,   -0.292,   -0.240,   -0.191,   -0.053,   -0.251,   -0.282,   -0.240,   -0.207,   -0.008,    0.168,    0.161,    0.167,    0.167,    0.064,    0.168,    0.164,    0.167,    0.158,    0.064,
        81,2020091306,   -0.248,   -0.278,   -0.239,   -0.244,   -0.494,   -0.251,   -0.272,   -0.243,   -0.233, -999.000,    0.171,    0.169,    0.171,    0.174, -999.000,    0.171,    0.169,    0.171,    0.164, -999.000,
        81,2020091300,   -0.244,   -0.307,   -0.234,   -0.243,   -0.319,   -0.245,   -0.286,   -0.235,   -0.282, -999.000,    0.169,    0.168,    0.169,    0.174, -999.000,    0.169,    0.161,    0.169,    0.174, -999.000,
        81,2020091218,   -0.260,   -0.264,   -0.260,   -0.211,   -0.201,   -0.259,   -0.259,   -0.259,   -0.263,   -0.230,    0.169,    0.164,    0.170,    0.170,    0.213,    0.169,    0.165,    0.170,    0.182,    0.213,
        81,2020091212,   -0.257,   -0.299,   -0.243,   -0.256,   -0.252,   -0.258,   -0.291,   -0.243,   -0.263,   -0.447,    0.165,    0.160,    0.166,    0.189,    0.276,    0.165,    0.158,    0.166,    0.175,    0.276,
        81,2020091206,   -0.255,   -0.288,   -0.245,   -0.222,   -0.181,   -0.256,   -0.282,   -0.248,   -0.199,   -0.187,    0.170,    0.169,    0.169,    0.185,    0.192,    0.170,    0.168,    0.169,    0.189,    0.192,
        81,2020091200,   -0.254,   -0.279,   -0.251,   -0.232,   -0.381,   -0.255,   -0.254,   -0.255,   -0.227,   -0.419,    0.169,    0.180,    0.167,    0.170,    0.100,    0.169,    0.176,    0.167,    0.168,    0.100,
        81,2020091118,   -0.257,   -0.250,   -0.260,   -0.206,   -0.390,   -0.259,   -0.238,   -0.268,   -0.230,   -0.303,    0.168,    0.162,    0.169,    0.162,    0.105,    0.168,    0.164,    0.169,    0.152,    0.105,
        81,2020091112,   -0.253,   -0.275,   -0.247,   -0.212,   -0.269,   -0.255,   -0.274,   -0.248,   -0.221,   -0.257,    0.169,    0.167,    0.169,    0.166,    0.207,    0.169,    0.168,    0.169,    0.162,    0.207,
        81,2020091106,   -0.253,   -0.275,   -0.246,   -0.211,   -0.399,   -0.253,   -0.278,   -0.243,   -0.256,   -0.399,    0.168,    0.162,    0.168,    0.201,    0.094,    0.168,    0.164,    0.168,    0.197,    0.094,
        81,2020091100,   -0.256,   -0.280,   -0.254,   -0.188, -999.000,   -0.258,   -0.265,   -0.256,   -0.256, -999.000,    0.165,    0.176,    0.164,    0.161, -999.000,    0.165,    0.169,    0.164,    0.162, -999.000,
        81,2020091018,   -0.249,   -0.276,   -0.244,   -0.186,   -0.328,   -0.249,   -0.272,   -0.245,   -0.199,   -0.297,    0.167,    0.166,    0.167,    0.152,    0.176,    0.167,    0.165,    0.167,    0.130,    0.176,
        81,2020091012,   -0.260,   -0.304,   -0.247,   -0.223,   -0.418,   -0.259,   -0.292,   -0.246,   -0.233,   -0.418,    0.169,    0.157,    0.170,    0.187,    0.078,    0.169,    0.155,    0.170,    0.193,    0.078,
        81,2020091006,   -0.264,   -0.301,   -0.250,   -0.261,   -0.229,   -0.264,   -0.290,   -0.253,   -0.255,   -0.340,    0.167,    0.164,    0.167,    0.205,    0.091,    0.167,    0.163,    0.167,    0.190,    0.091,
        81,2020091000,   -0.252,   -0.292,   -0.243,   -0.269,   -0.432,   -0.255,   -0.272,   -0.251,   -0.255,   -0.432,    0.170,    0.171,    0.169,    0.198,    0.024,    0.170,    0.167,    0.169,    0.196,    0.024,
        81,2020090918,   -0.246,   -0.260,   -0.242,   -0.258,   -0.319,   -0.244,   -0.258,   -0.240,   -0.227,   -0.350,    0.168,    0.171,    0.169,    0.163,    0.111,    0.168,    0.166,    0.169,    0.170,    0.111,
        81,2020090912,   -0.269,   -0.281,   -0.266,   -0.194,   -0.454,   -0.268,   -0.275,   -0.266,   -0.191,   -0.454,    0.164,    0.163,    0.163,    0.194,    0.055,    0.164,    0.165,    0.163,    0.168,    0.055,
        81,2020090906,   -0.260,   -0.276,   -0.254,   -0.285,   -0.337,   -0.257,   -0.266,   -0.254,   -0.254,   -0.314,    0.170,    0.163,    0.172,    0.169,    0.132,    0.170,    0.162,    0.172,    0.155,    0.132,
        81,2020090900,   -0.257,   -0.310,   -0.245,   -0.267,   -0.474,   -0.257,   -0.298,   -0.247,   -0.234,   -0.474,    0.167,    0.165,    0.165,    0.159,    0.023,    0.167,    0.162,    0.165,    0.183,    0.023,
        81,2020090818,   -0.247,   -0.260,   -0.242,   -0.275,   -0.353,   -0.241,   -0.249,   -0.238,   -0.234,   -0.386,    0.168,    0.166,    0.168,    0.170,    0.122,    0.168,    0.167,    0.168,    0.159,    0.122,
        81,2020090812,   -0.255,   -0.286,   -0.246,   -0.193,   -0.493,   -0.255,   -0.279,   -0.246,   -0.169,   -0.493,    0.165,    0.161,    0.165,    0.172, -999.000,    0.165,    0.161,    0.165,    0.152, -999.000,
        81,2020090806,   -0.257,   -0.295,   -0.246,   -0.170,   -0.324,   -0.257,   -0.276,   -0.250,   -0.205,   -0.324,    0.168,    0.175,    0.164,    0.181,    0.056,    0.168,    0.171,    0.164,    0.171,    0.056,
        81,2020090800,   -0.257,   -0.305,   -0.246,   -0.261,   -0.031,   -0.256,   -0.298,   -0.244,   -0.275,   -0.262,    0.168,    0.164,    0.168,    0.148, -999.000,    0.168,    0.160,    0.168,    0.150, -999.000,
        81,2020090718,   -0.247,   -0.271,   -0.241,   -0.215,   -0.201,   -0.251,   -0.271,   -0.245,   -0.210,   -0.201,    0.170,    0.166,    0.171,    0.168,    0.249,    0.170,    0.166,    0.171,    0.177,    0.249,
        81,2020090712,   -0.265,   -0.303,   -0.253,   -0.214,   -0.358,   -0.265,   -0.298,   -0.254,   -0.207, -999.000,    0.165,    0.161,    0.164,    0.167, -999.000,    0.165,    0.160,    0.164,    0.166, -999.000,
        81,2020090706,   -0.266,   -0.294,   -0.257,   -0.173,   -0.245,   -0.264,   -0.283,   -0.257,   -0.209,   -0.213,    0.168,    0.160,    0.170,    0.153,    0.171,    0.168,    0.162,    0.170,    0.160,    0.171,
        81,2020090700,   -0.250,   -0.249,   -0.252,   -0.176,   -0.234,   -0.248,   -0.245,   -0.250,   -0.202,   -0.234,    0.170,    0.176,    0.169,    0.166,    0.258,    0.170,    0.175,    0.169,    0.161,    0.258,
        81,2020090618,   -0.261,   -0.278,   -0.259,   -0.146,   -0.337,   -0.255,   -0.268,   -0.253,   -0.182,   -0.352,    0.166,    0.163,    0.166,    0.161,    0.237,    0.166,    0.160,    0.166,    0.147,    0.237,
        81,2020090612,   -0.261,   -0.302,   -0.252,   -0.163,   -0.458,   -0.261,   -0.296,   -0.251,   -0.177,   -0.451,    0.167,    0.160,    0.167,    0.164,    0.074,    0.167,    0.158,    0.167,    0.163,    0.074,
        81,2020090606,   -0.256,   -0.295,   -0.241,   -0.204,   -0.495,   -0.256,   -0.280,   -0.245,   -0.220,   -0.495,    0.169,    0.166,    0.168,    0.187, -999.000,    0.169,    0.163,    0.168,    0.172, -999.000,
        81,2020090600,   -0.260,   -0.297,   -0.256,   -0.188,   -0.310,   -0.256,   -0.283,   -0.252,   -0.202,   -0.248,    0.169,    0.175,    0.167,    0.160,    0.270,    0.169,    0.170,    0.167,    0.165,    0.270,
        81,2020090518,   -0.263,   -0.277,   -0.260,   -0.214,   -0.251,   -0.257,   -0.268,   -0.257,   -0.162,   -0.312,    0.169,    0.160,    0.171,    0.157,    0.221,    0.169,    0.162,    0.171,    0.178,    0.221,
        81,2020090512,   -0.254,   -0.291,   -0.244,   -0.188,   -0.222,   -0.256,   -0.291,   -0.244,   -0.178,   -0.005,    0.168,    0.160,    0.169,    0.154,    0.250,    0.168,    0.160,    0.169,    0.146,    0.250,
        81,2020090506,   -0.259,   -0.301,   -0.243,   -0.204,   -0.349,   -0.260,   -0.300,   -0.245,   -0.188,   -0.300,    0.170,    0.160,    0.170,    0.192,    0.227,    0.170,    0.164,    0.170,    0.154,    0.227,
        81,2020090500,   -0.255,   -0.283,   -0.248,   -0.295,   -0.043,   -0.251,   -0.264,   -0.247,   -0.252,   -0.043,    0.168,    0.168,    0.169,    0.174, -999.000,    0.168,    0.164,    0.169,    0.163, -999.000,
        81,2020090418,   -0.255,   -0.281,   -0.248,   -0.197,   -0.398,   -0.257,   -0.273,   -0.253,   -0.214,   -0.398,    0.170,    0.166,    0.171,    0.161,    0.077,    0.170,    0.166,    0.171,    0.161,    0.077,
        81,2020090412,   -0.259,   -0.261,   -0.260,   -0.199,   -0.195,   -0.260,   -0.264,   -0.259,   -0.253,   -0.195,    0.166,    0.165,    0.165,    0.180,    0.174,    0.166,    0.167,    0.165,    0.173,    0.174,
        81,2020090406,   -0.261,   -0.286,   -0.251,   -0.260,   -0.364,   -0.263,   -0.280,   -0.254,   -0.282,   -0.292,    0.167,    0.163,    0.168,    0.165,    0.235,    0.167,    0.164,    0.168,    0.174,    0.235,
        81,2020090400,   -0.255,   -0.310,   -0.242,   -0.305,   -0.474,   -0.253,   -0.294,   -0.239,   -0.310,   -0.474,    0.168,    0.163,    0.168,    0.141,    0.031,    0.168,    0.157,    0.168,    0.153,    0.031,
        81,2020090318,   -0.250,   -0.266,   -0.245,   -0.230,   -0.209,   -0.249,   -0.257,   -0.248,   -0.213,   -0.189,    0.169,    0.164,    0.170,    0.162,    0.201,    0.169,    0.165,    0.170,    0.168,    0.201,
        81,2020090312,   -0.251,   -0.284,   -0.241,   -0.200,   -0.394,   -0.255,   -0.291,   -0.241,   -0.215,   -0.495,    0.165,    0.161,    0.164,    0.174,    0.162,    0.165,    0.163,    0.164,    0.169,    0.162,
        81,2020090306,   -0.266,   -0.299,   -0.253,   -0.264,   -0.262,   -0.269,   -0.290,   -0.258,   -0.284,   -0.295,    0.168,    0.168,    0.166,    0.159,    0.235,    0.168,    0.169,    0.166,    0.187,    0.235,
        81,2020090300,   -0.264,   -0.301,   -0.257,   -0.240,   -0.338,   -0.262,   -0.292,   -0.256,   -0.236,   -0.233,    0.169,    0.165,    0.169,    0.155,    0.179,    0.169,    0.163,    0.169,    0.180,    0.179,
        81,2020090218,   -0.268,   -0.281,   -0.263,   -0.244,   -0.342,   -0.257,   -0.260,   -0.261,   -0.186,   -0.304,    0.167,    0.167,    0.168,    0.157,    0.210,    0.167,    0.167,    0.168,    0.163,    0.210,
        81,2020090212,   -0.255,   -0.299,   -0.245,   -0.169, -999.000,   -0.257,   -0.292,   -0.247,   -0.165, -999.000,    0.168,    0.162,    0.168,    0.150, -999.000,    0.168,    0.158,    0.168,    0.173, -999.000,
        81,2020090206,   -0.268,   -0.288,   -0.259,   -0.276,   -0.322,   -0.271,   -0.289,   -0.262,   -0.270,   -0.343,    0.169,    0.165,    0.171,    0.163,    0.189,    0.169,    0.164,    0.171,    0.169,    0.189,
        81,2020090200,   -0.247,   -0.298,   -0.237,   -0.241,   -0.495,   -0.249,   -0.288,   -0.241,   -0.221, -999.000,    0.167,    0.167,    0.166,    0.174, -999.000,    0.167,    0.163,    0.166,    0.169, -999.000,
        81,2020090118,   -0.265,   -0.277,   -0.263,   -0.200,   -0.163,   -0.262,   -0.277,   -0.263,   -0.164,   -0.238,    0.169,    0.166,    0.170,    0.152,    0.192,    0.169,    0.166,    0.170,    0.169,    0.192,
        81,2020090112,   -0.245,   -0.290,   -0.231,   -0.238,   -0.477,   -0.248,   -0.287,   -0.235,   -0.184,   -0.456,    0.169,    0.164,    0.168,    0.161,    0.041,    0.169,    0.163,    0.168,    0.192,    0.041,
        81,2020090106,   -0.247,   -0.280,   -0.235,   -0.202,   -0.322,   -0.250,   -0.277,   -0.237,   -0.233,   -0.309,    0.169,    0.163,    0.167,    0.203,    0.181,    0.169,    0.166,    0.167,    0.188,    0.181,
        81,2020090100,   -0.251,   -0.267,   -0.246,   -0.276,   -0.388,   -0.252,   -0.270,   -0.248,   -0.248,   -0.388,    0.169,    0.173,    0.167,    0.155,    0.042,    0.169,    0.178,    0.167,    0.167,    0.042,
        81,2020083118,   -0.252,   -0.269,   -0.248,   -0.212,   -0.176,   -0.250,   -0.261,   -0.247,   -0.206,   -0.176,    0.167,    0.165,    0.169,    0.152,    0.173,    0.167,    0.165,    0.169,    0.141,    0.173,
        81,2020083112,   -0.256,   -0.281,   -0.248,   -0.241,   -0.253,   -0.259,   -0.282,   -0.251,   -0.228,   -0.310,    0.168,    0.167,    0.167,    0.169,    0.213,    0.168,    0.169,    0.167,    0.170,    0.213,
        81,2020083106,   -0.261,   -0.300,   -0.246,   -0.241,   -0.483,   -0.260,   -0.288,   -0.247,   -0.291,   -0.488,    0.171,    0.170,    0.170,    0.174,    0.020,    0.171,    0.168,    0.170,    0.186,    0.020,
        81,2020083100,   -0.250,   -0.261,   -0.246,   -0.285,   -0.246,   -0.248,   -0.255,   -0.244,   -0.282,   -0.246,    0.167,    0.168,    0.167,    0.174,    0.181,    0.167,    0.168,    0.167,    0.177,    0.181,
        81,2020083018,   -0.257,   -0.274,   -0.252,   -0.234,   -0.251,   -0.255,   -0.266,   -0.254,   -0.205,   -0.225,    0.167,    0.168,    0.167,    0.158,    0.138,    0.167,    0.168,    0.167,    0.148,    0.138,
        81,2020083012,   -0.258,   -0.276,   -0.253,   -0.220, -999.000,   -0.262,   -0.276,   -0.257,   -0.250, -999.000,    0.170,    0.170,    0.169,    0.178, -999.000,    0.170,    0.171,    0.169,    0.179, -999.000,
        81,2020083006,   -0.261,   -0.289,   -0.248,   -0.246,   -0.382,   -0.263,   -0.290,   -0.249,   -0.279,   -0.403,    0.171,    0.161,    0.170,    0.189,    0.152,    0.171,    0.166,    0.170,    0.189,    0.152,
        81,2020083000,   -0.246,   -0.244,   -0.247,   -0.230,   -0.297,   -0.248,   -0.249,   -0.250,   -0.218,   -0.377,    0.170,    0.173,    0.168,    0.170,    0.225,    0.170,    0.175,    0.168,    0.170,    0.225,
