       346,2020092000,   -0.307,   -0.307,   -0.307,   -0.307,   -0.307,   -0.307,   -0.307,   -0.307,   -0.307,   -0.307,    0.001,    0.000,    0.001, -999.000, -999.000,    0.001,    0.000,    0.001,    0.000, -999.000,
       346,2020091918,   -0.311,   -0.311,   -0.311,   -0.311,   -0.311,   -0.311,   -0.311,   -0.311,   -0.311,   -0.311, -999.000,    0.000, -999.000,    0.000, -999.000, -999.000,    0.000, -999.000,    0.000, -999.000,
       346,2020091912,   -0.308,   -0.308,   -0.308,   -0.308,   -0.308,   -0.308,   -0.308,   -0.308,   -0.308,   -0.308,    0.001,    0.000,    0.001,    0.000, -999.000,    0.001,    0.000,    0.001,    0.000, -999.000,
       346,2020091906,   -0.308,   -0.308,   -0.308,   -0.308,   -0.308,   -0.308,   -0.308,   -0.308,   -0.308,   -0.308,    0.000, -999.000,    0.000, -999.000,    0.000,    0.000, -999.000,    0.000, -999.000,    0.000,
       346,2020091900,   -0.306,   -0.306,   -0.306,   -0.306,   -0.306,   -0.306,   -0.306,   -0.306,   -0.306,   -0.306, -999.000,    0.000,    0.000,    0.000, -999.000, -999.000,    0.000,    0.000,    0.000, -999.000,
       346,2020091818,   -0.308,   -0.308,   -0.308,   -0.308,   -0.308,   -0.308,   -0.308,   -0.308,   -0.308,   -0.308,    0.001, -999.000,    0.001, -999.000, -999.000,    0.001, -999.000,    0.001, -999.000, -999.000,
       346,2020091812,   -0.309,   -0.309,   -0.309,   -0.309,   -0.309,   -0.309,   -0.309,   -0.309,   -0.309,   -0.309,    0.001,    0.000,    0.001,    0.000, -999.000,    0.001,    0.000,    0.001,    0.000, -999.000,
       346,2020091806,   -0.307,   -0.307,   -0.307,   -0.307,   -0.307,   -0.307,   -0.307,   -0.307,   -0.307,   -0.307, -999.000,    0.000,    0.000,    0.000,    0.000, -999.000,    0.000,    0.000, -999.000,    0.000,
       346,2020091800,   -0.309,   -0.309,   -0.309,   -0.309,   -0.309,   -0.309,   -0.309,   -0.309,   -0.309,   -0.309,    0.001, -999.000,    0.001, -999.000, -999.000,    0.001, -999.000,    0.001, -999.000, -999.000,
       346,2020091718,   -0.310,   -0.310,   -0.310,   -0.310,   -0.310,   -0.310,   -0.310,   -0.310,   -0.310,   -0.310,    0.000, -999.000, -999.000, -999.000,    0.000,    0.000, -999.000, -999.000, -999.000,    0.000,
       346,2020091712,   -0.314,   -0.314,   -0.314,   -0.314,   -0.314,   -0.314,   -0.314,   -0.314,   -0.314,   -0.314, -999.000, -999.000, -999.000, -999.000, -999.000, -999.000, -999.000, -999.000, -999.000, -999.000,
       346,2020091706,   -0.317,   -0.317,   -0.317,   -0.317,   -0.317,   -0.317,   -0.317,   -0.317,   -0.317,   -0.317,    0.000, -999.000, -999.000, -999.000, -999.000,    0.000, -999.000, -999.000, -999.000, -999.000,
       346,2020091700,   -0.319,   -0.319,   -0.319,   -0.319,   -0.319,   -0.319,   -0.319,   -0.319,   -0.319,   -0.319, -999.000, -999.000, -999.000, -999.000, -999.000, -999.000, -999.000, -999.000,    0.000, -999.000,
       346,2020091618,   -0.321,   -0.321,   -0.321,   -0.321,   -0.321,   -0.321,   -0.321,   -0.321,   -0.321,   -0.321,    0.001, -999.000,    0.000, -999.000,    0.000,    0.001, -999.000,    0.000,    0.000,    0.000,
       346,2020091612,   -0.323,   -0.323,   -0.323,   -0.323,   -0.323,   -0.323,   -0.323,   -0.323,   -0.323,   -0.323, -999.000, -999.000, -999.000, -999.000, -999.000, -999.000,    0.000, -999.000, -999.000, -999.000,
       346,2020091606,   -0.326,   -0.326,   -0.326,   -0.326,   -0.326,   -0.326,   -0.326,   -0.326,   -0.326,   -0.326,    0.001, -999.000,    0.001, -999.000,    0.000,    0.001, -999.000,    0.001, -999.000,    0.000,
       346,2020091600,   -0.326,   -0.326,   -0.326,   -0.326,   -0.326,   -0.326,   -0.326,   -0.326,   -0.326,   -0.326,    0.001, -999.000,    0.001,    0.000, -999.000,    0.001, -999.000,    0.001, -999.000, -999.000,
       346,2020091518,   -0.327,   -0.327,   -0.327,   -0.327,   -0.327,   -0.327,   -0.327,   -0.327,   -0.327,   -0.327,    0.001,    0.000,    0.000,    0.000, -999.000,    0.001, -999.000,    0.000, -999.000, -999.000,
       346,2020091512,   -0.328,   -0.328,   -0.328,   -0.328,   -0.328,   -0.328,   -0.328,   -0.328,   -0.328,   -0.328,    0.001,    0.000,    0.001,    0.000,    0.000,    0.001,    0.000,    0.001,    0.000,    0.000,
       346,2020091506,   -0.331,   -0.331,   -0.331,   -0.331,   -0.331,   -0.331,   -0.331,   -0.331,   -0.331,   -0.331,    0.001, -999.000,    0.001, -999.000, -999.000,    0.001,    0.000,    0.001, -999.000, -999.000,
       346,2020091500,   -0.324,   -0.324,   -0.324,   -0.324,   -0.324,   -0.324,   -0.324,   -0.324,   -0.324,   -0.324, -999.000,    0.001,    0.000,    0.000, -999.000, -999.000,    0.000,    0.000,    0.000, -999.000,
       346,2020091418,   -0.332,   -0.332,   -0.332,   -0.332,   -0.332,   -0.332,   -0.332,   -0.332,   -0.332,   -0.332, -999.000, -999.000, -999.000, -999.000, -999.000, -999.000, -999.000, -999.000,    0.000, -999.000,
       346,2020091412,   -0.331,   -0.331,   -0.331,   -0.331,   -0.331,   -0.331,   -0.331,   -0.331,   -0.331,   -0.331, -999.000,    0.000,    0.001, -999.000, -999.000, -999.000,    0.000,    0.001, -999.000, -999.000,
       346,2020091406,   -0.337,   -0.337,   -0.337,   -0.337,   -0.337,   -0.337,   -0.337,   -0.337,   -0.337,   -0.337,    0.001, -999.000,    0.001, -999.000, -999.000,    0.001,    0.000,    0.001, -999.000, -999.000,
       346,2020091400,   -0.333,   -0.333,   -0.333,   -0.333,   -0.333,   -0.333,   -0.333,   -0.333,   -0.333,   -0.333, -999.000,    0.000,    0.000,    0.000,    0.000, -999.000,    0.000,    0.000,    0.000,    0.000,
       346,2020091318,   -0.338,   -0.338,   -0.338,   -0.338,   -0.338,   -0.338,   -0.338,   -0.338,   -0.338,   -0.338, -999.000,    0.001,    0.000,    0.000, -999.000, -999.000,    0.001,    0.000,    0.000, -999.000,
       346,2020091312,   -0.336,   -0.336,   -0.336,   -0.336,   -0.336,   -0.336,   -0.336,   -0.336,   -0.336,   -0.336, -999.000,    0.000, -999.000,    0.000, -999.000, -999.000,    0.000, -999.000,    0.000, -999.000,
       346,2020091306,   -0.340,   -0.340,   -0.340,   -0.340,   -0.340,   -0.340,   -0.340,   -0.340,   -0.340,   -0.340,    0.001, -999.000,    0.001, -999.000,    0.000,    0.001, -999.000,    0.001, -999.000,    0.000,
       346,2020091300,   -0.340,   -0.340,   -0.340,   -0.340,   -0.340,   -0.340,   -0.340,   -0.340,   -0.340,   -0.340,    0.001, -999.000,    0.000, -999.000,    0.000,    0.001, -999.000,    0.000, -999.000,    0.000,
       346,2020091218,   -0.346,   -0.346,   -0.346,   -0.346,   -0.346,   -0.346,   -0.346,   -0.346,   -0.346,   -0.346, -999.000, -999.000, -999.000,    0.000,    0.000, -999.000,    0.000, -999.000,    0.000,    0.000,
       346,2020091212,   -0.344,   -0.344,   -0.344,   -0.344,   -0.344,   -0.344,   -0.344,   -0.344,   -0.344,   -0.344,    0.001,    0.000,    0.001, -999.000, -999.000,    0.001,    0.000,    0.001, -999.000, -999.000,
       346,2020091206,   -0.347,   -0.347,   -0.347,   -0.347,   -0.347,   -0.347,   -0.347,   -0.347,   -0.347,   -0.347,    0.001,    0.000,    0.000, -999.000, -999.000,    0.001,    0.000,    0.000, -999.000, -999.000,
       346,2020091200,   -0.343,   -0.343,   -0.343,   -0.343,   -0.343,   -0.343,   -0.343,   -0.343,   -0.343,   -0.343,    0.000, -999.000, -999.000, -999.000, -999.000,    0.000, -999.000, -999.000, -999.000, -999.000,
       346,2020091118,   -0.346,   -0.346,   -0.346,   -0.346,   -0.346,   -0.346,   -0.346,   -0.346,   -0.346,   -0.346, -999.000,    0.000, -999.000,    0.000, -999.000, -999.000,    0.000, -999.000,    0.000, -999.000,
       346,2020091112,   -0.341,   -0.341,   -0.341,   -0.341,   -0.341,   -0.341,   -0.341,   -0.341,   -0.341,   -0.341,    0.001,    0.000,    0.001, -999.000, -999.000,    0.001,    0.000,    0.001, -999.000, -999.000,
       346,2020091106,   -0.340,   -0.340,   -0.340,   -0.340,   -0.340,   -0.340,   -0.340,   -0.340,   -0.340,   -0.340, -999.000,    0.000,    0.000, -999.000,    0.000, -999.000, -999.000,    0.000,    0.000,    0.000,
       346,2020091100,   -0.334,   -0.334,   -0.334,   -0.334,   -0.334,   -0.334,   -0.334,   -0.334,   -0.334,   -0.334, -999.000, -999.000, -999.000, -999.000, -999.000, -999.000, -999.000, -999.000, -999.000, -999.000,
       346,2020091018,   -0.340,   -0.340,   -0.340,   -0.340,   -0.340,   -0.340,   -0.340,   -0.340,   -0.340,   -0.340, -999.000, -999.000, -999.000,    0.000, -999.000, -999.000, -999.000, -999.000,    0.000, -999.000,
       346,2020091012,   -0.337,   -0.337,   -0.337,   -0.337,   -0.337,   -0.337,   -0.337,   -0.337,   -0.337,   -0.337, -999.000, -999.000,    0.000, -999.000,    0.000, -999.000, -999.000,    0.000, -999.000,    0.000,
       346,2020091006,   -0.342,   -0.342,   -0.342,   -0.342,   -0.342,   -0.342,   -0.342,   -0.342,   -0.342,   -0.342, -999.000,    0.000,    0.000,    0.000,    0.000, -999.000,    0.000,    0.000,    0.000,    0.000,
       346,2020091000,   -0.338,   -0.338,   -0.338,   -0.338,   -0.338,   -0.338,   -0.338,   -0.338,   -0.338,   -0.338,    0.001, -999.000,    0.000, -999.000, -999.000,    0.001, -999.000,    0.000, -999.000, -999.000,
       346,2020090918,   -0.345,   -0.345,   -0.345,   -0.345,   -0.345,   -0.345,   -0.345,   -0.345,   -0.345,   -0.345, -999.000, -999.000, -999.000, -999.000, -999.000, -999.000, -999.000, -999.000,    0.000, -999.000,
       346,2020090912,   -0.344,   -0.344,   -0.344,   -0.344,   -0.344,   -0.344,   -0.344,   -0.344,   -0.344,   -0.344,    0.001, -999.000,    0.001, -999.000, -999.000,    0.001, -999.000,    0.001, -999.000, -999.000,
       346,2020090906,   -0.345,   -0.345,   -0.345,   -0.345,   -0.345,   -0.345,   -0.345,   -0.345,   -0.345,   -0.345, -999.000,    0.000, -999.000, -999.000,    0.000, -999.000,    0.000, -999.000,    0.000,    0.000,
       346,2020090900,   -0.340,   -0.340,   -0.340,   -0.340,   -0.340,   -0.340,   -0.340,   -0.340,   -0.340,   -0.340, -999.000,    0.000, -999.000,    0.000, -999.000, -999.000,    0.000, -999.000,    0.000, -999.000,
       346,2020090818,   -0.344,   -0.344,   -0.344,   -0.344,   -0.344,   -0.344,   -0.344,   -0.344,   -0.344,   -0.344, -999.000,    0.000,    0.000,    0.000,    0.000, -999.000,    0.000,    0.000,    0.000,    0.000,
       346,2020090812,   -0.343,   -0.343,   -0.343,   -0.343,   -0.343,   -0.343,   -0.343,   -0.343,   -0.343,   -0.343, -999.000,    0.000, -999.000,    0.000,    0.000, -999.000,    0.000, -999.000,    0.000,    0.000,
       346,2020090806,   -0.343,   -0.343,   -0.343,   -0.343,   -0.343,   -0.343,   -0.343,   -0.343,   -0.343,   -0.343,    0.001,    0.000,    0.001, -999.000, -999.000,    0.001,    0.000,    0.001, -999.000, -999.000,
       346,2020090800,   -0.343,   -0.343,   -0.343,   -0.343,   -0.343,   -0.343,   -0.343,   -0.343,   -0.343,   -0.343, -999.000,    0.000, -999.000,    0.000, -999.000, -999.000,    0.000, -999.000,    0.000, -999.000,
       346,2020090718,   -0.346,   -0.346,   -0.346,   -0.346,   -0.346,   -0.346,   -0.346,   -0.346,   -0.346,   -0.346,    0.001,    0.000,    0.001, -999.000,    0.000,    0.001,    0.000,    0.001, -999.000,    0.000,
       346,2020090712,   -0.349,   -0.349,   -0.349,   -0.349,   -0.349,   -0.349,   -0.349,   -0.349,   -0.349,   -0.349,    0.000, -999.000,    0.000, -999.000,    0.000,    0.000, -999.000,    0.000, -999.000,    0.000,
       346,2020090706,   -0.349,   -0.349,   -0.349,   -0.349,   -0.349,   -0.349,   -0.349,   -0.349,   -0.349,   -0.349, -999.000, -999.000, -999.000,    0.000,    0.000, -999.000, -999.000, -999.000, -999.000,    0.000,
       346,2020090700,   -0.348,   -0.348,   -0.348,   -0.348,   -0.348,   -0.348,   -0.348,   -0.348,   -0.348,   -0.348, -999.000,    0.000, -999.000,    0.000, -999.000, -999.000,    0.000, -999.000,    0.000, -999.000,
       346,2020090618,   -0.343,   -0.343,   -0.343,   -0.343,   -0.343,   -0.343,   -0.343,   -0.343,   -0.343,   -0.343,    0.001, -999.000,    0.001, -999.000,    0.000,    0.001, -999.000,    0.001, -999.000,    0.000,
       346,2020090612,   -0.346,   -0.346,   -0.346,   -0.346,   -0.346,   -0.346,   -0.346,   -0.346,   -0.346,   -0.346,    0.000, -999.000,    0.000, -999.000, -999.000,    0.000, -999.000,    0.000, -999.000, -999.000,
       346,2020090606,   -0.348,   -0.348,   -0.348,   -0.348,   -0.348,   -0.348,   -0.348,   -0.348,   -0.348,   -0.348, -999.000,    0.000, -999.000,    0.000,    0.000, -999.000,    0.000, -999.000, -999.000,    0.000,
       346,2020090600,   -0.348,   -0.348,   -0.348,   -0.348,   -0.348,   -0.348,   -0.348,   -0.348,   -0.348,   -0.348, -999.000,    0.000,    0.000,    0.000, -999.000, -999.000,    0.000,    0.000,    0.000, -999.000,
       346,2020090518,   -0.347,   -0.347,   -0.347,   -0.347,   -0.347,   -0.347,   -0.347,   -0.347,   -0.347,   -0.347,    0.001,    0.001,    0.001,    0.000,    0.000,    0.001,    0.000,    0.001,    0.000,    0.000,
       346,2020090512,   -0.351,   -0.351,   -0.351,   -0.351,   -0.351,   -0.351,   -0.351,   -0.351,   -0.351,   -0.351,    0.001, -999.000,    0.000,    0.000, -999.000,    0.001,    0.000,    0.000,    0.000, -999.000,
       346,2020090506,   -0.352,   -0.352,   -0.352,   -0.352,   -0.352,   -0.352,   -0.352,   -0.352,   -0.352,   -0.352,    0.000,    0.000,    0.001,    0.000,    0.000,    0.000,    0.000,    0.001,    0.000,    0.000,
       346,2020090500,   -0.350,   -0.350,   -0.350,   -0.350,   -0.350,   -0.350,   -0.350,   -0.350,   -0.350,   -0.350, -999.000, -999.000, -999.000,    0.000, -999.000, -999.000, -999.000, -999.000,    0.000, -999.000,
       346,2020090418,   -0.350,   -0.350,   -0.350,   -0.350,   -0.350,   -0.350,   -0.350,   -0.350,   -0.350,   -0.350,    0.000,    0.000,    0.001, -999.000, -999.000,    0.000,    0.000,    0.001, -999.000, -999.000,
       346,2020090412,   -0.352,   -0.352,   -0.352,   -0.352,   -0.352,   -0.352,   -0.352,   -0.352,   -0.352,   -0.352, -999.000,    0.000, -999.000,    0.000, -999.000, -999.000,    0.000, -999.000,    0.000, -999.000,
       346,2020090406,   -0.355,   -0.355,   -0.355,   -0.355,   -0.355,   -0.355,   -0.355,   -0.355,   -0.355,   -0.355,    0.001, -999.000,    0.000, -999.000,    0.000,    0.001, -999.000,    0.000, -999.000,    0.000,
       346,2020090400,   -0.354,   -0.354,   -0.354,   -0.354,   -0.354,   -0.354,   -0.354,   -0.354,   -0.354,   -0.354,    0.000, -999.000,    0.000, -999.000, -999.000,    0.000, -999.000,    0.000, -999.000, -999.000,
       346,2020090318,   -0.359,   -0.359,   -0.359,   -0.359,   -0.359,   -0.359,   -0.359,   -0.359,   -0.359,   -0.359, -999.000,    0.000, -999.000, -999.000, -999.000, -999.000,    0.000, -999.000, -999.000, -999.000,
       346,2020090312,   -0.362,   -0.362,   -0.362,   -0.362,   -0.362,   -0.362,   -0.362,   -0.362,   -0.362,   -0.362,    0.001, -999.000, -999.000,    0.000, -999.000,    0.001, -999.000, -999.000, -999.000, -999.000,
       346,2020090306,   -0.363,   -0.363,   -0.363,   -0.363,   -0.363,   -0.363,   -0.363,   -0.363,   -0.363,   -0.363, -999.000,    0.000, -999.000,    0.000, -999.000, -999.000,    0.000, -999.000,    0.000, -999.000,
       346,2020090300,   -0.366,   -0.366,   -0.366,   -0.366,   -0.366,   -0.366,   -0.366,   -0.366,   -0.366,   -0.366,    0.001, -999.000,    0.000,    0.000,    0.000,    0.001, -999.000,    0.000,    0.000,    0.000,
       346,2020090218,   -0.364,   -0.364,   -0.364,   -0.364,   -0.364,   -0.364,   -0.364,   -0.364,   -0.364,   -0.364,    0.000,    0.000,    0.000,    0.000, -999.000,    0.000,    0.000,    0.000,    0.000, -999.000,
       346,2020090212,   -0.369,   -0.369,   -0.369,   -0.369,   -0.369,   -0.369,   -0.369,   -0.369,   -0.369,   -0.369,    0.000, -999.000, -999.000,    0.000, -999.000,    0.000, -999.000, -999.000,    0.000, -999.000,
       346,2020090206,   -0.367,   -0.367,   -0.367,   -0.367,   -0.367,   -0.367,   -0.367,   -0.367,   -0.367,   -0.367,    0.001, -999.000,    0.000, -999.000,    0.000,    0.001, -999.000,    0.000, -999.000,    0.000,
       346,2020090200,   -0.372,   -0.372,   -0.372,   -0.372,   -0.372,   -0.372,   -0.372,   -0.372,   -0.372,   -0.372, -999.000,    0.001, -999.000,    0.000, -999.000, -999.000,    0.001, -999.000,    0.000, -999.000,
       346,2020090118,   -0.367,   -0.367,   -0.367,   -0.367,   -0.367,   -0.367,   -0.367,   -0.367,   -0.367,   -0.367,    0.000, -999.000,    0.000, -999.000,    0.000,    0.000, -999.000,    0.000, -999.000,    0.000,
       346,2020090112,   -0.376,   -0.376,   -0.376,   -0.376,   -0.376,   -0.376,   -0.376,   -0.376,   -0.376,   -0.376, -999.000, -999.000, -999.000,    0.000,    0.000, -999.000, -999.000, -999.000, -999.000,    0.000,
       346,2020090106,   -0.373,   -0.373,   -0.373,   -0.373,   -0.373,   -0.373,   -0.373,   -0.373,   -0.373,   -0.373, -999.000, -999.000, -999.000,    0.000,    0.000, -999.000, -999.000, -999.000,    0.000,    0.000,
       346,2020090100,   -0.377,   -0.377,   -0.377,   -0.377,   -0.377,   -0.377,   -0.377,   -0.377,   -0.377,   -0.377, -999.000,    0.000, -999.000,    0.000, -999.000, -999.000,    0.000, -999.000,    0.000, -999.000,
       346,2020083118,   -0.375,   -0.375,   -0.375,   -0.375,   -0.375,   -0.375,   -0.375,   -0.375,   -0.375,   -0.375, -999.000, -999.000, -999.000,    0.000,    0.000, -999.000, -999.000, -999.000,    0.000,    0.000,
       346,2020083112,   -0.381,   -0.381,   -0.381,   -0.381,   -0.381,   -0.381,   -0.381,   -0.381,   -0.381,   -0.381, -999.000, -999.000, -999.000,    0.000, -999.000, -999.000,    0.000, -999.000,    0.000, -999.000,
       346,2020083106,   -0.383,   -0.383,   -0.383,   -0.383,   -0.383,   -0.383,   -0.383,   -0.383,   -0.383,   -0.383,    0.001, -999.000,    0.001, -999.000,    0.000,    0.001,    0.000,    0.001, -999.000,    0.000,
       346,2020083100,   -0.384,   -0.384,   -0.384,   -0.384,   -0.384,   -0.384,   -0.384,   -0.384,   -0.384,   -0.384, -999.000, -999.000, -999.000, -999.000, -999.000, -999.000, -999.000, -999.000, -999.000, -999.000,
       346,2020083018,   -0.382,   -0.382,   -0.382,   -0.382,   -0.382,   -0.382,   -0.382,   -0.382,   -0.382,   -0.382,    0.001,    0.000,    0.001, -999.000, -999.000,    0.001,    0.000,    0.001, -999.000, -999.000,
       346,2020083012,   -0.387,   -0.387,   -0.387,   -0.387,   -0.387,   -0.387,   -0.387,   -0.387,   -0.387,   -0.387, -999.000,    0.000, -999.000,    0.000, -999.000, -999.000,    0.000, -999.000, -999.000, -999.000,
       346,2020083006,   -0.386,   -0.386,   -0.386,   -0.386,   -0.386,   -0.386,   -0.386,   -0.386,   -0.386,   -0.386, -999.000, -999.000, -999.000, -999.000,    0.000, -999.000, -999.000, -999.000, -999.000,    0.000,
       346,2020083000,   -0.384,   -0.384,   -0.384,   -0.384,   -0.384,   -0.384,   -0.384,   -0.384,   -0.384,   -0.384, -999.000,    0.000, -999.000, -999.000,    0.000, -999.000, -999.000, -999.000, -999.000,    0.000,
