        43,2020092000,    0.028,    0.028,    0.028,    0.028,    0.022,    0.028,    0.029,    0.028,    0.028,    0.022,    0.029,    0.030,    0.029,    0.029,    0.043,    0.029,    0.030,    0.029,    0.029,    0.043,
        43,2020091918,    0.028,    0.025,    0.029,    0.028,    0.023,    0.028,    0.025,    0.029,    0.028,    0.024,    0.029,    0.027,    0.029,    0.029,    0.023,    0.029,    0.027,    0.029,    0.029,    0.023,
        43,2020091912,    0.027,    0.029,    0.027,    0.025,    0.040,    0.027,    0.029,    0.027,    0.025,    0.041,    0.029,    0.029,    0.028,    0.029,    0.032,    0.029,    0.029,    0.028,    0.029,    0.032,
        43,2020091906,    0.027,    0.028,    0.027,    0.028,    0.043,    0.027,    0.028,    0.027,    0.028,    0.043,    0.029,    0.029,    0.028,    0.029,    0.038,    0.029,    0.029,    0.028,    0.029,    0.038,
        43,2020091900,    0.027,    0.027,    0.027,    0.025,    0.037,    0.027,    0.027,    0.027,    0.025,    0.033,    0.028,    0.029,    0.028,    0.028,    0.036,    0.028,    0.029,    0.028,    0.028,    0.036,
        43,2020091818,    0.028,    0.027,    0.028,    0.027,    0.031,    0.028,    0.026,    0.028,    0.027,    0.032,    0.028,    0.028,    0.029,    0.029,    0.030,    0.028,    0.028,    0.029,    0.028,    0.030,
        43,2020091812,    0.028,    0.027,    0.028,    0.029,    0.057,    0.028,    0.027,    0.028,    0.029,    0.047,    0.029,    0.028,    0.029,    0.030,    0.049,    0.029,    0.029,    0.029,    0.030,    0.049,
        43,2020091806,    0.026,    0.027,    0.026,    0.029,    0.047,    0.027,    0.027,    0.026,    0.029,    0.047,    0.028,    0.028,    0.028,    0.030,    0.035,    0.028,    0.028,    0.028,    0.030,    0.035,
        43,2020091800,    0.027,    0.027,    0.027,    0.028,    0.067,    0.027,    0.027,    0.027,    0.029,    0.067,    0.028,    0.028,    0.028,    0.029,    0.029,    0.028,    0.029,    0.028,    0.029,    0.029,
        43,2020091718,    0.027,    0.028,    0.027,    0.027,    0.054,    0.027,    0.029,    0.027,    0.026,    0.058,    0.028,    0.029,    0.028,    0.028,    0.040,    0.028,    0.029,    0.028,    0.028,    0.040,
        43,2020091712,    0.027,    0.028,    0.027,    0.025,    0.052,    0.028,    0.028,    0.028,    0.026,    0.052,    0.029,    0.029,    0.029,    0.028,    0.032,    0.029,    0.029,    0.029,    0.028,    0.032,
        43,2020091706,    0.027,    0.027,    0.027,    0.027,    0.044,    0.027,    0.027,    0.027,    0.027,    0.044,    0.028,    0.028,    0.028,    0.029,    0.033,    0.028,    0.028,    0.028,    0.029,    0.033,
        43,2020091700,    0.027,    0.029,    0.026,    0.031,    0.058,    0.028,    0.029,    0.027,    0.032,    0.058,    0.028,    0.029,    0.028,    0.030,    0.035,    0.028,    0.029,    0.028,    0.030,    0.035,
        43,2020091618,    0.027,    0.026,    0.027,    0.028,    0.039,    0.027,    0.026,    0.027,    0.028,    0.039,    0.028,    0.028,    0.028,    0.029,    0.032,    0.028,    0.028,    0.028,    0.029,    0.032,
        43,2020091612,    0.027,    0.027,    0.028,    0.025,    0.044,    0.027,    0.027,    0.028,    0.025,    0.044,    0.029,    0.029,    0.029,    0.028,    0.037,    0.029,    0.029,    0.029,    0.029,    0.037,
        43,2020091606,    0.027,    0.027,    0.028,    0.028,    0.042,    0.027,    0.027,    0.028,    0.027,    0.042,    0.029,    0.029,    0.028,    0.029,    0.032,    0.029,    0.029,    0.028,    0.030,    0.032,
        43,2020091600,    0.028,    0.030,    0.027,    0.029,    0.053,    0.028,    0.030,    0.027,    0.030,    0.053,    0.028,    0.029,    0.028,    0.029,    0.035,    0.028,    0.029,    0.028,    0.029,    0.035,
        43,2020091518,    0.028,    0.025,    0.029,    0.029,    0.039,    0.027,    0.024,    0.028,    0.029,    0.037,    0.029,    0.027,    0.029,    0.029,    0.035,    0.029,    0.027,    0.029,    0.030,    0.035,
        43,2020091512,    0.028,    0.030,    0.028,    0.024,    0.052,    0.028,    0.030,    0.028,    0.024,    0.052,    0.029,    0.030,    0.028,    0.028,    0.034,    0.029,    0.030,    0.028,    0.027,    0.034,
        43,2020091506,    0.027,    0.026,    0.027,    0.028,    0.043,    0.027,    0.026,    0.027,    0.028,    0.042,    0.028,    0.028,    0.028,    0.029,    0.037,    0.028,    0.028,    0.028,    0.029,    0.037,
        43,2020091500,    0.028,    0.029,    0.027,    0.031,    0.078,    0.028,    0.029,    0.027,    0.031,    0.078,    0.029,    0.029,    0.028,    0.030,    0.020,    0.029,    0.029,    0.028,    0.029,    0.020,
        43,2020091418,    0.028,    0.025,    0.029,    0.027,    0.037,    0.028,    0.025,    0.029,    0.027,    0.035,    0.029,    0.028,    0.029,    0.029,    0.037,    0.029,    0.028,    0.029,    0.029,    0.037,
        43,2020091412,    0.028,    0.030,    0.027,    0.028,    0.057,    0.028,    0.030,    0.027,    0.028,    0.057,    0.029,    0.030,    0.028,    0.030,    0.035,    0.029,    0.030,    0.028,    0.030,    0.035,
        43,2020091406,    0.027,    0.026,    0.027,    0.030,    0.035,    0.027,    0.026,    0.027,    0.030,    0.033,    0.028,    0.029,    0.028,    0.029,    0.031,    0.028,    0.029,    0.028,    0.029,    0.031,
        43,2020091400,    0.027,    0.029,    0.027,    0.027,    0.032,    0.028,    0.029,    0.027,    0.027,    0.032,    0.028,    0.029,    0.028,    0.028,    0.042,    0.028,    0.029,    0.028,    0.028,    0.042,
        43,2020091318,    0.027,    0.026,    0.028,    0.026,    0.048,    0.027,    0.026,    0.027,    0.027,    0.043,    0.028,    0.028,    0.028,    0.029,    0.030,    0.028,    0.028,    0.028,    0.029,    0.030,
        43,2020091312,    0.028,    0.028,    0.028,    0.026,    0.052,    0.028,    0.027,    0.028,    0.026,    0.052,    0.029,    0.028,    0.029,    0.029,    0.032,    0.029,    0.029,    0.029,    0.029,    0.032,
        43,2020091306,    0.027,    0.029,    0.027,    0.028,    0.039,    0.027,    0.028,    0.027,    0.028,    0.039,    0.028,    0.029,    0.028,    0.029,    0.030,    0.028,    0.029,    0.028,    0.029,    0.030,
        43,2020091300,    0.027,    0.027,    0.027,    0.028,    0.056,    0.027,    0.027,    0.027,    0.029,    0.056,    0.028,    0.028,    0.028,    0.029,    0.029,    0.028,    0.028,    0.028,    0.029,    0.029,
        43,2020091218,    0.027,    0.027,    0.027,    0.028,    0.034,    0.027,    0.027,    0.027,    0.028,    0.035,    0.028,    0.028,    0.028,    0.029,    0.038,    0.028,    0.028,    0.028,    0.029,    0.038,
        43,2020091212,    0.027,    0.026,    0.027,    0.027,    0.041,    0.027,    0.026,    0.027,    0.027,    0.041,    0.028,    0.028,    0.028,    0.028,    0.035,    0.028,    0.028,    0.028,    0.028,    0.035,
        43,2020091206,    0.026,    0.028,    0.026,    0.024,    0.037,    0.026,    0.028,    0.026,    0.024,    0.037,    0.028,    0.028,    0.028,    0.027,    0.029,    0.028,    0.028,    0.028,    0.027,    0.029,
        43,2020091200,    0.028,    0.029,    0.027,    0.031,    0.054,    0.028,    0.029,    0.027,    0.031,    0.054,    0.028,    0.029,    0.028,    0.030,    0.042,    0.028,    0.029,    0.028,    0.030,    0.042,
        43,2020091118,    0.026,    0.026,    0.026,    0.027,    0.038,    0.027,    0.026,    0.027,    0.027,    0.034,    0.028,    0.028,    0.028,    0.028,    0.033,    0.028,    0.028,    0.028,    0.028,    0.033,
        43,2020091112,    0.027,    0.027,    0.028,    0.027,    0.062,    0.027,    0.027,    0.027,    0.027,    0.052,    0.028,    0.029,    0.028,    0.029,    0.030,    0.028,    0.029,    0.028,    0.029,    0.030,
        43,2020091106,    0.027,    0.027,    0.027,    0.027,    0.047,    0.027,    0.027,    0.027,    0.027,    0.046,    0.028,    0.029,    0.028,    0.029,    0.037,    0.028,    0.029,    0.028,    0.029,    0.037,
        43,2020091100,    0.027,    0.031,    0.026,    0.029,    0.054,    0.027,    0.030,    0.026,    0.030,    0.054,    0.028,    0.029,    0.028,    0.029,    0.037,    0.028,    0.029,    0.028,    0.029,    0.037,
        43,2020091018,    0.027,    0.025,    0.028,    0.026,    0.059,    0.027,    0.025,    0.028,    0.027,    0.059,    0.028,    0.027,    0.028,    0.029,    0.032,    0.028,    0.027,    0.028,    0.029,    0.032,
        43,2020091012,    0.027,    0.029,    0.027,    0.026,    0.039,    0.027,    0.029,    0.027,    0.026,    0.039,    0.028,    0.029,    0.028,    0.029,    0.033,    0.028,    0.029,    0.028,    0.029,    0.033,
        43,2020091006,    0.027,    0.027,    0.027,    0.027,    0.049,    0.027,    0.027,    0.027,    0.027,    0.049,    0.028,    0.028,    0.028,    0.029,    0.033,    0.028,    0.028,    0.028,    0.029,    0.033,
        43,2020091000,    0.027,    0.029,    0.026,    0.027,    0.050,    0.027,    0.029,    0.026,    0.027,    0.050,    0.028,    0.029,    0.028,    0.028,    0.030,    0.028,    0.029,    0.028,    0.028,    0.030,
        43,2020090918,    0.027,    0.024,    0.028,    0.025,    0.035,    0.027,    0.024,    0.028,    0.025,    0.036,    0.028,    0.027,    0.028,    0.028,    0.033,    0.028,    0.027,    0.028,    0.028,    0.033,
        43,2020090912,    0.027,    0.031,    0.027,    0.026,    0.046,    0.028,    0.031,    0.027,    0.026,    0.046,    0.028,    0.030,    0.028,    0.028,    0.036,    0.028,    0.030,    0.028,    0.028,    0.036,
        43,2020090906,    0.027,    0.027,    0.026,    0.031,    0.025,    0.027,    0.027,    0.026,    0.031,    0.024,    0.028,    0.028,    0.028,    0.030,    0.033,    0.028,    0.028,    0.028,    0.030,    0.033,
        43,2020090900,    0.028,    0.028,    0.027,    0.028,    0.046,    0.028,    0.028,    0.028,    0.028,    0.047,    0.028,    0.029,    0.028,    0.029,    0.043,    0.028,    0.029,    0.028,    0.029,    0.043,
        43,2020090818,    0.027,    0.025,    0.027,    0.027,    0.029,    0.027,    0.025,    0.028,    0.028,    0.029,    0.028,    0.028,    0.028,    0.029,    0.031,    0.028,    0.028,    0.028,    0.029,    0.031,
        43,2020090812,    0.028,    0.029,    0.028,    0.027,    0.048,    0.028,    0.029,    0.028,    0.027,    0.048,    0.029,    0.029,    0.028,    0.029,    0.034,    0.029,    0.029,    0.028,    0.029,    0.034,
        43,2020090806,    0.027,    0.027,    0.027,    0.027,    0.035,    0.027,    0.027,    0.027,    0.027,    0.036,    0.028,    0.029,    0.028,    0.029,    0.035,    0.028,    0.029,    0.028,    0.029,    0.035,
        43,2020090800,    0.027,    0.026,    0.027,    0.027,    0.022,    0.027,    0.026,    0.027,    0.028,    0.022,    0.028,    0.028,    0.028,    0.029,    0.042,    0.028,    0.028,    0.028,    0.029,    0.042,
        43,2020090718,    0.028,    0.028,    0.027,    0.029,    0.037,    0.028,    0.028,    0.027,    0.029,    0.038,    0.028,    0.029,    0.028,    0.029,    0.033,    0.028,    0.029,    0.028,    0.030,    0.033,
        43,2020090712,    0.027,    0.027,    0.028,    0.027,    0.061,    0.027,    0.027,    0.028,    0.027,    0.059,    0.028,    0.028,    0.028,    0.029,    0.029,    0.028,    0.028,    0.028,    0.029,    0.029,
        43,2020090706,    0.027,    0.028,    0.027,    0.028,    0.045,    0.027,    0.028,    0.027,    0.028,    0.040,    0.028,    0.029,    0.028,    0.029,    0.032,    0.028,    0.029,    0.028,    0.029,    0.032,
        43,2020090700,    0.027,    0.028,    0.026,    0.031,    0.046,    0.027,    0.028,    0.027,    0.030,    0.046,    0.028,    0.029,    0.028,    0.029,    0.034,    0.028,    0.029,    0.028,    0.029,    0.034,
        43,2020090618,    0.027,    0.028,    0.027,    0.026,    0.045,    0.027,    0.027,    0.027,    0.027,    0.045,    0.028,    0.028,    0.028,    0.027,    0.032,    0.028,    0.028,    0.028,    0.027,    0.032,
        43,2020090612,    0.027,    0.026,    0.027,    0.027,    0.045,    0.027,    0.026,    0.027,    0.027,    0.045,    0.028,    0.028,    0.028,    0.028,    0.032,    0.028,    0.028,    0.028,    0.028,    0.032,
        43,2020090606,    0.027,    0.027,    0.027,    0.027,    0.024,    0.027,    0.027,    0.028,    0.028,    0.022,    0.028,    0.028,    0.028,    0.029,    0.027,    0.028,    0.028,    0.028,    0.028,    0.027,
        43,2020090600,    0.027,    0.030,    0.026,    0.029,    0.055,    0.028,    0.030,    0.027,    0.029,    0.057,    0.028,    0.029,    0.028,    0.029,    0.035,    0.028,    0.029,    0.028,    0.029,    0.035,
        43,2020090518,    0.027,    0.026,    0.028,    0.030,    0.048,    0.027,    0.026,    0.028,    0.030,    0.048,    0.029,    0.028,    0.029,    0.029,    0.038,    0.029,    0.028,    0.029,    0.029,    0.038,
        43,2020090512,    0.028,    0.028,    0.028,    0.026,    0.041,    0.028,    0.028,    0.028,    0.026,    0.041,    0.029,    0.029,    0.029,    0.028,    0.032,    0.029,    0.029,    0.029,    0.028,    0.032,
        43,2020090506,    0.027,    0.026,    0.027,    0.029,    0.045,    0.027,    0.026,    0.027,    0.029,    0.045,    0.028,    0.028,    0.028,    0.029,    0.038,    0.028,    0.028,    0.028,    0.029,    0.038,
        43,2020090500,    0.028,    0.030,    0.027,    0.028,    0.035,    0.028,    0.030,    0.027,    0.028,    0.035,    0.028,    0.029,    0.028,    0.029,    0.043,    0.028,    0.029,    0.028,    0.029,    0.043,
        43,2020090418,    0.027,    0.025,    0.027,    0.027,    0.037,    0.026,    0.024,    0.027,    0.028,    0.035,    0.028,    0.027,    0.028,    0.028,    0.038,    0.028,    0.027,    0.028,    0.028,    0.038,
        43,2020090412,    0.027,    0.031,    0.027,    0.027,    0.029,    0.027,    0.031,    0.027,    0.027,    0.029,    0.028,    0.029,    0.028,    0.028,    0.036,    0.028,    0.029,    0.028,    0.028,    0.036,
        43,2020090406,    0.027,    0.028,    0.027,    0.031,    0.041,    0.027,    0.028,    0.027,    0.031,    0.035,    0.028,    0.029,    0.028,    0.030,    0.037,    0.028,    0.029,    0.028,    0.030,    0.037,
        43,2020090400,    0.027,    0.029,    0.027,    0.028,    0.057,    0.027,    0.029,    0.027,    0.028,    0.057,    0.028,    0.029,    0.028,    0.029,    0.035,    0.028,    0.029,    0.028,    0.029,    0.035,
        43,2020090318,    0.027,    0.025,    0.028,    0.025,    0.030,    0.027,    0.025,    0.029,    0.025,    0.028,    0.028,    0.028,    0.029,    0.028,    0.030,    0.028,    0.028,    0.029,    0.029,    0.030,
        43,2020090312,    0.028,    0.030,    0.027,    0.028,    0.053,    0.028,    0.030,    0.027,    0.028,    0.053,    0.029,    0.029,    0.028,    0.029,    0.030,    0.029,    0.030,    0.028,    0.029,    0.030,
        43,2020090306,    0.027,    0.027,    0.027,    0.030,    0.035,    0.027,    0.027,    0.027,    0.030,    0.036,    0.028,    0.029,    0.028,    0.029,    0.032,    0.028,    0.029,    0.028,    0.029,    0.032,
        43,2020090300,    0.027,    0.027,    0.027,    0.027,    0.040,    0.027,    0.027,    0.027,    0.027,    0.040,    0.028,    0.028,    0.028,    0.028,    0.035,    0.028,    0.029,    0.028,    0.028,    0.035,
        43,2020090218,    0.027,    0.028,    0.027,    0.027,    0.036,    0.027,    0.028,    0.027,    0.027,    0.036,    0.028,    0.029,    0.028,    0.029,    0.030,    0.028,    0.029,    0.028,    0.028,    0.030,
        43,2020090212,    0.028,    0.027,    0.028,    0.026,    0.039,    0.028,    0.027,    0.028,    0.026,    0.037,    0.028,    0.028,    0.028,    0.028,    0.030,    0.028,    0.028,    0.028,    0.028,    0.030,
        43,2020090206,    0.027,    0.028,    0.026,    0.025,    0.052,    0.027,    0.028,    0.026,    0.025,    0.052,    0.028,    0.028,    0.028,    0.028,    0.037,    0.028,    0.028,    0.028,    0.029,    0.037,
        43,2020090200,    0.027,    0.026,    0.027,    0.031,    0.046,    0.027,    0.026,    0.027,    0.030,    0.046,    0.028,    0.028,    0.028,    0.029,    0.033,    0.028,    0.028,    0.028,    0.030,    0.033,
        43,2020090118,    0.027,    0.029,    0.027,    0.028,    0.030,    0.027,    0.029,    0.027,    0.029,    0.030,    0.028,    0.028,    0.028,    0.029,    0.031,    0.028,    0.028,    0.028,    0.029,    0.031,
        43,2020090112,    0.027,    0.027,    0.027,    0.027,    0.034,    0.027,    0.027,    0.028,    0.027,    0.038,    0.028,    0.028,    0.028,    0.029,    0.032,    0.028,    0.028,    0.028,    0.029,    0.032,
        43,2020090106,    0.027,    0.026,    0.027,    0.027,    0.053,    0.027,    0.026,    0.027,    0.027,    0.055,    0.028,    0.027,    0.028,    0.028,    0.033,    0.028,    0.027,    0.028,    0.029,    0.033,
        43,2020090100,    0.027,    0.028,    0.026,    0.030,    0.040,    0.027,    0.028,    0.026,    0.029,    0.040,    0.028,    0.028,    0.027,    0.028,    0.033,    0.028,    0.028,    0.027,    0.029,    0.033,
        43,2020083118,    0.026,    0.026,    0.026,    0.026,    0.041,    0.026,    0.026,    0.026,    0.026,    0.044,    0.028,    0.027,    0.028,    0.027,    0.029,    0.028,    0.027,    0.028,    0.027,    0.029,
        43,2020083112,    0.027,    0.027,    0.027,    0.025,    0.035,    0.027,    0.027,    0.027,    0.024,    0.037,    0.028,    0.028,    0.027,    0.027,    0.031,    0.028,    0.028,    0.027,    0.028,    0.031,
        43,2020083106,    0.026,    0.027,    0.026,    0.027,    0.056,    0.026,    0.027,    0.026,    0.026,    0.056,    0.028,    0.028,    0.027,    0.028,    0.031,    0.028,    0.028,    0.027,    0.028,    0.031,
        43,2020083100,    0.027,    0.029,    0.026,    0.029,    0.062,    0.027,    0.029,    0.026,    0.029,    0.062,    0.028,    0.028,    0.027,    0.029,    0.022,    0.028,    0.029,    0.027,    0.029,    0.022,
        43,2020083018,    0.026,    0.024,    0.027,    0.026,    0.038,    0.026,    0.024,    0.027,    0.026,    0.044,    0.028,    0.027,    0.028,    0.028,    0.037,    0.028,    0.027,    0.028,    0.028,    0.037,
        43,2020083012,    0.027,    0.029,    0.026,    0.028,    0.039,    0.027,    0.029,    0.027,    0.028,    0.039,    0.028,    0.028,    0.028,    0.028,    0.034,    0.028,    0.028,    0.028,    0.028,    0.034,
        43,2020083006,    0.027,    0.026,    0.027,    0.028,    0.041,    0.027,    0.027,    0.027,    0.028,    0.043,    0.028,    0.028,    0.028,    0.029,    0.038,    0.028,    0.028,    0.028,    0.029,    0.038,
        43,2020083000,    0.027,    0.029,    0.026,    0.029,    0.057,    0.027,    0.029,    0.027,    0.028,    0.057,    0.028,    0.028,    0.028,    0.028,    0.026,    0.028,    0.028,    0.028,    0.028,    0.026,
