       390,2020092000,    0.013,    0.010,    0.012,    0.026, -999.000,    0.015,    0.010,    0.015,    0.036, -999.000,    0.014,    0.012,    0.014,    0.039, -999.000,    0.014,    0.012,    0.014,    0.026, -999.000,
       390,2020091918,    0.018,    0.012,    0.017,    0.060,    0.013,    0.018,    0.010,    0.018,    0.069,    0.013,    0.022,    0.014,    0.017,    0.058,    0.016,    0.022,    0.017,    0.017,    0.057,    0.016,
       390,2020091912,    0.013,    0.010,    0.013,    0.052,    0.059,    0.014,    0.010,    0.014,    0.063, -999.000,    0.017,    0.012,    0.014,    0.059, -999.000,    0.017,    0.012,    0.014,    0.048, -999.000,
       390,2020091906,    0.016,    0.015,    0.015,    0.044,    0.030,    0.018,    0.015,    0.017,    0.040,    0.008,    0.018,    0.020,    0.015,    0.033,    0.041,    0.018,    0.019,    0.015,    0.036,    0.041,
       390,2020091900,    0.012,    0.010,    0.012,    0.023, -999.000,    0.014,    0.011,    0.014,    0.034, -999.000,    0.013,    0.012,    0.013,    0.033, -999.000,    0.013,    0.011,    0.013,    0.020, -999.000,
       390,2020091818,    0.018,    0.013,    0.017,    0.054,    0.010,    0.019,    0.013,    0.019,    0.070,    0.033,    0.021,    0.021,    0.017,    0.067,    0.001,    0.021,    0.020,    0.017,    0.051,    0.001,
       390,2020091812,    0.017,    0.012,    0.015,    0.071, -999.000,    0.018,    0.011,    0.018,    0.083, -999.000,    0.022,    0.012,    0.017,    0.061, -999.000,    0.022,    0.013,    0.017,    0.054, -999.000,
       390,2020091806,    0.018,    0.014,    0.017,    0.046,    0.008,    0.020,    0.016,    0.020,    0.059,    0.056,    0.019,    0.020,    0.017,    0.045,    0.010,    0.019,    0.019,    0.017,    0.041,    0.010,
       390,2020091800,    0.014,    0.009,    0.015,    0.031, -999.000,    0.017,    0.009,    0.017,    0.055, -999.000,    0.016,    0.011,    0.015,    0.054, -999.000,    0.016,    0.010,    0.015,    0.041, -999.000,
       390,2020091718,    0.019,    0.014,    0.017,    0.083, -999.000,    0.020,    0.013,    0.019,    0.097, -999.000,    0.027,    0.018,    0.017,    0.064, -999.000,    0.027,    0.020,    0.017,    0.063, -999.000,
       390,2020091712,    0.016,    0.012,    0.015,    0.055, -999.000,    0.016,    0.012,    0.016,    0.056,    0.058,    0.020,    0.014,    0.017,    0.055, -999.000,    0.020,    0.015,    0.017,    0.052, -999.000,
       390,2020091706,    0.019,    0.014,    0.019,    0.067,    0.005,    0.019,    0.013,    0.020,    0.065,    0.001,    0.022,    0.018,    0.019,    0.056,    0.007,    0.022,    0.020,    0.019,    0.054,    0.007,
       390,2020091700,    0.015,    0.008,    0.015,    0.048, -999.000,    0.017,    0.008,    0.016,    0.079, -999.000,    0.017,    0.011,    0.015,    0.058, -999.000,    0.017,    0.010,    0.015,    0.039, -999.000,
       390,2020091618,    0.017,    0.014,    0.016,    0.052,    0.059,    0.019,    0.013,    0.017,    0.083,    0.055,    0.021,    0.018,    0.016,    0.065,    0.064,    0.021,    0.020,    0.016,    0.050,    0.064,
       390,2020091612,    0.014,    0.013,    0.014,    0.048, -999.000,    0.016,    0.012,    0.015,    0.063,    0.013,    0.018,    0.014,    0.015,    0.053, -999.000,    0.018,    0.015,    0.015,    0.043, -999.000,
       390,2020091606,    0.017,    0.014,    0.016,    0.054,    0.025,    0.018,    0.012,    0.018,    0.052,    0.030,    0.021,    0.017,    0.016,    0.043,    0.023,    0.021,    0.020,    0.016,    0.048,    0.023,
       390,2020091600,    0.014,    0.008,    0.014,    0.038,    0.012,    0.016,    0.008,    0.016,    0.062,    0.012,    0.016,    0.010,    0.015,    0.052, -999.000,    0.016,    0.012,    0.015,    0.039, -999.000,
       390,2020091518,    0.015,    0.010,    0.013,    0.058, -999.000,    0.017,    0.011,    0.015,    0.076, -999.000,    0.020,    0.014,    0.014,    0.060, -999.000,    0.020,    0.012,    0.014,    0.049, -999.000,
       390,2020091512,    0.015,    0.010,    0.015,    0.056,    0.049,    0.016,    0.009,    0.016,    0.078,    0.009,    0.019,    0.011,    0.015,    0.058, -999.000,    0.019,    0.013,    0.015,    0.047, -999.000,
       390,2020091506,    0.018,    0.014,    0.016,    0.062,    0.012,    0.018,    0.012,    0.017,    0.065,    0.022,    0.024,    0.016,    0.016,    0.058,    0.012,    0.024,    0.020,    0.016,    0.056,    0.012,
       390,2020091500,    0.014,    0.009,    0.014,    0.023, -999.000,    0.015,    0.010,    0.016,    0.036, -999.000,    0.015,    0.012,    0.015,    0.036, -999.000,    0.015,    0.011,    0.015,    0.029, -999.000,
       390,2020091418,    0.017,    0.012,    0.014,    0.067,    0.016,    0.019,    0.014,    0.016,    0.079,    0.004,    0.024,    0.020,    0.016,    0.062, -999.000,    0.024,    0.018,    0.016,    0.059, -999.000,
       390,2020091412,    0.017,    0.013,    0.017,    0.058, -999.000,    0.018,    0.012,    0.018,    0.066, -999.000,    0.019,    0.015,    0.017,    0.051, -999.000,    0.019,    0.016,    0.017,    0.040, -999.000,
       390,2020091406,    0.016,    0.012,    0.015,    0.054, -999.000,    0.017,    0.013,    0.017,    0.047,    0.007,    0.021,    0.020,    0.016,    0.048, -999.000,    0.021,    0.018,    0.016,    0.053, -999.000,
       390,2020091400,    0.013,    0.009,    0.013,    0.032,    0.011,    0.015,    0.008,    0.015,    0.049,    0.030,    0.014,    0.009,    0.014,    0.036, -999.000,    0.014,    0.009,    0.014,    0.033, -999.000,
       390,2020091318,    0.019,    0.018,    0.016,    0.052,    0.020,    0.022,    0.017,    0.019,    0.084,    0.040,    0.023,    0.023,    0.016,    0.062,    0.027,    0.023,    0.024,    0.016,    0.054,    0.027,
       390,2020091312,    0.016,    0.013,    0.015,    0.063,    0.002,    0.018,    0.013,    0.017,    0.066,    0.002,    0.021,    0.013,    0.017,    0.059, -999.000,    0.021,    0.014,    0.017,    0.058, -999.000,
       390,2020091306,    0.016,    0.015,    0.015,    0.051, -999.000,    0.017,    0.015,    0.017,    0.042, -999.000,    0.021,    0.019,    0.017,    0.046, -999.000,    0.021,    0.020,    0.017,    0.053, -999.000,
       390,2020091300,    0.013,    0.007,    0.013,    0.033, -999.000,    0.014,    0.007,    0.015,    0.040, -999.000,    0.015,    0.008,    0.014,    0.044, -999.000,    0.015,    0.008,    0.014,    0.035, -999.000,
       390,2020091218,    0.017,    0.014,    0.015,    0.072,    0.003,    0.018,    0.013,    0.017,    0.064, -999.000,    0.022,    0.019,    0.016,    0.060, -999.000,    0.022,    0.019,    0.016,    0.057, -999.000,
       390,2020091212,    0.012,    0.010,    0.012,    0.051,    0.005,    0.013,    0.010,    0.013,    0.054, -999.000,    0.015,    0.011,    0.013,    0.052, -999.000,    0.015,    0.011,    0.013,    0.043, -999.000,
       390,2020091206,    0.018,    0.017,    0.016,    0.055,    0.013,    0.017,    0.016,    0.016,    0.053,    0.006,    0.021,    0.020,    0.017,    0.056,    0.014,    0.021,    0.021,    0.017,    0.052,    0.014,
       390,2020091200,    0.012,    0.005,    0.013,    0.035,    0.016,    0.014,    0.006,    0.014,    0.037,    0.043,    0.015,    0.009,    0.013,    0.044, -999.000,    0.015,    0.007,    0.013,    0.046, -999.000,
       390,2020091118,    0.015,    0.010,    0.014,    0.059, -999.000,    0.017,    0.010,    0.016,    0.077,    0.018,    0.018,    0.015,    0.014,    0.053, -999.000,    0.018,    0.015,    0.014,    0.049, -999.000,
       390,2020091112,    0.013,    0.011,    0.012,    0.049,    0.028,    0.014,    0.011,    0.013,    0.063,    0.020,    0.017,    0.013,    0.014,    0.048,    0.022,    0.017,    0.013,    0.014,    0.043,    0.022,
       390,2020091106,    0.017,    0.015,    0.016,    0.064,    0.015,    0.017,    0.011,    0.017,    0.078,    0.021,    0.020,    0.015,    0.017,    0.064, -999.000,    0.020,    0.020,    0.017,    0.060, -999.000,
       390,2020091100,    0.014,    0.009,    0.013,    0.042, -999.000,    0.015,    0.008,    0.015,    0.038, -999.000,    0.016,    0.010,    0.014,    0.040, -999.000,    0.016,    0.012,    0.014,    0.036, -999.000,
       390,2020091018,    0.014,    0.011,    0.013,    0.050,    0.026,    0.016,    0.010,    0.014,    0.058,    0.021,    0.017,    0.011,    0.013,    0.044,    0.031,    0.017,    0.013,    0.013,    0.046,    0.031,
       390,2020091012,    0.011,    0.008,    0.011,    0.046,    0.010,    0.013,    0.008,    0.012,    0.060,    0.010,    0.014,    0.009,    0.012,    0.049,    0.014,    0.014,    0.010,    0.012,    0.040,    0.014,
       390,2020091006,    0.015,    0.013,    0.015,    0.035,    0.021,    0.015,    0.012,    0.015,    0.039,    0.021,    0.016,    0.016,    0.014,    0.032, -999.000,    0.016,    0.017,    0.014,    0.033, -999.000,
       390,2020091000,    0.010,    0.008,    0.011,    0.024,    0.004,    0.012,    0.007,    0.013,    0.036, -999.000,    0.012,    0.008,    0.012,    0.029, -999.000,    0.012,    0.009,    0.012,    0.019, -999.000,
       390,2020090918,    0.012,    0.009,    0.011,    0.041,    0.016,    0.012,    0.009,    0.011,    0.045,    0.022,    0.014,    0.011,    0.011,    0.036,    0.014,    0.014,    0.011,    0.011,    0.036,    0.014,
       390,2020090912,    0.012,    0.007,    0.011,    0.048,    0.040,    0.012,    0.008,    0.012,    0.056,    0.040,    0.015,    0.009,    0.011,    0.050, -999.000,    0.015,    0.009,    0.011,    0.044, -999.000,
       390,2020090906,    0.012,    0.010,    0.012,    0.035,    0.016,    0.013,    0.010,    0.013,    0.037,    0.016,    0.014,    0.013,    0.013,    0.036,    0.016,    0.014,    0.013,    0.013,    0.034,    0.016,
       390,2020090900,    0.009,    0.006,    0.009,    0.023,    0.024,    0.010,    0.006,    0.010,    0.024,    0.033,    0.010,    0.008,    0.009,    0.018, -999.000,    0.010,    0.008,    0.009,    0.019, -999.000,
       390,2020090818,    0.011,    0.009,    0.010,    0.026, -999.000,    0.012,    0.009,    0.011,    0.047, -999.000,    0.011,    0.010,    0.010,    0.040, -999.000,    0.011,    0.010,    0.010,    0.027, -999.000,
       390,2020090812,    0.010,    0.008,    0.010,    0.035, -999.000,    0.011,    0.007,    0.010,    0.052, -999.000,    0.013,    0.008,    0.010,    0.046, -999.000,    0.013,    0.010,    0.010,    0.037, -999.000,
       390,2020090806,    0.012,    0.012,    0.011,    0.049,    0.001,    0.013,    0.010,    0.013,    0.055,    0.001,    0.015,    0.014,    0.011,    0.053, -999.000,    0.015,    0.015,    0.011,    0.043, -999.000,
       390,2020090800,    0.009,    0.007,    0.009,    0.029,    0.002,    0.010,    0.006,    0.011,    0.030,    0.017,    0.011,    0.007,    0.010,    0.031, -999.000,    0.011,    0.007,    0.010,    0.032, -999.000,
       390,2020090718,    0.014,    0.010,    0.013,    0.056, -999.000,    0.015,    0.010,    0.014,    0.061, -999.000,    0.016,    0.011,    0.012,    0.038, -999.000,    0.016,    0.011,    0.012,    0.041, -999.000,
       390,2020090712,    0.011,    0.008,    0.011,    0.048, -999.000,    0.012,    0.008,    0.012,    0.056, -999.000,    0.015,    0.009,    0.012,    0.043, -999.000,    0.015,    0.008,    0.012,    0.040, -999.000,
       390,2020090706,    0.012,    0.010,    0.012,    0.024,    0.014,    0.013,    0.009,    0.013,    0.033,    0.024,    0.013,    0.013,    0.012,    0.026,    0.015,    0.013,    0.014,    0.012,    0.024,    0.015,
       390,2020090700,    0.010,    0.005,    0.010,    0.029, -999.000,    0.011,    0.005,    0.011,    0.034, -999.000,    0.012,    0.006,    0.010,    0.033, -999.000,    0.012,    0.006,    0.010,    0.032, -999.000,
       390,2020090618,    0.014,    0.011,    0.013,    0.059,    0.006,    0.015,    0.011,    0.014,    0.066, -999.000,    0.019,    0.014,    0.012,    0.043, -999.000,    0.019,    0.015,    0.012,    0.045, -999.000,
       390,2020090612,    0.011,    0.007,    0.010,    0.044,    0.005,    0.011,    0.007,    0.011,    0.048,    0.005,    0.016,    0.009,    0.012,    0.047, -999.000,    0.016,    0.009,    0.012,    0.042, -999.000,
       390,2020090606,    0.012,    0.011,    0.012,    0.032, -999.000,    0.013,    0.009,    0.014,    0.033, -999.000,    0.014,    0.011,    0.012,    0.046, -999.000,    0.014,    0.014,    0.012,    0.041, -999.000,
       390,2020090600,    0.010,    0.005,    0.010,    0.020,    0.032,    0.011,    0.006,    0.011,    0.023,    0.032,    0.011,    0.009,    0.011,    0.025, -999.000,    0.011,    0.007,    0.011,    0.020, -999.000,
       390,2020090518,    0.013,    0.010,    0.012,    0.046, -999.000,    0.014,    0.009,    0.013,    0.053, -999.000,    0.016,    0.010,    0.011,    0.044, -999.000,    0.016,    0.010,    0.011,    0.049, -999.000,
       390,2020090512,    0.010,    0.008,    0.010,    0.030,    0.020,    0.011,    0.007,    0.011,    0.038,    0.010,    0.013,    0.008,    0.011,    0.037,    0.015,    0.013,    0.009,    0.011,    0.035,    0.015,
       390,2020090506,    0.010,    0.009,    0.010,    0.025,    0.008,    0.011,    0.008,    0.011,    0.033,    0.008,    0.013,    0.012,    0.011,    0.036, -999.000,    0.013,    0.013,    0.011,    0.030, -999.000,
       390,2020090500,    0.010,    0.006,    0.010,    0.036, -999.000,    0.012,    0.007,    0.012,    0.045, -999.000,    0.013,    0.009,    0.011,    0.036, -999.000,    0.013,    0.009,    0.011,    0.034, -999.000,
       390,2020090418,    0.013,    0.010,    0.012,    0.063, -999.000,    0.014,    0.009,    0.013,    0.065, -999.000,    0.017,    0.011,    0.012,    0.045, -999.000,    0.017,    0.013,    0.012,    0.045, -999.000,
       390,2020090412,    0.011,    0.007,    0.010,    0.052,    0.000,    0.011,    0.007,    0.011,    0.052, -999.000,    0.015,    0.009,    0.010,    0.042, -999.000,    0.015,    0.009,    0.010,    0.048, -999.000,
       390,2020090406,    0.012,    0.012,    0.012,    0.031,    0.003,    0.013,    0.011,    0.013,    0.038,    0.005,    0.015,    0.014,    0.013,    0.045, -999.000,    0.015,    0.015,    0.013,    0.037, -999.000,
       390,2020090400,    0.010,    0.006,    0.011,    0.031,    0.037,    0.011,    0.006,    0.011,    0.045, -999.000,    0.012,    0.007,    0.011,    0.036, -999.000,    0.012,    0.007,    0.011,    0.036, -999.000,
       390,2020090318,    0.010,    0.008,    0.009,    0.044,    0.014,    0.011,    0.007,    0.010,    0.052,    0.011,    0.013,    0.009,    0.010,    0.038,    0.005,    0.013,    0.009,    0.010,    0.034,    0.005,
       390,2020090312,    0.011,    0.008,    0.010,    0.055,    0.013,    0.011,    0.007,    0.010,    0.052, -999.000,    0.016,    0.009,    0.010,    0.046,    0.011,    0.016,    0.009,    0.010,    0.049,    0.011,
       390,2020090306,    0.010,    0.009,    0.010,    0.023,    0.022,    0.011,    0.008,    0.011,    0.029,    0.022,    0.011,    0.010,    0.010,    0.031,    0.021,    0.011,    0.011,    0.010,    0.033,    0.021,
       390,2020090300,    0.011,    0.006,    0.011,    0.030,    0.019,    0.012,    0.006,    0.011,    0.038, -999.000,    0.012,    0.006,    0.010,    0.030,    0.024,    0.012,    0.006,    0.010,    0.031,    0.024,
       390,2020090218,    0.014,    0.012,    0.012,    0.044,    0.004,    0.016,    0.011,    0.013,    0.064,    0.004,    0.016,    0.014,    0.012,    0.042,    0.003,    0.016,    0.014,    0.012,    0.035,    0.003,
       390,2020090212,    0.012,    0.008,    0.011,    0.050, -999.000,    0.013,    0.009,    0.012,    0.055, -999.000,    0.015,    0.009,    0.012,    0.038, -999.000,    0.015,    0.008,    0.012,    0.034, -999.000,
       390,2020090206,    0.014,    0.013,    0.014,    0.024,    0.028,    0.014,    0.011,    0.015,    0.039,    0.016,    0.015,    0.014,    0.014,    0.040,    0.016,    0.015,    0.017,    0.014,    0.027,    0.016,
       390,2020090200,    0.012,    0.007,    0.012,    0.043, -999.000,    0.014,    0.007,    0.013,    0.045, -999.000,    0.015,    0.009,    0.012,    0.038, -999.000,    0.015,    0.009,    0.012,    0.038, -999.000,
       390,2020090118,    0.019,    0.014,    0.016,    0.062,    0.060,    0.021,    0.015,    0.017,    0.078,    0.006,    0.022,    0.018,    0.016,    0.050,    0.076,    0.022,    0.018,    0.016,    0.044,    0.076,
       390,2020090112,    0.013,    0.010,    0.013,    0.036,    0.023,    0.015,    0.010,    0.014,    0.058,    0.037,    0.016,    0.012,    0.014,    0.046, -999.000,    0.016,    0.011,    0.014,    0.034, -999.000,
       390,2020090106,    0.017,    0.016,    0.016,    0.051,    0.005,    0.018,    0.013,    0.018,    0.057,    0.005,    0.020,    0.016,    0.016,    0.050, -999.000,    0.020,    0.021,    0.016,    0.043, -999.000,
       390,2020090100,    0.013,    0.008,    0.013,    0.027, -999.000,    0.015,    0.008,    0.015,    0.040, -999.000,    0.015,    0.010,    0.014,    0.044, -999.000,    0.015,    0.011,    0.014,    0.024, -999.000,
       390,2020083118,    0.016,    0.013,    0.015,    0.057,    0.002,    0.018,    0.013,    0.016,    0.066,    0.003,    0.020,    0.015,    0.015,    0.054,    0.003,    0.020,    0.015,    0.015,    0.046,    0.003,
       390,2020083112,    0.015,    0.013,    0.014,    0.043,    0.014,    0.016,    0.012,    0.015,    0.048,    0.011,    0.017,    0.014,    0.014,    0.046,    0.007,    0.017,    0.014,    0.014,    0.040,    0.007,
       390,2020083106,    0.016,    0.016,    0.014,    0.051,    0.052,    0.016,    0.015,    0.016,    0.038, -999.000,    0.019,    0.020,    0.015,    0.047, -999.000,    0.019,    0.021,    0.015,    0.049, -999.000,
       390,2020083100,    0.012,    0.009,    0.013,    0.021,    0.005,    0.014,    0.009,    0.014,    0.034,    0.006,    0.014,    0.011,    0.013,    0.040, -999.000,    0.014,    0.012,    0.013,    0.024, -999.000,
       390,2020083018,    0.015,    0.012,    0.013,    0.057,    0.027,    0.017,    0.012,    0.014,    0.067, -999.000,    0.019,    0.016,    0.013,    0.051,    0.030,    0.019,    0.016,    0.013,    0.044,    0.030,
       390,2020083012,    0.015,    0.012,    0.013,    0.052, -999.000,    0.016,    0.012,    0.015,    0.050, -999.000,    0.019,    0.014,    0.014,    0.041, -999.000,    0.019,    0.015,    0.014,    0.043, -999.000,
       390,2020083006,    0.016,    0.010,    0.014,    0.047,    0.020,    0.016,    0.011,    0.016,    0.048,    0.007,    0.022,    0.016,    0.015,    0.050,    0.028,    0.022,    0.015,    0.015,    0.048,    0.028,
       390,2020083000,    0.015,    0.010,    0.016,    0.017,    0.022,    0.016,    0.010,    0.017,    0.022,    0.028,    0.016,    0.011,    0.016,    0.035,    0.024,    0.016,    0.011,    0.016,    0.021,    0.024,
