       160,2020092000,    0.018,    0.016,    0.016,    0.052, -999.000,    0.022,    0.016,    0.022,    0.053, -999.000,    0.024,    0.020,    0.023,    0.009, -999.000,    0.024,    0.025,    0.023,    0.008, -999.000,
       160,2020091918,    0.026,    0.025,    0.025,    0.054,    0.012,    0.033,    0.027,    0.033,    0.054,    0.012,    0.033,    0.036,    0.032,    0.013,    0.001,    0.033,    0.035,    0.032,    0.012,    0.001,
       160,2020091912,    0.018,    0.019,    0.017,    0.051,    0.114,    0.021,    0.022,    0.020,    0.053, -999.000,    0.027,    0.035,    0.026,    0.010, -999.000,    0.027,    0.029,    0.026,    0.012, -999.000,
       160,2020091906,    0.029,    0.028,    0.027,    0.050,    0.050,    0.036,    0.026,    0.038,    0.052,    0.043,    0.039,    0.044,    0.038,    0.011,    0.032,    0.039,    0.048,    0.038,    0.010,    0.032,
       160,2020091900,    0.015,    0.013,    0.014,    0.051, -999.000,    0.018,    0.015,    0.017,    0.053, -999.000,    0.022,    0.018,    0.022,    0.011, -999.000,    0.022,    0.014,    0.022,    0.010, -999.000,
       160,2020091818,    0.034,    0.032,    0.034,    0.053,    0.080,    0.042,    0.030,    0.044,    0.055,    0.170,    0.040,    0.040,    0.040,    0.014,    0.008,    0.040,    0.044,    0.040,    0.015,    0.008,
       160,2020091812,    0.019,    0.018,    0.017,    0.056, -999.000,    0.021,    0.023,    0.020,    0.055, -999.000,    0.025,    0.032,    0.024,    0.011, -999.000,    0.025,    0.027,    0.024,    0.011, -999.000,
       160,2020091806,    0.026,    0.023,    0.026,    0.050,    0.039,    0.034,    0.028,    0.036,    0.050,    0.246,    0.035,    0.042,    0.036,    0.010,    0.054,    0.035,    0.035,    0.036,    0.007,    0.054,
       160,2020091800,    0.017,    0.014,    0.017,    0.053, -999.000,    0.022,    0.015,    0.022,    0.057, -999.000,    0.026,    0.018,    0.027,    0.010, -999.000,    0.026,    0.018,    0.027,    0.009, -999.000,
       160,2020091718,    0.029,    0.023,    0.028,    0.056, -999.000,    0.036,    0.024,    0.039,    0.055, -999.000,    0.037,    0.031,    0.040,    0.013, -999.000,    0.037,    0.030,    0.040,    0.011, -999.000,
       160,2020091712,    0.018,    0.024,    0.015,    0.055, -999.000,    0.020,    0.026,    0.018,    0.056, -999.000,    0.027,    0.034,    0.023,    0.009, -999.000,    0.027,    0.040,    0.023,    0.011, -999.000,
       160,2020091706,    0.029,    0.022,    0.031,    0.052,    0.041,    0.035,    0.023,    0.039,    0.049,    0.004,    0.035,    0.031,    0.037,    0.013,    0.058,    0.035,    0.028,    0.037,    0.011,    0.058,
       160,2020091700,    0.018,    0.014,    0.017,    0.054, -999.000,    0.019,    0.013,    0.019,    0.059, -999.000,    0.024,    0.020,    0.023,    0.008, -999.000,    0.024,    0.025,    0.023,    0.012, -999.000,
       160,2020091618,    0.025,    0.023,    0.024,    0.050,    0.053,    0.032,    0.022,    0.033,    0.057,    0.044,    0.033,    0.029,    0.034,    0.013,    0.005,    0.033,    0.032,    0.034,    0.011,    0.005,
       160,2020091612,    0.020,    0.025,    0.017,    0.051, -999.000,    0.022,    0.027,    0.020,    0.052,    0.040,    0.026,    0.035,    0.023,    0.014, -999.000,    0.026,    0.034,    0.023,    0.011, -999.000,
       160,2020091606,    0.030,    0.021,    0.032,    0.049,    0.134,    0.034,    0.020,    0.038,    0.048,    0.130,    0.037,    0.034,    0.036,    0.012,    0.099,    0.037,    0.038,    0.036,    0.010,    0.099,
       160,2020091600,    0.018,    0.017,    0.017,    0.051,    0.133,    0.020,    0.016,    0.019,    0.057,    0.139,    0.025,    0.022,    0.025,    0.013, -999.000,    0.025,    0.022,    0.025,    0.013, -999.000,
       160,2020091518,    0.025,    0.018,    0.025,    0.054, -999.000,    0.033,    0.020,    0.034,    0.057, -999.000,    0.030,    0.027,    0.030,    0.014, -999.000,    0.030,    0.029,    0.030,    0.014, -999.000,
       160,2020091512,    0.020,    0.022,    0.017,    0.055,    0.038,    0.022,    0.024,    0.020,    0.059,    0.011,    0.027,    0.032,    0.024,    0.011, -999.000,    0.027,    0.031,    0.024,    0.012, -999.000,
       160,2020091506,    0.027,    0.020,    0.028,    0.054,    0.034,    0.031,    0.020,    0.034,    0.055,    0.006,    0.032,    0.033,    0.032,    0.013,    0.039,    0.032,    0.030,    0.032,    0.014,    0.039,
       160,2020091500,    0.020,    0.019,    0.019,    0.047, -999.000,    0.023,    0.023,    0.023,    0.049, -999.000,    0.027,    0.032,    0.026,    0.015, -999.000,    0.027,    0.027,    0.026,    0.015, -999.000,
       160,2020091418,    0.029,    0.030,    0.027,    0.056,    0.003,    0.035,    0.034,    0.033,    0.061,    0.075,    0.036,    0.045,    0.035,    0.013, -999.000,    0.036,    0.043,    0.035,    0.014, -999.000,
       160,2020091412,    0.024,    0.023,    0.023,    0.057, -999.000,    0.026,    0.023,    0.026,    0.060, -999.000,    0.033,    0.036,    0.032,    0.014, -999.000,    0.033,    0.037,    0.032,    0.014, -999.000,
       160,2020091406,    0.025,    0.020,    0.025,    0.056, -999.000,    0.029,    0.022,    0.030,    0.057,    0.083,    0.031,    0.041,    0.030,    0.012, -999.000,    0.031,    0.037,    0.030,    0.012, -999.000,
       160,2020091400,    0.019,    0.017,    0.018,    0.056,    0.091,    0.023,    0.017,    0.024,    0.059,    0.063,    0.026,    0.018,    0.027,    0.009, -999.000,    0.026,    0.017,    0.027,    0.008, -999.000,
       160,2020091318,    0.031,    0.024,    0.032,    0.054,    0.025,    0.036,    0.023,    0.039,    0.059,    0.075,    0.039,    0.030,    0.041,    0.012,    0.006,    0.039,    0.033,    0.041,    0.012,    0.006,
       160,2020091312,    0.021,    0.022,    0.019,    0.056,    0.002,    0.024,    0.026,    0.023,    0.058,    0.002,    0.028,    0.035,    0.026,    0.011, -999.000,    0.028,    0.033,    0.026,    0.011, -999.000,
       160,2020091306,    0.028,    0.019,    0.029,    0.059, -999.000,    0.034,    0.023,    0.037,    0.057, -999.000,    0.038,    0.041,    0.040,    0.009, -999.000,    0.038,    0.032,    0.040,    0.009, -999.000,
       160,2020091300,    0.020,    0.019,    0.018,    0.053, -999.000,    0.022,    0.017,    0.021,    0.057, -999.000,    0.029,    0.023,    0.029,    0.013, -999.000,    0.029,    0.028,    0.029,    0.012, -999.000,
       160,2020091218,    0.034,    0.033,    0.033,    0.059,    0.039,    0.039,    0.032,    0.041,    0.053, -999.000,    0.043,    0.041,    0.042,    0.016, -999.000,    0.043,    0.049,    0.042,    0.008, -999.000,
       160,2020091212,    0.019,    0.021,    0.017,    0.057,    0.006,    0.022,    0.023,    0.021,    0.058, -999.000,    0.028,    0.038,    0.025,    0.012, -999.000,    0.028,    0.035,    0.025,    0.010, -999.000,
       160,2020091206,    0.029,    0.025,    0.030,    0.056,    0.027,    0.034,    0.025,    0.036,    0.054,    0.017,    0.038,    0.040,    0.038,    0.008,    0.015,    0.038,    0.038,    0.038,    0.009,    0.015,
       160,2020091200,    0.018,    0.017,    0.017,    0.055,    0.008,    0.022,    0.020,    0.021,    0.055,    0.060,    0.027,    0.042,    0.026,    0.015, -999.000,    0.027,    0.030,    0.026,    0.014, -999.000,
       160,2020091118,    0.033,    0.024,    0.034,    0.058, -999.000,    0.044,    0.027,    0.048,    0.060,    0.029,    0.041,    0.037,    0.042,    0.013, -999.000,    0.041,    0.034,    0.042,    0.010, -999.000,
       160,2020091112,    0.019,    0.020,    0.017,    0.058,    0.032,    0.023,    0.026,    0.021,    0.057,    0.021,    0.026,    0.042,    0.023,    0.014,    0.010,    0.026,    0.033,    0.023,    0.010,    0.010,
       160,2020091106,    0.033,    0.022,    0.036,    0.057,    0.024,    0.041,    0.020,    0.047,    0.057,    0.055,    0.040,    0.032,    0.041,    0.013, -999.000,    0.040,    0.033,    0.041,    0.011, -999.000,
       160,2020091100,    0.019,    0.016,    0.018,    0.060, -999.000,    0.022,    0.016,    0.022,    0.057, -999.000,    0.026,    0.018,    0.026,    0.012, -999.000,    0.026,    0.020,    0.026,    0.010, -999.000,
       160,2020091018,    0.033,    0.023,    0.034,    0.057,    0.009,    0.041,    0.020,    0.044,    0.060,    0.087,    0.041,    0.029,    0.042,    0.012, -999.000,    0.041,    0.038,    0.042,    0.012, -999.000,
       160,2020091012,    0.022,    0.027,    0.020,    0.058,    0.002,    0.026,    0.027,    0.024,    0.059,    0.001,    0.031,    0.039,    0.029,    0.013,    0.003,    0.031,    0.039,    0.029,    0.013,    0.003,
       160,2020091006,    0.035,    0.023,    0.038,    0.049,    0.156,    0.042,    0.023,    0.048,    0.056,    0.152,    0.042,    0.033,    0.044,    0.011, -999.000,    0.042,    0.034,    0.044,    0.013, -999.000,
       160,2020091000,    0.021,    0.022,    0.020,    0.058,    0.005,    0.026,    0.020,    0.026,    0.059, -999.000,    0.030,    0.029,    0.029,    0.014, -999.000,    0.030,    0.036,    0.029,    0.011, -999.000,
       160,2020090918,    0.031,    0.024,    0.031,    0.058,    0.148,    0.036,    0.024,    0.038,    0.058,    0.111,    0.040,    0.034,    0.040,    0.014,    0.016,    0.040,    0.039,    0.040,    0.015,    0.016,
       160,2020090912,    0.025,    0.025,    0.024,    0.058, -999.000,    0.029,    0.028,    0.028,    0.059, -999.000,    0.036,    0.036,    0.036,    0.012, -999.000,    0.036,    0.036,    0.036,    0.012, -999.000,
       160,2020090906,    0.032,    0.022,    0.034,    0.056,    0.096,    0.039,    0.025,    0.042,    0.057,    0.133,    0.040,    0.037,    0.042,    0.012,    0.077,    0.040,    0.031,    0.042,    0.013,    0.077,
       160,2020090900,    0.023,    0.022,    0.023,    0.059,    0.015,    0.028,    0.024,    0.027,    0.060,    0.282,    0.033,    0.029,    0.034,    0.011, -999.000,    0.033,    0.029,    0.034,    0.011, -999.000,
       160,2020090818,    0.034,    0.028,    0.035,    0.060, -999.000,    0.041,    0.027,    0.044,    0.064, -999.000,    0.044,    0.040,    0.044,    0.009, -999.000,    0.044,    0.046,    0.044,    0.009, -999.000,
       160,2020090812,    0.023,    0.026,    0.020,    0.059, -999.000,    0.026,    0.029,    0.023,    0.061, -999.000,    0.032,    0.041,    0.031,    0.010, -999.000,    0.032,    0.038,    0.031,    0.009, -999.000,
       160,2020090806,    0.034,    0.025,    0.036,    0.062,    0.001,    0.041,    0.025,    0.046,    0.063,    0.000,    0.047,    0.042,    0.048,    0.010, -999.000,    0.047,    0.042,    0.048,    0.010, -999.000,
       160,2020090800,    0.019,    0.020,    0.018,    0.062,    0.088,    0.024,    0.023,    0.023,    0.062,    0.111,    0.027,    0.029,    0.026,    0.013, -999.000,    0.027,    0.025,    0.026,    0.013, -999.000,
       160,2020090718,    0.040,    0.026,    0.042,    0.066, -999.000,    0.047,    0.024,    0.051,    0.065, -999.000,    0.053,    0.035,    0.055,    0.012, -999.000,    0.053,    0.044,    0.055,    0.010, -999.000,
       160,2020090712,    0.022,    0.027,    0.019,    0.065, -999.000,    0.025,    0.029,    0.023,    0.066, -999.000,    0.032,    0.042,    0.029,    0.010, -999.000,    0.032,    0.040,    0.029,    0.009, -999.000,
       160,2020090706,    0.033,    0.020,    0.036,    0.056,    0.084,    0.039,    0.020,    0.046,    0.060,    0.046,    0.043,    0.027,    0.047,    0.011,    0.080,    0.043,    0.026,    0.047,    0.012,    0.080,
       160,2020090700,    0.024,    0.019,    0.023,    0.063, -999.000,    0.028,    0.019,    0.028,    0.064, -999.000,    0.034,    0.024,    0.033,    0.014, -999.000,    0.034,    0.034,    0.033,    0.012, -999.000,
       160,2020090618,    0.038,    0.024,    0.040,    0.067,    0.029,    0.045,    0.028,    0.049,    0.070, -999.000,    0.044,    0.042,    0.045,    0.012, -999.000,    0.044,    0.038,    0.045,    0.014, -999.000,
       160,2020090612,    0.022,    0.018,    0.020,    0.066,    0.042,    0.024,    0.025,    0.022,    0.067,    0.038,    0.033,    0.042,    0.031,    0.009, -999.000,    0.033,    0.038,    0.031,    0.010, -999.000,
       160,2020090606,    0.034,    0.019,    0.038,    0.064, -999.000,    0.041,    0.022,    0.049,    0.061,    0.234,    0.041,    0.035,    0.044,    0.013, -999.000,    0.041,    0.028,    0.044,    0.012, -999.000,
       160,2020090600,    0.022,    0.019,    0.020,    0.062,    0.037,    0.024,    0.019,    0.023,    0.061,    0.036,    0.032,    0.032,    0.031,    0.013, -999.000,    0.032,    0.036,    0.031,    0.008, -999.000,
       160,2020090518,    0.034,    0.026,    0.034,    0.069, -999.000,    0.039,    0.025,    0.043,    0.071, -999.000,    0.040,    0.036,    0.040,    0.012, -999.000,    0.040,    0.038,    0.040,    0.013, -999.000,
       160,2020090512,    0.024,    0.026,    0.022,    0.063,    0.019,    0.029,    0.030,    0.028,    0.066,    0.005,    0.035,    0.046,    0.034,    0.014,    0.024,    0.035,    0.039,    0.034,    0.011,    0.024,
       160,2020090506,    0.033,    0.020,    0.036,    0.066,    0.029,    0.041,    0.023,    0.046,    0.067,    0.030,    0.041,    0.039,    0.043,    0.010, -999.000,    0.041,    0.035,    0.043,    0.011, -999.000,
       160,2020090500,    0.022,    0.021,    0.021,    0.066, -999.000,    0.027,    0.026,    0.026,    0.067, -999.000,    0.033,    0.037,    0.033,    0.015, -999.000,    0.033,    0.029,    0.033,    0.015, -999.000,
       160,2020090418,    0.031,    0.024,    0.030,    0.073, -999.000,    0.037,    0.026,    0.038,    0.072, -999.000,    0.039,    0.035,    0.040,    0.013, -999.000,    0.039,    0.034,    0.040,    0.010, -999.000,
       160,2020090412,    0.025,    0.029,    0.021,    0.068,    0.000,    0.029,    0.031,    0.027,    0.070, -999.000,    0.035,    0.047,    0.031,    0.013, -999.000,    0.035,    0.044,    0.031,    0.013, -999.000,
       160,2020090406,    0.033,    0.025,    0.034,    0.068,    0.082,    0.043,    0.027,    0.048,    0.065,    0.063,    0.045,    0.040,    0.046,    0.015, -999.000,    0.045,    0.040,    0.046,    0.013, -999.000,
       160,2020090400,    0.025,    0.022,    0.024,    0.070,    0.189,    0.029,    0.025,    0.028,    0.073, -999.000,    0.035,    0.038,    0.035,    0.020, -999.000,    0.035,    0.033,    0.035,    0.013, -999.000,
       160,2020090318,    0.031,    0.029,    0.030,    0.072,    0.057,    0.037,    0.027,    0.037,    0.074,    0.080,    0.041,    0.036,    0.040,    0.018,    0.068,    0.041,    0.042,    0.040,    0.018,    0.068,
       160,2020090312,    0.027,    0.030,    0.024,    0.072,    0.026,    0.032,    0.036,    0.030,    0.068, -999.000,    0.038,    0.050,    0.034,    0.019,    0.002,    0.038,    0.049,    0.034,    0.017,    0.002,
       160,2020090306,    0.032,    0.028,    0.032,    0.067,    0.031,    0.038,    0.028,    0.040,    0.064,    0.031,    0.046,    0.044,    0.045,    0.019, -999.000,    0.046,    0.047,    0.045,    0.015, -999.000,
       160,2020090300,    0.025,    0.017,    0.024,    0.070,    0.127,    0.030,    0.018,    0.030,    0.072, -999.000,    0.038,    0.023,    0.039,    0.021,    0.133,    0.038,    0.025,    0.039,    0.018,    0.133,
       160,2020090218,    0.038,    0.035,    0.037,    0.071,    0.051,    0.046,    0.035,    0.047,    0.074,    0.046,    0.046,    0.046,    0.046,    0.020,    0.064,    0.046,    0.049,    0.046,    0.018,    0.064,
       160,2020090212,    0.024,    0.026,    0.020,    0.073, -999.000,    0.028,    0.036,    0.024,    0.071, -999.000,    0.034,    0.053,    0.031,    0.015, -999.000,    0.034,    0.042,    0.031,    0.012, -999.000,
       160,2020090206,    0.034,    0.026,    0.035,    0.059,    0.137,    0.039,    0.029,    0.042,    0.061,    0.192,    0.049,    0.044,    0.052,    0.021,    0.132,    0.049,    0.040,    0.052,    0.018,    0.132,
       160,2020090200,    0.026,    0.023,    0.025,    0.068, -999.000,    0.031,    0.023,    0.030,    0.069, -999.000,    0.036,    0.031,    0.037,    0.021, -999.000,    0.036,    0.030,    0.037,    0.020, -999.000,
       160,2020090118,    0.047,    0.043,    0.045,    0.075,    0.045,    0.051,    0.040,    0.053,    0.077,    0.015,    0.055,    0.053,    0.053,    0.016,    0.041,    0.055,    0.066,    0.053,    0.017,    0.041,
       160,2020090112,    0.026,    0.042,    0.021,    0.069,    0.007,    0.029,    0.042,    0.024,    0.072,    0.022,    0.040,    0.054,    0.034,    0.015, -999.000,    0.040,    0.060,    0.034,    0.017, -999.000,
       160,2020090106,    0.039,    0.028,    0.041,    0.069,    0.082,    0.047,    0.029,    0.053,    0.066,    0.069,    0.045,    0.041,    0.046,    0.017, -999.000,    0.045,    0.042,    0.046,    0.015, -999.000,
       160,2020090100,    0.020,    0.026,    0.018,    0.059, -999.000,    0.022,    0.027,    0.020,    0.059, -999.000,    0.030,    0.037,    0.028,    0.027, -999.000,    0.030,    0.040,    0.028,    0.023, -999.000,
       160,2020083118,    0.035,    0.040,    0.031,    0.072,    0.023,    0.040,    0.038,    0.039,    0.069,    0.044,    0.049,    0.055,    0.044,    0.021,    0.009,    0.049,    0.063,    0.044,    0.018,    0.009,
       160,2020083112,    0.030,    0.045,    0.025,    0.059,    0.039,    0.035,    0.045,    0.030,    0.064,    0.038,    0.042,    0.064,    0.035,    0.020,    0.026,    0.042,    0.062,    0.035,    0.021,    0.026,
       160,2020083106,    0.035,    0.024,    0.037,    0.061,    0.237,    0.040,    0.026,    0.045,    0.060, -999.000,    0.043,    0.038,    0.045,    0.017, -999.000,    0.043,    0.035,    0.045,    0.020, -999.000,
       160,2020083100,    0.022,    0.026,    0.020,    0.056,    0.050,    0.026,    0.026,    0.024,    0.061,    0.052,    0.032,    0.032,    0.030,    0.025, -999.000,    0.032,    0.036,    0.030,    0.024, -999.000,
       160,2020083018,    0.037,    0.034,    0.036,    0.069,    0.081,    0.045,    0.043,    0.043,    0.073, -999.000,    0.048,    0.057,    0.049,    0.018,    0.020,    0.048,    0.044,    0.049,    0.018,    0.020,
       160,2020083012,    0.026,    0.036,    0.021,    0.069, -999.000,    0.031,    0.033,    0.028,    0.067, -999.000,    0.039,    0.041,    0.034,    0.023, -999.000,    0.039,    0.051,    0.034,    0.019, -999.000,
       160,2020083006,    0.035,    0.022,    0.037,    0.061,    0.072,    0.042,    0.025,    0.047,    0.063,    0.009,    0.044,    0.037,    0.049,    0.024,    0.096,    0.044,    0.030,    0.049,    0.022,    0.096,
       160,2020083000,    0.026,    0.114,    0.026, -999.000, -999.000,    0.030,    0.100,    0.029, -999.000, -999.000,    0.041,    0.068,    0.040, -999.000, -999.000,    0.041,    0.053,    0.040, -999.000, -999.000,
