       160,2020092000,   -0.008,    0.008,   -0.013,    0.074, -999.000,   -0.019,    0.008,   -0.027,    0.075, -999.000,    0.043,    0.040,    0.040,    0.006, -999.000,    0.043,    0.041,    0.040,    0.006, -999.000,
       160,2020091918,   -0.009,    0.002,   -0.017,    0.074,    0.035,   -0.023,   -0.005,   -0.033,    0.074,    0.035,    0.051,    0.052,    0.048,    0.010,    0.002,    0.051,    0.050,    0.048,    0.009,    0.002,
       160,2020091912,   -0.011,   -0.017,   -0.013,    0.073,   -0.110,   -0.020,   -0.019,   -0.023,    0.075, -999.000,    0.043,    0.044,    0.040,    0.008, -999.000,    0.043,    0.042,    0.040,    0.009, -999.000,
       160,2020091906,   -0.007,    0.006,   -0.015,    0.072,   -0.018,   -0.023,    0.004,   -0.034,    0.073,   -0.035,    0.054,    0.052,    0.052,    0.009,    0.081,    0.054,    0.055,    0.052,    0.008,    0.081,
       160,2020091900,   -0.004,    0.013,   -0.009,    0.073, -999.000,   -0.012,    0.007,   -0.018,    0.074, -999.000,    0.040,    0.039,    0.038,    0.008, -999.000,    0.040,    0.035,    0.038,    0.008, -999.000,
       160,2020091818,   -0.020,   -0.004,   -0.029,    0.073,   -0.091,   -0.031,   -0.003,   -0.046,    0.074,   -0.129,    0.056,    0.056,    0.051,    0.011,    0.005,    0.056,    0.057,    0.051,    0.011,    0.005,
       160,2020091812,   -0.009,   -0.012,   -0.013,    0.076, -999.000,   -0.019,   -0.020,   -0.022,    0.076, -999.000,    0.043,    0.045,    0.040,    0.009, -999.000,    0.043,    0.042,    0.040,    0.008, -999.000,
       160,2020091806,   -0.010,    0.007,   -0.019,    0.072,   -0.040,   -0.024,   -0.004,   -0.034,    0.072,   -0.161,    0.052,    0.054,    0.049,    0.008,    0.070,    0.052,    0.049,    0.049,    0.006,    0.070,
       160,2020091800,   -0.009,    0.004,   -0.014,    0.074, -999.000,   -0.017,    0.004,   -0.025,    0.077, -999.000,    0.042,    0.039,    0.039,    0.007, -999.000,    0.042,    0.039,    0.039,    0.007, -999.000,
       160,2020091718,   -0.010,    0.004,   -0.021,    0.077, -999.000,   -0.025,    0.001,   -0.040,    0.076, -999.000,    0.055,    0.051,    0.051,    0.010, -999.000,    0.055,    0.050,    0.051,    0.008, -999.000,
       160,2020091712,   -0.009,   -0.019,   -0.011,    0.077, -999.000,   -0.018,   -0.028,   -0.020,    0.078, -999.000,    0.044,    0.046,    0.040,    0.006, -999.000,    0.044,    0.048,    0.040,    0.008, -999.000,
       160,2020091706,   -0.016,    0.005,   -0.027,    0.075,   -0.046,   -0.028,   -0.003,   -0.042,    0.073,   -0.012,    0.054,    0.050,    0.051,    0.010,    0.068,    0.054,    0.049,    0.051,    0.009,    0.068,
       160,2020091700,   -0.010,   -0.003,   -0.014,    0.077, -999.000,   -0.018,   -0.006,   -0.022,    0.080, -999.000,    0.043,    0.037,    0.041,    0.006, -999.000,    0.043,    0.039,    0.041,    0.010, -999.000,
       160,2020091618,   -0.010,    0.004,   -0.019,    0.074,   -0.002,   -0.021,    0.004,   -0.036,    0.079,    0.002,    0.052,    0.049,    0.048,    0.010,    0.109,    0.052,    0.051,    0.048,    0.008,    0.109,
       160,2020091612,   -0.016,   -0.027,   -0.017,    0.076, -999.000,   -0.022,   -0.028,   -0.023,    0.076,   -0.068,    0.045,    0.048,    0.041,    0.012, -999.000,    0.045,    0.045,    0.041,    0.009, -999.000,
       160,2020091606,   -0.014,    0.010,   -0.025,    0.074,   -0.117,   -0.027,    0.002,   -0.041,    0.074,   -0.112,    0.057,    0.048,    0.054,    0.009,    0.048,    0.057,    0.048,    0.054,    0.008,    0.048,
       160,2020091600,   -0.008,   -0.006,   -0.011,    0.076,   -0.123,   -0.017,   -0.006,   -0.022,    0.080,   -0.126,    0.044,    0.043,    0.043,    0.011, -999.000,    0.044,    0.043,    0.043,    0.011, -999.000,
       160,2020091518,   -0.011,   -0.001,   -0.019,    0.078, -999.000,   -0.024,   -0.005,   -0.036,    0.080, -999.000,    0.052,    0.048,    0.049,    0.012, -999.000,    0.052,    0.046,    0.049,    0.011, -999.000,
       160,2020091512,   -0.011,   -0.024,   -0.013,    0.079,    0.066,   -0.021,   -0.027,   -0.023,    0.082,   -0.021,    0.046,    0.045,    0.042,    0.008, -999.000,    0.046,    0.045,    0.042,    0.009, -999.000,
       160,2020091506,   -0.006,    0.004,   -0.016,    0.079,   -0.029,   -0.022,   -0.004,   -0.035,    0.080,    0.027,    0.056,    0.049,    0.055,    0.010,    0.080,    0.056,    0.048,    0.055,    0.011,    0.080,
       160,2020091500,   -0.011,    0.003,   -0.015,    0.073, -999.000,   -0.023,   -0.005,   -0.029,    0.075, -999.000,    0.047,    0.052,    0.045,    0.013, -999.000,    0.047,    0.048,    0.045,    0.012, -999.000,
       160,2020091418,   -0.008,   -0.002,   -0.015,    0.080,   -0.019,   -0.023,   -0.011,   -0.035,    0.083,   -0.093,    0.057,    0.061,    0.053,    0.011, -999.000,    0.057,    0.059,    0.053,    0.011, -999.000,
       160,2020091412,   -0.015,   -0.017,   -0.018,    0.080, -999.000,   -0.024,   -0.020,   -0.029,    0.082, -999.000,    0.050,    0.048,    0.048,    0.012, -999.000,    0.050,    0.049,    0.048,    0.012, -999.000,
       160,2020091406,   -0.006,    0.004,   -0.013,    0.080, -999.000,   -0.018,   -0.003,   -0.027,    0.080,   -0.098,    0.053,    0.051,    0.052,    0.009, -999.000,    0.053,    0.048,    0.052,    0.009, -999.000,
       160,2020091400,   -0.009,    0.009,   -0.014,    0.080,   -0.103,   -0.020,    0.006,   -0.027,    0.083,   -0.016,    0.046,    0.045,    0.043,    0.006, -999.000,    0.046,    0.044,    0.043,    0.006, -999.000,
       160,2020091318,   -0.007,    0.003,   -0.017,    0.079,   -0.054,   -0.021,   -0.003,   -0.035,    0.083,   -0.089,    0.060,    0.052,    0.058,    0.009,    0.007,    0.060,    0.053,    0.058,    0.010,    0.007,
       160,2020091312,   -0.011,   -0.015,   -0.015,    0.081,   -0.014,   -0.021,   -0.019,   -0.025,    0.083,   -0.017,    0.048,    0.052,    0.045,    0.008, -999.000,    0.048,    0.049,    0.045,    0.008, -999.000,
       160,2020091306,   -0.010,    0.006,   -0.021,    0.083, -999.000,   -0.025,   -0.004,   -0.037,    0.082, -999.000,    0.057,    0.052,    0.055,    0.007, -999.000,    0.057,    0.047,    0.055,    0.007, -999.000,
       160,2020091300,   -0.009,   -0.003,   -0.013,    0.079, -999.000,   -0.018,    0.000,   -0.024,    0.082, -999.000,    0.047,    0.045,    0.044,    0.010, -999.000,    0.047,    0.048,    0.044,    0.010, -999.000,
       160,2020091218,   -0.012,   -0.007,   -0.018,    0.083,   -0.067,   -0.026,   -0.012,   -0.037,    0.077, -999.000,    0.061,    0.060,    0.059,    0.013, -999.000,    0.061,    0.061,    0.059,    0.006, -999.000,
       160,2020091212,   -0.015,   -0.020,   -0.017,    0.082,   -0.027,   -0.024,   -0.025,   -0.027,    0.082, -999.000,    0.045,    0.046,    0.042,    0.009, -999.000,    0.045,    0.046,    0.042,    0.007, -999.000,
       160,2020091206,   -0.010,    0.005,   -0.019,    0.081,    0.026,   -0.024,   -0.003,   -0.037,    0.080,    0.022,    0.058,    0.054,    0.056,    0.006,    0.058,    0.058,    0.054,    0.056,    0.007,    0.058,
       160,2020091200,   -0.008,    0.001,   -0.012,    0.081,    0.032,   -0.020,   -0.004,   -0.025,    0.081,   -0.085,    0.046,    0.049,    0.044,    0.012, -999.000,    0.046,    0.046,    0.044,    0.011, -999.000,
       160,2020091118,   -0.018,   -0.002,   -0.026,    0.082, -999.000,   -0.036,   -0.007,   -0.051,    0.084,    0.058,    0.060,    0.056,    0.058,    0.010, -999.000,    0.060,    0.053,    0.058,    0.008, -999.000,
       160,2020091112,   -0.010,   -0.017,   -0.012,    0.084,   -0.004,   -0.019,   -0.025,   -0.021,    0.083,   -0.017,    0.048,    0.051,    0.045,    0.013,    0.072,    0.048,    0.047,    0.045,    0.007,    0.072,
       160,2020091106,   -0.017,    0.008,   -0.028,    0.083,    0.054,   -0.035,   -0.003,   -0.047,    0.083,   -0.025,    0.061,    0.049,    0.060,    0.011, -999.000,    0.061,    0.051,    0.060,    0.008, -999.000,
       160,2020091100,   -0.007,    0.009,   -0.013,    0.085, -999.000,   -0.017,    0.006,   -0.025,    0.083, -999.000,    0.048,    0.044,    0.045,    0.010, -999.000,    0.048,    0.043,    0.045,    0.008, -999.000,
       160,2020091018,   -0.018,   -0.004,   -0.026,    0.082,    0.032,   -0.030,   -0.006,   -0.044,    0.084,   -0.069,    0.060,    0.048,    0.058,    0.009, -999.000,    0.060,    0.052,    0.058,    0.009, -999.000,
       160,2020091012,   -0.015,   -0.021,   -0.017,    0.084,   -0.015,   -0.023,   -0.022,   -0.028,    0.085,   -0.012,    0.050,    0.054,    0.046,    0.010,    0.012,    0.050,    0.054,    0.046,    0.010,    0.012,
       160,2020091006,   -0.023,   -0.001,   -0.035,    0.078,   -0.139,   -0.038,   -0.013,   -0.053,    0.083,   -0.138,    0.062,    0.052,    0.060,    0.009, -999.000,    0.062,    0.053,    0.060,    0.011, -999.000,
       160,2020091000,   -0.009,    0.005,   -0.014,    0.085,    0.025,   -0.020,    0.005,   -0.029,    0.085, -999.000,    0.051,    0.050,    0.048,    0.011, -999.000,    0.051,    0.053,    0.048,    0.008, -999.000,
       160,2020090918,   -0.013,   -0.007,   -0.021,    0.083,   -0.135,   -0.026,   -0.009,   -0.037,    0.083,   -0.105,    0.061,    0.053,    0.058,    0.011,    0.008,    0.061,    0.054,    0.058,    0.013,    0.008,
       160,2020090912,   -0.018,   -0.019,   -0.023,    0.085, -999.000,   -0.027,   -0.023,   -0.033,    0.086, -999.000,    0.053,    0.055,    0.050,    0.012, -999.000,    0.053,    0.053,    0.050,    0.012, -999.000,
       160,2020090906,   -0.018,   -0.003,   -0.026,    0.083,   -0.066,   -0.031,   -0.012,   -0.042,    0.084,   -0.127,    0.061,    0.055,    0.060,    0.009,    0.108,    0.061,    0.053,    0.060,    0.010,    0.108,
       160,2020090900,   -0.011,    0.009,   -0.018,    0.086,   -0.043,   -0.023,   -0.002,   -0.031,    0.086,   -0.187,    0.053,    0.055,    0.050,    0.009, -999.000,    0.053,    0.051,    0.050,    0.008, -999.000,
       160,2020090818,   -0.018,   -0.008,   -0.025,    0.086, -999.000,   -0.031,   -0.010,   -0.044,    0.089, -999.000,    0.063,    0.057,    0.061,    0.007, -999.000,    0.063,    0.059,    0.061,    0.007, -999.000,
       160,2020090812,   -0.014,   -0.020,   -0.018,    0.086, -999.000,   -0.022,   -0.026,   -0.026,    0.087, -999.000,    0.052,    0.054,    0.047,    0.007, -999.000,    0.052,    0.053,    0.047,    0.007, -999.000,
       160,2020090806,   -0.018,   -0.003,   -0.026,    0.087,    0.009,   -0.033,   -0.012,   -0.044,    0.088,    0.007,    0.062,    0.054,    0.061,    0.008, -999.000,    0.062,    0.056,    0.061,    0.008, -999.000,
       160,2020090800,   -0.011,    0.000,   -0.017,    0.087,   -0.104,   -0.022,   -0.007,   -0.027,    0.087,   -0.117,    0.048,    0.053,    0.044,    0.010, -999.000,    0.048,    0.050,    0.044,    0.010, -999.000,
       160,2020090718,   -0.022,   -0.006,   -0.030,    0.089, -999.000,   -0.037,   -0.013,   -0.049,    0.089, -999.000,    0.066,    0.053,    0.065,    0.008, -999.000,    0.066,    0.056,    0.065,    0.007, -999.000,
       160,2020090712,   -0.016,   -0.027,   -0.019,    0.091, -999.000,   -0.026,   -0.029,   -0.029,    0.091, -999.000,    0.051,    0.053,    0.046,    0.007, -999.000,    0.051,    0.052,    0.046,    0.007, -999.000,
       160,2020090706,   -0.018,   -0.004,   -0.026,    0.083,   -0.052,   -0.030,   -0.004,   -0.044,    0.086,   -0.032,    0.062,    0.050,    0.062,    0.008,    0.099,    0.062,    0.050,    0.062,    0.009,    0.099,
       160,2020090700,   -0.014,   -0.001,   -0.022,    0.088, -999.000,   -0.026,   -0.005,   -0.034,    0.088, -999.000,    0.052,    0.049,    0.048,    0.011, -999.000,    0.052,    0.048,    0.048,    0.009, -999.000,
       160,2020090618,   -0.020,   -0.002,   -0.035,    0.090,    0.060,   -0.036,   -0.010,   -0.053,    0.092, -999.000,    0.065,    0.058,    0.061,    0.009, -999.000,    0.065,    0.054,    0.061,    0.011, -999.000,
       160,2020090612,   -0.011,   -0.017,   -0.017,    0.091,   -0.073,   -0.021,   -0.024,   -0.026,    0.092,   -0.069,    0.052,    0.051,    0.048,    0.006, -999.000,    0.052,    0.045,    0.048,    0.007, -999.000,
       160,2020090606,   -0.019,    0.002,   -0.031,    0.089, -999.000,   -0.035,   -0.008,   -0.051,    0.087,   -0.171,    0.062,    0.052,    0.061,    0.010, -999.000,    0.062,    0.049,    0.061,    0.009, -999.000,
       160,2020090600,   -0.007,   -0.002,   -0.013,    0.088,    0.068,   -0.015,   -0.001,   -0.022,    0.087,    0.068,    0.052,    0.050,    0.049,    0.010, -999.000,    0.052,    0.049,    0.049,    0.006, -999.000,
       160,2020090518,   -0.017,   -0.006,   -0.027,    0.092, -999.000,   -0.030,   -0.011,   -0.043,    0.093, -999.000,    0.062,    0.054,    0.059,    0.009, -999.000,    0.062,    0.056,    0.059,    0.010, -999.000,
       160,2020090512,   -0.015,   -0.026,   -0.018,    0.089,    0.042,   -0.026,   -0.030,   -0.029,    0.090,    0.026,    0.053,    0.054,    0.049,    0.010,    0.036,    0.053,    0.051,    0.049,    0.008,    0.036,
       160,2020090506,   -0.017,    0.007,   -0.030,    0.091,    0.061,   -0.033,   -0.003,   -0.048,    0.092,    0.061,    0.062,    0.053,    0.061,    0.007, -999.000,    0.062,    0.050,    0.061,    0.008, -999.000,
       160,2020090500,   -0.010,    0.002,   -0.015,    0.091, -999.000,   -0.019,   -0.002,   -0.027,    0.092, -999.000,    0.052,    0.057,    0.049,    0.011, -999.000,    0.052,    0.052,    0.049,    0.011, -999.000,
       160,2020090418,   -0.012,   -0.005,   -0.019,    0.095, -999.000,   -0.025,   -0.011,   -0.037,    0.094, -999.000,    0.061,    0.056,    0.059,    0.009, -999.000,    0.061,    0.055,    0.059,    0.007, -999.000,
       160,2020090412,   -0.011,   -0.023,   -0.013,    0.093,    0.003,   -0.021,   -0.024,   -0.026,    0.093, -999.000,    0.055,    0.058,    0.051,    0.009, -999.000,    0.055,    0.056,    0.051,    0.009, -999.000,
       160,2020090406,   -0.017,    0.001,   -0.026,    0.090,   -0.100,   -0.033,   -0.009,   -0.047,    0.088,   -0.035,    0.062,    0.056,    0.060,    0.012, -999.000,    0.062,    0.055,    0.060,    0.010, -999.000,
       160,2020090400,   -0.012,    0.002,   -0.017,    0.091,   -0.151,   -0.021,   -0.004,   -0.029,    0.093, -999.000,    0.054,    0.055,    0.051,    0.014, -999.000,    0.054,    0.052,    0.051,    0.009, -999.000,
       160,2020090318,   -0.012,   -0.008,   -0.017,    0.093,   -0.012,   -0.021,   -0.010,   -0.032,    0.094,   -0.041,    0.060,    0.057,    0.058,    0.013,    0.101,    0.060,    0.059,    0.058,    0.014,    0.101,
       160,2020090312,   -0.014,   -0.020,   -0.018,    0.096,   -0.001,   -0.026,   -0.029,   -0.031,    0.093, -999.000,    0.058,    0.062,    0.054,    0.015,    0.082,    0.058,    0.060,    0.054,    0.013,    0.082,
       160,2020090306,   -0.014,   -0.012,   -0.019,    0.094,    0.064,   -0.025,   -0.017,   -0.036,    0.091,    0.064,    0.063,    0.058,    0.062,    0.016, -999.000,    0.063,    0.060,    0.062,    0.011, -999.000,
       160,2020090300,   -0.011,    0.001,   -0.018,    0.095,   -0.118,   -0.021,   -0.004,   -0.031,    0.096, -999.000,    0.056,    0.048,    0.054,    0.016,    0.074,    0.056,    0.048,    0.054,    0.013,    0.074,
       160,2020090218,   -0.016,   -0.006,   -0.029,    0.095,   -0.068,   -0.027,   -0.014,   -0.047,    0.097,   -0.064,    0.069,    0.066,    0.062,    0.016,    0.054,    0.069,    0.067,    0.062,    0.014,    0.054,
       160,2020090212,   -0.006,   -0.014,   -0.011,    0.099, -999.000,   -0.019,   -0.031,   -0.023,    0.097, -999.000,    0.056,    0.062,    0.051,    0.011, -999.000,    0.056,    0.058,    0.051,    0.008, -999.000,
       160,2020090206,   -0.014,   -0.002,   -0.022,    0.088,   -0.116,   -0.026,   -0.015,   -0.037,    0.089,   -0.160,    0.066,    0.061,    0.065,    0.018,    0.088,    0.066,    0.060,    0.065,    0.015,    0.088,
       160,2020090200,   -0.009,   -0.013,   -0.013,    0.095, -999.000,   -0.020,   -0.015,   -0.028,    0.095, -999.000,    0.059,    0.053,    0.056,    0.017, -999.000,    0.059,    0.054,    0.056,    0.016, -999.000,
       160,2020090118,   -0.022,   -0.011,   -0.037,    0.099,    0.073,   -0.031,   -0.016,   -0.051,    0.101,    0.045,    0.076,    0.071,    0.069,    0.012,    0.037,    0.076,    0.076,    0.069,    0.014,    0.037,
       160,2020090112,   -0.008,   -0.041,   -0.007,    0.096,   -0.031,   -0.019,   -0.045,   -0.019,    0.099,   -0.050,    0.059,    0.061,    0.054,    0.011, -999.000,    0.059,    0.064,    0.054,    0.014, -999.000,
       160,2020090106,   -0.021,    0.002,   -0.035,    0.097,   -0.106,   -0.038,   -0.012,   -0.054,    0.095,   -0.097,    0.070,    0.062,    0.066,    0.014, -999.000,    0.070,    0.062,    0.066,    0.012, -999.000,
       160,2020090100,   -0.002,   -0.010,   -0.004,    0.088, -999.000,   -0.011,   -0.014,   -0.016,    0.088, -999.000,    0.053,    0.060,    0.050,    0.023, -999.000,    0.053,    0.059,    0.050,    0.020, -999.000,
       160,2020083118,   -0.012,   -0.006,   -0.021,    0.099,    0.056,   -0.022,   -0.010,   -0.035,    0.096,    0.002,    0.068,    0.072,    0.062,    0.017,    0.011,    0.068,    0.074,    0.062,    0.014,    0.011,
       160,2020083112,   -0.011,   -0.030,   -0.012,    0.092,    0.074,   -0.023,   -0.033,   -0.028,    0.096,    0.072,    0.067,    0.076,    0.060,    0.017,    0.026,    0.067,    0.077,    0.060,    0.018,    0.026,
       160,2020083106,   -0.019,    0.004,   -0.030,    0.093,   -0.188,   -0.031,   -0.006,   -0.046,    0.093, -999.000,    0.070,    0.061,    0.068,    0.015, -999.000,    0.070,    0.059,    0.068,    0.018, -999.000,
       160,2020083100,   -0.006,    0.006,   -0.012,    0.091,    0.088,   -0.013,    0.004,   -0.023,    0.094,   -0.002,    0.058,    0.063,    0.054,    0.022, -999.000,    0.058,    0.063,    0.054,    0.022, -999.000,
       160,2020083018,   -0.016,    0.005,   -0.030,    0.100,   -0.010,   -0.027,   -0.013,   -0.043,    0.103, -999.000,    0.072,    0.079,    0.066,    0.015,    0.154,    0.072,    0.070,    0.066,    0.015,    0.154,
       160,2020083012,   -0.007,   -0.020,   -0.011,    0.102, -999.000,   -0.021,   -0.025,   -0.028,    0.100, -999.000,    0.063,    0.066,    0.056,    0.021, -999.000,    0.063,    0.072,    0.056,    0.017, -999.000,
       160,2020083006,   -0.006,    0.007,   -0.027,    0.097,   -0.007,   -0.029,   -0.009,   -0.047,    0.098,    0.024,    0.075,    0.063,    0.073,    0.023,    0.124,    0.075,    0.059,    0.073,    0.021,    0.124,
       160,2020083000,   -0.027,   -0.131,   -0.026, -999.000, -999.000,   -0.037,   -0.119,   -0.036, -999.000, -999.000,    0.059,    0.044,    0.058, -999.000, -999.000,    0.059,    0.032,    0.058, -999.000, -999.000,
