        35,2020092000,    0.060,    0.061,    0.060,    0.059,    0.035,    0.060,    0.061,    0.060,    0.059,    0.043,    0.044,    0.045,    0.044,    0.044,    0.064,    0.044,    0.045,    0.044,    0.044,    0.064,
        35,2020091918,    0.060,    0.057,    0.062,    0.060,    0.056,    0.060,    0.057,    0.062,    0.060,    0.058,    0.044,    0.043,    0.044,    0.044,    0.040,    0.044,    0.043,    0.044,    0.044,    0.040,
        35,2020091912,    0.060,    0.062,    0.060,    0.056,    0.085,    0.060,    0.062,    0.060,    0.056,    0.084,    0.044,    0.045,    0.044,    0.045,    0.046,    0.044,    0.045,    0.044,    0.045,    0.046,
        35,2020091906,    0.060,    0.061,    0.059,    0.060,    0.075,    0.060,    0.061,    0.059,    0.061,    0.075,    0.044,    0.044,    0.044,    0.044,    0.058,    0.044,    0.044,    0.044,    0.044,    0.058,
        35,2020091900,    0.059,    0.059,    0.060,    0.055,    0.065,    0.059,    0.059,    0.060,    0.055,    0.065,    0.044,    0.044,    0.044,    0.044,    0.053,    0.044,    0.044,    0.044,    0.044,    0.053,
        35,2020091818,    0.060,    0.058,    0.061,    0.058,    0.065,    0.060,    0.058,    0.061,    0.059,    0.062,    0.044,    0.044,    0.044,    0.044,    0.046,    0.044,    0.044,    0.044,    0.044,    0.046,
        35,2020091812,    0.060,    0.061,    0.060,    0.060,    0.083,    0.060,    0.061,    0.060,    0.061,    0.083,    0.044,    0.044,    0.044,    0.045,    0.053,    0.044,    0.044,    0.044,    0.045,    0.053,
        35,2020091806,    0.059,    0.060,    0.058,    0.060,    0.086,    0.059,    0.060,    0.058,    0.060,    0.086,    0.044,    0.044,    0.044,    0.045,    0.048,    0.044,    0.044,    0.044,    0.045,    0.048,
        35,2020091800,    0.060,    0.060,    0.060,    0.061,    0.110,    0.060,    0.060,    0.060,    0.061,    0.110,    0.044,    0.044,    0.044,    0.045,    0.042,    0.044,    0.044,    0.044,    0.045,    0.042,
        35,2020091718,    0.059,    0.062,    0.059,    0.059,    0.096,    0.059,    0.062,    0.059,    0.058,    0.092,    0.044,    0.044,    0.044,    0.043,    0.052,    0.044,    0.044,    0.044,    0.043,    0.052,
        35,2020091712,    0.060,    0.061,    0.060,    0.057,    0.094,    0.060,    0.060,    0.060,    0.057,    0.094,    0.044,    0.044,    0.044,    0.044,    0.043,    0.044,    0.044,    0.044,    0.044,    0.043,
        35,2020091706,    0.059,    0.059,    0.060,    0.060,    0.086,    0.059,    0.059,    0.059,    0.060,    0.088,    0.044,    0.044,    0.044,    0.044,    0.046,    0.044,    0.044,    0.044,    0.044,    0.046,
        35,2020091700,    0.060,    0.063,    0.058,    0.064,    0.102,    0.060,    0.063,    0.058,    0.064,    0.102,    0.044,    0.044,    0.043,    0.045,    0.045,    0.044,    0.044,    0.043,    0.045,    0.045,
        35,2020091618,    0.059,    0.058,    0.059,    0.060,    0.081,    0.059,    0.058,    0.059,    0.060,    0.081,    0.044,    0.043,    0.044,    0.044,    0.044,    0.044,    0.043,    0.044,    0.044,    0.044,
        35,2020091612,    0.059,    0.060,    0.060,    0.057,    0.078,    0.059,    0.059,    0.060,    0.057,    0.078,    0.044,    0.044,    0.044,    0.044,    0.052,    0.044,    0.044,    0.044,    0.044,    0.052,
        35,2020091606,    0.059,    0.059,    0.060,    0.059,    0.085,    0.059,    0.059,    0.060,    0.058,    0.085,    0.044,    0.044,    0.043,    0.044,    0.043,    0.044,    0.044,    0.043,    0.044,    0.043,
        35,2020091600,    0.060,    0.064,    0.058,    0.062,    0.098,    0.060,    0.064,    0.058,    0.061,    0.098,    0.044,    0.044,    0.043,    0.044,    0.035,    0.044,    0.044,    0.043,    0.044,    0.035,
        35,2020091518,    0.060,    0.056,    0.061,    0.061,    0.074,    0.060,    0.056,    0.061,    0.061,    0.072,    0.044,    0.043,    0.044,    0.045,    0.050,    0.044,    0.043,    0.044,    0.045,    0.050,
        35,2020091512,    0.060,    0.064,    0.059,    0.055,    0.092,    0.060,    0.064,    0.059,    0.055,    0.092,    0.044,    0.044,    0.044,    0.043,    0.045,    0.044,    0.044,    0.044,    0.043,    0.045,
        35,2020091506,    0.059,    0.058,    0.059,    0.059,    0.077,    0.059,    0.058,    0.059,    0.060,    0.076,    0.043,    0.043,    0.043,    0.044,    0.052,    0.043,    0.043,    0.043,    0.044,    0.052,
        35,2020091500,    0.059,    0.061,    0.058,    0.062,    0.123,    0.059,    0.061,    0.058,    0.063,    0.123,    0.043,    0.043,    0.043,    0.044,    0.020,    0.043,    0.043,    0.043,    0.044,    0.020,
        35,2020091418,    0.060,    0.056,    0.062,    0.059,    0.069,    0.060,    0.056,    0.062,    0.059,    0.066,    0.044,    0.043,    0.044,    0.045,    0.052,    0.044,    0.043,    0.044,    0.045,    0.052,
        35,2020091412,    0.060,    0.063,    0.059,    0.058,    0.098,    0.060,    0.063,    0.059,    0.058,    0.098,    0.044,    0.044,    0.043,    0.044,    0.044,    0.044,    0.044,    0.043,    0.044,    0.044,
        35,2020091406,    0.059,    0.058,    0.060,    0.063,    0.071,    0.059,    0.057,    0.059,    0.063,    0.067,    0.044,    0.044,    0.043,    0.045,    0.043,    0.044,    0.044,    0.043,    0.045,    0.043,
        35,2020091400,    0.059,    0.061,    0.059,    0.058,    0.050,    0.060,    0.061,    0.059,    0.059,    0.050,    0.043,    0.044,    0.043,    0.044,    0.059,    0.043,    0.044,    0.043,    0.044,    0.059,
        35,2020091318,    0.059,    0.057,    0.060,    0.057,    0.088,    0.059,    0.057,    0.060,    0.058,    0.088,    0.043,    0.043,    0.043,    0.044,    0.038,    0.043,    0.043,    0.043,    0.044,    0.038,
        35,2020091312,    0.059,    0.059,    0.060,    0.056,    0.095,    0.059,    0.059,    0.060,    0.056,    0.095,    0.043,    0.043,    0.043,    0.044,    0.042,    0.043,    0.043,    0.043,    0.044,    0.042,
        35,2020091306,    0.059,    0.062,    0.058,    0.060,    0.076,    0.059,    0.061,    0.058,    0.059,    0.079,    0.043,    0.043,    0.043,    0.044,    0.048,    0.043,    0.043,    0.043,    0.044,    0.048,
        35,2020091300,    0.059,    0.059,    0.059,    0.060,    0.103,    0.059,    0.059,    0.059,    0.060,    0.103,    0.044,    0.044,    0.043,    0.044,    0.035,    0.044,    0.044,    0.043,    0.045,    0.035,
        35,2020091218,    0.059,    0.059,    0.059,    0.059,    0.065,    0.059,    0.060,    0.059,    0.060,    0.067,    0.043,    0.043,    0.043,    0.044,    0.055,    0.043,    0.043,    0.043,    0.044,    0.055,
        35,2020091212,    0.059,    0.058,    0.060,    0.059,    0.079,    0.059,    0.058,    0.060,    0.060,    0.079,    0.043,    0.043,    0.043,    0.044,    0.048,    0.043,    0.043,    0.043,    0.044,    0.048,
        35,2020091206,    0.058,    0.061,    0.058,    0.055,    0.078,    0.058,    0.060,    0.058,    0.056,    0.078,    0.043,    0.043,    0.043,    0.042,    0.039,    0.043,    0.043,    0.043,    0.042,    0.039,
        35,2020091200,    0.061,    0.063,    0.059,    0.065,    0.090,    0.061,    0.062,    0.059,    0.065,    0.090,    0.044,    0.044,    0.044,    0.044,    0.053,    0.044,    0.044,    0.044,    0.045,    0.053,
        35,2020091118,    0.059,    0.059,    0.059,    0.060,    0.072,    0.059,    0.059,    0.059,    0.060,    0.072,    0.044,    0.043,    0.044,    0.043,    0.043,    0.044,    0.043,    0.044,    0.043,    0.043,
        35,2020091112,    0.060,    0.059,    0.060,    0.059,    0.101,    0.060,    0.059,    0.060,    0.059,    0.092,    0.044,    0.044,    0.044,    0.044,    0.040,    0.044,    0.044,    0.044,    0.044,    0.040,
        35,2020091106,    0.059,    0.060,    0.059,    0.059,    0.079,    0.059,    0.060,    0.059,    0.059,    0.077,    0.044,    0.044,    0.044,    0.044,    0.048,    0.044,    0.044,    0.044,    0.044,    0.048,
        35,2020091100,    0.060,    0.065,    0.058,    0.064,    0.094,    0.060,    0.065,    0.058,    0.064,    0.094,    0.044,    0.044,    0.043,    0.044,    0.053,    0.044,    0.044,    0.043,    0.044,    0.053,
        35,2020091018,    0.059,    0.056,    0.060,    0.055,    0.098,    0.059,    0.057,    0.060,    0.056,    0.096,    0.043,    0.042,    0.043,    0.044,    0.044,    0.043,    0.042,    0.043,    0.044,    0.044,
        35,2020091012,    0.060,    0.062,    0.059,    0.057,    0.065,    0.060,    0.063,    0.059,    0.058,    0.065,    0.044,    0.044,    0.043,    0.045,    0.053,    0.044,    0.044,    0.043,    0.045,    0.053,
        35,2020091006,    0.059,    0.058,    0.060,    0.059,    0.092,    0.059,    0.058,    0.059,    0.060,    0.088,    0.044,    0.044,    0.044,    0.044,    0.041,    0.044,    0.044,    0.044,    0.044,    0.041,
        35,2020091000,    0.059,    0.063,    0.058,    0.060,    0.094,    0.059,    0.063,    0.058,    0.060,    0.094,    0.044,    0.044,    0.044,    0.044,    0.038,    0.044,    0.044,    0.044,    0.044,    0.038,
        35,2020090918,    0.059,    0.055,    0.061,    0.056,    0.074,    0.059,    0.055,    0.061,    0.057,    0.069,    0.044,    0.043,    0.044,    0.044,    0.049,    0.044,    0.043,    0.044,    0.044,    0.049,
        35,2020090912,    0.060,    0.065,    0.059,    0.057,    0.085,    0.060,    0.065,    0.059,    0.057,    0.085,    0.044,    0.045,    0.044,    0.044,    0.049,    0.044,    0.045,    0.044,    0.044,    0.049,
        35,2020090906,    0.059,    0.059,    0.059,    0.060,    0.053,    0.059,    0.059,    0.059,    0.060,    0.053,    0.044,    0.044,    0.043,    0.046,    0.051,    0.044,    0.044,    0.043,    0.045,    0.051,
        35,2020090900,    0.060,    0.060,    0.060,    0.061,    0.084,    0.060,    0.061,    0.060,    0.061,    0.084,    0.044,    0.045,    0.044,    0.045,    0.054,    0.044,    0.045,    0.044,    0.045,    0.054,
        35,2020090818,    0.059,    0.056,    0.060,    0.060,    0.066,    0.059,    0.056,    0.060,    0.060,    0.067,    0.044,    0.043,    0.044,    0.044,    0.048,    0.044,    0.043,    0.044,    0.044,    0.048,
        35,2020090812,    0.060,    0.062,    0.060,    0.058,    0.090,    0.060,    0.062,    0.060,    0.058,    0.090,    0.044,    0.044,    0.044,    0.045,    0.046,    0.044,    0.044,    0.044,    0.045,    0.046,
        35,2020090806,    0.059,    0.060,    0.059,    0.058,    0.070,    0.059,    0.060,    0.059,    0.058,    0.070,    0.044,    0.044,    0.044,    0.044,    0.048,    0.044,    0.044,    0.044,    0.044,    0.048,
        35,2020090800,    0.059,    0.058,    0.060,    0.061,    0.038,    0.060,    0.058,    0.060,    0.061,    0.038,    0.044,    0.044,    0.044,    0.045,    0.053,    0.044,    0.044,    0.044,    0.045,    0.053,
        35,2020090718,    0.060,    0.060,    0.059,    0.060,    0.075,    0.060,    0.060,    0.059,    0.061,    0.076,    0.044,    0.044,    0.043,    0.045,    0.045,    0.044,    0.044,    0.043,    0.045,    0.045,
        35,2020090712,    0.059,    0.059,    0.060,    0.058,    0.103,    0.059,    0.059,    0.060,    0.058,    0.103,    0.044,    0.044,    0.044,    0.044,    0.036,    0.044,    0.043,    0.044,    0.043,    0.036,
        35,2020090706,    0.060,    0.061,    0.059,    0.059,    0.085,    0.060,    0.062,    0.059,    0.059,    0.073,    0.044,    0.044,    0.043,    0.045,    0.040,    0.044,    0.044,    0.043,    0.044,    0.040,
        35,2020090700,    0.059,    0.060,    0.058,    0.064,    0.086,    0.059,    0.060,    0.058,    0.063,    0.086,    0.043,    0.044,    0.043,    0.044,    0.044,    0.043,    0.044,    0.043,    0.044,    0.044,
        35,2020090618,    0.059,    0.060,    0.059,    0.058,    0.079,    0.059,    0.060,    0.059,    0.059,    0.079,    0.043,    0.043,    0.043,    0.043,    0.046,    0.043,    0.043,    0.043,    0.043,    0.046,
        35,2020090612,    0.059,    0.058,    0.059,    0.059,    0.078,    0.059,    0.058,    0.059,    0.059,    0.078,    0.044,    0.044,    0.043,    0.044,    0.049,    0.044,    0.044,    0.043,    0.043,    0.049,
        35,2020090606,    0.060,    0.059,    0.060,    0.058,    0.058,    0.060,    0.059,    0.060,    0.059,    0.063,    0.044,    0.043,    0.044,    0.044,    0.044,    0.044,    0.043,    0.044,    0.044,    0.044,
        35,2020090600,    0.059,    0.064,    0.058,    0.061,    0.096,    0.059,    0.063,    0.058,    0.061,    0.096,    0.044,    0.044,    0.043,    0.044,    0.045,    0.044,    0.044,    0.043,    0.045,    0.045,
        35,2020090518,    0.059,    0.057,    0.060,    0.062,    0.086,    0.060,    0.057,    0.060,    0.062,    0.086,    0.044,    0.043,    0.044,    0.044,    0.050,    0.044,    0.043,    0.044,    0.044,    0.050,
        35,2020090512,    0.060,    0.061,    0.060,    0.056,    0.080,    0.060,    0.061,    0.060,    0.056,    0.080,    0.044,    0.044,    0.044,    0.043,    0.044,    0.044,    0.044,    0.044,    0.043,    0.044,
        35,2020090506,    0.059,    0.057,    0.059,    0.062,    0.085,    0.059,    0.057,    0.059,    0.062,    0.085,    0.044,    0.044,    0.043,    0.043,    0.051,    0.044,    0.044,    0.043,    0.043,    0.051,
        35,2020090500,    0.060,    0.063,    0.058,    0.060,    0.074,    0.060,    0.063,    0.058,    0.060,    0.074,    0.044,    0.044,    0.044,    0.044,    0.050,    0.044,    0.044,    0.044,    0.044,    0.050,
        35,2020090418,    0.059,    0.055,    0.060,    0.061,    0.065,    0.059,    0.055,    0.060,    0.062,    0.064,    0.044,    0.043,    0.044,    0.044,    0.054,    0.044,    0.043,    0.044,    0.044,    0.054,
        35,2020090412,    0.060,    0.065,    0.059,    0.060,    0.063,    0.060,    0.065,    0.058,    0.060,    0.063,    0.044,    0.044,    0.044,    0.044,    0.053,    0.044,    0.044,    0.044,    0.044,    0.053,
        35,2020090406,    0.060,    0.060,    0.059,    0.063,    0.072,    0.060,    0.060,    0.059,    0.062,    0.064,    0.044,    0.044,    0.044,    0.046,    0.052,    0.044,    0.044,    0.044,    0.046,    0.052,
        35,2020090400,    0.060,    0.062,    0.059,    0.060,    0.085,    0.060,    0.062,    0.059,    0.060,    0.090,    0.044,    0.044,    0.044,    0.044,    0.056,    0.044,    0.044,    0.044,    0.045,    0.056,
        35,2020090318,    0.060,    0.056,    0.061,    0.058,    0.062,    0.060,    0.056,    0.061,    0.059,    0.062,    0.044,    0.044,    0.044,    0.045,    0.044,    0.044,    0.044,    0.044,    0.045,    0.044,
        35,2020090312,    0.060,    0.064,    0.059,    0.060,    0.095,    0.060,    0.064,    0.059,    0.060,    0.095,    0.044,    0.044,    0.043,    0.045,    0.043,    0.044,    0.045,    0.043,    0.045,    0.043,
        35,2020090306,    0.060,    0.060,    0.059,    0.062,    0.063,    0.059,    0.060,    0.059,    0.061,    0.067,    0.044,    0.044,    0.044,    0.044,    0.047,    0.044,    0.044,    0.044,    0.044,    0.047,
        35,2020090300,    0.059,    0.059,    0.059,    0.058,    0.072,    0.060,    0.059,    0.060,    0.059,    0.072,    0.044,    0.044,    0.044,    0.044,    0.051,    0.044,    0.044,    0.044,    0.044,    0.051,
        35,2020090218,    0.060,    0.060,    0.060,    0.059,    0.073,    0.060,    0.060,    0.060,    0.059,    0.073,    0.044,    0.045,    0.044,    0.044,    0.042,    0.044,    0.045,    0.044,    0.044,    0.042,
        35,2020090212,    0.060,    0.059,    0.060,    0.058,    0.081,    0.060,    0.059,    0.061,    0.058,    0.078,    0.044,    0.044,    0.044,    0.045,    0.042,    0.044,    0.044,    0.044,    0.045,    0.042,
        35,2020090206,    0.059,    0.061,    0.058,    0.055,    0.092,    0.059,    0.061,    0.058,    0.055,    0.092,    0.044,    0.044,    0.044,    0.045,    0.048,    0.044,    0.044,    0.044,    0.045,    0.048,
        35,2020090200,    0.059,    0.058,    0.059,    0.062,    0.089,    0.059,    0.058,    0.059,    0.062,    0.089,    0.044,    0.044,    0.044,    0.045,    0.041,    0.044,    0.044,    0.044,    0.045,    0.041,
        35,2020090118,    0.060,    0.063,    0.059,    0.061,    0.065,    0.060,    0.062,    0.059,    0.061,    0.065,    0.044,    0.044,    0.044,    0.044,    0.044,    0.044,    0.044,    0.044,    0.044,    0.044,
        35,2020090112,    0.060,    0.060,    0.060,    0.060,    0.077,    0.060,    0.060,    0.060,    0.060,    0.081,    0.044,    0.044,    0.044,    0.044,    0.045,    0.044,    0.044,    0.044,    0.044,    0.045,
        35,2020090106,    0.060,    0.059,    0.060,    0.059,    0.097,    0.060,    0.060,    0.060,    0.059,    0.099,    0.044,    0.043,    0.044,    0.045,    0.043,    0.044,    0.043,    0.044,    0.045,    0.043,
        35,2020090100,    0.060,    0.063,    0.058,    0.063,    0.078,    0.060,    0.063,    0.058,    0.063,    0.078,    0.044,    0.044,    0.044,    0.044,    0.051,    0.044,    0.044,    0.044,    0.044,    0.051,
        35,2020083118,    0.059,    0.059,    0.059,    0.060,    0.078,    0.059,    0.059,    0.060,    0.061,    0.082,    0.044,    0.043,    0.044,    0.044,    0.044,    0.044,    0.044,    0.044,    0.044,    0.044,
        35,2020083112,    0.060,    0.060,    0.060,    0.057,    0.078,    0.060,    0.060,    0.060,    0.056,    0.078,    0.044,    0.044,    0.044,    0.044,    0.048,    0.044,    0.044,    0.044,    0.045,    0.048,
        35,2020083106,    0.059,    0.060,    0.059,    0.059,    0.097,    0.059,    0.060,    0.059,    0.059,    0.100,    0.044,    0.044,    0.043,    0.044,    0.044,    0.044,    0.044,    0.043,    0.044,    0.044,
        35,2020083100,    0.060,    0.063,    0.058,    0.061,    0.111,    0.059,    0.063,    0.058,    0.061,    0.111,    0.044,    0.044,    0.044,    0.045,    0.023,    0.044,    0.044,    0.044,    0.044,    0.023,
        35,2020083018,    0.059,    0.056,    0.061,    0.060,    0.076,    0.060,    0.056,    0.061,    0.060,    0.076,    0.044,    0.043,    0.044,    0.045,    0.050,    0.044,    0.043,    0.044,    0.045,    0.050,
        35,2020083012,    0.060,    0.064,    0.059,    0.060,    0.078,    0.060,    0.063,    0.059,    0.060,    0.078,    0.044,    0.044,    0.044,    0.044,    0.049,    0.044,    0.044,    0.044,    0.044,    0.049,
        35,2020083006,    0.060,    0.059,    0.060,    0.063,    0.074,    0.060,    0.059,    0.059,    0.064,    0.074,    0.044,    0.044,    0.044,    0.044,    0.055,    0.044,    0.044,    0.044,    0.045,    0.055,
        35,2020083000,    0.060,    0.063,    0.059,    0.062,    0.100,    0.060,    0.063,    0.059,    0.062,    0.101,    0.044,    0.044,    0.044,    0.044,    0.036,    0.044,    0.044,    0.044,    0.044,    0.036,
