       113,2020092000,   -0.042,   -0.045,   -0.044,    0.080,    0.091,   -0.045,   -0.043,   -0.048,    0.093,    0.092,    0.055,    0.046,    0.054,    0.055, -999.000,    0.055,    0.045,    0.054,    0.049, -999.000,
       113,2020091918,   -0.046,   -0.039,   -0.052,    0.111,    0.013,   -0.047,   -0.035,   -0.057,    0.128,   -0.024,    0.062,    0.052,    0.061,    0.045,    0.099,    0.062,    0.050,    0.061,    0.052,    0.099,
       113,2020091912,   -0.048,   -0.054,   -0.049,    0.107,   -0.062,   -0.050,   -0.054,   -0.052,    0.105,   -0.063,    0.053,    0.034,    0.053,    0.058,    0.017,    0.053,    0.034,    0.053,    0.058,    0.017,
       113,2020091906,   -0.045,   -0.030,   -0.053,    0.100,   -0.024,   -0.048,   -0.032,   -0.057,    0.097,   -0.032,    0.063,    0.057,    0.061,    0.047,    0.074,    0.063,    0.057,    0.061,    0.043,    0.074,
       113,2020091900,   -0.045,   -0.040,   -0.049,    0.087,   -0.091,   -0.046,   -0.037,   -0.052,    0.102,   -0.090,    0.058,    0.050,    0.056,    0.054,    0.044,    0.058,    0.047,    0.056,    0.051,    0.044,
       113,2020091818,   -0.050,   -0.039,   -0.057,    0.124,   -0.071,   -0.051,   -0.037,   -0.062,    0.121,   -0.077,    0.062,    0.050,    0.058,    0.058,    0.060,    0.062,    0.051,    0.058,    0.053,    0.060,
       113,2020091812,   -0.050,   -0.049,   -0.054,    0.120,    0.115,   -0.052,   -0.050,   -0.056,    0.104,    0.114,    0.053,    0.038,    0.052,    0.050, -999.000,    0.053,    0.040,    0.052,    0.049, -999.000,
       113,2020091806,   -0.049,   -0.030,   -0.060,    0.107,   -0.016,   -0.051,   -0.032,   -0.063,    0.103,   -0.017,    0.061,    0.060,    0.055,    0.035,    0.083,    0.061,    0.060,    0.055,    0.044,    0.083,
       113,2020091800,   -0.047,   -0.039,   -0.052,    0.092,    0.102,   -0.049,   -0.040,   -0.055,    0.103,    0.095,    0.055,    0.048,    0.053,    0.049,    0.038,    0.055,    0.047,    0.053,    0.043,    0.038,
       113,2020091718,   -0.053,   -0.037,   -0.063,    0.116,    0.017,   -0.053,   -0.034,   -0.066,    0.122,   -0.028,    0.060,    0.053,    0.053,    0.055,    0.089,    0.060,    0.055,    0.053,    0.054,    0.089,
       113,2020091712,   -0.051,   -0.053,   -0.053,    0.118,   -0.053,   -0.053,   -0.052,   -0.057,    0.113,   -0.043,    0.056,    0.043,    0.057,    0.047,    0.044,    0.056,    0.041,    0.057,    0.046,    0.044,
       113,2020091706,   -0.045,   -0.029,   -0.056,    0.117,   -0.048,   -0.047,   -0.028,   -0.060,    0.114,   -0.035,    0.065,    0.062,    0.058,    0.043,    0.104,    0.065,    0.063,    0.058,    0.040,    0.104,
       113,2020091700,   -0.047,   -0.038,   -0.052,    0.091,   -0.062,   -0.050,   -0.038,   -0.057,    0.105,   -0.067,    0.060,    0.052,    0.058,    0.040,    0.019,    0.060,    0.053,    0.058,    0.030,    0.019,
       113,2020091618,   -0.048,   -0.039,   -0.057,    0.104,   -0.044,   -0.049,   -0.034,   -0.063,    0.116,   -0.043,    0.062,    0.058,    0.056,    0.048,    0.088,    0.062,    0.058,    0.056,    0.037,    0.088,
       113,2020091612,   -0.053,   -0.059,   -0.054,    0.126,   -0.075,   -0.054,   -0.056,   -0.056,    0.125,   -0.068,    0.057,    0.040,    0.058,    0.046,    0.018,    0.057,    0.037,    0.058,    0.042,    0.018,
       113,2020091606,   -0.042,   -0.025,   -0.052,    0.104,   -0.030,   -0.045,   -0.023,   -0.058,    0.120,   -0.030,    0.064,    0.062,    0.060,    0.042,    0.047,    0.064,    0.061,    0.060,    0.039,    0.047,
       113,2020091600,   -0.047,   -0.041,   -0.050,    0.100,   -0.002,   -0.049,   -0.039,   -0.055,    0.105,   -0.001,    0.059,    0.050,    0.059,    0.046,    0.034,    0.059,    0.050,    0.059,    0.034,    0.034,
       113,2020091518,   -0.050,   -0.039,   -0.060,    0.111,   -0.011,   -0.049,   -0.037,   -0.063,    0.142,   -0.034,    0.061,    0.052,    0.056,    0.054,    0.084,    0.061,    0.053,    0.056,    0.054,    0.084,
       113,2020091512,   -0.047,   -0.058,   -0.047,    0.121,   -0.077,   -0.050,   -0.057,   -0.051,    0.127,   -0.016,    0.060,    0.036,    0.063,    0.052,    0.002,    0.060,    0.035,    0.063,    0.048,    0.002,
       113,2020091506,   -0.041,   -0.025,   -0.051,    0.118,   -0.049,   -0.042,   -0.022,   -0.055,    0.112,   -0.064,    0.066,    0.059,    0.063,    0.056,    0.095,    0.066,    0.060,    0.063,    0.061,    0.095,
       113,2020091500,   -0.044,   -0.049,   -0.045,    0.098,   -0.057,   -0.049,   -0.050,   -0.052,    0.109, -999.000,    0.063,    0.045,    0.063,    0.052, -999.000,    0.063,    0.047,    0.063,    0.051, -999.000,
       113,2020091418,   -0.048,   -0.042,   -0.054,    0.120,    0.025,   -0.048,   -0.039,   -0.058,    0.134,   -0.012,    0.063,    0.047,    0.061,    0.048,    0.118,    0.063,    0.046,    0.061,    0.044,    0.118,
       113,2020091412,   -0.048,   -0.056,   -0.048,    0.098,    0.131,   -0.050,   -0.056,   -0.050,    0.110,    0.143,    0.061,    0.042,    0.062,    0.054, -999.000,    0.061,    0.044,    0.062,    0.050, -999.000,
       113,2020091406,   -0.041,   -0.021,   -0.051,    0.099,   -0.029,   -0.045,   -0.022,   -0.058,    0.102,   -0.061,    0.067,    0.059,    0.065,    0.053,    0.084,    0.067,    0.059,    0.065,    0.050,    0.084,
       113,2020091400,   -0.042,   -0.039,   -0.045,    0.077,   -0.011,   -0.046,   -0.040,   -0.050,    0.088,   -0.011,    0.060,    0.050,    0.060,    0.042,    0.136,    0.060,    0.051,    0.060,    0.041,    0.136,
       113,2020091318,   -0.040,   -0.034,   -0.046,    0.111,   -0.033,   -0.043,   -0.034,   -0.051,    0.116,   -0.096,    0.069,    0.052,    0.069,    0.056,    0.129,    0.069,    0.053,    0.069,    0.044,    0.129,
       113,2020091312,   -0.049,   -0.053,   -0.051,    0.120,   -0.058,   -0.051,   -0.054,   -0.054,    0.126,   -0.059,    0.062,    0.043,    0.063,    0.057,    0.015,    0.062,    0.044,    0.063,    0.055,    0.015,
       113,2020091306,   -0.040,   -0.021,   -0.051,    0.096,   -0.039,   -0.044,   -0.022,   -0.057,    0.096,   -0.095,    0.068,    0.059,    0.067,    0.060,    0.082,    0.068,    0.060,    0.067,    0.069,    0.082,
       113,2020091300,   -0.046,   -0.040,   -0.051,    0.090, -999.000,   -0.049,   -0.040,   -0.057,    0.098, -999.000,    0.060,    0.052,    0.057,    0.051, -999.000,    0.060,    0.053,    0.057,    0.053, -999.000,
       113,2020091218,   -0.042,   -0.035,   -0.050,    0.127,   -0.019,   -0.045,   -0.034,   -0.056,    0.139,   -0.027,    0.071,    0.056,    0.069,    0.060,    0.082,    0.071,    0.057,    0.069,    0.062,    0.082,
       113,2020091212,   -0.049,   -0.050,   -0.051,    0.103,   -0.004,   -0.050,   -0.051,   -0.054,    0.106,   -0.004,    0.060,    0.045,    0.062,    0.053,    0.055,    0.060,    0.046,    0.062,    0.055,    0.055,
       113,2020091206,   -0.042,   -0.031,   -0.050,    0.104,   -0.054,   -0.046,   -0.030,   -0.057,    0.096,   -0.032,    0.070,    0.062,    0.069,    0.064,    0.091,    0.070,    0.062,    0.069,    0.063,    0.091,
       113,2020091200,   -0.050,   -0.029,   -0.058,    0.087, -999.000,   -0.054,   -0.030,   -0.064,    0.108, -999.000,    0.062,    0.058,    0.060,    0.075, -999.000,    0.062,    0.059,    0.060,    0.061, -999.000,
       113,2020091118,   -0.048,   -0.042,   -0.053,    0.121,    0.023,   -0.051,   -0.041,   -0.059,    0.142,    0.005,    0.069,    0.056,    0.069,    0.060,    0.055,    0.069,    0.055,    0.069,    0.068,    0.055,
       113,2020091112,   -0.046,   -0.051,   -0.049,    0.101,    0.003,   -0.051,   -0.052,   -0.054,    0.106,   -0.032,    0.064,    0.045,    0.065,    0.056,    0.099,    0.064,    0.048,    0.065,    0.053,    0.099,
       113,2020091106,   -0.041,   -0.029,   -0.048,    0.096,    0.004,   -0.046,   -0.026,   -0.058,    0.088,   -0.029,    0.072,    0.065,    0.071,    0.068,    0.067,    0.072,    0.065,    0.071,    0.057,    0.067,
       113,2020091100,   -0.050,   -0.032,   -0.056,    0.089, -999.000,   -0.054,   -0.029,   -0.062,    0.093, -999.000,    0.061,    0.057,    0.059,    0.061, -999.000,    0.061,    0.056,    0.059,    0.064, -999.000,
       113,2020091018,   -0.054,   -0.046,   -0.061,    0.114,   -0.030,   -0.054,   -0.044,   -0.064,    0.120,   -0.030,    0.070,    0.058,    0.071,    0.055,    0.068,    0.070,    0.058,    0.071,    0.055,    0.068,
       113,2020091012,   -0.053,   -0.053,   -0.058,    0.125,    0.041,   -0.056,   -0.052,   -0.062,    0.133,    0.041,    0.064,    0.051,    0.063,    0.067, -999.000,    0.064,    0.051,    0.063,    0.054, -999.000,
       113,2020091006,   -0.046,   -0.030,   -0.056,    0.111,   -0.040,   -0.050,   -0.032,   -0.062,    0.099,   -0.032,    0.073,    0.067,    0.071,    0.053,    0.092,    0.073,    0.068,    0.071,    0.054,    0.092,
       113,2020091000,   -0.054,   -0.043,   -0.059,    0.101,    0.053,   -0.055,   -0.040,   -0.063,    0.105,    0.049,    0.066,    0.058,    0.065,    0.054,    0.025,    0.066,    0.057,    0.065,    0.049,    0.025,
       113,2020090918,   -0.054,   -0.048,   -0.060,    0.127,   -0.033,   -0.055,   -0.047,   -0.063,    0.138,   -0.058,    0.072,    0.061,    0.071,    0.059,    0.107,    0.072,    0.061,    0.071,    0.054,    0.107,
       113,2020090912,   -0.060,   -0.057,   -0.064,    0.118,   -0.075,   -0.063,   -0.058,   -0.068,    0.125,   -0.076,    0.066,    0.049,    0.066,    0.067,    0.044,    0.066,    0.050,    0.066,    0.059,    0.044,
       113,2020090906,   -0.054,   -0.033,   -0.066,    0.101,   -0.119,   -0.057,   -0.033,   -0.072,    0.116,   -0.117,    0.074,    0.070,    0.072,    0.070,    0.020,    0.074,    0.069,    0.072,    0.059,    0.020,
       113,2020090900,   -0.053,   -0.054,   -0.056,    0.097,   -0.078,   -0.057,   -0.054,   -0.061,    0.101,   -0.077,    0.068,    0.054,    0.068,    0.056,    0.010,    0.068,    0.055,    0.068,    0.060,    0.010,
       113,2020090818,   -0.055,   -0.048,   -0.061,    0.142,   -0.068,   -0.059,   -0.047,   -0.068,    0.148,   -0.060,    0.075,    0.061,    0.076,    0.049,    0.097,    0.075,    0.061,    0.076,    0.051,    0.097,
       113,2020090812,   -0.058,   -0.060,   -0.060,    0.131,   -0.010,   -0.061,   -0.060,   -0.065,    0.139,    0.009,    0.069,    0.052,    0.070,    0.049,    0.037,    0.069,    0.053,    0.070,    0.055,    0.037,
       113,2020090806,   -0.051,   -0.032,   -0.061,    0.107,   -0.071,   -0.056,   -0.032,   -0.069,    0.091,   -0.083,    0.078,    0.069,    0.076,    0.071,    0.090,    0.078,    0.070,    0.076,    0.073,    0.090,
       113,2020090800,   -0.056,   -0.047,   -0.062,    0.108,    0.053,   -0.059,   -0.048,   -0.067,    0.104,    0.053,    0.074,    0.066,    0.071,    0.082, -999.000,    0.074,    0.068,    0.071,    0.076, -999.000,
       113,2020090718,   -0.057,   -0.049,   -0.063,    0.122,   -0.125,   -0.059,   -0.046,   -0.069,    0.140,   -0.110,    0.080,    0.068,    0.079,    0.069,    0.010,    0.080,    0.067,    0.079,    0.077,    0.010,
       113,2020090712,   -0.061,   -0.060,   -0.066,    0.145,   -0.072,   -0.062,   -0.058,   -0.067,    0.141,   -0.072,    0.071,    0.054,    0.071,    0.067,    0.056,    0.071,    0.054,    0.071,    0.061,    0.056,
       113,2020090706,   -0.055,   -0.035,   -0.065,    0.084,   -0.062,   -0.059,   -0.036,   -0.071,    0.074,   -0.075,    0.080,    0.067,    0.082,    0.070,    0.075,    0.080,    0.068,    0.082,    0.061,    0.075,
       113,2020090700,   -0.059,   -0.051,   -0.064,    0.111,    0.081,   -0.063,   -0.052,   -0.070,    0.104,    0.069,    0.075,    0.062,    0.073,    0.073,    0.081,    0.075,    0.065,    0.073,    0.072,    0.081,
       113,2020090618,   -0.059,   -0.055,   -0.066,    0.128,   -0.117,   -0.062,   -0.051,   -0.072,    0.132,   -0.117,    0.086,    0.071,    0.086,    0.088,    0.009,    0.086,    0.066,    0.086,    0.079,    0.009,
       113,2020090612,   -0.061,   -0.057,   -0.067,    0.135,   -0.040,   -0.064,   -0.056,   -0.071,    0.155,   -0.040,    0.072,    0.058,    0.070,    0.081,    0.102,    0.072,    0.059,    0.070,    0.075,    0.102,
       113,2020090606,   -0.055,   -0.037,   -0.065,    0.104,   -0.142,   -0.058,   -0.034,   -0.073,    0.101,   -0.036,    0.085,    0.072,    0.085,    0.087,    0.010,    0.085,    0.072,    0.085,    0.082,    0.010,
       113,2020090600,   -0.059,   -0.040,   -0.067,    0.099,    0.014,   -0.062,   -0.038,   -0.071,    0.095,   -0.012,    0.076,    0.066,    0.075,    0.072,    0.108,    0.076,    0.065,    0.075,    0.064,    0.108,
       113,2020090518,   -0.060,   -0.051,   -0.068,    0.133,   -0.038,   -0.065,   -0.052,   -0.075,    0.141,   -0.047,    0.086,    0.071,    0.086,    0.081,    0.099,    0.086,    0.072,    0.086,    0.078,    0.099,
       113,2020090512,   -0.062,   -0.058,   -0.067,    0.131,   -0.049,   -0.064,   -0.059,   -0.069,    0.152,    0.019,    0.073,    0.058,    0.074,    0.071,    0.090,    0.073,    0.059,    0.074,    0.068,    0.090,
       113,2020090506,   -0.056,   -0.039,   -0.067,    0.101,    0.004,   -0.060,   -0.040,   -0.074,    0.082,   -0.020,    0.085,    0.075,    0.086,    0.080,    0.097,    0.085,    0.076,    0.086,    0.071,    0.097,
       113,2020090500,   -0.067,   -0.052,   -0.073,    0.114,   -0.128,   -0.069,   -0.051,   -0.080,    0.126,   -0.124,    0.076,    0.061,    0.075,    0.075, -999.000,    0.076,    0.062,    0.075,    0.073, -999.000,
       113,2020090418,   -0.059,   -0.054,   -0.067,    0.163,   -0.028,   -0.062,   -0.053,   -0.073,    0.165,   -0.028,    0.088,    0.073,    0.087,    0.069,    0.147,    0.088,    0.075,    0.087,    0.064,    0.147,
       113,2020090412,   -0.063,   -0.066,   -0.065,    0.142,   -0.026,   -0.065,   -0.067,   -0.069,    0.139,   -0.022,    0.082,    0.056,    0.086,    0.082,    0.100,    0.082,    0.057,    0.086,    0.084,    0.100,
       113,2020090406,   -0.067,   -0.043,   -0.078,    0.092,   -0.086,   -0.068,   -0.041,   -0.084,    0.113,   -0.106,    0.082,    0.077,    0.079,    0.096,    0.081,    0.082,    0.077,    0.079,    0.083,    0.081,
       113,2020090400,   -0.064,   -0.068,   -0.066,    0.099,    0.141,   -0.070,   -0.067,   -0.076,    0.129,    0.140,    0.084,    0.067,    0.085,    0.105,    0.001,    0.084,    0.068,    0.085,    0.075,    0.001,
       113,2020090318,   -0.073,   -0.061,   -0.081,    0.148,   -0.038,   -0.073,   -0.061,   -0.084,    0.178,   -0.063,    0.082,    0.078,    0.079,    0.074,    0.149,    0.082,    0.077,    0.079,    0.076,    0.149,
       113,2020090312,   -0.059,   -0.071,   -0.059,    0.141,    0.100,   -0.064,   -0.073,   -0.066,    0.138,    0.100,    0.088,    0.060,    0.091,    0.088,    0.119,    0.088,    0.062,    0.091,    0.079,    0.119,
       113,2020090306,   -0.063,   -0.050,   -0.072,    0.090,   -0.056,   -0.066,   -0.050,   -0.078,    0.107,   -0.010,    0.084,    0.075,    0.084,    0.073,    0.088,    0.084,    0.075,    0.084,    0.076,    0.088,
       113,2020090300,   -0.062,   -0.062,   -0.066,    0.114,    0.030,   -0.067,   -0.064,   -0.074,    0.134,    0.029,    0.088,    0.073,    0.087,    0.076,    0.128,    0.088,    0.074,    0.087,    0.076,    0.128,
       113,2020090218,   -0.065,   -0.055,   -0.073,    0.156,   -0.102,   -0.067,   -0.055,   -0.081,    0.177,   -0.103,    0.093,    0.078,    0.091,    0.058,    0.047,    0.093,    0.079,    0.091,    0.051,    0.047,
       113,2020090212,   -0.064,   -0.064,   -0.068,    0.142,    0.058,   -0.067,   -0.064,   -0.074,    0.129,    0.035,    0.084,    0.061,    0.087,    0.061,    0.101,    0.084,    0.062,    0.087,    0.069,    0.101,
       113,2020090206,   -0.063,   -0.046,   -0.074,    0.125,   -0.093,   -0.065,   -0.046,   -0.080,    0.119,   -0.092,    0.085,    0.077,    0.085,    0.081,    0.093,    0.085,    0.077,    0.085,    0.080,    0.093,
       113,2020090200,   -0.056,   -0.051,   -0.062,    0.136,    0.029,   -0.065,   -0.055,   -0.072,    0.142,    0.039,    0.091,    0.073,    0.090,    0.064,    0.082,    0.091,    0.076,    0.090,    0.056,    0.082,
       113,2020090118,   -0.066,   -0.064,   -0.072,    0.154,   -0.140,   -0.066,   -0.058,   -0.077,    0.158,   -0.087,    0.092,    0.079,    0.090,    0.065,    0.014,    0.092,    0.075,    0.090,    0.073,    0.014,
       113,2020090112,   -0.067,   -0.072,   -0.068,    0.148,   -0.006,   -0.070,   -0.073,   -0.073,    0.147,   -0.012,    0.084,    0.061,    0.088,    0.054,    0.100,    0.084,    0.062,    0.088,    0.049,    0.100,
       113,2020090106,   -0.069,   -0.049,   -0.081,    0.137,   -0.149,   -0.071,   -0.047,   -0.085,    0.126,   -0.138,    0.086,    0.081,    0.082,    0.045,    0.006,    0.086,    0.081,    0.082,    0.054,    0.006,
       113,2020090100,   -0.066,   -0.055,   -0.071,    0.145,   -0.041,   -0.071,   -0.058,   -0.079,    0.157,   -0.042,    0.091,    0.080,    0.089,    0.061, -999.000,    0.091,    0.083,    0.089,    0.047, -999.000,
       113,2020083118,   -0.071,   -0.069,   -0.077,    0.143,   -0.097,   -0.071,   -0.068,   -0.080,    0.162,   -0.086,    0.087,    0.073,    0.085,    0.070,    0.097,    0.087,    0.072,    0.085,    0.061,    0.097,
       113,2020083112,   -0.064,   -0.069,   -0.067,    0.156,    0.012,   -0.067,   -0.071,   -0.070,    0.148,    0.026,    0.088,    0.070,    0.088,    0.047,    0.106,    0.088,    0.072,    0.088,    0.048,    0.106,
       113,2020083106,   -0.058,   -0.043,   -0.069,    0.139,   -0.105,   -0.061,   -0.042,   -0.075,    0.139,   -0.105,    0.092,    0.080,    0.091,    0.043,    0.050,    0.092,    0.082,    0.091,    0.041,    0.050,
       113,2020083100,   -0.066,   -0.050,   -0.072,    0.122,    0.148,   -0.070,   -0.050,   -0.078,    0.145,    0.028,    0.091,    0.089,    0.088,    0.051,    0.033,    0.091,    0.088,    0.088,    0.053,    0.033,
       113,2020083018,   -0.068,   -0.064,   -0.074,    0.132,   -0.134,   -0.069,   -0.063,   -0.079,    0.144,   -0.132,    0.088,    0.074,    0.087,    0.072,    0.020,    0.088,    0.075,    0.087,    0.069,    0.020,
       113,2020083012,   -0.063,   -0.072,   -0.066,    0.145,   -0.003,   -0.069,   -0.074,   -0.073,    0.151,   -0.001,    0.091,    0.070,    0.090,    0.063,    0.166,    0.091,    0.068,    0.090,    0.058,    0.166,
       113,2020083006,   -0.054,   -0.037,   -0.066,    0.134,   -0.025,   -0.058,   -0.038,   -0.073,    0.143,   -0.072,    0.093,    0.082,    0.091,    0.072,    0.198,    0.093,    0.084,    0.091,    0.071,    0.198,
       113,2020083000,   -0.060,   -0.050,   -0.068,    0.112,   -0.003,   -0.067,   -0.058,   -0.074,    0.105,    0.031,    0.094,    0.082,    0.092,    0.041,    0.145,    0.094,    0.087,    0.092,    0.043,    0.145,
