        95,2020092000,    0.044,    0.029,    0.047,    0.108,    0.003,    0.045,    0.027,    0.049,    0.139,    0.004,    0.037,    0.022,    0.035,    0.152, -999.000,    0.037,    0.023,    0.035,    0.110, -999.000,
        95,2020091918,    0.049,    0.030,    0.053,    0.196,    0.020,    0.050,    0.028,    0.054,    0.206,    0.040,    0.049,    0.028,    0.039,    0.177,    0.037,    0.049,    0.030,    0.039,    0.174,    0.037,
        95,2020091912,    0.042,    0.031,    0.044,    0.171,    0.070,    0.042,    0.031,    0.045,    0.172,    0.076,    0.039,    0.026,    0.035,    0.150,    0.033,    0.039,    0.027,    0.035,    0.130,    0.033,
        95,2020091906,    0.045,    0.029,    0.049,    0.141,    0.066,    0.045,    0.030,    0.050,    0.152,    0.061,    0.043,    0.034,    0.040,    0.127,    0.051,    0.043,    0.034,    0.040,    0.111,    0.051,
        95,2020091900,    0.042,    0.029,    0.045,    0.101,    0.026,    0.043,    0.029,    0.046,    0.115,    0.026,    0.035,    0.024,    0.035,    0.122, -999.000,    0.035,    0.025,    0.035,    0.083, -999.000,
        95,2020091818,    0.053,    0.033,    0.059,    0.163,    0.089,    0.054,    0.031,    0.059,    0.204,    0.099,    0.051,    0.036,    0.042,    0.196,    0.037,    0.051,    0.037,    0.042,    0.166,    0.037,
        95,2020091812,    0.045,    0.030,    0.047,    0.213,    0.043,    0.044,    0.030,    0.048,    0.236,    0.039,    0.045,    0.027,    0.036,    0.174,    0.047,    0.045,    0.027,    0.036,    0.162,    0.047,
        95,2020091806,    0.045,    0.029,    0.051,    0.107,    0.063,    0.044,    0.029,    0.051,    0.120,    0.070,    0.041,    0.034,    0.040,    0.088,    0.046,    0.041,    0.034,    0.040,    0.075,    0.046,
        95,2020091800,    0.046,    0.029,    0.050,    0.107, -999.000,    0.046,    0.029,    0.050,    0.176, -999.000,    0.038,    0.026,    0.036,    0.153, -999.000,    0.038,    0.026,    0.036,    0.108, -999.000,
        95,2020091718,    0.050,    0.034,    0.053,    0.202,    0.096,    0.049,    0.031,    0.054,    0.221,    0.103,    0.052,    0.035,    0.042,    0.182,    0.013,    0.052,    0.036,    0.042,    0.165,    0.013,
        95,2020091712,    0.045,    0.031,    0.048,    0.159,    0.022,    0.044,    0.030,    0.048,    0.159,    0.026,    0.043,    0.025,    0.036,    0.146,    0.005,    0.043,    0.026,    0.036,    0.154,    0.005,
        95,2020091706,    0.049,    0.030,    0.058,    0.123,    0.071,    0.049,    0.030,    0.057,    0.121,    0.055,    0.044,    0.035,    0.041,    0.101,    0.050,    0.044,    0.034,    0.041,    0.101,    0.050,
        95,2020091700,    0.048,    0.034,    0.050,    0.139,    0.061,    0.048,    0.033,    0.050,    0.171,    0.056,    0.040,    0.027,    0.037,    0.163,    0.051,    0.040,    0.029,    0.037,    0.124,    0.051,
        95,2020091618,    0.049,    0.031,    0.054,    0.129,    0.088,    0.052,    0.030,    0.055,    0.228,    0.087,    0.045,    0.036,    0.039,    0.176,    0.038,    0.045,    0.036,    0.039,    0.117,    0.038,
        95,2020091612,    0.047,    0.036,    0.050,    0.136,    0.025,    0.046,    0.034,    0.049,    0.161,    0.026,    0.040,    0.029,    0.038,    0.143,    0.028,    0.040,    0.030,    0.038,    0.113,    0.028,
        95,2020091606,    0.050,    0.027,    0.059,    0.144,    0.080,    0.049,    0.027,    0.059,    0.148,    0.080,    0.046,    0.037,    0.041,    0.114,    0.055,    0.046,    0.038,    0.041,    0.115,    0.055,
        95,2020091600,    0.047,    0.037,    0.049,    0.136,    0.067,    0.047,    0.034,    0.049,    0.197,    0.070,    0.039,    0.029,    0.036,    0.172,    0.044,    0.039,    0.031,    0.036,    0.132,    0.044,
        95,2020091518,    0.054,    0.029,    0.057,    0.182,    0.098,    0.055,    0.027,    0.057,    0.253,    0.077,    0.051,    0.033,    0.039,    0.189,    0.065,    0.051,    0.035,    0.039,    0.150,    0.065,
        95,2020091512,    0.048,    0.035,    0.050,    0.174,    0.069,    0.047,    0.033,    0.050,    0.216,    0.027,    0.045,    0.028,    0.035,    0.185,    0.061,    0.045,    0.029,    0.035,    0.163,    0.061,
        95,2020091506,    0.052,    0.025,    0.060,    0.183,    0.066,    0.050,    0.024,    0.060,    0.181,    0.068,    0.055,    0.034,    0.041,    0.172,    0.079,    0.055,    0.036,    0.041,    0.173,    0.079,
        95,2020091500,    0.046,    0.033,    0.050,    0.090,    0.014,    0.045,    0.032,    0.049,    0.119,    0.016,    0.037,    0.027,    0.036,    0.115, -999.000,    0.037,    0.028,    0.036,    0.091, -999.000,
        95,2020091418,    0.052,    0.029,    0.055,    0.199,    0.105,    0.056,    0.028,    0.058,    0.247,    0.090,    0.054,    0.034,    0.041,    0.187,    0.045,    0.054,    0.033,    0.041,    0.176,    0.045,
        95,2020091412,    0.048,    0.032,    0.054,    0.134,    0.049,    0.048,    0.032,    0.054,    0.169,    0.046,    0.042,    0.028,    0.039,    0.174,    0.048,    0.042,    0.028,    0.039,    0.153,    0.048,
        95,2020091406,    0.046,    0.026,    0.052,    0.142,    0.078,    0.045,    0.026,    0.052,    0.131,    0.084,    0.046,    0.035,    0.040,    0.137,    0.038,    0.046,    0.035,    0.040,    0.141,    0.038,
        95,2020091400,    0.045,    0.030,    0.049,    0.092,    0.047,    0.046,    0.030,    0.050,    0.137,    0.057,    0.037,    0.027,    0.036,    0.127,    0.048,    0.037,    0.027,    0.036,    0.091,    0.048,
        95,2020091318,    0.052,    0.032,    0.058,    0.150,    0.059,    0.052,    0.029,    0.057,    0.212,    0.067,    0.049,    0.034,    0.042,    0.175,    0.043,    0.049,    0.035,    0.042,    0.150,    0.043,
        95,2020091312,    0.047,    0.032,    0.050,    0.170,    0.044,    0.046,    0.032,    0.050,    0.178,    0.038,    0.043,    0.028,    0.036,    0.163,    0.049,    0.043,    0.029,    0.036,    0.151,    0.049,
        95,2020091306,    0.046,    0.024,    0.053,    0.174,    0.030,    0.045,    0.025,    0.053,    0.137,    0.015,    0.049,    0.033,    0.041,    0.150,    0.031,    0.049,    0.033,    0.041,    0.159,    0.031,
        95,2020091300,    0.043,    0.027,    0.047,    0.100,    0.016,    0.043,    0.027,    0.048,    0.125,    0.047,    0.037,    0.027,    0.033,    0.148,    0.017,    0.037,    0.028,    0.033,    0.107,    0.017,
        95,2020091218,    0.048,    0.028,    0.054,    0.159,    0.080,    0.048,    0.027,    0.054,    0.174,    0.083,    0.048,    0.033,    0.042,    0.166,    0.015,    0.048,    0.031,    0.042,    0.142,    0.015,
        95,2020091212,    0.044,    0.032,    0.047,    0.140,    0.072,    0.043,    0.032,    0.047,    0.143,    0.075,    0.041,    0.029,    0.036,    0.152,    0.006,    0.041,    0.029,    0.036,    0.137,    0.006,
        95,2020091206,    0.045,    0.024,    0.055,    0.118,    0.047,    0.045,    0.024,    0.055,    0.121,    0.038,    0.044,    0.032,    0.041,    0.119,    0.048,    0.044,    0.032,    0.041,    0.112,    0.048,
        95,2020091200,    0.043,    0.030,    0.045,    0.135,    0.077,    0.043,    0.030,    0.046,    0.147,    0.074,    0.041,    0.030,    0.035,    0.177,    0.024,    0.041,    0.031,    0.035,    0.163,    0.024,
        95,2020091118,    0.051,    0.028,    0.059,    0.168,    0.050,    0.051,    0.026,    0.059,    0.218,    0.045,    0.047,    0.031,    0.041,    0.172,    0.055,    0.047,    0.032,    0.041,    0.141,    0.055,
        95,2020091112,    0.043,    0.034,    0.045,    0.140,    0.068,    0.043,    0.034,    0.045,    0.160,    0.067,    0.042,    0.030,    0.037,    0.157,    0.042,    0.042,    0.031,    0.037,    0.143,    0.042,
        95,2020091106,    0.048,    0.025,    0.058,    0.149,    0.035,    0.046,    0.024,    0.057,    0.161,    0.052,    0.047,    0.031,    0.043,    0.175,    0.022,    0.047,    0.034,    0.043,    0.156,    0.022,
        95,2020091100,    0.042,    0.030,    0.044,    0.141, -999.000,    0.042,    0.029,    0.045,    0.126, -999.000,    0.039,    0.029,    0.034,    0.121, -999.000,    0.039,    0.031,    0.034,    0.115, -999.000,
        95,2020091018,    0.052,    0.027,    0.060,    0.146,    0.070,    0.054,    0.026,    0.061,    0.196,    0.068,    0.047,    0.029,    0.042,    0.149,    0.043,    0.047,    0.029,    0.042,    0.135,    0.043,
        95,2020091012,    0.044,    0.031,    0.047,    0.151,    0.013,    0.044,    0.031,    0.047,    0.170,    0.012,    0.041,    0.028,    0.036,    0.168,    0.012,    0.041,    0.028,    0.036,    0.147,    0.012,
        95,2020091006,    0.048,    0.025,    0.061,    0.111,    0.134,    0.048,    0.026,    0.060,    0.135,    0.085,    0.043,    0.031,    0.042,    0.094,    0.012,    0.043,    0.031,    0.042,    0.072,    0.012,
        95,2020091000,    0.045,    0.030,    0.049,    0.110,    0.079,    0.044,    0.029,    0.049,    0.135,    0.096,    0.038,    0.027,    0.036,    0.124,    0.059,    0.038,    0.028,    0.036,    0.101,    0.059,
        95,2020090918,    0.053,    0.030,    0.057,    0.161,    0.094,    0.052,    0.030,    0.057,    0.166,    0.082,    0.047,    0.030,    0.039,    0.144,    0.033,    0.047,    0.029,    0.039,    0.135,    0.033,
        95,2020090912,    0.046,    0.030,    0.050,    0.183,    0.021,    0.045,    0.031,    0.050,    0.187,    0.022,    0.042,    0.027,    0.038,    0.155,    0.014,    0.042,    0.027,    0.038,    0.141,    0.014,
        95,2020090906,    0.048,    0.028,    0.056,    0.133,    0.071,    0.048,    0.028,    0.056,    0.148,    0.087,    0.043,    0.032,    0.040,    0.122,    0.046,    0.043,    0.032,    0.040,    0.108,    0.046,
        95,2020090900,    0.050,    0.036,    0.053,    0.111,    0.067,    0.050,    0.035,    0.053,    0.121,    0.068,    0.039,    0.028,    0.038,    0.094,    0.030,    0.039,    0.030,    0.038,    0.093,    0.030,
        95,2020090818,    0.051,    0.033,    0.058,    0.133,    0.068,    0.053,    0.031,    0.059,    0.220,    0.057,    0.042,    0.030,    0.040,    0.163,    0.026,    0.042,    0.032,    0.040,    0.111,    0.026,
        95,2020090812,    0.048,    0.034,    0.051,    0.148,    0.040,    0.047,    0.034,    0.051,    0.197,    0.033,    0.041,    0.030,    0.038,    0.140,    0.061,    0.041,    0.031,    0.038,    0.120,    0.061,
        95,2020090806,    0.048,    0.028,    0.057,    0.143,    0.042,    0.047,    0.028,    0.057,    0.158,    0.041,    0.044,    0.032,    0.041,    0.151,    0.039,    0.044,    0.033,    0.041,    0.134,    0.039,
        95,2020090800,    0.049,    0.037,    0.051,    0.127,    0.108,    0.048,    0.036,    0.051,    0.137,    0.097,    0.041,    0.029,    0.037,    0.132, -999.000,    0.041,    0.030,    0.037,    0.130, -999.000,
        95,2020090718,    0.054,    0.028,    0.063,    0.198,    0.080,    0.053,    0.026,    0.062,    0.200,    0.073,    0.050,    0.027,    0.042,    0.156,    0.045,    0.050,    0.028,    0.042,    0.164,    0.045,
        95,2020090712,    0.048,    0.037,    0.050,    0.185,    0.036,    0.048,    0.036,    0.050,    0.207,    0.040,    0.043,    0.031,    0.036,    0.156,    0.023,    0.043,    0.033,    0.036,    0.151,    0.023,
        95,2020090706,    0.047,    0.025,    0.059,    0.083,    0.074,    0.046,    0.024,    0.058,    0.107,    0.077,    0.041,    0.028,    0.039,    0.092,    0.032,    0.041,    0.030,    0.039,    0.084,    0.032,
        95,2020090700,    0.048,    0.035,    0.051,    0.128,    0.078,    0.048,    0.035,    0.050,    0.159,    0.077,    0.041,    0.030,    0.035,    0.159,    0.063,    0.041,    0.030,    0.035,    0.146,    0.063,
        95,2020090618,    0.055,    0.028,    0.064,    0.227,    0.052,    0.056,    0.027,    0.064,    0.255,    0.053,    0.051,    0.028,    0.038,    0.159,    0.045,    0.051,    0.029,    0.038,    0.162,    0.045,
        95,2020090612,    0.047,    0.033,    0.048,    0.198,    0.035,    0.045,    0.032,    0.047,    0.189,    0.036,    0.045,    0.027,    0.036,    0.173,    0.043,    0.045,    0.027,    0.036,    0.159,    0.043,
        95,2020090606,    0.049,    0.024,    0.063,    0.138,    0.074,    0.047,    0.024,    0.062,    0.135,    0.061,    0.044,    0.027,    0.039,    0.145,    0.051,    0.044,    0.028,    0.039,    0.146,    0.051,
        95,2020090600,    0.042,    0.030,    0.045,    0.095,    0.047,    0.042,    0.031,    0.044,    0.105,    0.047,    0.037,    0.029,    0.035,    0.120,    0.047,    0.037,    0.028,    0.035,    0.086,    0.047,
        95,2020090518,    0.051,    0.025,    0.059,    0.177,    0.039,    0.052,    0.024,    0.061,    0.203,    0.035,    0.047,    0.027,    0.037,    0.170,    0.034,    0.047,    0.027,    0.037,    0.170,    0.034,
        95,2020090512,    0.045,    0.032,    0.049,    0.136,    0.052,    0.045,    0.031,    0.049,    0.173,    0.033,    0.040,    0.027,    0.036,    0.153,    0.045,    0.040,    0.027,    0.036,    0.127,    0.045,
        95,2020090506,    0.048,    0.027,    0.060,    0.109,    0.063,    0.048,    0.025,    0.061,    0.118,    0.063,    0.044,    0.029,    0.041,    0.128,    0.054,    0.044,    0.032,    0.041,    0.112,    0.054,
        95,2020090500,    0.045,    0.035,    0.047,    0.124,    0.058,    0.047,    0.034,    0.048,    0.165,    0.058,    0.040,    0.031,    0.037,    0.150,    0.035,    0.040,    0.033,    0.037,    0.136,    0.035,
        95,2020090418,    0.050,    0.028,    0.056,    0.205,    0.047,    0.052,    0.028,    0.057,    0.230,    0.047,    0.049,    0.028,    0.039,    0.161,    0.040,    0.049,    0.028,    0.039,    0.163,    0.040,
        95,2020090412,    0.045,    0.033,    0.048,    0.185,    0.048,    0.045,    0.032,    0.048,    0.189,    0.032,    0.046,    0.030,    0.036,    0.148,    0.052,    0.046,    0.031,    0.036,    0.173,    0.052,
        95,2020090406,    0.049,    0.031,    0.056,    0.108,    0.062,    0.048,    0.030,    0.056,    0.117,    0.059,    0.045,    0.033,    0.044,    0.121,    0.054,    0.045,    0.033,    0.044,    0.110,    0.054,
        95,2020090400,    0.047,    0.033,    0.051,    0.110,    0.073,    0.050,    0.032,    0.052,    0.200,    0.073,    0.040,    0.030,    0.036,    0.189,    0.033,    0.040,    0.031,    0.036,    0.128,    0.033,
        95,2020090318,    0.048,    0.033,    0.052,    0.166,    0.045,    0.051,    0.032,    0.054,    0.225,    0.045,    0.048,    0.030,    0.042,    0.190,    0.044,    0.048,    0.031,    0.042,    0.166,    0.044,
        95,2020090312,    0.048,    0.035,    0.050,    0.177,    0.041,    0.048,    0.034,    0.051,    0.168,    0.056,    0.049,    0.030,    0.036,    0.180,    0.034,    0.049,    0.031,    0.036,    0.193,    0.034,
        95,2020090306,    0.046,    0.028,    0.054,    0.110,    0.059,    0.046,    0.028,    0.055,    0.142,    0.056,    0.043,    0.029,    0.040,    0.149,    0.040,    0.043,    0.031,    0.040,    0.142,    0.040,
        95,2020090300,    0.048,    0.032,    0.050,    0.130,    0.060,    0.049,    0.032,    0.051,    0.179,    0.053,    0.045,    0.029,    0.036,    0.182,    0.038,    0.045,    0.031,    0.036,    0.160,    0.038,
        95,2020090218,    0.050,    0.030,    0.056,    0.171,    0.054,    0.054,    0.029,    0.056,    0.262,    0.043,    0.051,    0.031,    0.042,    0.179,    0.049,    0.051,    0.031,    0.042,    0.156,    0.049,
        95,2020090212,    0.045,    0.030,    0.047,    0.187,    0.005,    0.044,    0.030,    0.047,    0.186,    0.002,    0.046,    0.027,    0.037,    0.146, -999.000,    0.046,    0.028,    0.037,    0.144, -999.000,
        95,2020090206,    0.045,    0.027,    0.055,    0.064,    0.068,    0.044,    0.026,    0.055,    0.099,    0.059,    0.040,    0.031,    0.039,    0.103,    0.052,    0.040,    0.032,    0.039,    0.074,    0.052,
        95,2020090200,    0.049,    0.032,    0.052,    0.122,    0.005,    0.050,    0.031,    0.053,    0.151, -999.000,    0.045,    0.027,    0.038,    0.145, -999.000,    0.045,    0.028,    0.038,    0.136, -999.000,
        95,2020090118,    0.052,    0.029,    0.059,    0.164,    0.080,    0.053,    0.028,    0.058,    0.212,    0.063,    0.049,    0.029,    0.040,    0.153,    0.061,    0.049,    0.030,    0.040,    0.137,    0.061,
        95,2020090112,    0.044,    0.036,    0.045,    0.112,    0.017,    0.045,    0.035,    0.046,    0.152,    0.020,    0.038,    0.028,    0.036,    0.129,    0.010,    0.038,    0.029,    0.036,    0.105,    0.010,
        95,2020090106,    0.048,    0.027,    0.060,    0.110,    0.076,    0.047,    0.025,    0.060,    0.111,    0.078,    0.041,    0.028,    0.039,    0.091,    0.043,    0.041,    0.030,    0.039,    0.084,    0.043,
        95,2020090100,    0.042,    0.037,    0.043,    0.081,    0.057,    0.044,    0.036,    0.044,    0.122,    0.057,    0.033,    0.028,    0.032,    0.131,    0.054,    0.033,    0.030,    0.032,    0.073,    0.054,
        95,2020083118,    0.049,    0.030,    0.056,    0.139,    0.060,    0.050,    0.028,    0.057,    0.167,    0.052,    0.042,    0.028,    0.036,    0.149,    0.055,    0.042,    0.029,    0.036,    0.119,    0.055,
        95,2020083112,    0.046,    0.039,    0.047,    0.103,    0.066,    0.046,    0.038,    0.048,    0.122,    0.068,    0.036,    0.029,    0.033,    0.125,    0.043,    0.036,    0.029,    0.033,    0.107,    0.043,
        95,2020083106,    0.044,    0.023,    0.055,    0.091,    0.066,    0.042,    0.022,    0.054,    0.076,    0.066,    0.039,    0.027,    0.035,    0.072,    0.046,    0.039,    0.028,    0.035,    0.095,    0.046,
        95,2020083100,    0.041,    0.034,    0.043,    0.070,    0.075,    0.043,    0.034,    0.044,    0.111,    0.072,    0.033,    0.029,    0.032,    0.124,    0.052,    0.033,    0.029,    0.032,    0.075,    0.052,
        95,2020083018,    0.047,    0.028,    0.052,    0.144,    0.092,    0.049,    0.027,    0.052,    0.174,    0.091,    0.042,    0.026,    0.034,    0.146,    0.012,    0.042,    0.027,    0.034,    0.135,    0.012,
        95,2020083012,    0.042,    0.033,    0.042,    0.135,    0.020,    0.042,    0.032,    0.043,    0.140,    0.020,    0.040,    0.025,    0.031,    0.138,    0.001,    0.040,    0.026,    0.031,    0.133,    0.001,
        95,2020083006,    0.040,    0.020,    0.050,    0.112,    0.025,    0.040,    0.020,    0.051,    0.113,    0.027,    0.043,    0.026,    0.035,    0.122,    0.028,    0.043,    0.026,    0.035,    0.118,    0.028,
        95,2020083000,    0.038,    0.027,    0.043,    0.056,    0.038,    0.038,    0.027,    0.043,    0.059,    0.038,    0.030,    0.025,    0.029,    0.054,    0.027,    0.030,    0.026,    0.029,    0.049,    0.027,
