       412,2020092000,    0.110,    0.132,    0.102,    0.099, -999.000,    0.115,    0.131,    0.109,    0.094, -999.000,    0.129,    0.136,    0.125,    0.126, -999.000,    0.129,    0.138,    0.125,    0.121, -999.000,
       412,2020091918,    0.121,    0.106,    0.123,    0.164, -999.000,    0.116,    0.103,    0.122,    0.133, -999.000,    0.134,    0.127,    0.133,    0.140, -999.000,    0.134,    0.129,    0.133,    0.148, -999.000,
       412,2020091912,    0.113,    0.129,    0.108,    0.101, -999.000,    0.118,    0.127,    0.117,    0.064, -999.000,    0.133,    0.141,    0.129,    0.104, -999.000,    0.133,    0.141,    0.129,    0.136, -999.000,
       412,2020091906,    0.110,    0.143,    0.096,    0.118,    0.047,    0.121,    0.151,    0.102,    0.175,    0.062,    0.130,    0.147,    0.118,    0.167,    0.071,    0.130,    0.149,    0.118,    0.141,    0.071,
       412,2020091900,    0.106,    0.123,    0.096,    0.098, -999.000,    0.107,    0.130,    0.088,    0.106, -999.000,    0.130,    0.142,    0.125,    0.117, -999.000,    0.130,    0.137,    0.125,    0.121, -999.000,
       412,2020091818,    0.110,    0.110,    0.106,    0.156,    0.045,    0.119,    0.115,    0.119,    0.132,    0.205,    0.129,    0.130,    0.128,    0.154,    0.031,    0.129,    0.126,    0.128,    0.145,    0.031,
       412,2020091812,    0.129,    0.165,    0.118,    0.123, -999.000,    0.139,    0.152,    0.135,    0.112, -999.000,    0.140,    0.149,    0.134,    0.140, -999.000,    0.140,    0.149,    0.134,    0.152, -999.000,
       412,2020091806,    0.127,    0.133,    0.128,    0.080,    0.374,    0.138,    0.144,    0.136,    0.103, -999.000,    0.134,    0.143,    0.132,    0.132, -999.000,    0.134,    0.140,    0.132,    0.112, -999.000,
       412,2020091800,    0.119,    0.122,    0.118,    0.112, -999.000,    0.121,    0.122,    0.113,    0.170, -999.000,    0.133,    0.132,    0.138,    0.144, -999.000,    0.133,    0.128,    0.138,    0.136, -999.000,
       412,2020091718,    0.114,    0.106,    0.128,    0.068, -999.000,    0.124,    0.112,    0.137,    0.081, -999.000,    0.132,    0.127,    0.138,    0.109, -999.000,    0.132,    0.126,    0.138,    0.111, -999.000,
       412,2020091712,    0.132,    0.158,    0.125,    0.126, -999.000,    0.127,    0.145,    0.121,    0.109, -999.000,    0.141,    0.146,    0.138,    0.128, -999.000,    0.141,    0.150,    0.138,    0.136, -999.000,
       412,2020091706,    0.113,    0.122,    0.107,    0.118, -999.000,    0.121,    0.130,    0.112,    0.131, -999.000,    0.131,    0.142,    0.127,    0.159, -999.000,    0.131,    0.136,    0.127,    0.132, -999.000,
       412,2020091700,    0.115,    0.100,    0.116,    0.162, -999.000,    0.110,    0.101,    0.115,    0.099, -999.000,    0.137,    0.134,    0.133,    0.116, -999.000,    0.137,    0.136,    0.133,    0.171, -999.000,
       412,2020091618,    0.103,    0.090,    0.119,    0.089,    0.065,    0.109,    0.104,    0.108,    0.148,    0.042,    0.124,    0.122,    0.134,    0.172,    0.033,    0.124,    0.109,    0.134,    0.130,    0.033,
       412,2020091612,    0.112,    0.134,    0.103,    0.140, -999.000,    0.119,    0.132,    0.113,    0.130, -999.000,    0.135,    0.144,    0.130,    0.181, -999.000,    0.135,    0.147,    0.130,    0.145, -999.000,
       412,2020091606,    0.129,    0.130,    0.132,    0.087,    0.417,    0.135,    0.129,    0.138,    0.140,    0.417,    0.137,    0.134,    0.138,    0.159, -999.000,    0.137,    0.138,    0.138,    0.105, -999.000,
       412,2020091600,    0.105,    0.095,    0.110,    0.102,    0.066,    0.114,    0.094,    0.123,    0.129,    0.066,    0.127,    0.124,    0.128,    0.144, -999.000,    0.127,    0.123,    0.128,    0.127, -999.000,
       412,2020091518,    0.105,    0.120,    0.095,    0.106, -999.000,    0.121,    0.127,    0.113,    0.143, -999.000,    0.134,    0.144,    0.128,    0.168, -999.000,    0.134,    0.140,    0.128,    0.141, -999.000,
       412,2020091512,    0.111,    0.109,    0.112,    0.111, -999.000,    0.123,    0.111,    0.129,    0.113,    0.360,    0.129,    0.118,    0.131,    0.147, -999.000,    0.129,    0.121,    0.131,    0.132, -999.000,
       412,2020091506,    0.114,    0.145,    0.091,    0.100, -999.000,    0.133,    0.161,    0.112,    0.095, -999.000,    0.139,    0.152,    0.127,    0.114, -999.000,    0.139,    0.152,    0.127,    0.122, -999.000,
       412,2020091500,    0.115,    0.107,    0.113,    0.197, -999.000,    0.116,    0.115,    0.113,    0.160, -999.000,    0.135,    0.138,    0.131,    0.151, -999.000,    0.135,    0.131,    0.131,    0.174, -999.000,
       412,2020091418,    0.105,    0.101,    0.107,    0.103,    0.229,    0.103,    0.111,    0.097,    0.110,    0.004,    0.132,    0.139,    0.136,    0.139, -999.000,    0.132,    0.126,    0.136,    0.131, -999.000,
       412,2020091412,    0.114,    0.094,    0.124,    0.052, -999.000,    0.126,    0.110,    0.133,    0.134, -999.000,    0.134,    0.134,    0.137,    0.143, -999.000,    0.134,    0.126,    0.137,    0.089, -999.000,
       412,2020091406,    0.116,    0.132,    0.109,    0.118, -999.000,    0.124,    0.136,    0.114,    0.163,    0.012,    0.141,    0.154,    0.137,    0.158, -999.000,    0.141,    0.151,    0.137,    0.136, -999.000,
       412,2020091400,    0.116,    0.119,    0.112,    0.116,    0.417,    0.114,    0.122,    0.108,    0.102,    0.209,    0.131,    0.142,    0.126,    0.118, -999.000,    0.131,    0.137,    0.126,    0.120, -999.000,
       412,2020091318,    0.127,    0.148,    0.114,    0.129,    0.454,    0.134,    0.142,    0.129,    0.127,    0.454,    0.143,    0.150,    0.137,    0.137, -999.000,    0.143,    0.155,    0.137,    0.129, -999.000,
       412,2020091312,    0.129,    0.130,    0.132,    0.092, -999.000,    0.131,    0.119,    0.138,    0.115, -999.000,    0.143,    0.135,    0.143,    0.142, -999.000,    0.143,    0.148,    0.143,    0.119, -999.000,
       412,2020091306,    0.118,    0.142,    0.101,    0.153, -999.000,    0.128,    0.155,    0.113,    0.115, -999.000,    0.139,    0.155,    0.130,    0.139, -999.000,    0.139,    0.149,    0.130,    0.148, -999.000,
       412,2020091300,    0.125,    0.145,    0.108,    0.139, -999.000,    0.123,    0.130,    0.107,    0.155, -999.000,    0.147,    0.143,    0.144,    0.152, -999.000,    0.147,    0.150,    0.144,    0.146, -999.000,
       412,2020091218,    0.121,    0.128,    0.119,    0.099,    0.002,    0.124,    0.126,    0.120,    0.159, -999.000,    0.138,    0.139,    0.134,    0.151, -999.000,    0.138,    0.145,    0.134,    0.149, -999.000,
       412,2020091212,    0.130,    0.147,    0.121,    0.127, -999.000,    0.136,    0.148,    0.129,    0.135, -999.000,    0.140,    0.148,    0.133,    0.157, -999.000,    0.140,    0.148,    0.133,    0.145, -999.000,
       412,2020091206,    0.131,    0.150,    0.124,    0.089,    0.084,    0.130,    0.147,    0.123,    0.089,    0.123,    0.145,    0.154,    0.139,    0.131,    0.130,    0.145,    0.154,    0.139,    0.131,    0.130,
       412,2020091200,    0.119,    0.121,    0.115,    0.143,    0.170,    0.114,    0.110,    0.114,    0.145,    0.218,    0.134,    0.141,    0.133,    0.151, -999.000,    0.134,    0.135,    0.133,    0.139, -999.000,
       412,2020091118,    0.127,    0.101,    0.149,    0.103, -999.000,    0.125,    0.101,    0.144,    0.126, -999.000,    0.140,    0.126,    0.151,    0.136, -999.000,    0.140,    0.123,    0.151,    0.115, -999.000,
       412,2020091112,    0.127,    0.135,    0.126,    0.095,    0.009,    0.138,    0.150,    0.133,    0.110, -999.000,    0.147,    0.161,    0.146,    0.136, -999.000,    0.147,    0.156,    0.146,    0.113, -999.000,
       412,2020091106,    0.132,    0.152,    0.119,    0.095,    0.175,    0.139,    0.166,    0.120,    0.117,    0.175,    0.142,    0.151,    0.138,    0.153, -999.000,    0.142,    0.146,    0.138,    0.145, -999.000,
       412,2020091100,    0.128,    0.120,    0.137,    0.085, -999.000,    0.133,    0.112,    0.146,    0.134, -999.000,    0.144,    0.144,    0.147,    0.134, -999.000,    0.144,    0.143,    0.147,    0.112, -999.000,
       412,2020091018,    0.109,    0.139,    0.094,    0.091, -999.000,    0.120,    0.135,    0.112,    0.111, -999.000,    0.138,    0.154,    0.124,    0.134, -999.000,    0.138,    0.158,    0.124,    0.112, -999.000,
       412,2020091012,    0.119,    0.150,    0.109,    0.104,    0.460,    0.133,    0.143,    0.130,    0.100,    0.460,    0.143,    0.148,    0.139,    0.134, -999.000,    0.143,    0.150,    0.139,    0.150, -999.000,
       412,2020091006,    0.139,    0.155,    0.123,    0.168, -999.000,    0.152,    0.170,    0.132,    0.175, -999.000,    0.152,    0.163,    0.143,    0.197, -999.000,    0.152,    0.156,    0.143,    0.180, -999.000,
       412,2020091000,    0.115,    0.124,    0.109,    0.145, -999.000,    0.121,    0.120,    0.121,    0.139, -999.000,    0.145,    0.143,    0.144,    0.171, -999.000,    0.145,    0.144,    0.144,    0.166, -999.000,
       412,2020090918,    0.129,    0.130,    0.119,    0.172,    0.172,    0.128,    0.124,    0.128,    0.142,    0.311,    0.144,    0.142,    0.136,    0.153,    0.197,    0.144,    0.146,    0.136,    0.167,    0.197,
       412,2020090912,    0.133,    0.112,    0.145,    0.100, -999.000,    0.136,    0.113,    0.148,    0.114, -999.000,    0.146,    0.140,    0.150,    0.169, -999.000,    0.146,    0.136,    0.150,    0.143, -999.000,
       412,2020090906,    0.131,    0.133,    0.128,    0.174, -999.000,    0.130,    0.138,    0.123,    0.163, -999.000,    0.149,    0.150,    0.151,    0.150, -999.000,    0.149,    0.146,    0.151,    0.149, -999.000,
       412,2020090900,    0.130,    0.145,    0.120,    0.147, -999.000,    0.125,    0.150,    0.110,    0.094,    0.386,    0.150,    0.157,    0.146,    0.108, -999.000,    0.150,    0.153,    0.146,    0.166, -999.000,
       412,2020090818,    0.128,    0.131,    0.123,    0.165, -999.000,    0.127,    0.128,    0.124,    0.148, -999.000,    0.150,    0.145,    0.149,    0.165, -999.000,    0.150,    0.150,    0.149,    0.151, -999.000,
       412,2020090812,    0.122,    0.136,    0.116,    0.111, -999.000,    0.123,    0.140,    0.114,    0.115, -999.000,    0.139,    0.150,    0.134,    0.159, -999.000,    0.139,    0.148,    0.134,    0.142, -999.000,
       412,2020090806,    0.129,    0.150,    0.122,    0.082,    0.162,    0.138,    0.150,    0.133,    0.102,    0.162,    0.149,    0.164,    0.146,    0.155, -999.000,    0.149,    0.157,    0.146,    0.126, -999.000,
       412,2020090800,    0.133,    0.169,    0.101,    0.149,    0.002,    0.142,    0.165,    0.112,    0.176,    0.237,    0.147,    0.164,    0.126,    0.157, -999.000,    0.147,    0.161,    0.126,    0.143, -999.000,
       412,2020090718,    0.121,    0.128,    0.118,    0.119, -999.000,    0.136,    0.150,    0.129,    0.127, -999.000,    0.148,    0.163,    0.150,    0.143, -999.000,    0.148,    0.149,    0.150,    0.133, -999.000,
       412,2020090712,    0.142,    0.153,    0.140,    0.125, -999.000,    0.146,    0.152,    0.146,    0.104, -999.000,    0.151,    0.159,    0.147,    0.138, -999.000,    0.151,    0.159,    0.147,    0.155, -999.000,
       412,2020090706,    0.137,    0.167,    0.120,    0.097,    0.481,    0.144,    0.159,    0.134,    0.118,    0.339,    0.151,    0.157,    0.141,    0.138, -999.000,    0.151,    0.160,    0.141,    0.133, -999.000,
       412,2020090700,    0.116,    0.121,    0.114,    0.108, -999.000,    0.113,    0.115,    0.106,    0.134, -999.000,    0.142,    0.150,    0.132,    0.146, -999.000,    0.142,    0.155,    0.132,    0.138, -999.000,
       412,2020090618,    0.117,    0.137,    0.107,    0.086,    0.407,    0.128,    0.144,    0.119,    0.118, -999.000,    0.143,    0.153,    0.140,    0.148, -999.000,    0.143,    0.148,    0.140,    0.128, -999.000,
       412,2020090612,    0.136,    0.163,    0.131,    0.109, -999.000,    0.137,    0.157,    0.130,    0.124, -999.000,    0.152,    0.164,    0.149,    0.159, -999.000,    0.152,    0.161,    0.149,    0.146, -999.000,
       412,2020090606,    0.138,    0.165,    0.120,    0.119, -999.000,    0.146,    0.165,    0.129,    0.167, -999.000,    0.154,    0.166,    0.144,    0.187, -999.000,    0.154,    0.165,    0.144,    0.139, -999.000,
       412,2020090600,    0.140,    0.127,    0.153,    0.108,    0.000,    0.139,    0.128,    0.149,    0.124,    0.000,    0.155,    0.160,    0.156,    0.152, -999.000,    0.155,    0.152,    0.156,    0.150, -999.000,
       412,2020090518,    0.139,    0.149,    0.126,    0.160, -999.000,    0.141,    0.150,    0.135,    0.109, -999.000,    0.157,    0.151,    0.159,    0.151, -999.000,    0.157,    0.151,    0.159,    0.180, -999.000,
       412,2020090512,    0.126,    0.149,    0.122,    0.103,    0.056,    0.141,    0.147,    0.141,    0.098, -999.000,    0.150,    0.156,    0.148,    0.130, -999.000,    0.150,    0.159,    0.148,    0.122, -999.000,
       412,2020090506,    0.158,    0.171,    0.150,    0.128,    0.313,    0.166,    0.180,    0.156,    0.130,    0.313,    0.169,    0.172,    0.169,    0.184, -999.000,    0.169,    0.172,    0.169,    0.139, -999.000,
       412,2020090500,    0.118,    0.103,    0.121,    0.183, -999.000,    0.114,    0.105,    0.116,    0.155, -999.000,    0.151,    0.141,    0.154,    0.164, -999.000,    0.151,    0.138,    0.154,    0.169, -999.000,
       412,2020090418,    0.139,    0.145,    0.136,    0.117, -999.000,    0.155,    0.156,    0.157,    0.136, -999.000,    0.158,    0.165,    0.155,    0.156, -999.000,    0.158,    0.165,    0.155,    0.139, -999.000,
       412,2020090412,    0.133,    0.111,    0.142,    0.124, -999.000,    0.143,    0.127,    0.147,    0.190, -999.000,    0.154,    0.154,    0.157,    0.178, -999.000,    0.154,    0.148,    0.157,    0.153, -999.000,
       412,2020090406,    0.134,    0.135,    0.130,    0.169, -999.000,    0.145,    0.166,    0.122,    0.184, -999.000,    0.155,    0.169,    0.152,    0.166, -999.000,    0.155,    0.158,    0.152,    0.170, -999.000,
       412,2020090400,    0.125,    0.132,    0.115,    0.197,    0.500,    0.127,    0.137,    0.114,    0.202, -999.000,    0.145,    0.155,    0.142,    0.162, -999.000,    0.145,    0.144,    0.142,    0.161, -999.000,
       412,2020090318,    0.141,    0.137,    0.145,    0.129, -999.000,    0.135,    0.134,    0.139,    0.120,    0.009,    0.161,    0.153,    0.164,    0.141, -999.000,    0.161,    0.157,    0.164,    0.153, -999.000,
       412,2020090312,    0.128,    0.130,    0.127,    0.134,    0.090,    0.143,    0.149,    0.138,    0.165, -999.000,    0.153,    0.160,    0.152,    0.178, -999.000,    0.153,    0.154,    0.152,    0.165, -999.000,
       412,2020090306,    0.147,    0.176,    0.131,    0.153,    0.000,    0.157,    0.178,    0.138,    0.195,    0.000,    0.162,    0.172,    0.151,    0.176, -999.000,    0.162,    0.175,    0.151,    0.180, -999.000,
       412,2020090300,    0.143,    0.145,    0.142,    0.145,    0.030,    0.153,    0.156,    0.149,    0.155, -999.000,    0.164,    0.170,    0.164,    0.153, -999.000,    0.164,    0.162,    0.164,    0.172, -999.000,
       412,2020090218,    0.151,    0.164,    0.136,    0.176,    0.277,    0.151,    0.161,    0.149,    0.121,    0.277,    0.165,    0.171,    0.154,    0.153,    0.345,    0.165,    0.175,    0.154,    0.170,    0.345,
       412,2020090212,    0.135,    0.141,    0.138,    0.086, -999.000,    0.150,    0.155,    0.155,    0.072, -999.000,    0.158,    0.175,    0.156,    0.122, -999.000,    0.158,    0.163,    0.156,    0.148, -999.000,
       412,2020090206,    0.142,    0.167,    0.131,    0.127,    0.348,    0.148,    0.181,    0.127,    0.178,    0.170,    0.163,    0.182,    0.156,    0.171,    0.251,    0.163,    0.177,    0.156,    0.124,    0.251,
       412,2020090200,    0.127,    0.160,    0.106,    0.123, -999.000,    0.139,    0.169,    0.112,    0.138, -999.000,    0.153,    0.175,    0.143,    0.166, -999.000,    0.153,    0.169,    0.143,    0.132, -999.000,
       412,2020090118,    0.143,    0.150,    0.138,    0.143,    0.004,    0.150,    0.166,    0.145,    0.107, -999.000,    0.159,    0.172,    0.155,    0.150, -999.000,    0.159,    0.159,    0.155,    0.179, -999.000,
       412,2020090112,    0.140,    0.151,    0.134,    0.164,    0.528,    0.141,    0.171,    0.132,    0.100,    0.528,    0.162,    0.169,    0.160,    0.126, -999.000,    0.162,    0.160,    0.160,    0.179, -999.000,
       412,2020090106,    0.135,    0.172,    0.121,    0.105,    0.000,    0.153,    0.180,    0.135,    0.164,    0.000,    0.157,    0.171,    0.147,    0.199, -999.000,    0.157,    0.172,    0.147,    0.160, -999.000,
       412,2020090100,    0.127,    0.119,    0.125,    0.180, -999.000,    0.136,    0.130,    0.131,    0.187, -999.000,    0.158,    0.167,    0.152,    0.160, -999.000,    0.158,    0.163,    0.152,    0.175, -999.000,
       412,2020083118,    0.132,    0.144,    0.116,    0.137,    0.060,    0.145,    0.154,    0.138,    0.135,    0.031,    0.155,    0.170,    0.149,    0.151, -999.000,    0.155,    0.164,    0.149,    0.138, -999.000,
       412,2020083112,    0.147,    0.147,    0.142,    0.190,    0.303,    0.152,    0.165,    0.145,    0.161,    0.061,    0.176,    0.184,    0.172,    0.182,    0.342,    0.176,    0.180,    0.172,    0.194,    0.342,
       412,2020083106,    0.157,    0.177,    0.146,    0.167, -999.000,    0.164,    0.178,    0.149,    0.206, -999.000,    0.176,    0.185,    0.169,    0.178, -999.000,    0.176,    0.183,    0.169,    0.197, -999.000,
       412,2020083100,    0.149,    0.141,    0.147,    0.202,    0.059,    0.146,    0.130,    0.148,    0.206,    0.045,    0.166,    0.155,    0.167,    0.186, -999.000,    0.166,    0.158,    0.167,    0.195, -999.000,
       412,2020083018,    0.152,    0.157,    0.143,    0.168,    0.191,    0.158,    0.171,    0.145,    0.146, -999.000,    0.164,    0.171,    0.158,    0.187,    0.240,    0.164,    0.165,    0.158,    0.183,    0.240,
       412,2020083012,    0.145,    0.136,    0.147,    0.154, -999.000,    0.158,    0.161,    0.155,    0.186, -999.000,    0.175,    0.183,    0.174,    0.200, -999.000,    0.175,    0.175,    0.174,    0.182, -999.000,
       412,2020083006,    0.165,    0.221,    0.133,    0.250,    0.203,    0.170,    0.249,    0.143,    0.245,    0.348,    0.183,    0.187,    0.168,    0.213,    0.204,    0.183,    0.190,    0.168,    0.202,    0.204,
       412,2020083000,    0.143, -999.000,    0.143, -999.000, -999.000,    0.164, -999.000,    0.163,    0.287, -999.000,    0.167, -999.000,    0.167,    0.384, -999.000,    0.167, -999.000,    0.167, -999.000, -999.000,
