       393,2020092000,    0.234,    0.267,    0.230,    0.213, -999.000,    0.251,    0.267,    0.250,    0.206, -999.000,    0.191,    0.196,    0.189,    0.214, -999.000,    0.191,    0.199,    0.189,    0.194, -999.000,
       393,2020091918,    0.242,    0.231,    0.241,    0.311,    0.230,    0.242,    0.225,    0.246,    0.252,    0.230,    0.191,    0.182,    0.191,    0.201,    0.107,    0.191,    0.187,    0.191,    0.209,    0.107,
       393,2020091912,    0.237,    0.247,    0.235,    0.219,    0.584,    0.246,    0.246,    0.249,    0.165, -999.000,    0.190,    0.197,    0.188,    0.159, -999.000,    0.190,    0.198,    0.188,    0.191, -999.000,
       393,2020091906,    0.240,    0.277,    0.232,    0.242,    0.142,    0.258,    0.284,    0.251,    0.272,    0.183,    0.189,    0.203,    0.184,    0.221,    0.157,    0.189,    0.205,    0.184,    0.189,    0.157,
       393,2020091900,    0.232,    0.251,    0.230,    0.221, -999.000,    0.237,    0.259,    0.234,    0.235, -999.000,    0.187,    0.196,    0.186,    0.182, -999.000,    0.187,    0.196,    0.186,    0.193, -999.000,
       393,2020091818,    0.239,    0.238,    0.236,    0.307,    0.184,    0.242,    0.244,    0.241,    0.245,    0.347,    0.192,    0.184,    0.194,    0.219,    0.068,    0.192,    0.182,    0.194,    0.211,    0.068,
       393,2020091812,    0.247,    0.305,    0.238,    0.229, -999.000,    0.260,    0.284,    0.255,    0.239, -999.000,    0.193,    0.194,    0.191,    0.195, -999.000,    0.193,    0.191,    0.191,    0.215, -999.000,
       393,2020091806,    0.252,    0.265,    0.251,    0.191,    0.393,    0.268,    0.284,    0.264,    0.209,    0.569,    0.192,    0.195,    0.192,    0.183,    0.228,    0.192,    0.193,    0.192,    0.170,    0.228,
       393,2020091800,    0.240,    0.260,    0.237,    0.236, -999.000,    0.247,    0.253,    0.244,    0.308, -999.000,    0.187,    0.187,    0.188,    0.199, -999.000,    0.187,    0.178,    0.188,    0.186, -999.000,
       393,2020091718,    0.240,    0.222,    0.252,    0.168, -999.000,    0.255,    0.235,    0.265,    0.202, -999.000,    0.190,    0.185,    0.192,    0.169, -999.000,    0.190,    0.183,    0.192,    0.179, -999.000,
       393,2020091712,    0.239,    0.273,    0.233,    0.240, -999.000,    0.240,    0.267,    0.235,    0.231, -999.000,    0.191,    0.198,    0.188,    0.180, -999.000,    0.191,    0.203,    0.188,    0.197, -999.000,
       393,2020091706,    0.236,    0.245,    0.232,    0.249,    0.267,    0.250,    0.258,    0.247,    0.246,    0.169,    0.186,    0.197,    0.185,    0.215,    0.098,    0.186,    0.189,    0.185,    0.185,    0.098,
       393,2020091700,    0.233,    0.205,    0.234,    0.299, -999.000,    0.237,    0.207,    0.241,    0.233, -999.000,    0.188,    0.194,    0.185,    0.187, -999.000,    0.188,    0.196,    0.185,    0.220, -999.000,
       393,2020091618,    0.237,    0.204,    0.249,    0.179,    0.222,    0.243,    0.221,    0.249,    0.275,    0.104,    0.187,    0.178,    0.190,    0.225,    0.057,    0.187,    0.167,    0.190,    0.190,    0.057,
       393,2020091612,    0.229,    0.248,    0.222,    0.277, -999.000,    0.234,    0.253,    0.229,    0.217,    0.529,    0.187,    0.192,    0.185,    0.229, -999.000,    0.187,    0.194,    0.185,    0.182, -999.000,
       393,2020091606,    0.243,    0.254,    0.239,    0.228,    0.354,    0.256,    0.258,    0.256,    0.244,    0.379,    0.185,    0.183,    0.185,    0.203,    0.195,    0.185,    0.188,    0.185,    0.150,    0.195,
       393,2020091600,    0.232,    0.205,    0.235,    0.233,    0.226,    0.242,    0.205,    0.248,    0.243,    0.226,    0.184,    0.179,    0.185,    0.197, -999.000,    0.184,    0.180,    0.185,    0.185, -999.000,
       393,2020091518,    0.223,    0.232,    0.221,    0.216, -999.000,    0.233,    0.246,    0.228,    0.254, -999.000,    0.188,    0.197,    0.186,    0.214, -999.000,    0.188,    0.195,    0.186,    0.195, -999.000,
       393,2020091512,    0.228,    0.225,    0.229,    0.231,    0.344,    0.242,    0.235,    0.246,    0.191,    0.552,    0.184,    0.172,    0.186,    0.185, -999.000,    0.184,    0.174,    0.186,    0.187, -999.000,
       393,2020091506,    0.221,    0.267,    0.206,    0.215,    0.086,    0.241,    0.292,    0.223,    0.203,    0.091,    0.189,    0.197,    0.184,    0.173,    0.007,    0.189,    0.200,    0.184,    0.177,    0.007,
       393,2020091500,    0.240,    0.224,    0.240,    0.326, -999.000,    0.245,    0.231,    0.246,    0.292, -999.000,    0.186,    0.187,    0.185,    0.197, -999.000,    0.186,    0.182,    0.185,    0.217, -999.000,
       393,2020091418,    0.213,    0.220,    0.210,    0.234,    0.417,    0.215,    0.223,    0.213,    0.222,    0.052,    0.181,    0.186,    0.181,    0.198, -999.000,    0.181,    0.177,    0.181,    0.189, -999.000,
       393,2020091412,    0.227,    0.192,    0.236,    0.176, -999.000,    0.242,    0.218,    0.248,    0.267, -999.000,    0.185,    0.185,    0.186,    0.179, -999.000,    0.185,    0.178,    0.186,    0.160, -999.000,
       393,2020091406,    0.216,    0.246,    0.209,    0.220, -999.000,    0.234,    0.252,    0.227,    0.290,    0.095,    0.185,    0.199,    0.182,    0.202, -999.000,    0.185,    0.197,    0.182,    0.191, -999.000,
       393,2020091400,    0.236,    0.230,    0.237,    0.223,    0.558,    0.244,    0.233,    0.246,    0.223,    0.289,    0.185,    0.193,    0.185,    0.193, -999.000,    0.185,    0.190,    0.185,    0.183, -999.000,
       393,2020091318,    0.240,    0.261,    0.232,    0.258,    0.579,    0.249,    0.260,    0.245,    0.235,    0.447,    0.186,    0.194,    0.183,    0.180, -999.000,    0.186,    0.199,    0.183,    0.167, -999.000,
       393,2020091312,    0.229,    0.238,    0.228,    0.188,    0.009,    0.238,    0.232,    0.241,    0.212,    0.009,    0.185,    0.179,    0.184,    0.181, -999.000,    0.185,    0.193,    0.184,    0.154, -999.000,
       393,2020091306,    0.223,    0.256,    0.210,    0.276, -999.000,    0.239,    0.273,    0.225,    0.249, -999.000,    0.188,    0.203,    0.183,    0.196, -999.000,    0.188,    0.200,    0.183,    0.192, -999.000,
       393,2020091300,    0.225,    0.266,    0.218,    0.261, -999.000,    0.234,    0.247,    0.230,    0.287, -999.000,    0.187,    0.188,    0.185,    0.193, -999.000,    0.187,    0.191,    0.185,    0.197, -999.000,
       393,2020091218,    0.228,    0.239,    0.226,    0.194,    0.039,    0.246,    0.246,    0.244,    0.272, -999.000,    0.187,    0.183,    0.186,    0.189, -999.000,    0.187,    0.189,    0.186,    0.188, -999.000,
       393,2020091212,    0.235,    0.260,    0.228,    0.230,    0.066,    0.246,    0.264,    0.241,    0.241, -999.000,    0.186,    0.190,    0.185,    0.208, -999.000,    0.186,    0.188,    0.185,    0.179, -999.000,
       393,2020091206,    0.236,    0.264,    0.229,    0.184,    0.148,    0.240,    0.263,    0.235,    0.193,    0.170,    0.191,    0.198,    0.188,    0.194,    0.184,    0.191,    0.199,    0.188,    0.187,    0.184,
       393,2020091200,    0.233,    0.234,    0.231,    0.261,    0.353,    0.243,    0.212,    0.248,    0.238,    0.399,    0.185,    0.188,    0.186,    0.189, -999.000,    0.185,    0.184,    0.186,    0.188, -999.000,
       393,2020091118,    0.232,    0.205,    0.239,    0.218, -999.000,    0.243,    0.205,    0.255,    0.254,    0.150,    0.184,    0.176,    0.187,    0.180, -999.000,    0.184,    0.175,    0.187,    0.159, -999.000,
       393,2020091112,    0.230,    0.234,    0.230,    0.204,    0.352,    0.240,    0.256,    0.235,    0.234,    0.347,    0.187,    0.195,    0.186,    0.186,    0.257,    0.187,    0.196,    0.186,    0.165,    0.257,
       393,2020091106,    0.239,    0.279,    0.229,    0.164,    0.356,    0.249,    0.291,    0.237,    0.168,    0.413,    0.184,    0.186,    0.183,    0.202, -999.000,    0.184,    0.181,    0.183,    0.196, -999.000,
       393,2020091100,    0.239,    0.228,    0.243,    0.184, -999.000,    0.248,    0.211,    0.254,    0.259, -999.000,    0.184,    0.190,    0.185,    0.158, -999.000,    0.184,    0.186,    0.185,    0.155, -999.000,
       393,2020091018,    0.214,    0.244,    0.207,    0.216,    0.272,    0.228,    0.244,    0.224,    0.225,    0.235,    0.182,    0.189,    0.180,    0.173, -999.000,    0.182,    0.198,    0.180,    0.150, -999.000,
       393,2020091012,    0.221,    0.255,    0.214,    0.204,    0.484,    0.239,    0.253,    0.235,    0.222,    0.484,    0.184,    0.184,    0.181,    0.188,    0.122,    0.184,    0.190,    0.181,    0.194,    0.122,
       393,2020091006,    0.240,    0.273,    0.229,    0.260,    0.346,    0.255,    0.289,    0.242,    0.253,    0.346,    0.186,    0.199,    0.181,    0.237, -999.000,    0.186,    0.195,    0.181,    0.219, -999.000,
       393,2020091000,    0.227,    0.234,    0.225,    0.244,    0.484,    0.244,    0.226,    0.248,    0.252, -999.000,    0.187,    0.187,    0.187,    0.219, -999.000,    0.187,    0.185,    0.187,    0.215, -999.000,
       393,2020090918,    0.230,    0.240,    0.225,    0.288,    0.309,    0.231,    0.230,    0.229,    0.252,    0.431,    0.185,    0.183,    0.184,    0.190,    0.224,    0.185,    0.186,    0.184,    0.196,    0.224,
       393,2020090912,    0.238,    0.208,    0.249,    0.188, -999.000,    0.248,    0.217,    0.260,    0.169, -999.000,    0.185,    0.178,    0.187,    0.200, -999.000,    0.185,    0.178,    0.187,    0.171, -999.000,
       393,2020090906,    0.232,    0.246,    0.225,    0.298,    0.289,    0.240,    0.251,    0.235,    0.274,    0.289,    0.186,    0.182,    0.187,    0.192,    0.204,    0.186,    0.182,    0.187,    0.185,    0.204,
       393,2020090900,    0.231,    0.255,    0.226,    0.256,    0.574,    0.243,    0.262,    0.239,    0.225,    0.521,    0.186,    0.192,    0.184,    0.160, -999.000,    0.186,    0.193,    0.184,    0.201, -999.000,
       393,2020090818,    0.227,    0.239,    0.220,    0.322, -999.000,    0.233,    0.234,    0.230,    0.273, -999.000,    0.186,    0.183,    0.184,    0.197, -999.000,    0.186,    0.189,    0.184,    0.189, -999.000,
       393,2020090812,    0.229,    0.249,    0.225,    0.218, -999.000,    0.229,    0.253,    0.223,    0.202, -999.000,    0.180,    0.183,    0.180,    0.202, -999.000,    0.180,    0.180,    0.180,    0.175, -999.000,
       393,2020090806,    0.229,    0.255,    0.223,    0.175,    0.336,    0.245,    0.256,    0.241,    0.179,    0.336,    0.184,    0.200,    0.182,    0.166, -999.000,    0.184,    0.192,    0.182,    0.174, -999.000,
       393,2020090800,    0.229,    0.285,    0.218,    0.277,    0.036,    0.241,    0.278,    0.231,    0.309,    0.304,    0.181,    0.192,    0.179,    0.163, -999.000,    0.181,    0.186,    0.179,    0.162, -999.000,
       393,2020090718,    0.229,    0.237,    0.228,    0.220, -999.000,    0.247,    0.256,    0.246,    0.218, -999.000,    0.190,    0.193,    0.192,    0.183, -999.000,    0.190,    0.184,    0.192,    0.186, -999.000,
       393,2020090712,    0.241,    0.253,    0.240,    0.209, -999.000,    0.252,    0.257,    0.252,    0.205, -999.000,    0.184,    0.193,    0.183,    0.162, -999.000,    0.184,    0.193,    0.183,    0.165, -999.000,
       393,2020090706,    0.236,    0.276,    0.221,    0.187,    0.389,    0.250,    0.273,    0.240,    0.227,    0.349,    0.186,    0.186,    0.183,    0.180,    0.180,    0.186,    0.189,    0.183,    0.182,    0.180,
       393,2020090700,    0.222,    0.213,    0.225,    0.195, -999.000,    0.238,    0.207,    0.243,    0.239, -999.000,    0.184,    0.191,    0.182,    0.196, -999.000,    0.184,    0.195,    0.182,    0.185, -999.000,
       393,2020090618,    0.230,    0.247,    0.229,    0.162,    0.527,    0.239,    0.251,    0.236,    0.228, -999.000,    0.182,    0.187,    0.181,    0.191, -999.000,    0.182,    0.183,    0.181,    0.170, -999.000,
       393,2020090612,    0.232,    0.252,    0.231,    0.189,    0.576,    0.236,    0.252,    0.233,    0.207,    0.576,    0.186,    0.194,    0.184,    0.190, -999.000,    0.186,    0.192,    0.184,    0.188, -999.000,
       393,2020090606,    0.229,    0.274,    0.215,    0.214, -999.000,    0.249,    0.273,    0.239,    0.239, -999.000,    0.184,    0.195,    0.179,    0.218, -999.000,    0.184,    0.192,    0.179,    0.184, -999.000,
       393,2020090600,    0.239,    0.229,    0.243,    0.201,    0.000,    0.245,    0.226,    0.249,    0.231,    0.000,    0.188,    0.191,    0.189,    0.188, -999.000,    0.188,    0.185,    0.189,    0.181, -999.000,
       393,2020090518,    0.238,    0.253,    0.233,    0.248, -999.000,    0.244,    0.256,    0.242,    0.193, -999.000,    0.189,    0.186,    0.189,    0.182, -999.000,    0.189,    0.186,    0.189,    0.210, -999.000,
       393,2020090512,    0.229,    0.261,    0.225,    0.198,    0.100,    0.242,    0.251,    0.242,    0.189,    0.006,    0.184,    0.185,    0.184,    0.167,    0.133,    0.184,    0.187,    0.184,    0.162,    0.133,
       393,2020090506,    0.236,    0.273,    0.223,    0.244,    0.457,    0.249,    0.289,    0.236,    0.211,    0.457,    0.190,    0.191,    0.187,    0.213, -999.000,    0.190,    0.197,    0.187,    0.168, -999.000,
       393,2020090500,    0.219,    0.193,    0.222,    0.308, -999.000,    0.231,    0.195,    0.238,    0.267, -999.000,    0.183,    0.179,    0.184,    0.203, -999.000,    0.183,    0.176,    0.184,    0.184, -999.000,
       393,2020090418,    0.225,    0.240,    0.222,    0.209, -999.000,    0.248,    0.258,    0.244,    0.257, -999.000,    0.187,    0.191,    0.187,    0.177, -999.000,    0.187,    0.191,    0.187,    0.174, -999.000,
       393,2020090412,    0.228,    0.201,    0.236,    0.198,    0.387,    0.241,    0.218,    0.246,    0.275, -999.000,    0.182,    0.179,    0.183,    0.195, -999.000,    0.182,    0.174,    0.183,    0.181, -999.000,
       393,2020090406,    0.225,    0.234,    0.221,    0.267,    0.016,    0.248,    0.271,    0.238,    0.312,    0.010,    0.185,    0.190,    0.184,    0.190, -999.000,    0.185,    0.185,    0.184,    0.196, -999.000,
       393,2020090400,    0.233,    0.237,    0.229,    0.318,    0.576,    0.243,    0.238,    0.239,    0.352, -999.000,    0.182,    0.184,    0.183,    0.156, -999.000,    0.182,    0.175,    0.183,    0.170, -999.000,
       393,2020090318,    0.227,    0.238,    0.224,    0.234,    0.189,    0.231,    0.235,    0.230,    0.244,    0.160,    0.186,    0.180,    0.187,    0.177,    0.188,    0.186,    0.186,    0.187,    0.182,    0.188,
       393,2020090312,    0.220,    0.227,    0.217,    0.229,    0.398,    0.234,    0.250,    0.228,    0.261, -999.000,    0.180,    0.185,    0.180,    0.206,    0.223,    0.180,    0.178,    0.180,    0.197,    0.223,
       393,2020090306,    0.244,    0.273,    0.237,    0.223,    0.000,    0.251,    0.279,    0.238,    0.292,    0.000,    0.187,    0.194,    0.183,    0.180, -999.000,    0.187,    0.197,    0.183,    0.188, -999.000,
       393,2020090300,    0.246,    0.243,    0.246,    0.232,    0.355,    0.254,    0.255,    0.253,    0.254, -999.000,    0.190,    0.186,    0.191,    0.176,    0.307,    0.190,    0.182,    0.191,    0.190,    0.307,
       393,2020090218,    0.246,    0.259,    0.240,    0.269,    0.279,    0.245,    0.255,    0.244,    0.213,    0.279,    0.190,    0.195,    0.188,    0.181,    0.259,    0.190,    0.195,    0.188,    0.190,    0.259,
       393,2020090212,    0.217,    0.230,    0.218,    0.157, -999.000,    0.232,    0.241,    0.234,    0.156, -999.000,    0.179,    0.194,    0.178,    0.146, -999.000,    0.179,    0.184,    0.178,    0.177, -999.000,
       393,2020090206,    0.246,    0.266,    0.238,    0.228,    0.499,    0.253,    0.278,    0.241,    0.272,    0.276,    0.190,    0.197,    0.190,    0.178,    0.145,    0.190,    0.191,    0.190,    0.154,    0.145,
       393,2020090200,    0.229,    0.260,    0.224,    0.226, -999.000,    0.240,    0.266,    0.236,    0.229, -999.000,    0.181,    0.196,    0.180,    0.187, -999.000,    0.181,    0.190,    0.180,    0.166, -999.000,
       393,2020090118,    0.237,    0.251,    0.236,    0.216,    0.025,    0.246,    0.265,    0.246,    0.179,    0.002,    0.185,    0.188,    0.184,    0.171,    0.032,    0.185,    0.185,    0.184,    0.193,    0.032,
       393,2020090112,    0.221,    0.246,    0.216,    0.237,    0.580,    0.232,    0.269,    0.226,    0.184,    0.580,    0.186,    0.190,    0.185,    0.173, -999.000,    0.186,    0.187,    0.185,    0.211, -999.000,
       393,2020090106,    0.228,    0.273,    0.217,    0.187,    0.016,    0.245,    0.286,    0.230,    0.223,    0.016,    0.186,    0.186,    0.182,    0.229, -999.000,    0.186,    0.191,    0.182,    0.195, -999.000,
       393,2020090100,    0.228,    0.200,    0.231,    0.283, -999.000,    0.237,    0.217,    0.238,    0.285, -999.000,    0.186,    0.191,    0.185,    0.175, -999.000,    0.186,    0.190,    0.185,    0.182, -999.000,
       393,2020083118,    0.230,    0.240,    0.228,    0.235,    0.193,    0.235,    0.248,    0.232,    0.234,    0.142,    0.182,    0.185,    0.183,    0.178,    0.001,    0.182,    0.183,    0.183,    0.166,    0.001,
       393,2020083112,    0.232,    0.225,    0.232,    0.262,    0.386,    0.241,    0.253,    0.237,    0.248,    0.252,    0.190,    0.195,    0.189,    0.192,    0.272,    0.190,    0.192,    0.189,    0.199,    0.272,
       393,2020083106,    0.229,    0.264,    0.219,    0.250,    0.547,    0.243,    0.269,    0.231,    0.296, -999.000,    0.191,    0.197,    0.188,    0.196, -999.000,    0.191,    0.195,    0.188,    0.205, -999.000,
       393,2020083100,    0.237,    0.236,    0.235,    0.285,    0.192,    0.241,    0.221,    0.243,    0.291,    0.165,    0.183,    0.178,    0.183,    0.199, -999.000,    0.183,    0.179,    0.183,    0.200, -999.000,
       393,2020083018,    0.235,    0.250,    0.229,    0.275,    0.292,    0.237,    0.262,    0.228,    0.248, -999.000,    0.181,    0.188,    0.180,    0.191,    0.251,    0.181,    0.181,    0.180,    0.180,    0.251,
       393,2020083012,    0.230,    0.215,    0.234,    0.211, -999.000,    0.244,    0.241,    0.245,    0.248, -999.000,    0.188,    0.191,    0.188,    0.195, -999.000,    0.188,    0.186,    0.188,    0.182, -999.000,
       393,2020083006,    0.234,    0.246,    0.226,    0.246,    0.354,    0.248,    0.278,    0.233,    0.272,    0.326,    0.191,    0.188,    0.190,    0.212,    0.193,    0.191,    0.188,    0.190,    0.207,    0.193,
       393,2020083000,    0.252,    0.518,    0.238,    0.475,    0.577,    0.263,    0.525,    0.250,    0.453,    0.577,    0.193,    0.049,    0.187,    0.139, -999.000,    0.193,    0.051,    0.187,    0.130, -999.000,
