       125,2020092000,    0.048,    0.051,    0.048,    0.056, -999.000,    0.048,    0.045,    0.048,    0.063, -999.000,    0.051,    0.051,    0.051,    0.055, -999.000,    0.051,    0.054,    0.051,    0.055, -999.000,
       125,2020091918,    0.052,    0.051,    0.052,    0.044,    0.081,    0.051,    0.055,    0.051,    0.042,    0.073,    0.053,    0.053,    0.053,    0.049,    0.067,    0.053,    0.053,    0.053,    0.051,    0.067,
       125,2020091912,    0.045,    0.044,    0.047,    0.024, -999.000,    0.047,    0.048,    0.047,    0.026, -999.000,    0.051,    0.055,    0.051,    0.042, -999.000,    0.051,    0.052,    0.051,    0.039, -999.000,
       125,2020091906,    0.049,    0.049,    0.049,    0.049,    0.094,    0.050,    0.054,    0.048,    0.057,    0.104,    0.051,    0.052,    0.051,    0.054,    0.023,    0.051,    0.050,    0.051,    0.053,    0.023,
       125,2020091900,    0.049,    0.051,    0.049,    0.043, -999.000,    0.047,    0.042,    0.048,    0.054,    0.002,    0.052,    0.047,    0.052,    0.050, -999.000,    0.052,    0.052,    0.052,    0.046, -999.000,
       125,2020091818,    0.053,    0.055,    0.054,    0.027,    0.108,    0.051,    0.050,    0.052,    0.040,    0.092,    0.052,    0.051,    0.053,    0.045, -999.000,    0.052,    0.053,    0.053,    0.039, -999.000,
       125,2020091812,    0.047,    0.044,    0.047,    0.049,    0.152,    0.045,    0.045,    0.045,    0.057,    0.152,    0.052,    0.049,    0.052,    0.057, -999.000,    0.052,    0.050,    0.052,    0.055, -999.000,
       125,2020091806,    0.048,    0.046,    0.049,    0.039,    0.143,    0.045,    0.045,    0.045,    0.043, -999.000,    0.052,    0.051,    0.053,    0.055, -999.000,    0.052,    0.052,    0.053,    0.053, -999.000,
       125,2020091800,    0.046,    0.047,    0.046,    0.047, -999.000,    0.047,    0.046,    0.047,    0.056, -999.000,    0.051,    0.048,    0.052,    0.058, -999.000,    0.051,    0.049,    0.052,    0.053, -999.000,
       125,2020091718,    0.048,    0.044,    0.049,    0.039,    0.126,    0.045,    0.045,    0.046,    0.038,    0.151,    0.051,    0.049,    0.051,    0.048,    0.036,    0.051,    0.048,    0.051,    0.050,    0.036,
       125,2020091712,    0.048,    0.047,    0.049,    0.017,    0.152,    0.048,    0.044,    0.049,    0.031,    0.152,    0.051,    0.050,    0.051,    0.039, -999.000,    0.051,    0.053,    0.051,    0.032, -999.000,
       125,2020091706,    0.047,    0.042,    0.049,    0.038,    0.120,    0.047,    0.044,    0.047,    0.049,    0.087,    0.051,    0.049,    0.051,    0.050,    0.046,    0.051,    0.048,    0.051,    0.047,    0.046,
       125,2020091700,    0.046,    0.049,    0.045,    0.053, -999.000,    0.047,    0.047,    0.046,    0.065,    0.150,    0.050,    0.052,    0.050,    0.053, -999.000,    0.050,    0.054,    0.050,    0.052, -999.000,
       125,2020091618,    0.048,    0.052,    0.047,    0.053, -999.000,    0.046,    0.043,    0.046,    0.055, -999.000,    0.050,    0.047,    0.050,    0.054, -999.000,    0.050,    0.051,    0.050,    0.053, -999.000,
       125,2020091612,    0.050,    0.044,    0.052,    0.029, -999.000,    0.049,    0.046,    0.050,    0.032,    0.142,    0.052,    0.051,    0.053,    0.044, -999.000,    0.052,    0.052,    0.053,    0.038, -999.000,
       125,2020091606,    0.048,    0.045,    0.049,    0.046,    0.058,    0.048,    0.050,    0.047,    0.053, -999.000,    0.051,    0.051,    0.051,    0.052,    0.072,    0.051,    0.051,    0.051,    0.058,    0.072,
       125,2020091600,    0.046,    0.055,    0.045,    0.044,    0.034,    0.047,    0.050,    0.047,    0.056,    0.034,    0.050,    0.051,    0.050,    0.053, -999.000,    0.050,    0.053,    0.050,    0.054, -999.000,
       125,2020091518,    0.051,    0.044,    0.053,    0.041,    0.119,    0.050,    0.045,    0.052,    0.052,    0.119,    0.051,    0.049,    0.051,    0.052,    0.007,    0.051,    0.049,    0.051,    0.048,    0.007,
       125,2020091512,    0.049,    0.056,    0.048,    0.032, -999.000,    0.048,    0.055,    0.047,    0.040, -999.000,    0.051,    0.054,    0.051,    0.046, -999.000,    0.051,    0.053,    0.051,    0.040, -999.000,
       125,2020091506,    0.051,    0.047,    0.053,    0.027,    0.133,    0.051,    0.051,    0.051,    0.028,    0.077,    0.051,    0.050,    0.052,    0.038,    0.011,    0.051,    0.048,    0.052,    0.038,    0.011,
       125,2020091500,    0.047,    0.046,    0.047,    0.063, -999.000,    0.046,    0.044,    0.046,    0.067, -999.000,    0.050,    0.047,    0.050,    0.054, -999.000,    0.050,    0.050,    0.050,    0.055, -999.000,
       125,2020091418,    0.054,    0.052,    0.055,    0.046,    0.001,    0.053,    0.049,    0.054,    0.049,    0.001,    0.053,    0.052,    0.053,    0.050, -999.000,    0.053,    0.054,    0.053,    0.051, -999.000,
       125,2020091412,    0.045,    0.045,    0.045,    0.052, -999.000,    0.046,    0.047,    0.046,    0.049,    0.152,    0.051,    0.052,    0.051,    0.049, -999.000,    0.051,    0.050,    0.051,    0.050, -999.000,
       125,2020091406,    0.054,    0.053,    0.054,    0.062,    0.055,    0.051,    0.057,    0.049,    0.061,    0.046,    0.052,    0.054,    0.052,    0.052,    0.066,    0.052,    0.051,    0.052,    0.046,    0.066,
       125,2020091400,    0.046,    0.052,    0.046,    0.042, -999.000,    0.048,    0.050,    0.048,    0.039, -999.000,    0.051,    0.053,    0.051,    0.050, -999.000,    0.051,    0.054,    0.051,    0.051, -999.000,
       125,2020091318,    0.047,    0.054,    0.046,    0.043,    0.076,    0.046,    0.055,    0.044,    0.036,    0.063,    0.050,    0.051,    0.049,    0.039,    0.105,    0.050,    0.051,    0.049,    0.042,    0.105,
       125,2020091312,    0.049,    0.042,    0.051,    0.034, -999.000,    0.047,    0.042,    0.049,    0.024, -999.000,    0.050,    0.047,    0.051,    0.039, -999.000,    0.050,    0.046,    0.051,    0.047, -999.000,
       125,2020091306,    0.054,    0.058,    0.053,    0.047,    0.101,    0.051,    0.052,    0.050,    0.051,    0.101,    0.052,    0.050,    0.053,    0.055, -999.000,    0.052,    0.050,    0.053,    0.046, -999.000,
       125,2020091300,    0.047,    0.035,    0.049,    0.037, -999.000,    0.046,    0.036,    0.048,    0.050, -999.000,    0.051,    0.043,    0.052,    0.055, -999.000,    0.051,    0.043,    0.052,    0.043, -999.000,
       125,2020091218,    0.048,    0.052,    0.047,    0.039,    0.025,    0.047,    0.049,    0.046,    0.049,    0.054,    0.051,    0.049,    0.051,    0.051,    0.025,    0.051,    0.052,    0.051,    0.038,    0.025,
       125,2020091212,    0.049,    0.045,    0.049,    0.051,    0.085,    0.050,    0.049,    0.050,    0.051,    0.085,    0.050,    0.050,    0.051,    0.054,    0.093,    0.050,    0.048,    0.051,    0.059,    0.093,
       125,2020091206,    0.048,    0.054,    0.046,    0.043,    0.027,    0.048,    0.059,    0.045,    0.035,    0.049,    0.050,    0.052,    0.050,    0.045,    0.001,    0.050,    0.050,    0.050,    0.053,    0.001,
       125,2020091200,    0.049,    0.048,    0.049,    0.055, -999.000,    0.050,    0.047,    0.051,    0.055, -999.000,    0.051,    0.052,    0.051,    0.057, -999.000,    0.051,    0.052,    0.051,    0.056, -999.000,
       125,2020091118,    0.045,    0.049,    0.045,    0.048,    0.019,    0.046,    0.050,    0.045,    0.055,    0.033,    0.049,    0.049,    0.050,    0.056, -999.000,    0.049,    0.049,    0.050,    0.050, -999.000,
       125,2020091112,    0.043,    0.044,    0.043,    0.038,    0.101,    0.045,    0.045,    0.046,    0.039,    0.076,    0.050,    0.051,    0.050,    0.048,    0.086,    0.050,    0.052,    0.050,    0.048,    0.086,
       125,2020091106,    0.051,    0.056,    0.050,    0.033,    0.079,    0.050,    0.055,    0.048,    0.054,    0.095,    0.051,    0.053,    0.050,    0.052,    0.079,    0.051,    0.053,    0.050,    0.042,    0.079,
       125,2020091100,    0.045,    0.053,    0.044,    0.050, -999.000,    0.047,    0.050,    0.047,    0.032, -999.000,    0.049,    0.053,    0.048,    0.048, -999.000,    0.049,    0.055,    0.048,    0.053, -999.000,
       125,2020091018,    0.053,    0.051,    0.053,    0.059,    0.075,    0.049,    0.047,    0.049,    0.057,    0.090,    0.052,    0.049,    0.052,    0.054,    0.064,    0.052,    0.050,    0.052,    0.055,    0.064,
       125,2020091012,    0.047,    0.048,    0.048,    0.032, -999.000,    0.047,    0.047,    0.048,    0.043, -999.000,    0.051,    0.049,    0.051,    0.053, -999.000,    0.051,    0.050,    0.051,    0.043, -999.000,
       125,2020091006,    0.053,    0.053,    0.053,    0.047,    0.139,    0.051,    0.056,    0.049,    0.063,    0.111,    0.052,    0.053,    0.052,    0.059,    0.019,    0.052,    0.053,    0.052,    0.057,    0.019,
       125,2020091000,    0.047,    0.054,    0.046,    0.049, -999.000,    0.046,    0.051,    0.045,    0.046, -999.000,    0.050,    0.052,    0.051,    0.049, -999.000,    0.050,    0.051,    0.051,    0.046, -999.000,
       125,2020090918,    0.050,    0.051,    0.051,    0.036,    0.081,    0.049,    0.047,    0.049,    0.049,    0.143,    0.053,    0.051,    0.053,    0.053,    0.074,    0.053,    0.053,    0.053,    0.044,    0.074,
       125,2020090912,    0.045,    0.065,    0.042,    0.036, -999.000,    0.046,    0.059,    0.043,    0.037, -999.000,    0.051,    0.054,    0.050,    0.048, -999.000,    0.051,    0.054,    0.050,    0.046, -999.000,
       125,2020090906,    0.051,    0.049,    0.051,    0.049,    0.098,    0.050,    0.050,    0.049,    0.060,    0.074,    0.051,    0.051,    0.052,    0.057,    0.051,    0.051,    0.049,    0.052,    0.060,    0.051,
       125,2020090900,    0.047,    0.049,    0.046,    0.053,    0.151,    0.048,    0.047,    0.048,    0.036,    0.151,    0.050,    0.050,    0.050,    0.046, -999.000,    0.050,    0.052,    0.050,    0.053, -999.000,
       125,2020090818,    0.048,    0.047,    0.048,    0.056,    0.000,    0.049,    0.043,    0.050,    0.054,    0.062,    0.051,    0.049,    0.051,    0.056, -999.000,    0.051,    0.050,    0.051,    0.055, -999.000,
       125,2020090812,    0.046,    0.049,    0.046,    0.022,    0.026,    0.047,    0.050,    0.046,    0.056,    0.064,    0.051,    0.054,    0.051,    0.056, -999.000,    0.051,    0.054,    0.051,    0.036, -999.000,
       125,2020090806,    0.050,    0.051,    0.050,    0.026,    0.010,    0.050,    0.053,    0.049,    0.043,    0.038,    0.052,    0.054,    0.052,    0.053,    0.010,    0.052,    0.054,    0.052,    0.043,    0.010,
       125,2020090800,    0.048,    0.043,    0.048,    0.047,    0.000,    0.048,    0.041,    0.050,    0.049,    0.000,    0.052,    0.049,    0.052,    0.056, -999.000,    0.052,    0.050,    0.052,    0.052, -999.000,
       125,2020090718,    0.047,    0.055,    0.046,    0.048,    0.009,    0.045,    0.051,    0.044,    0.053, -999.000,    0.051,    0.052,    0.050,    0.053, -999.000,    0.051,    0.053,    0.050,    0.050, -999.000,
       125,2020090712,    0.046,    0.051,    0.045,    0.035,    0.153,    0.045,    0.044,    0.046,    0.038,    0.153,    0.051,    0.049,    0.051,    0.050, -999.000,    0.051,    0.053,    0.051,    0.048, -999.000,
       125,2020090706,    0.049,    0.057,    0.047,    0.049,    0.028,    0.049,    0.058,    0.045,    0.072,    0.050,    0.052,    0.051,    0.051,    0.055, -999.000,    0.052,    0.053,    0.051,    0.056, -999.000,
       125,2020090700,    0.046,    0.055,    0.045,    0.050,    0.057,    0.047,    0.051,    0.046,    0.038, -999.000,    0.052,    0.051,    0.051,    0.048, -999.000,    0.052,    0.054,    0.051,    0.053, -999.000,
       125,2020090618,    0.048,    0.056,    0.046,    0.039,    0.152,    0.048,    0.048,    0.047,    0.050,    0.152,    0.050,    0.050,    0.050,    0.048, -999.000,    0.050,    0.053,    0.050,    0.037, -999.000,
       125,2020090612,    0.049,    0.045,    0.051,    0.033, -999.000,    0.048,    0.042,    0.050,    0.034, -999.000,    0.053,    0.051,    0.053,    0.044, -999.000,    0.053,    0.054,    0.053,    0.038, -999.000,
       125,2020090606,    0.050,    0.053,    0.048,    0.057, -999.000,    0.048,    0.052,    0.047,    0.060,    0.000,    0.051,    0.050,    0.051,    0.048, -999.000,    0.051,    0.051,    0.051,    0.046, -999.000,
       125,2020090600,    0.047,    0.053,    0.046,    0.043,    0.143,    0.046,    0.050,    0.046,    0.042, -999.000,    0.051,    0.053,    0.050,    0.047,    0.012,    0.051,    0.053,    0.050,    0.054,    0.012,
       125,2020090518,    0.051,    0.050,    0.051,    0.053,    0.154,    0.052,    0.057,    0.050,    0.060,    0.154,    0.053,    0.053,    0.052,    0.056, -999.000,    0.053,    0.052,    0.052,    0.054, -999.000,
       125,2020090512,    0.049,    0.053,    0.049,    0.023,    0.017,    0.048,    0.050,    0.048,    0.044,    0.017,    0.052,    0.054,    0.052,    0.047, -999.000,    0.052,    0.055,    0.052,    0.027, -999.000,
       125,2020090506,    0.050,    0.055,    0.048,    0.053,    0.056,    0.046,    0.051,    0.044,    0.057, -999.000,    0.052,    0.052,    0.051,    0.051,    0.076,    0.052,    0.054,    0.051,    0.050,    0.076,
       125,2020090500,    0.050,    0.060,    0.048,    0.073, -999.000,    0.047,    0.052,    0.046,    0.060,    0.012,    0.053,    0.052,    0.053,    0.053, -999.000,    0.053,    0.055,    0.053,    0.053, -999.000,
       125,2020090418,    0.050,    0.049,    0.051,    0.054,    0.108,    0.047,    0.046,    0.048,    0.051,    0.055,    0.052,    0.051,    0.052,    0.049, -999.000,    0.052,    0.052,    0.052,    0.050, -999.000,
       125,2020090412,    0.048,    0.057,    0.046,    0.041,    0.000,    0.048,    0.057,    0.046,    0.049, -999.000,    0.052,    0.055,    0.052,    0.052, -999.000,    0.052,    0.056,    0.052,    0.047, -999.000,
       125,2020090406,    0.053,    0.055,    0.052,    0.080,    0.079,    0.051,    0.054,    0.051,    0.042,    0.057,    0.053,    0.052,    0.053,    0.047,    0.107,    0.053,    0.050,    0.053,    0.058,    0.107,
       125,2020090400,    0.046,    0.044,    0.046,    0.047,    0.000,    0.047,    0.041,    0.048,    0.047, -999.000,    0.051,    0.052,    0.051,    0.045, -999.000,    0.051,    0.052,    0.051,    0.048, -999.000,
       125,2020090318,    0.055,    0.053,    0.056,    0.039,    0.050,    0.053,    0.052,    0.054,    0.030,    0.018,    0.053,    0.054,    0.053,    0.039,    0.044,    0.053,    0.054,    0.053,    0.047,    0.044,
       125,2020090312,    0.049,    0.046,    0.049,    0.058,    0.154,    0.048,    0.043,    0.049,    0.052,    0.154,    0.051,    0.050,    0.052,    0.052, -999.000,    0.051,    0.051,    0.052,    0.051, -999.000,
       125,2020090306,    0.051,    0.054,    0.050,    0.051,    0.025,    0.050,    0.051,    0.049,    0.061,    0.058,    0.052,    0.052,    0.052,    0.053,    0.023,    0.052,    0.054,    0.052,    0.055,    0.023,
       125,2020090300,    0.045,    0.045,    0.046,    0.041, -999.000,    0.046,    0.041,    0.047,    0.045, -999.000,    0.051,    0.048,    0.051,    0.047, -999.000,    0.051,    0.050,    0.051,    0.047, -999.000,
       125,2020090218,    0.050,    0.055,    0.049,    0.032,    0.146,    0.049,    0.054,    0.048,    0.044,    0.096,    0.053,    0.053,    0.052,    0.050, -999.000,    0.053,    0.055,    0.052,    0.040, -999.000,
       125,2020090212,    0.051,    0.048,    0.052,    0.038,    0.079,    0.049,    0.046,    0.050,    0.030, -999.000,    0.052,    0.050,    0.053,    0.046,    0.004,    0.052,    0.050,    0.053,    0.049,    0.004,
       125,2020090206,    0.049,    0.053,    0.048,    0.051,    0.157,    0.050,    0.056,    0.048,    0.052,    0.157,    0.054,    0.053,    0.054,    0.053, -999.000,    0.054,    0.053,    0.054,    0.050, -999.000,
       125,2020090200,    0.050,    0.046,    0.051,    0.051, -999.000,    0.049,    0.046,    0.050,    0.049, -999.000,    0.053,    0.051,    0.053,    0.058, -999.000,    0.053,    0.050,    0.053,    0.060, -999.000,
       125,2020090118,    0.049,    0.051,    0.049,    0.047,    0.076,    0.047,    0.054,    0.046,    0.038,    0.053,    0.053,    0.053,    0.052,    0.045, -999.000,    0.053,    0.053,    0.052,    0.051, -999.000,
       125,2020090112,    0.050,    0.045,    0.052,    0.035, -999.000,    0.050,    0.050,    0.050,    0.044,    0.065,    0.053,    0.052,    0.054,    0.052, -999.000,    0.053,    0.050,    0.054,    0.048, -999.000,
       125,2020090106,    0.055,    0.056,    0.055,    0.066, -999.000,    0.054,    0.056,    0.052,    0.098,    0.138,    0.054,    0.055,    0.054,    0.058, -999.000,    0.054,    0.054,    0.054,    0.058, -999.000,
       125,2020090100,    0.045,    0.046,    0.045,    0.042,    0.130,    0.046,    0.046,    0.046,    0.046,    0.130,    0.051,    0.054,    0.051,    0.050, -999.000,    0.051,    0.052,    0.051,    0.047, -999.000,
       125,2020083118,    0.049,    0.055,    0.049,    0.029, -999.000,    0.047,    0.056,    0.045,    0.039, -999.000,    0.053,    0.052,    0.053,    0.044, -999.000,    0.053,    0.054,    0.053,    0.037, -999.000,
       125,2020083112,    0.049,    0.048,    0.049,    0.053,    0.137,    0.050,    0.045,    0.051,    0.071,    0.104,    0.054,    0.049,    0.054,    0.058, -999.000,    0.054,    0.052,    0.054,    0.059, -999.000,
       125,2020083106,    0.052,    0.057,    0.051,    0.045,    0.159,    0.051,    0.054,    0.049,    0.062,    0.118,    0.054,    0.056,    0.054,    0.057, -999.000,    0.054,    0.056,    0.054,    0.055, -999.000,
       125,2020083100,    0.048,    0.057,    0.047,    0.040, -999.000,    0.047,    0.059,    0.045,    0.051,    0.152,    0.052,    0.054,    0.051,    0.056, -999.000,    0.052,    0.053,    0.051,    0.048, -999.000,
       125,2020083018,    0.051,    0.051,    0.052,    0.033,    0.030,    0.049,    0.047,    0.050,    0.034,    0.030,    0.053,    0.054,    0.053,    0.041,    0.040,    0.053,    0.055,    0.053,    0.038,    0.040,
       125,2020083012,    0.049,    0.061,    0.047,    0.054, -999.000,    0.049,    0.058,    0.047,    0.059,    0.148,    0.053,    0.055,    0.053,    0.052, -999.000,    0.053,    0.055,    0.053,    0.053, -999.000,
       125,2020083006,    0.051,    0.052,    0.052,    0.037, -999.000,    0.051,    0.050,    0.050,    0.068,    0.143,    0.054,    0.053,    0.054,    0.054, -999.000,    0.054,    0.054,    0.054,    0.052, -999.000,
       125,2020083000,    0.051,    0.060,    0.051,    0.102,    0.140,    0.051,    0.056,    0.051,    0.105,    0.140,    0.054,    0.053,    0.054, -999.000, -999.000,    0.054,    0.056,    0.054,    0.005, -999.000,
