        89,2020092000,   -0.054,   -0.038,   -0.060,    0.095, -999.000,   -0.058,   -0.032,   -0.067,    0.107, -999.000,    0.056,    0.058,    0.049,    0.061, -999.000,    0.056,    0.057,    0.049,    0.050, -999.000,
        89,2020091918,   -0.055,   -0.046,   -0.064,    0.139,    0.047,   -0.057,   -0.037,   -0.071,    0.144,   -0.008,    0.067,    0.060,    0.057,    0.066,    0.070,    0.067,    0.062,    0.057,    0.066,    0.070,
        89,2020091912,   -0.058,   -0.063,   -0.062,    0.128,   -0.104,   -0.061,   -0.058,   -0.066,    0.129,   -0.110,    0.053,    0.041,    0.047,    0.061,    0.012,    0.053,    0.038,    0.047,    0.048,    0.012,
        89,2020091906,   -0.048,   -0.033,   -0.058,    0.119,   -0.037,   -0.054,   -0.032,   -0.066,    0.123,   -0.046,    0.068,    0.066,    0.060,    0.045,    0.103,    0.068,    0.068,    0.060,    0.043,    0.103,
        89,2020091900,   -0.053,   -0.031,   -0.058,    0.098, -999.000,   -0.057,   -0.035,   -0.064,    0.108, -999.000,    0.055,    0.055,    0.050,    0.054, -999.000,    0.055,    0.056,    0.050,    0.037, -999.000,
        89,2020091818,   -0.064,   -0.047,   -0.074,    0.137,   -0.100,   -0.061,   -0.035,   -0.079,    0.148,   -0.111,    0.060,    0.061,    0.046,    0.067,    0.010,    0.060,    0.062,    0.046,    0.058,    0.010,
        89,2020091812,   -0.057,   -0.057,   -0.064,    0.146,   -0.095,   -0.061,   -0.058,   -0.067,    0.156,   -0.093,    0.056,    0.041,    0.045,    0.058, -999.000,    0.056,    0.043,    0.045,    0.055, -999.000,
        89,2020091806,   -0.054,   -0.030,   -0.066,    0.112,   -0.073,   -0.057,   -0.028,   -0.072,    0.123,   -0.104,    0.064,    0.067,    0.054,    0.040,    0.063,    0.064,    0.067,    0.054,    0.036,    0.063,
        89,2020091800,   -0.059,   -0.036,   -0.065,    0.098, -999.000,   -0.059,   -0.031,   -0.069,    0.134, -999.000,    0.054,    0.051,    0.048,    0.058, -999.000,    0.054,    0.053,    0.048,    0.049, -999.000,
        89,2020091718,   -0.056,   -0.034,   -0.072,    0.148, -999.000,   -0.057,   -0.027,   -0.076,    0.163, -999.000,    0.068,    0.066,    0.048,    0.054, -999.000,    0.068,    0.067,    0.048,    0.058, -999.000,
        89,2020091712,   -0.056,   -0.060,   -0.060,    0.140,   -0.101,   -0.059,   -0.063,   -0.064,    0.137,   -0.103,    0.058,    0.037,    0.051,    0.053,    0.001,    0.058,    0.040,    0.051,    0.052,    0.001,
        89,2020091706,   -0.056,   -0.022,   -0.070,    0.131,   -0.073,   -0.057,   -0.022,   -0.075,    0.129,   -0.045,    0.063,    0.065,    0.052,    0.039,    0.045,    0.063,    0.067,    0.052,    0.041,    0.045,
        89,2020091700,   -0.054,   -0.045,   -0.059,    0.127,   -0.094,   -0.058,   -0.045,   -0.064,    0.148,   -0.099,    0.057,    0.046,    0.052,    0.052,    0.009,    0.057,    0.048,    0.052,    0.044,    0.009,
        89,2020091618,   -0.058,   -0.038,   -0.070,    0.116,   -0.058,   -0.056,   -0.029,   -0.074,    0.156,   -0.057,    0.059,    0.062,    0.044,    0.053,    0.092,    0.059,    0.064,    0.044,    0.045,    0.092,
        89,2020091612,   -0.058,   -0.064,   -0.062,    0.124,   -0.071,   -0.059,   -0.059,   -0.064,    0.140,   -0.069,    0.055,    0.041,    0.050,    0.053,    0.027,    0.055,    0.039,    0.050,    0.042,    0.027,
        89,2020091606,   -0.053,   -0.015,   -0.069,    0.125,   -0.109,   -0.056,   -0.020,   -0.073,    0.124,   -0.103,    0.067,    0.067,    0.053,    0.039,    0.015,    0.067,    0.072,    0.053,    0.041,    0.015,
        89,2020091600,   -0.050,   -0.045,   -0.054,    0.116,   -0.116,   -0.053,   -0.037,   -0.061,    0.141,   -0.118,    0.060,    0.052,    0.056,    0.056, -999.000,    0.060,    0.050,    0.056,    0.052, -999.000,
        89,2020091518,   -0.056,   -0.045,   -0.067,    0.135,   -0.107,   -0.057,   -0.038,   -0.073,    0.157,   -0.111,    0.063,    0.057,    0.049,    0.057, -999.000,    0.063,    0.054,    0.049,    0.052, -999.000,
        89,2020091512,   -0.053,   -0.061,   -0.058,    0.142,   -0.001,   -0.057,   -0.061,   -0.062,    0.163,   -0.036,    0.063,    0.039,    0.056,    0.052,    0.111,    0.063,    0.042,    0.056,    0.052,    0.111,
        89,2020091506,   -0.045,   -0.027,   -0.061,    0.136,   -0.008,   -0.051,   -0.028,   -0.069,    0.138,   -0.008,    0.074,    0.061,    0.062,    0.063,    0.114,    0.074,    0.067,    0.062,    0.061,    0.114,
        89,2020091500,   -0.053,   -0.040,   -0.058,    0.089,   -0.087,   -0.059,   -0.040,   -0.066,    0.107,   -0.087,    0.059,    0.054,    0.056,    0.051, -999.000,    0.059,    0.056,    0.056,    0.047, -999.000,
        89,2020091418,   -0.054,   -0.047,   -0.065,    0.139,   -0.094,   -0.055,   -0.041,   -0.072,    0.155,   -0.099,    0.065,    0.060,    0.051,    0.060,    0.020,    0.065,    0.059,    0.051,    0.060,    0.020,
        89,2020091412,   -0.055,   -0.061,   -0.058,    0.137,   -0.060,   -0.057,   -0.058,   -0.062,    0.148,   -0.061,    0.060,    0.044,    0.057,    0.054,    0.011,    0.060,    0.046,    0.057,    0.053,    0.011,
        89,2020091406,   -0.046,   -0.022,   -0.057,    0.124,   -0.088,   -0.051,   -0.022,   -0.064,    0.119,   -0.103,    0.067,    0.063,    0.059,    0.056,    0.029,    0.067,    0.065,    0.059,    0.055,    0.029,
        89,2020091400,   -0.054,   -0.021,   -0.061,    0.095,   -0.027,   -0.057,   -0.025,   -0.066,    0.124,    0.041,    0.053,    0.054,    0.047,    0.048, -999.000,    0.053,    0.056,    0.047,    0.045, -999.000,
        89,2020091318,   -0.046,   -0.032,   -0.056,    0.116,   -0.098,   -0.049,   -0.033,   -0.065,    0.148,   -0.098,    0.073,    0.063,    0.064,    0.059,    0.016,    0.073,    0.067,    0.064,    0.061,    0.016,
        89,2020091312,   -0.052,   -0.054,   -0.057,    0.137,   -0.070,   -0.055,   -0.053,   -0.062,    0.140,   -0.070,    0.061,    0.050,    0.053,    0.055, -999.000,    0.061,    0.048,    0.053,    0.051, -999.000,
        89,2020091306,   -0.049,   -0.023,   -0.062,    0.122,   -0.085,   -0.053,   -0.022,   -0.069,    0.113, -999.000,    0.067,    0.063,    0.056,    0.067, -999.000,    0.067,    0.066,    0.056,    0.068, -999.000,
        89,2020091300,   -0.054,   -0.036,   -0.061,    0.097, -999.000,   -0.058,   -0.029,   -0.067,    0.110, -999.000,    0.056,    0.051,    0.050,    0.064, -999.000,    0.056,    0.052,    0.050,    0.047, -999.000,
        89,2020091218,   -0.048,   -0.044,   -0.056,    0.141,   -0.091,   -0.050,   -0.037,   -0.063,    0.137,   -0.096,    0.070,    0.059,    0.064,    0.060,    0.008,    0.070,    0.061,    0.064,    0.057,    0.008,
        89,2020091212,   -0.057,   -0.061,   -0.060,    0.132,   -0.082,   -0.061,   -0.062,   -0.065,    0.126,   -0.106,    0.052,    0.036,    0.047,    0.069,    0.033,    0.052,    0.039,    0.047,    0.058,    0.033,
        89,2020091206,   -0.045,   -0.020,   -0.058,    0.118,   -0.003,   -0.052,   -0.026,   -0.068,    0.116,   -0.000,    0.071,    0.068,    0.063,    0.057,    0.086,    0.071,    0.071,    0.063,    0.055,    0.086,
        89,2020091200,   -0.055,   -0.041,   -0.060,    0.107,   -0.048,   -0.059,   -0.037,   -0.066,    0.110,   -0.113,    0.055,    0.050,    0.048,    0.070,    0.114,    0.055,    0.050,    0.048,    0.064,    0.114,
        89,2020091118,   -0.058,   -0.040,   -0.068,    0.140,   -0.119,   -0.061,   -0.037,   -0.076,    0.163,    0.083,    0.064,    0.057,    0.055,    0.052, -999.000,    0.064,    0.059,    0.055,    0.054, -999.000,
        89,2020091112,   -0.048,   -0.052,   -0.052,    0.128,    0.002,   -0.053,   -0.055,   -0.058,    0.137,   -0.043,    0.059,    0.047,    0.052,    0.053,    0.108,    0.059,    0.049,    0.052,    0.053,    0.108,
        89,2020091106,   -0.050,   -0.020,   -0.061,    0.120,   -0.032,   -0.057,   -0.029,   -0.069,    0.136,   -0.032,    0.067,    0.061,    0.059,    0.066,    0.102,    0.067,    0.070,    0.059,    0.066,    0.102,
        89,2020091100,   -0.053,   -0.025,   -0.061,    0.113, -999.000,   -0.056,   -0.025,   -0.066,    0.106, -999.000,    0.055,    0.052,    0.047,    0.057, -999.000,    0.055,    0.057,    0.047,    0.049, -999.000,
        89,2020091018,   -0.059,   -0.046,   -0.067,    0.126,   -0.057,   -0.058,   -0.042,   -0.073,    0.143,   -0.065,    0.063,    0.054,    0.056,    0.052,    0.088,    0.063,    0.057,    0.056,    0.053,    0.088,
        89,2020091012,   -0.059,   -0.055,   -0.064,    0.138,   -0.059,   -0.059,   -0.052,   -0.068,    0.145,   -0.058,    0.055,    0.047,    0.047,    0.059,    0.030,    0.055,    0.046,    0.047,    0.051,    0.030,
        89,2020091006,   -0.057,   -0.031,   -0.068,    0.103,   -0.116,   -0.061,   -0.035,   -0.075,    0.113,   -0.109,    0.063,    0.061,    0.056,    0.049,    0.008,    0.063,    0.066,    0.056,    0.043,    0.008,
        89,2020091000,   -0.054,   -0.029,   -0.061,    0.112,    0.066,   -0.057,   -0.025,   -0.069,    0.125, -999.000,    0.057,    0.056,    0.051,    0.053, -999.000,    0.057,    0.058,    0.051,    0.047, -999.000,
        89,2020090918,   -0.052,   -0.045,   -0.061,    0.138,   -0.096,   -0.055,   -0.037,   -0.068,    0.144,   -0.093,    0.068,    0.059,    0.058,    0.050,    0.020,    0.068,    0.058,    0.058,    0.044,    0.020,
        89,2020090912,   -0.061,   -0.056,   -0.068,    0.136,   -0.085,   -0.062,   -0.055,   -0.070,    0.139,   -0.086,    0.055,    0.046,    0.047,    0.061,    0.021,    0.055,    0.044,    0.047,    0.052,    0.021,
        89,2020090906,   -0.054,   -0.030,   -0.063,    0.115,   -0.068,   -0.056,   -0.034,   -0.068,    0.114,   -0.100,    0.065,    0.064,    0.057,    0.052,    0.082,    0.065,    0.067,    0.057,    0.049,    0.082,
        89,2020090900,   -0.058,   -0.032,   -0.065,    0.106,   -0.098,   -0.060,   -0.036,   -0.069,    0.111,   -0.098,    0.057,    0.056,    0.051,    0.044,    0.028,    0.057,    0.059,    0.051,    0.048,    0.028,
        89,2020090818,   -0.056,   -0.048,   -0.062,    0.111,   -0.101,   -0.057,   -0.041,   -0.071,    0.142,   -0.113,    0.064,    0.060,    0.060,    0.055,    0.016,    0.064,    0.060,    0.060,    0.045,    0.016,
        89,2020090812,   -0.058,   -0.056,   -0.065,    0.118,   -0.033,   -0.059,   -0.056,   -0.067,    0.137,   -0.035,    0.056,    0.045,    0.047,    0.055, -999.000,    0.056,    0.049,    0.047,    0.049, -999.000,
        89,2020090806,   -0.053,   -0.032,   -0.063,    0.121,   -0.060,   -0.056,   -0.035,   -0.068,    0.126,   -0.060,    0.064,    0.062,    0.055,    0.061,    0.039,    0.064,    0.068,    0.055,    0.055,    0.039,
        89,2020090800,   -0.057,   -0.037,   -0.064,    0.110,   -0.092,   -0.060,   -0.037,   -0.068,    0.112,   -0.096,    0.056,    0.050,    0.048,    0.063, -999.000,    0.056,    0.056,    0.048,    0.064, -999.000,
        89,2020090718,   -0.057,   -0.051,   -0.064,    0.146,   -0.116,   -0.059,   -0.048,   -0.069,    0.149,   -0.113,    0.066,    0.051,    0.060,    0.052, -999.000,    0.066,    0.054,    0.060,    0.058, -999.000,
        89,2020090712,   -0.059,   -0.061,   -0.064,    0.134, -999.000,   -0.061,   -0.057,   -0.069,    0.147, -999.000,    0.055,    0.045,    0.047,    0.053, -999.000,    0.055,    0.043,    0.047,    0.056, -999.000,
        89,2020090706,   -0.054,   -0.029,   -0.064,    0.083,   -0.065,   -0.055,   -0.025,   -0.069,    0.104,   -0.049,    0.064,    0.061,    0.060,    0.046,    0.064,    0.064,    0.062,    0.060,    0.048,    0.064,
        89,2020090700,   -0.058,   -0.044,   -0.065,    0.106,   -0.098,   -0.061,   -0.042,   -0.070,    0.125,   -0.103,    0.058,    0.049,    0.050,    0.062,    0.004,    0.058,    0.050,    0.050,    0.060,    0.004,
        89,2020090618,   -0.057,   -0.045,   -0.069,    0.146,   -0.010,   -0.058,   -0.040,   -0.074,    0.159,   -0.097,    0.069,    0.059,    0.056,    0.050,    0.124,    0.069,    0.060,    0.056,    0.055,    0.124,
        89,2020090612,   -0.053,   -0.056,   -0.060,    0.130,   -0.026,   -0.058,   -0.056,   -0.065,    0.127,   -0.025,    0.062,    0.045,    0.052,    0.066, -999.000,    0.062,    0.048,    0.052,    0.056, -999.000,
        89,2020090606,   -0.058,   -0.033,   -0.070,    0.105,   -0.116,   -0.059,   -0.030,   -0.075,    0.101,   -0.116,    0.063,    0.058,    0.055,    0.078, -999.000,    0.063,    0.062,    0.055,    0.073, -999.000,
        89,2020090600,   -0.049,   -0.042,   -0.055,    0.089,    0.043,   -0.050,   -0.035,   -0.058,    0.094,    0.118,    0.060,    0.052,    0.055,    0.066,    0.106,    0.060,    0.048,    0.055,    0.048,    0.106,
        89,2020090518,   -0.058,   -0.037,   -0.069,    0.129,   -0.047,   -0.059,   -0.035,   -0.074,    0.142,   -0.055,    0.064,    0.059,    0.053,    0.056,    0.061,    0.064,    0.062,    0.053,    0.063,    0.061,
        89,2020090512,   -0.055,   -0.057,   -0.061,    0.111,    0.086,   -0.057,   -0.056,   -0.063,    0.127,    0.052,    0.057,    0.042,    0.050,    0.059,    0.051,    0.057,    0.043,    0.050,    0.054,    0.051,
        89,2020090506,   -0.058,   -0.033,   -0.069,    0.105,   -0.060,   -0.060,   -0.033,   -0.074,    0.107,   -0.003,    0.062,    0.060,    0.052,    0.060,    0.099,    0.062,    0.064,    0.052,    0.054,    0.099,
        89,2020090500,   -0.053,   -0.041,   -0.059,    0.112, -999.000,   -0.054,   -0.037,   -0.065,    0.132, -999.000,    0.058,    0.054,    0.053,    0.056, -999.000,    0.058,    0.056,    0.053,    0.062, -999.000,
        89,2020090418,   -0.054,   -0.043,   -0.064,    0.153,   -0.098,   -0.056,   -0.041,   -0.072,    0.158,   -0.097,    0.064,    0.057,    0.053,    0.048,    0.004,    0.064,    0.059,    0.053,    0.054,    0.004,
        89,2020090412,   -0.050,   -0.058,   -0.055,    0.138,   -0.040,   -0.053,   -0.054,   -0.060,    0.140,   -0.091,    0.062,    0.046,    0.057,    0.056,    0.074,    0.062,    0.045,    0.057,    0.067,    0.074,
        89,2020090406,   -0.058,   -0.042,   -0.066,    0.095,   -0.076,   -0.059,   -0.037,   -0.073,    0.102,   -0.050,    0.061,    0.062,    0.054,    0.062,    0.053,    0.061,    0.062,    0.054,    0.057,    0.053,
        89,2020090400,   -0.054,   -0.043,   -0.059,    0.097,   -0.105,   -0.055,   -0.040,   -0.066,    0.140,   -0.104,    0.059,    0.053,    0.055,    0.071, -999.000,    0.059,    0.055,    0.055,    0.068, -999.000,
        89,2020090318,   -0.053,   -0.046,   -0.061,    0.142,   -0.014,   -0.051,   -0.043,   -0.065,    0.150,   -0.015,    0.062,    0.057,    0.052,    0.064,    0.096,    0.062,    0.060,    0.052,    0.058,    0.096,
        89,2020090312,   -0.054,   -0.059,   -0.059,    0.144,   -0.006,   -0.056,   -0.058,   -0.063,    0.139,   -0.102,    0.062,    0.045,    0.054,    0.068,    0.104,    0.062,    0.046,    0.054,    0.076,    0.104,
        89,2020090306,   -0.054,   -0.044,   -0.061,    0.101,   -0.063,   -0.054,   -0.038,   -0.067,    0.111,   -0.064,    0.061,    0.056,    0.057,    0.066,    0.064,    0.061,    0.058,    0.057,    0.078,    0.064,
        89,2020090300,   -0.053,   -0.042,   -0.059,    0.119,   -0.085,   -0.054,   -0.039,   -0.065,    0.137,   -0.059,    0.062,    0.050,    0.055,    0.059,    0.039,    0.062,    0.054,    0.055,    0.067,    0.039,
        89,2020090218,   -0.055,   -0.047,   -0.067,    0.134,   -0.060,   -0.050,   -0.043,   -0.071,    0.159,   -0.060,    0.065,    0.058,    0.051,    0.050,    0.053,    0.065,    0.060,    0.051,    0.057,    0.053,
        89,2020090212,   -0.046,   -0.048,   -0.053,    0.142, -999.000,   -0.050,   -0.053,   -0.059,    0.142, -999.000,    0.065,    0.046,    0.056,    0.044, -999.000,    0.065,    0.050,    0.056,    0.042, -999.000,
        89,2020090206,   -0.052,   -0.037,   -0.060,    0.077,   -0.072,   -0.053,   -0.037,   -0.066,    0.097,   -0.077,    0.060,    0.057,    0.055,    0.053,    0.043,    0.060,    0.061,    0.055,    0.042,    0.043,
        89,2020090200,   -0.049,   -0.040,   -0.056,    0.123,   -0.050,   -0.051,   -0.041,   -0.061,    0.123, -999.000,    0.062,    0.045,    0.056,    0.047, -999.000,    0.062,    0.048,    0.056,    0.049, -999.000,
        89,2020090118,   -0.055,   -0.050,   -0.067,    0.132,   -0.005,   -0.053,   -0.047,   -0.070,    0.143,   -0.061,    0.063,    0.055,    0.049,    0.041,    0.104,    0.063,    0.055,    0.049,    0.040,    0.104,
        89,2020090112,   -0.050,   -0.062,   -0.052,    0.106,   -0.075,   -0.053,   -0.061,   -0.058,    0.125,   -0.069,    0.058,    0.040,    0.055,    0.046,    0.028,    0.058,    0.041,    0.055,    0.039,    0.028,
        89,2020090106,   -0.056,   -0.035,   -0.068,    0.107,   -0.079,   -0.058,   -0.035,   -0.072,    0.110,   -0.081,    0.059,    0.057,    0.048,    0.039,    0.046,    0.059,    0.061,    0.048,    0.037,    0.046,
        89,2020090100,   -0.043,   -0.044,   -0.046,    0.092,   -0.085,   -0.048,   -0.047,   -0.055,    0.108,   -0.085,    0.060,    0.049,    0.057,    0.048,    0.037,    0.060,    0.051,    0.057,    0.039,    0.037,
        89,2020083118,   -0.054,   -0.046,   -0.064,    0.119,   -0.040,   -0.053,   -0.042,   -0.067,    0.127,   -0.040,    0.058,    0.057,    0.045,    0.047,    0.068,    0.058,    0.057,    0.045,    0.040,    0.068,
        89,2020083112,   -0.049,   -0.057,   -0.052,    0.108,    0.083,   -0.052,   -0.058,   -0.059,    0.114,    0.065,    0.061,    0.049,    0.057,    0.045,    0.001,    0.061,    0.051,    0.057,    0.040,    0.001,
        89,2020083106,   -0.050,   -0.026,   -0.061,    0.111,   -0.092,   -0.051,   -0.024,   -0.065,    0.099,   -0.095,    0.059,    0.058,    0.050,    0.037,    0.020,    0.059,    0.060,    0.050,    0.042,    0.020,
        89,2020083100,   -0.047,   -0.039,   -0.053,    0.089,   -0.015,   -0.047,   -0.035,   -0.057,    0.105,   -0.015,    0.058,    0.058,    0.053,    0.048,    0.108,    0.058,    0.055,    0.053,    0.032,    0.108,
        89,2020083018,   -0.054,   -0.044,   -0.064,    0.124,   -0.062,   -0.051,   -0.036,   -0.067,    0.131,   -0.092,    0.058,    0.058,    0.045,    0.049,    0.078,    0.058,    0.057,    0.045,    0.050,    0.078,
        89,2020083012,   -0.044,   -0.048,   -0.051,    0.120, -999.000,   -0.048,   -0.051,   -0.056,    0.119, -999.000,    0.062,    0.047,    0.053,    0.046, -999.000,    0.062,    0.052,    0.053,    0.047, -999.000,
        89,2020083006,   -0.039,   -0.025,   -0.057,    0.100,   -0.042,   -0.046,   -0.027,   -0.062,    0.104,   -0.044,    0.063,    0.054,    0.049,    0.048,    0.052,    0.063,    0.056,    0.049,    0.048,    0.052,
        89,2020083000,   -0.041,   -0.017,   -0.057,    0.066,   -0.014,   -0.042,   -0.016,   -0.060,    0.066,   -0.033,    0.056,    0.054,    0.046,    0.024,    0.073,    0.056,    0.055,    0.046,    0.023,    0.073,
