       182,2020092000,   -0.002,    0.007,   -0.004,    0.038, -999.000,   -0.009,    0.003,   -0.011,    0.039, -999.000,    0.026,    0.027,    0.026,    0.001, -999.000,    0.026,    0.025,    0.026,    0.002, -999.000,
       182,2020091918,   -0.010,   -0.003,   -0.013,    0.038,    0.022,   -0.018,   -0.002,   -0.024,    0.038,   -0.005,    0.036,    0.037,    0.035,    0.003,    0.011,    0.036,    0.037,    0.035,    0.003,    0.011,
       182,2020091912,   -0.004,   -0.007,   -0.005,    0.038, -999.000,   -0.010,   -0.010,   -0.011,    0.038, -999.000,    0.028,    0.034,    0.026,    0.002, -999.000,    0.028,    0.032,    0.026,    0.001, -999.000,
       182,2020091906,   -0.006,    0.012,   -0.012,    0.038,   -0.053,   -0.018,    0.006,   -0.025,    0.038,   -0.049,    0.035,    0.033,    0.034,    0.002,    0.082,    0.035,    0.030,    0.034,    0.001,    0.082,
       182,2020091900,   -0.001,    0.008,   -0.003,    0.039, -999.000,   -0.006,    0.007,   -0.010,    0.038, -999.000,    0.027,    0.026,    0.027,    0.002, -999.000,    0.027,    0.026,    0.027,    0.001, -999.000,
       182,2020091818,   -0.006,    0.003,   -0.010,    0.037,    0.024,   -0.016,    0.001,   -0.023,    0.038,   -0.032,    0.035,    0.035,    0.034,    0.003, -999.000,    0.035,    0.035,    0.034,    0.003, -999.000,
       182,2020091812,   -0.004,   -0.004,   -0.006,    0.039,    0.033,   -0.010,   -0.008,   -0.012,    0.038,    0.033,    0.028,    0.036,    0.026,    0.002, -999.000,    0.028,    0.035,    0.026,    0.002, -999.000,
       182,2020091806,   -0.006,    0.008,   -0.013,    0.038,   -0.060,   -0.017,    0.001,   -0.025,    0.038, -999.000,    0.035,    0.036,    0.035,    0.002, -999.000,    0.035,    0.031,    0.035,    0.002, -999.000,
       182,2020091800,   -0.004,    0.008,   -0.007,    0.038, -999.000,   -0.009,    0.005,   -0.012,    0.038, -999.000,    0.028,    0.029,    0.027,    0.002, -999.000,    0.028,    0.027,    0.027,    0.002, -999.000,
       182,2020091718,   -0.005,   -0.001,   -0.009,    0.038,    0.020,   -0.013,    0.001,   -0.019,    0.038,   -0.094,    0.033,    0.033,    0.031,    0.002, -999.000,    0.033,    0.037,    0.031,    0.002, -999.000,
       182,2020091712,   -0.007,   -0.005,   -0.008,    0.038, -999.000,   -0.013,   -0.005,   -0.016,    0.038,   -0.029,    0.029,    0.034,    0.028,    0.002, -999.000,    0.029,    0.033,    0.028,    0.001, -999.000,
       182,2020091706,   -0.003,    0.003,   -0.007,    0.038,    0.025,   -0.012,   -0.001,   -0.018,    0.038, -999.000,    0.032,    0.032,    0.031,    0.002, -999.000,    0.032,    0.032,    0.031,    0.002, -999.000,
       182,2020091700,   -0.004,    0.004,   -0.007,    0.038, -999.000,   -0.011,    0.000,   -0.014,    0.038,   -0.085,    0.028,    0.030,    0.027,    0.002, -999.000,    0.028,    0.029,    0.027,    0.002, -999.000,
       182,2020091618,   -0.009,   -0.002,   -0.014,    0.038, -999.000,   -0.019,   -0.004,   -0.026,    0.038, -999.000,    0.037,    0.036,    0.035,    0.003, -999.000,    0.037,    0.038,    0.035,    0.002, -999.000,
       182,2020091612,   -0.007,   -0.012,   -0.008,    0.037, -999.000,   -0.013,   -0.015,   -0.014,    0.037, -999.000,    0.030,    0.037,    0.028,    0.003, -999.000,    0.030,    0.036,    0.028,    0.002, -999.000,
       182,2020091606,   -0.006,    0.004,   -0.011,    0.037,   -0.027,   -0.016,   -0.004,   -0.022,    0.037, -999.000,    0.034,    0.032,    0.034,    0.003,    0.055,    0.034,    0.030,    0.034,    0.003,    0.055,
       182,2020091600,   -0.003,    0.003,   -0.005,    0.038,   -0.044,   -0.010,    0.002,   -0.013,    0.039,   -0.041,    0.027,    0.030,    0.026,    0.001, -999.000,    0.027,    0.029,    0.026,    0.003, -999.000,
       182,2020091518,   -0.008,    0.004,   -0.016,    0.039,   -0.040,   -0.016,   -0.004,   -0.024,    0.039,   -0.040,    0.037,    0.036,    0.035,    0.001,    0.092,    0.037,    0.033,    0.035,    0.002,    0.092,
       182,2020091512,   -0.004,   -0.009,   -0.006,    0.039, -999.000,   -0.010,   -0.013,   -0.011,    0.039, -999.000,    0.030,    0.035,    0.028,    0.003, -999.000,    0.030,    0.034,    0.028,    0.003, -999.000,
       182,2020091506,   -0.004,    0.006,   -0.008,    0.039, -999.000,   -0.014,    0.002,   -0.021,    0.039,   -0.088,    0.033,    0.033,    0.033,    0.003, -999.000,    0.033,    0.030,    0.033,    0.003, -999.000,
       182,2020091500,   -0.003,   -0.003,   -0.005,    0.039, -999.000,   -0.012,   -0.007,   -0.013,    0.039, -999.000,    0.028,    0.029,    0.027,    0.003, -999.000,    0.028,    0.029,    0.027,    0.003, -999.000,
       182,2020091418,   -0.009,   -0.002,   -0.014,    0.039,    0.036,   -0.018,   -0.005,   -0.025,    0.039, -999.000,    0.039,    0.040,    0.038,    0.002, -999.000,    0.039,    0.040,    0.038,    0.002, -999.000,
       182,2020091412,   -0.004,   -0.010,   -0.005,    0.040, -999.000,   -0.010,   -0.014,   -0.011,    0.040,    0.038,    0.029,    0.033,    0.027,    0.001, -999.000,    0.029,    0.034,    0.027,    0.001, -999.000,
       182,2020091406,   -0.006,    0.005,   -0.010,    0.038,   -0.036,   -0.018,   -0.002,   -0.025,    0.038,   -0.044,    0.036,    0.035,    0.035,    0.004,    0.065,    0.036,    0.033,    0.035,    0.004,    0.065,
       182,2020091400,   -0.001,    0.006,   -0.003,    0.040, -999.000,   -0.009,    0.002,   -0.011,    0.040, -999.000,    0.028,    0.030,    0.027,    0.001, -999.000,    0.028,    0.029,    0.027,    0.001, -999.000,
       182,2020091318,   -0.003,    0.003,   -0.006,    0.039,   -0.007,   -0.013,   -0.002,   -0.019,    0.039,   -0.033,    0.035,    0.036,    0.034,    0.003,    0.063,    0.035,    0.035,    0.034,    0.002,    0.063,
       182,2020091312,   -0.008,    0.003,   -0.011,    0.039, -999.000,   -0.015,   -0.009,   -0.018,    0.040, -999.000,    0.031,    0.035,    0.030,    0.002, -999.000,    0.031,    0.029,    0.030,    0.002, -999.000,
       182,2020091306,   -0.008,    0.003,   -0.013,    0.039, -999.000,   -0.019,   -0.003,   -0.026,    0.040, -999.000,    0.036,    0.034,    0.036,    0.002, -999.000,    0.036,    0.032,    0.036,    0.002, -999.000,
       182,2020091300,   -0.004,    0.008,   -0.007,    0.039, -999.000,   -0.009,    0.007,   -0.013,    0.038, -999.000,    0.029,    0.026,    0.028,    0.004, -999.000,    0.029,    0.026,    0.028,    0.003, -999.000,
       182,2020091218,   -0.004,   -0.004,   -0.007,    0.040,   -0.002,   -0.013,   -0.001,   -0.018,    0.040,   -0.021,    0.037,    0.038,    0.035,    0.003,    0.060,    0.037,    0.043,    0.035,    0.003,    0.060,
       182,2020091212,   -0.007,   -0.001,   -0.010,    0.039,   -0.005,   -0.013,   -0.005,   -0.017,    0.039,   -0.003,    0.030,    0.031,    0.030,    0.004,    0.050,    0.030,    0.030,    0.030,    0.002,    0.050,
       182,2020091206,   -0.006,    0.005,   -0.011,    0.039,   -0.082,   -0.017,   -0.003,   -0.023,    0.039,   -0.047,    0.037,    0.034,    0.037,    0.002, -999.000,    0.037,    0.030,    0.037,    0.002, -999.000,
       182,2020091200,   -0.004,    0.012,   -0.007,    0.040, -999.000,   -0.011,    0.009,   -0.016,    0.040, -999.000,    0.029,    0.027,    0.029,    0.003, -999.000,    0.029,    0.024,    0.029,    0.003, -999.000,
       182,2020091118,   -0.009,   -0.003,   -0.012,    0.039,    0.020,   -0.019,   -0.008,   -0.024,    0.039,    0.031,    0.037,    0.039,    0.036,    0.002, -999.000,    0.037,    0.037,    0.036,    0.003, -999.000,
       182,2020091112,   -0.003,    0.002,   -0.005,    0.040,    0.029,   -0.010,   -0.003,   -0.013,    0.040,    0.037,    0.030,    0.033,    0.029,    0.002,    0.011,    0.030,    0.032,    0.029,    0.002,    0.011,
       182,2020091106,   -0.009,    0.007,   -0.014,    0.039,    0.017,   -0.020,   -0.003,   -0.027,    0.039,   -0.028,    0.040,    0.034,    0.040,    0.002, -999.000,    0.040,    0.030,    0.040,    0.002, -999.000,
       182,2020091100,   -0.001,    0.010,   -0.004,    0.040, -999.000,   -0.011,    0.009,   -0.015,    0.040, -999.000,    0.029,    0.025,    0.029,    0.002, -999.000,    0.029,    0.024,    0.029,    0.002, -999.000,
       182,2020091018,   -0.018,   -0.007,   -0.023,    0.040,   -0.013,   -0.026,   -0.008,   -0.034,    0.040,   -0.039,    0.041,    0.039,    0.040,    0.002,    0.034,    0.041,    0.041,    0.040,    0.002,    0.034,
       182,2020091012,   -0.003,    0.002,   -0.006,    0.039, -999.000,   -0.010,   -0.005,   -0.013,    0.040, -999.000,    0.030,    0.035,    0.029,    0.005, -999.000,    0.030,    0.030,    0.029,    0.005, -999.000,
       182,2020091006,   -0.011,    0.004,   -0.017,    0.040,    0.008,   -0.022,   -0.004,   -0.029,    0.039,   -0.009,    0.040,    0.037,    0.041,    0.004, -999.000,    0.040,    0.033,    0.041,    0.003, -999.000,
       182,2020091000,   -0.003,    0.009,   -0.006,    0.040, -999.000,   -0.009,    0.005,   -0.013,    0.040, -999.000,    0.030,    0.028,    0.030,    0.003, -999.000,    0.030,    0.026,    0.030,    0.003, -999.000,
       182,2020090918,   -0.012,    0.004,   -0.019,    0.039,    0.033,   -0.022,   -0.003,   -0.030,    0.040,    0.036,    0.041,    0.036,    0.041,    0.004,    0.005,    0.041,    0.037,    0.041,    0.004,    0.005,
       182,2020090912,   -0.004,   -0.005,   -0.006,    0.041, -999.000,   -0.013,   -0.009,   -0.015,    0.041, -999.000,    0.030,    0.035,    0.029,    0.002, -999.000,    0.030,    0.035,    0.029,    0.001, -999.000,
       182,2020090906,   -0.017,    0.000,   -0.023,    0.041,   -0.053,   -0.026,   -0.007,   -0.033,    0.041,   -0.061,    0.040,    0.039,    0.039,    0.002, -999.000,    0.040,    0.038,    0.039,    0.002, -999.000,
       182,2020090900,   -0.002,   -0.001,   -0.004,    0.041, -999.000,   -0.009,   -0.002,   -0.012,    0.041,    0.006,    0.030,    0.033,    0.029,    0.002, -999.000,    0.030,    0.033,    0.029,    0.002, -999.000,
       182,2020090818,   -0.010,   -0.004,   -0.013,    0.041,   -0.059,   -0.020,   -0.003,   -0.027,    0.041, -999.000,    0.038,    0.035,    0.038,    0.001, -999.000,    0.038,    0.037,    0.038,    0.002, -999.000,
       182,2020090812,   -0.007,   -0.007,   -0.009,    0.041,   -0.042,   -0.013,   -0.014,   -0.015,    0.041,   -0.047,    0.031,    0.036,    0.030,    0.001, -999.000,    0.031,    0.036,    0.030,    0.001, -999.000,
       182,2020090806,   -0.012,    0.005,   -0.018,    0.041,   -0.008,   -0.023,   -0.002,   -0.030,    0.041,   -0.010,    0.038,    0.031,    0.038,    0.003,    0.064,    0.038,    0.027,    0.038,    0.002,    0.064,
       182,2020090800,   -0.005,    0.004,   -0.008,    0.040,    0.028,   -0.012,    0.002,   -0.017,    0.040,    0.027,    0.030,    0.036,    0.028,    0.003, -999.000,    0.030,    0.036,    0.028,    0.003, -999.000,
       182,2020090718,   -0.009,   -0.004,   -0.012,    0.041,   -0.047,   -0.019,   -0.006,   -0.025,    0.040, -999.000,    0.037,    0.036,    0.036,    0.003, -999.000,    0.037,    0.036,    0.036,    0.002, -999.000,
       182,2020090712,   -0.006,   -0.007,   -0.008,    0.041, -999.000,   -0.014,   -0.010,   -0.016,    0.041, -999.000,    0.032,    0.035,    0.030,    0.001, -999.000,    0.032,    0.036,    0.030,    0.001, -999.000,
       182,2020090706,   -0.012,    0.002,   -0.018,    0.041,   -0.077,   -0.022,   -0.002,   -0.030,    0.040,   -0.086,    0.039,    0.033,    0.038,    0.002, -999.000,    0.039,    0.033,    0.038,    0.001, -999.000,
       182,2020090700,   -0.005,    0.004,   -0.008,    0.042,    0.023,   -0.011,    0.000,   -0.015,    0.041, -999.000,    0.031,    0.036,    0.030,    0.003, -999.000,    0.031,    0.033,    0.030,    0.002, -999.000,
       182,2020090618,   -0.009,   -0.012,   -0.011,    0.041, -999.000,   -0.019,   -0.008,   -0.025,    0.041, -999.000,    0.039,    0.041,    0.037,    0.002, -999.000,    0.039,    0.043,    0.037,    0.003, -999.000,
       182,2020090612,   -0.006,    0.007,   -0.010,    0.042, -999.000,   -0.015,    0.001,   -0.020,    0.042, -999.000,    0.032,    0.030,    0.031,    0.002, -999.000,    0.032,    0.024,    0.031,    0.002, -999.000,
       182,2020090606,   -0.008,    0.002,   -0.014,    0.042, -999.000,   -0.017,   -0.004,   -0.024,    0.042,    0.026,    0.036,    0.036,    0.035,    0.002, -999.000,    0.036,    0.032,    0.035,    0.001, -999.000,
       182,2020090600,   -0.006,   -0.000,   -0.008,    0.042,    0.034,   -0.013,   -0.001,   -0.016,    0.042, -999.000,    0.030,    0.033,    0.028,    0.001,    0.003,    0.030,    0.031,    0.028,    0.001,    0.003,
       182,2020090518,   -0.010,   -0.003,   -0.015,    0.041,   -0.062,   -0.022,   -0.010,   -0.028,    0.041, -999.000,    0.039,    0.038,    0.038,    0.004, -999.000,    0.039,    0.037,    0.038,    0.004, -999.000,
       182,2020090512,   -0.005,   -0.003,   -0.007,    0.041,    0.010,   -0.011,   -0.008,   -0.013,    0.042,    0.014,    0.030,    0.030,    0.029,    0.001, -999.000,    0.030,    0.030,    0.029,    0.001, -999.000,
       182,2020090506,   -0.009,   -0.003,   -0.013,    0.040,    0.022,   -0.017,   -0.005,   -0.023,    0.042, -999.000,    0.038,    0.035,    0.038,    0.001, -999.000,    0.038,    0.035,    0.038,    0.003, -999.000,
       182,2020090500,   -0.005,    0.002,   -0.007,    0.042, -999.000,   -0.011,   -0.002,   -0.014,    0.041,   -0.049,    0.031,    0.031,    0.030,    0.003, -999.000,    0.031,    0.028,    0.030,    0.001, -999.000,
       182,2020090418,   -0.011,   -0.005,   -0.015,    0.042,    0.025,   -0.019,   -0.010,   -0.024,    0.041,   -0.016,    0.041,    0.041,    0.040,    0.002, -999.000,    0.041,    0.039,    0.040,    0.002, -999.000,
       182,2020090412,   -0.003,   -0.010,   -0.004,    0.043,    0.018,   -0.011,   -0.014,   -0.012,    0.043, -999.000,    0.031,    0.037,    0.030,    0.002, -999.000,    0.031,    0.036,    0.030,    0.002, -999.000,
       182,2020090406,   -0.011,   -0.003,   -0.014,    0.043,    0.038,   -0.020,   -0.005,   -0.026,    0.042,   -0.030,    0.038,    0.035,    0.038,    0.003, -999.000,    0.038,    0.032,    0.038,    0.002, -999.000,
       182,2020090400,   -0.002,   -0.003,   -0.003,    0.043,    0.032,   -0.009,   -0.000,   -0.012,    0.043, -999.000,    0.031,    0.032,    0.030,    0.002, -999.000,    0.031,    0.035,    0.030,    0.002, -999.000,
       182,2020090318,   -0.013,   -0.007,   -0.017,    0.043,    0.040,   -0.022,   -0.015,   -0.026,    0.043,    0.040,    0.039,    0.044,    0.038,    0.004, -999.000,    0.039,    0.041,    0.038,    0.003, -999.000,
       182,2020090312,   -0.004,   -0.009,   -0.006,    0.043,    0.024,   -0.013,   -0.015,   -0.015,    0.043,    0.024,    0.034,    0.039,    0.032,    0.003, -999.000,    0.034,    0.038,    0.032,    0.003, -999.000,
       182,2020090306,   -0.008,    0.002,   -0.012,    0.043,   -0.062,   -0.015,   -0.000,   -0.021,    0.042,   -0.045,    0.039,    0.037,    0.039,    0.005,    0.031,    0.039,    0.036,    0.039,    0.003,    0.031,
       182,2020090300,   -0.005,   -0.001,   -0.007,    0.043, -999.000,   -0.009,    0.001,   -0.014,    0.043, -999.000,    0.033,    0.031,    0.032,    0.004, -999.000,    0.033,    0.036,    0.032,    0.003, -999.000,
       182,2020090218,   -0.004,    0.004,   -0.008,    0.044,   -0.025,   -0.013,    0.000,   -0.021,    0.044,   -0.002,    0.037,    0.036,    0.037,    0.004, -999.000,    0.037,    0.035,    0.037,    0.003, -999.000,
       182,2020090212,   -0.006,   -0.005,   -0.008,    0.044,    0.031,   -0.013,   -0.009,   -0.016,    0.044, -999.000,    0.033,    0.036,    0.033,    0.002,    0.014,    0.033,    0.034,    0.033,    0.003,    0.014,
       182,2020090206,   -0.009,   -0.004,   -0.011,    0.044,    0.027,   -0.017,   -0.007,   -0.023,    0.043,    0.028,    0.039,    0.035,    0.039,    0.002, -999.000,    0.039,    0.035,    0.039,    0.002, -999.000,
       182,2020090200,   -0.003,    0.006,   -0.005,    0.043, -999.000,   -0.009,    0.002,   -0.012,    0.043, -999.000,    0.033,    0.032,    0.033,    0.005, -999.000,    0.033,    0.032,    0.033,    0.003, -999.000,
       182,2020090118,   -0.008,   -0.005,   -0.012,    0.045, -999.000,   -0.016,   -0.010,   -0.021,    0.045, -999.000,    0.041,    0.044,    0.040,    0.002, -999.000,    0.041,    0.042,    0.040,    0.003, -999.000,
       182,2020090112,   -0.005,   -0.009,   -0.006,    0.045, -999.000,   -0.013,   -0.013,   -0.015,    0.044,   -0.012,    0.037,    0.043,    0.035,    0.004, -999.000,    0.037,    0.044,    0.035,    0.003, -999.000,
       182,2020090106,   -0.012,   -0.002,   -0.017,    0.043, -999.000,   -0.023,   -0.006,   -0.030,    0.044,   -0.098,    0.042,    0.037,    0.042,    0.004, -999.000,    0.042,    0.037,    0.042,    0.005, -999.000,
       182,2020090100,   -0.003,    0.002,   -0.005,    0.045,    0.012,   -0.009,    0.001,   -0.012,    0.045,    0.008,    0.033,    0.035,    0.032,    0.005, -999.000,    0.033,    0.037,    0.032,    0.004, -999.000,
       182,2020083118,   -0.007,   -0.005,   -0.011,    0.045, -999.000,   -0.018,   -0.015,   -0.022,    0.045, -999.000,    0.042,    0.050,    0.039,    0.004, -999.000,    0.042,    0.048,    0.039,    0.003, -999.000,
       182,2020083112,   -0.003,   -0.004,   -0.004,    0.046,    0.027,   -0.009,   -0.011,   -0.010,    0.044,    0.030,    0.034,    0.045,    0.032,    0.004, -999.000,    0.034,    0.044,    0.032,    0.003, -999.000,
       182,2020083106,   -0.006,   -0.003,   -0.009,    0.045, -999.000,   -0.016,   -0.008,   -0.020,    0.045,   -0.106,    0.039,    0.038,    0.039,    0.004, -999.000,    0.039,    0.037,    0.039,    0.003, -999.000,
       182,2020083100,   -0.002,    0.005,   -0.005,    0.045, -999.000,   -0.010,    0.001,   -0.013,    0.044,    0.027,    0.033,    0.037,    0.032,    0.005, -999.000,    0.033,    0.034,    0.032,    0.004, -999.000,
       182,2020083018,   -0.010,    0.003,   -0.016,    0.046,   -0.053,   -0.020,   -0.004,   -0.028,    0.046,   -0.056,    0.043,    0.044,    0.042,    0.004,    0.056,    0.043,    0.043,    0.042,    0.003,    0.056,
       182,2020083012,   -0.003,   -0.009,   -0.005,    0.046, -999.000,   -0.012,   -0.019,   -0.013,    0.045,    0.005,    0.035,    0.046,    0.033,    0.005, -999.000,    0.035,    0.040,    0.033,    0.005, -999.000,
       182,2020083006,   -0.005,   -0.007,   -0.008,    0.046, -999.000,   -0.015,   -0.007,   -0.020,    0.044,   -0.138,    0.040,    0.041,    0.039,    0.007, -999.000,    0.040,    0.041,    0.039,    0.006, -999.000,
       182,2020083000,   -0.010, -999.000,   -0.010, -999.000, -999.000,   -0.018, -999.000,   -0.018, -999.000, -999.000,    0.034, -999.000,    0.034, -999.000, -999.000,    0.034, -999.000,    0.034, -999.000, -999.000,
