       418,2020092000,    0.080,    0.094,    0.074,    0.094, -999.000,    0.083,    0.084,    0.080,    0.117, -999.000,    0.089,    0.095,    0.084,    0.102, -999.000,    0.089,    0.100,    0.084,    0.095, -999.000,
       418,2020091918,    0.084,    0.082,    0.085,    0.093,    0.249,    0.093,    0.099,    0.091,    0.080,    0.249,    0.094,    0.101,    0.094,    0.092, -999.000,    0.094,    0.095,    0.094,    0.100, -999.000,
       418,2020091912,    0.078,    0.082,    0.080,    0.037, -999.000,    0.086,    0.089,    0.087,    0.043, -999.000,    0.093,    0.102,    0.092,    0.065, -999.000,    0.093,    0.100,    0.092,    0.056, -999.000,
       418,2020091906,    0.083,    0.090,    0.077,    0.091,    0.169,    0.094,    0.102,    0.086,    0.104,    0.169,    0.095,    0.099,    0.095,    0.102, -999.000,    0.095,    0.095,    0.095,    0.101, -999.000,
       418,2020091900,    0.081,    0.089,    0.077,    0.083, -999.000,    0.081,    0.075,    0.083,    0.096, -999.000,    0.090,    0.086,    0.089,    0.091, -999.000,    0.090,    0.094,    0.089,    0.086, -999.000,
       418,2020091818,    0.088,    0.093,    0.088,    0.056, -999.000,    0.092,    0.091,    0.094,    0.076,    0.131,    0.096,    0.096,    0.096,    0.080, -999.000,    0.096,    0.097,    0.096,    0.080, -999.000,
       418,2020091812,    0.076,    0.085,    0.072,    0.095,    0.296,    0.080,    0.089,    0.075,    0.100,    0.296,    0.092,    0.096,    0.088,    0.106, -999.000,    0.092,    0.098,    0.088,    0.107, -999.000,
       418,2020091806,    0.071,    0.078,    0.065,    0.080, -999.000,    0.076,    0.080,    0.072,    0.080, -999.000,    0.092,    0.095,    0.088,    0.103, -999.000,    0.092,    0.096,    0.088,    0.103, -999.000,
       418,2020091800,    0.081,    0.086,    0.078,    0.093, -999.000,    0.081,    0.085,    0.076,    0.116, -999.000,    0.093,    0.090,    0.094,    0.111, -999.000,    0.093,    0.091,    0.094,    0.100, -999.000,
       418,2020091718,    0.067,    0.069,    0.064,    0.076,    0.192,    0.070,    0.075,    0.065,    0.078, -999.000,    0.087,    0.086,    0.088,    0.094, -999.000,    0.087,    0.081,    0.088,    0.096, -999.000,
       418,2020091712,    0.071,    0.070,    0.073,    0.037, -999.000,    0.080,    0.079,    0.081,    0.066, -999.000,    0.087,    0.090,    0.087,    0.074, -999.000,    0.087,    0.088,    0.087,    0.062, -999.000,
       418,2020091706,    0.065,    0.070,    0.062,    0.066,    0.281,    0.075,    0.077,    0.071,    0.092, -999.000,    0.081,    0.090,    0.080,    0.088, -999.000,    0.081,    0.082,    0.080,    0.084, -999.000,
       418,2020091700,    0.074,    0.086,    0.065,    0.101, -999.000,    0.079,    0.087,    0.070,    0.121, -999.000,    0.089,    0.097,    0.082,    0.101, -999.000,    0.089,    0.100,    0.082,    0.097, -999.000,
       418,2020091618,    0.082,    0.094,    0.074,    0.097, -999.000,    0.086,    0.080,    0.088,    0.105, -999.000,    0.091,    0.089,    0.087,    0.102, -999.000,    0.091,    0.096,    0.087,    0.098, -999.000,
       418,2020091612,    0.083,    0.074,    0.088,    0.053, -999.000,    0.087,    0.082,    0.090,    0.064, -999.000,    0.094,    0.094,    0.096,    0.089, -999.000,    0.094,    0.093,    0.096,    0.073, -999.000,
       418,2020091606,    0.073,    0.078,    0.070,    0.084,    0.013,    0.079,    0.090,    0.072,    0.100, -999.000,    0.090,    0.095,    0.087,    0.098, -999.000,    0.090,    0.093,    0.087,    0.106, -999.000,
       418,2020091600,    0.077,    0.094,    0.068,    0.077,    0.065,    0.080,    0.087,    0.072,    0.103,    0.065,    0.088,    0.094,    0.078,    0.098, -999.000,    0.088,    0.098,    0.078,    0.100, -999.000,
       418,2020091518,    0.082,    0.078,    0.082,    0.090,    0.226,    0.085,    0.082,    0.084,    0.114,    0.226,    0.093,    0.092,    0.091,    0.105, -999.000,    0.093,    0.093,    0.091,    0.099, -999.000,
       418,2020091512,    0.083,    0.096,    0.080,    0.056, -999.000,    0.088,    0.100,    0.083,    0.074, -999.000,    0.093,    0.102,    0.091,    0.093, -999.000,    0.093,    0.098,    0.091,    0.077, -999.000,
       418,2020091506,    0.080,    0.087,    0.079,    0.055, -999.000,    0.089,    0.098,    0.086,    0.053,    0.245,    0.091,    0.097,    0.091,    0.077, -999.000,    0.091,    0.094,    0.091,    0.076, -999.000,
       418,2020091500,    0.079,    0.088,    0.066,    0.115, -999.000,    0.082,    0.085,    0.076,    0.111, -999.000,    0.091,    0.092,    0.081,    0.096, -999.000,    0.091,    0.098,    0.081,    0.105, -999.000,
       418,2020091418,    0.083,    0.083,    0.082,    0.096, -999.000,    0.089,    0.085,    0.092,    0.092, -999.000,    0.096,    0.100,    0.092,    0.102, -999.000,    0.096,    0.101,    0.092,    0.105, -999.000,
       418,2020091412,    0.084,    0.097,    0.080,    0.103, -999.000,    0.093,    0.095,    0.091,    0.097,    0.305,    0.098,    0.102,    0.096,    0.104, -999.000,    0.098,    0.103,    0.096,    0.105, -999.000,
       418,2020091406,    0.091,    0.104,    0.079,    0.125,    0.134,    0.093,    0.112,    0.076,    0.123, -999.000,    0.097,    0.108,    0.092,    0.105,    0.189,    0.097,    0.103,    0.092,    0.095,    0.189,
       418,2020091400,    0.086,    0.099,    0.081,    0.082, -999.000,    0.089,    0.100,    0.084,    0.075, -999.000,    0.096,    0.106,    0.092,    0.095, -999.000,    0.096,    0.107,    0.092,    0.100, -999.000,
       418,2020091318,    0.080,    0.092,    0.070,    0.089,    0.154,    0.088,    0.104,    0.077,    0.076,    0.003,    0.094,    0.103,    0.092,    0.084,    0.214,    0.094,    0.096,    0.092,    0.089,    0.214,
       418,2020091312,    0.081,    0.080,    0.082,    0.070, -999.000,    0.086,    0.081,    0.090,    0.047, -999.000,    0.094,    0.093,    0.095,    0.077, -999.000,    0.094,    0.091,    0.095,    0.097, -999.000,
       418,2020091306,    0.098,    0.113,    0.085,    0.098, -999.000,    0.096,    0.104,    0.086,    0.111, -999.000,    0.101,    0.101,    0.099,    0.118, -999.000,    0.101,    0.101,    0.099,    0.096, -999.000,
       418,2020091300,    0.078,    0.068,    0.083,    0.075, -999.000,    0.081,    0.071,    0.084,    0.096, -999.000,    0.093,    0.085,    0.098,    0.110, -999.000,    0.093,    0.083,    0.098,    0.088, -999.000,
       418,2020091218,    0.088,    0.102,    0.083,    0.067,    0.032,    0.094,    0.099,    0.090,    0.093,    0.112,    0.102,    0.101,    0.103,    0.109,    0.039,    0.102,    0.106,    0.103,    0.063,    0.039,
       418,2020091212,    0.087,    0.086,    0.087,    0.101, -999.000,    0.096,    0.093,    0.097,    0.110, -999.000,    0.099,    0.100,    0.100,    0.113, -999.000,    0.099,    0.094,    0.100,    0.121, -999.000,
       418,2020091206,    0.085,    0.106,    0.071,    0.085, -999.000,    0.099,    0.122,    0.084,    0.066, -999.000,    0.098,    0.108,    0.091,    0.088, -999.000,    0.098,    0.104,    0.091,    0.109, -999.000,
       418,2020091200,    0.087,    0.094,    0.081,    0.116, -999.000,    0.095,    0.096,    0.092,    0.123, -999.000,    0.102,    0.107,    0.098,    0.119, -999.000,    0.102,    0.106,    0.098,    0.117, -999.000,
       418,2020091118,    0.086,    0.100,    0.079,    0.100, -999.000,    0.092,    0.100,    0.085,    0.120,    0.070,    0.098,    0.102,    0.096,    0.120, -999.000,    0.098,    0.102,    0.096,    0.103, -999.000,
       418,2020091112,    0.078,    0.080,    0.076,    0.084,    0.158,    0.086,    0.086,    0.087,    0.080,    0.004,    0.097,    0.100,    0.095,    0.097,    0.218,    0.097,    0.101,    0.095,    0.102,    0.218,
       418,2020091106,    0.088,    0.098,    0.085,    0.071, -999.000,    0.094,    0.106,    0.086,    0.109, -999.000,    0.097,    0.109,    0.095,    0.109, -999.000,    0.097,    0.103,    0.095,    0.088, -999.000,
       418,2020091100,    0.089,    0.107,    0.075,    0.095, -999.000,    0.084,    0.103,    0.071,    0.064, -999.000,    0.101,    0.110,    0.088,    0.102, -999.000,    0.101,    0.113,    0.088,    0.108, -999.000,
       418,2020091018,    0.091,    0.097,    0.085,    0.141,    0.221,    0.093,    0.095,    0.089,    0.126,    0.214,    0.102,    0.106,    0.098,    0.116,    0.148,    0.102,    0.106,    0.098,    0.117,    0.148,
       418,2020091012,    0.092,    0.098,    0.091,    0.071, -999.000,    0.099,    0.096,    0.100,    0.102, -999.000,    0.102,    0.103,    0.101,    0.118, -999.000,    0.102,    0.105,    0.101,    0.092, -999.000,
       418,2020091006,    0.101,    0.114,    0.094,    0.103,    0.326,    0.106,    0.119,    0.096,    0.145,    0.326,    0.108,    0.114,    0.101,    0.128, -999.000,    0.108,    0.116,    0.101,    0.124, -999.000,
       418,2020091000,    0.099,    0.112,    0.090,    0.106, -999.000,    0.098,    0.109,    0.087,    0.100, -999.000,    0.106,    0.112,    0.105,    0.108, -999.000,    0.106,    0.109,    0.105,    0.100, -999.000,
       418,2020090918,    0.085,    0.098,    0.078,    0.078,    0.311,    0.090,    0.096,    0.084,    0.105,    0.311,    0.105,    0.107,    0.102,    0.109, -999.000,    0.105,    0.111,    0.102,    0.098, -999.000,
       418,2020090912,    0.096,    0.135,    0.083,    0.084, -999.000,    0.104,    0.127,    0.095,    0.079, -999.000,    0.108,    0.116,    0.103,    0.100, -999.000,    0.108,    0.115,    0.103,    0.102, -999.000,
       418,2020090906,    0.091,    0.098,    0.087,    0.082,    0.193,    0.104,    0.107,    0.102,    0.121,    0.193,    0.105,    0.111,    0.105,    0.123, -999.000,    0.105,    0.106,    0.105,    0.112, -999.000,
       418,2020090900,    0.095,    0.101,    0.091,    0.112, -999.000,    0.103,    0.094,    0.109,    0.074,    0.330,    0.101,    0.103,    0.097,    0.096, -999.000,    0.101,    0.111,    0.097,    0.112, -999.000,
       418,2020090818,    0.093,    0.091,    0.091,    0.126, -999.000,    0.094,    0.087,    0.097,    0.123, -999.000,    0.107,    0.104,    0.106,    0.126, -999.000,    0.107,    0.105,    0.106,    0.122, -999.000,
       418,2020090812,    0.087,    0.093,    0.087,    0.052, -999.000,    0.098,    0.103,    0.096,    0.117, -999.000,    0.106,    0.114,    0.105,    0.122, -999.000,    0.106,    0.113,    0.105,    0.084, -999.000,
       418,2020090806,    0.090,    0.100,    0.087,    0.059,    0.007,    0.103,    0.111,    0.098,    0.102, -999.000,    0.108,    0.119,    0.106,    0.118, -999.000,    0.108,    0.113,    0.106,    0.096, -999.000,
       418,2020090800,    0.091,    0.082,    0.094,    0.103, -999.000,    0.095,    0.088,    0.098,    0.102, -999.000,    0.105,    0.106,    0.107,    0.120, -999.000,    0.105,    0.101,    0.107,    0.112, -999.000,
       418,2020090718,    0.103,    0.113,    0.095,    0.111,    0.020,    0.102,    0.108,    0.095,    0.131, -999.000,    0.115,    0.114,    0.113,    0.123, -999.000,    0.115,    0.117,    0.113,    0.116, -999.000,
       418,2020090712,    0.084,    0.102,    0.078,    0.080, -999.000,    0.091,    0.095,    0.090,    0.085, -999.000,    0.105,    0.109,    0.100,    0.119, -999.000,    0.105,    0.116,    0.100,    0.116, -999.000,
       418,2020090706,    0.094,    0.114,    0.078,    0.117, -999.000,    0.107,    0.129,    0.081,    0.175, -999.000,    0.109,    0.117,    0.101,    0.124, -999.000,    0.109,    0.113,    0.101,    0.132, -999.000,
       418,2020090700,    0.094,    0.111,    0.086,    0.115, -999.000,    0.098,    0.112,    0.093,    0.088, -999.000,    0.110,    0.114,    0.106,    0.111, -999.000,    0.110,    0.115,    0.106,    0.121, -999.000,
       418,2020090618,    0.094,    0.110,    0.085,    0.085, -999.000,    0.100,    0.101,    0.097,    0.112, -999.000,    0.106,    0.110,    0.103,    0.111, -999.000,    0.106,    0.115,    0.103,    0.083, -999.000,
       418,2020090612,    0.092,    0.095,    0.093,    0.076, -999.000,    0.101,    0.092,    0.105,    0.081, -999.000,    0.112,    0.113,    0.112,    0.095, -999.000,    0.112,    0.119,    0.112,    0.087, -999.000,
       418,2020090606,    0.090,    0.112,    0.074,    0.134, -999.000,    0.100,    0.119,    0.084,    0.141, -999.000,    0.104,    0.113,    0.095,    0.114, -999.000,    0.104,    0.113,    0.095,    0.108, -999.000,
       418,2020090600,    0.105,    0.120,    0.094,    0.102,    0.332,    0.102,    0.115,    0.095,    0.081, -999.000,    0.117,    0.122,    0.109,    0.095,    0.028,    0.117,    0.124,    0.109,    0.127,    0.028,
       418,2020090518,    0.102,    0.111,    0.094,    0.116,    0.358,    0.117,    0.128,    0.107,    0.139, -999.000,    0.118,    0.122,    0.116,    0.126, -999.000,    0.118,    0.120,    0.116,    0.121, -999.000,
       418,2020090512,    0.104,    0.117,    0.102,    0.055, -999.000,    0.108,    0.109,    0.108,    0.113, -999.000,    0.118,    0.122,    0.116,    0.111, -999.000,    0.118,    0.128,    0.116,    0.065, -999.000,
       418,2020090506,    0.097,    0.117,    0.085,    0.134, -999.000,    0.096,    0.112,    0.084,    0.132, -999.000,    0.114,    0.120,    0.108,    0.123, -999.000,    0.114,    0.123,    0.108,    0.120, -999.000,
       418,2020090500,    0.117,    0.123,    0.104,    0.172, -999.000,    0.107,    0.111,    0.098,    0.141,    0.029,    0.125,    0.117,    0.122,    0.130, -999.000,    0.125,    0.125,    0.122,    0.129, -999.000,
       418,2020090418,    0.095,    0.100,    0.087,    0.138,    0.262,    0.097,    0.103,    0.090,    0.135,    0.132,    0.113,    0.121,    0.108,    0.120, -999.000,    0.113,    0.117,    0.108,    0.118, -999.000,
       418,2020090412,    0.102,    0.124,    0.094,    0.091, -999.000,    0.115,    0.126,    0.110,    0.112, -999.000,    0.120,    0.126,    0.117,    0.124, -999.000,    0.120,    0.128,    0.117,    0.111, -999.000,
       418,2020090406,    0.110,    0.124,    0.100,    0.206,    0.008,    0.117,    0.124,    0.114,    0.111,    0.008,    0.119,    0.122,    0.117,    0.121, -999.000,    0.119,    0.120,    0.117,    0.139, -999.000,
       418,2020090400,    0.088,    0.095,    0.085,    0.104,    0.000,    0.091,    0.092,    0.089,    0.103, -999.000,    0.109,    0.119,    0.107,    0.102, -999.000,    0.109,    0.119,    0.107,    0.108, -999.000,
       418,2020090318,    0.104,    0.090,    0.113,    0.096, -999.000,    0.105,    0.102,    0.111,    0.066, -999.000,    0.115,    0.119,    0.117,    0.086, -999.000,    0.115,    0.111,    0.117,    0.113, -999.000,
       418,2020090312,    0.103,    0.098,    0.102,    0.137,    0.370,    0.112,    0.103,    0.114,    0.127,    0.370,    0.115,    0.119,    0.114,    0.123, -999.000,    0.115,    0.117,    0.114,    0.118, -999.000,
       418,2020090306,    0.109,    0.119,    0.103,    0.125,    0.069,    0.117,    0.119,    0.113,    0.149,    0.069,    0.122,    0.125,    0.118,    0.132, -999.000,    0.122,    0.126,    0.118,    0.134, -999.000,
       418,2020090300,    0.102,    0.106,    0.101,    0.092, -999.000,    0.101,    0.098,    0.105,    0.093, -999.000,    0.117,    0.118,    0.116,    0.100, -999.000,    0.117,    0.122,    0.116,    0.114, -999.000,
       418,2020090218,    0.105,    0.124,    0.092,    0.068, -999.000,    0.112,    0.126,    0.098,    0.112, -999.000,    0.126,    0.131,    0.119,    0.122, -999.000,    0.126,    0.134,    0.119,    0.088, -999.000,
       418,2020090212,    0.109,    0.116,    0.107,    0.100,    0.194,    0.109,    0.107,    0.111,    0.075, -999.000,    0.120,    0.119,    0.120,    0.116,    0.010,    0.120,    0.122,    0.120,    0.122,    0.010,
       418,2020090206,    0.110,    0.119,    0.103,    0.131, -999.000,    0.119,    0.133,    0.108,    0.129, -999.000,    0.125,    0.131,    0.123,    0.132, -999.000,    0.125,    0.127,    0.123,    0.127, -999.000,
       418,2020090200,    0.104,    0.100,    0.106,    0.099, -999.000,    0.106,    0.104,    0.108,    0.099, -999.000,    0.121,    0.118,    0.123,    0.133, -999.000,    0.121,    0.115,    0.123,    0.132, -999.000,
       418,2020090118,    0.097,    0.103,    0.088,    0.118, -999.000,    0.103,    0.127,    0.082,    0.102, -999.000,    0.118,    0.129,    0.112,    0.116, -999.000,    0.118,    0.122,    0.112,    0.133, -999.000,
       418,2020090112,    0.103,    0.090,    0.110,    0.083, -999.000,    0.112,    0.106,    0.114,    0.122, -999.000,    0.122,    0.119,    0.127,    0.131, -999.000,    0.122,    0.109,    0.127,    0.112, -999.000,
       418,2020090106,    0.110,    0.122,    0.101,    0.163, -999.000,    0.116,    0.123,    0.104,    0.240,    0.344,    0.127,    0.132,    0.123,    0.145, -999.000,    0.127,    0.130,    0.123,    0.142, -999.000,
       418,2020090100,    0.102,    0.101,    0.102,    0.103,    0.316,    0.108,    0.102,    0.111,    0.103,    0.316,    0.121,    0.128,    0.122,    0.120, -999.000,    0.121,    0.120,    0.122,    0.117, -999.000,
       418,2020083118,    0.099,    0.115,    0.092,    0.076, -999.000,    0.109,    0.126,    0.097,    0.107, -999.000,    0.119,    0.126,    0.119,    0.116, -999.000,    0.119,    0.123,    0.119,    0.095, -999.000,
       418,2020083112,    0.112,    0.103,    0.114,    0.128, -999.000,    0.114,    0.093,    0.121,    0.190,    0.266,    0.128,    0.113,    0.131,    0.153, -999.000,    0.128,    0.118,    0.131,    0.146, -999.000,
       418,2020083106,    0.107,    0.132,    0.097,    0.117, -999.000,    0.113,    0.135,    0.101,    0.159, -999.000,    0.127,    0.141,    0.120,    0.144, -999.000,    0.127,    0.141,    0.120,    0.139, -999.000,
       418,2020083100,    0.115,    0.143,    0.096,    0.113, -999.000,    0.126,    0.154,    0.101,    0.131, -999.000,    0.127,    0.138,    0.117,    0.138, -999.000,    0.127,    0.136,    0.117,    0.129, -999.000,
       418,2020083018,    0.099,    0.127,    0.088,    0.083,    0.154,    0.118,    0.132,    0.113,    0.105,    0.154,    0.122,    0.146,    0.109,    0.120, -999.000,    0.122,    0.145,    0.109,    0.099, -999.000,
       418,2020083012,    0.117,    0.018,    0.114,    0.200, -999.000,    0.123,    0.375,    0.120,    0.200, -999.000,    0.133, -999.000,    0.132,    0.125, -999.000,    0.133,    0.025,    0.132,    0.134, -999.000,
       418,2020083006,    0.107, -999.000,    0.106,    0.235, -999.000,    0.114, -999.000,    0.113,    0.265, -999.000,    0.128, -999.000,    0.127,    0.230, -999.000,    0.128, -999.000,    0.127,    0.197, -999.000,
       418,2020083000,    0.115, -999.000,    0.115, -999.000, -999.000,    0.120, -999.000,    0.118,    0.412, -999.000,    0.128, -999.000,    0.128, -999.000, -999.000,    0.128, -999.000,    0.128, -999.000, -999.000,
