        33,2020092000,    0.078,    0.083,    0.077,    0.078,    0.114,    0.078,    0.083,    0.077,    0.078,    0.123,    0.058,    0.058,    0.058,    0.059,    0.087,    0.058,    0.058,    0.058,    0.059,    0.087,
        33,2020091918,    0.079,    0.078,    0.078,    0.081,    0.090,    0.078,    0.078,    0.078,    0.081,    0.094,    0.058,    0.058,    0.058,    0.058,    0.060,    0.058,    0.058,    0.058,    0.058,    0.060,
        33,2020091912,    0.079,    0.078,    0.080,    0.077,    0.149,    0.079,    0.078,    0.080,    0.077,    0.149,    0.058,    0.059,    0.058,    0.058,    0.047,    0.058,    0.059,    0.058,    0.058,    0.047,
        33,2020091906,    0.079,    0.079,    0.079,    0.080,    0.083,    0.078,    0.078,    0.078,    0.080,    0.088,    0.057,    0.059,    0.057,    0.057,    0.064,    0.057,    0.059,    0.057,    0.057,    0.064,
        33,2020091900,    0.079,    0.084,    0.077,    0.081,    0.113,    0.079,    0.085,    0.077,    0.081,    0.113,    0.058,    0.059,    0.057,    0.058,    0.072,    0.058,    0.059,    0.057,    0.058,    0.072,
        33,2020091818,    0.078,    0.076,    0.080,    0.078,    0.114,    0.078,    0.076,    0.079,    0.078,    0.114,    0.058,    0.057,    0.058,    0.058,    0.063,    0.058,    0.057,    0.058,    0.058,    0.063,
        33,2020091812,    0.080,    0.084,    0.080,    0.076,    0.105,    0.080,    0.084,    0.080,    0.076,    0.105,    0.058,    0.058,    0.058,    0.058,    0.069,    0.058,    0.059,    0.058,    0.059,    0.069,
        33,2020091806,    0.079,    0.078,    0.079,    0.081,    0.113,    0.079,    0.078,    0.079,    0.081,    0.112,    0.058,    0.058,    0.058,    0.058,    0.068,    0.058,    0.058,    0.058,    0.058,    0.068,
        33,2020091800,    0.079,    0.085,    0.077,    0.078,    0.083,    0.079,    0.085,    0.077,    0.078,    0.083,    0.058,    0.058,    0.058,    0.058,    0.078,    0.058,    0.058,    0.058,    0.058,    0.078,
        33,2020091718,    0.080,    0.075,    0.082,    0.077,    0.113,    0.080,    0.075,    0.082,    0.077,    0.113,    0.058,    0.057,    0.058,    0.059,    0.066,    0.058,    0.057,    0.058,    0.060,    0.066,
        33,2020091712,    0.079,    0.085,    0.079,    0.076,    0.093,    0.079,    0.085,    0.079,    0.076,    0.093,    0.058,    0.060,    0.058,    0.058,    0.069,    0.058,    0.060,    0.058,    0.058,    0.069,
        33,2020091706,    0.080,    0.077,    0.080,    0.082,    0.068,    0.080,    0.077,    0.081,    0.081,    0.063,    0.058,    0.058,    0.058,    0.060,    0.058,    0.058,    0.058,    0.058,    0.060,    0.058,
        33,2020091700,    0.080,    0.081,    0.079,    0.080,    0.103,    0.080,    0.081,    0.079,    0.080,    0.103,    0.058,    0.058,    0.058,    0.059,    0.080,    0.058,    0.059,    0.058,    0.059,    0.080,
        33,2020091618,    0.079,    0.074,    0.082,    0.076,    0.088,    0.079,    0.074,    0.082,    0.076,    0.088,    0.059,    0.058,    0.059,    0.059,    0.069,    0.059,    0.058,    0.059,    0.059,    0.069,
        33,2020091612,    0.079,    0.082,    0.079,    0.077,    0.110,    0.079,    0.083,    0.079,    0.077,    0.117,    0.058,    0.059,    0.058,    0.058,    0.061,    0.058,    0.059,    0.058,    0.059,    0.061,
        33,2020091606,    0.079,    0.079,    0.078,    0.080,    0.097,    0.079,    0.079,    0.078,    0.080,    0.097,    0.058,    0.058,    0.058,    0.059,    0.056,    0.058,    0.058,    0.058,    0.059,    0.056,
        33,2020091600,    0.080,    0.078,    0.080,    0.081,    0.082,    0.080,    0.077,    0.080,    0.081,    0.082,    0.058,    0.059,    0.058,    0.059,    0.066,    0.058,    0.058,    0.058,    0.059,    0.066,
        33,2020091518,    0.080,    0.080,    0.080,    0.079,    0.091,    0.080,    0.080,    0.080,    0.079,    0.091,    0.059,    0.059,    0.059,    0.059,    0.067,    0.059,    0.059,    0.059,    0.059,    0.067,
        33,2020091512,    0.079,    0.080,    0.079,    0.077,    0.097,    0.079,    0.080,    0.079,    0.077,    0.097,    0.058,    0.058,    0.058,    0.059,    0.062,    0.058,    0.058,    0.058,    0.059,    0.062,
        33,2020091506,    0.078,    0.082,    0.077,    0.076,    0.093,    0.078,    0.082,    0.077,    0.075,    0.094,    0.058,    0.058,    0.058,    0.059,    0.054,    0.058,    0.058,    0.058,    0.059,    0.054,
        33,2020091500,    0.081,    0.083,    0.079,    0.086,    0.115,    0.081,    0.083,    0.079,    0.086,    0.115,    0.058,    0.058,    0.058,    0.059,    0.075,    0.058,    0.058,    0.058,    0.059,    0.075,
        33,2020091418,    0.078,    0.079,    0.078,    0.081,    0.094,    0.078,    0.079,    0.078,    0.080,    0.090,    0.058,    0.058,    0.058,    0.057,    0.066,    0.058,    0.058,    0.058,    0.057,    0.066,
        33,2020091412,    0.080,    0.079,    0.080,    0.081,    0.099,    0.079,    0.078,    0.079,    0.081,    0.099,    0.058,    0.059,    0.058,    0.057,    0.067,    0.058,    0.059,    0.058,    0.057,    0.067,
        33,2020091406,    0.078,    0.080,    0.078,    0.076,    0.100,    0.078,    0.079,    0.078,    0.076,    0.089,    0.058,    0.058,    0.058,    0.057,    0.062,    0.058,    0.058,    0.058,    0.057,    0.062,
        33,2020091400,    0.079,    0.082,    0.077,    0.084,    0.118,    0.079,    0.082,    0.077,    0.085,    0.118,    0.058,    0.059,    0.057,    0.058,    0.063,    0.058,    0.059,    0.057,    0.058,    0.063,
        33,2020091318,    0.078,    0.076,    0.079,    0.076,    0.118,    0.078,    0.076,    0.079,    0.077,    0.113,    0.058,    0.058,    0.058,    0.058,    0.063,    0.058,    0.058,    0.058,    0.058,    0.063,
        33,2020091312,    0.079,    0.082,    0.079,    0.073,    0.081,    0.079,    0.082,    0.079,    0.074,    0.075,    0.058,    0.059,    0.058,    0.057,    0.063,    0.058,    0.059,    0.058,    0.057,    0.063,
        33,2020091306,    0.078,    0.079,    0.078,    0.080,    0.099,    0.078,    0.079,    0.078,    0.079,    0.099,    0.058,    0.058,    0.058,    0.058,    0.064,    0.058,    0.058,    0.058,    0.058,    0.064,
        33,2020091300,    0.079,    0.084,    0.078,    0.081,    0.117,    0.079,    0.084,    0.078,    0.081,    0.117,    0.058,    0.058,    0.058,    0.058,    0.053,    0.058,    0.058,    0.058,    0.058,    0.053,
        33,2020091218,    0.078,    0.073,    0.081,    0.078,    0.092,    0.079,    0.073,    0.081,    0.079,    0.095,    0.058,    0.057,    0.058,    0.058,    0.069,    0.058,    0.057,    0.058,    0.058,    0.069,
        33,2020091212,    0.080,    0.086,    0.078,    0.077,    0.111,    0.079,    0.085,    0.078,    0.077,    0.111,    0.058,    0.058,    0.058,    0.058,    0.066,    0.058,    0.058,    0.058,    0.058,    0.066,
        33,2020091206,    0.079,    0.077,    0.079,    0.078,    0.086,    0.078,    0.077,    0.079,    0.078,    0.086,    0.058,    0.059,    0.058,    0.059,    0.069,    0.058,    0.059,    0.058,    0.060,    0.069,
        33,2020091200,    0.080,    0.083,    0.079,    0.081,    0.105,    0.080,    0.082,    0.079,    0.081,    0.116,    0.058,    0.058,    0.058,    0.059,    0.061,    0.058,    0.058,    0.058,    0.059,    0.061,
        33,2020091118,    0.079,    0.073,    0.082,    0.078,    0.084,    0.079,    0.073,    0.081,    0.080,    0.084,    0.058,    0.057,    0.058,    0.059,    0.063,    0.058,    0.057,    0.058,    0.059,    0.063,
        33,2020091112,    0.079,    0.084,    0.078,    0.075,    0.106,    0.079,    0.084,    0.079,    0.076,    0.102,    0.058,    0.059,    0.058,    0.058,    0.062,    0.058,    0.059,    0.058,    0.058,    0.062,
        33,2020091106,    0.078,    0.078,    0.079,    0.078,    0.104,    0.078,    0.077,    0.079,    0.078,    0.103,    0.058,    0.058,    0.058,    0.060,    0.069,    0.058,    0.058,    0.058,    0.060,    0.069,
        33,2020091100,    0.079,    0.078,    0.080,    0.080,    0.067,    0.079,    0.078,    0.079,    0.080,    0.067,    0.058,    0.059,    0.058,    0.059,    0.082,    0.058,    0.059,    0.058,    0.059,    0.082,
        33,2020091018,    0.079,    0.076,    0.079,    0.078,    0.106,    0.078,    0.076,    0.079,    0.079,    0.104,    0.058,    0.058,    0.057,    0.058,    0.071,    0.058,    0.058,    0.057,    0.058,    0.071,
        33,2020091012,    0.079,    0.080,    0.079,    0.075,    0.108,    0.079,    0.080,    0.079,    0.075,    0.108,    0.058,    0.057,    0.058,    0.058,    0.060,    0.058,    0.057,    0.058,    0.058,    0.060,
        33,2020091006,    0.078,    0.082,    0.077,    0.077,    0.124,    0.078,    0.082,    0.077,    0.078,    0.125,    0.058,    0.058,    0.058,    0.059,    0.055,    0.058,    0.058,    0.058,    0.059,    0.055,
        33,2020091000,    0.079,    0.079,    0.079,    0.082,    0.126,    0.079,    0.079,    0.079,    0.081,    0.126,    0.058,    0.058,    0.058,    0.059,    0.048,    0.058,    0.058,    0.058,    0.060,    0.048,
        33,2020090918,    0.079,    0.080,    0.078,    0.081,    0.098,    0.079,    0.080,    0.077,    0.081,    0.094,    0.058,    0.058,    0.058,    0.059,    0.060,    0.058,    0.058,    0.058,    0.058,    0.060,
        33,2020090912,    0.080,    0.077,    0.081,    0.080,    0.114,    0.080,    0.076,    0.081,    0.081,    0.114,    0.058,    0.058,    0.058,    0.060,    0.071,    0.058,    0.059,    0.058,    0.060,    0.071,
        33,2020090906,    0.079,    0.078,    0.079,    0.077,    0.105,    0.079,    0.078,    0.079,    0.077,    0.108,    0.058,    0.057,    0.058,    0.058,    0.052,    0.058,    0.057,    0.058,    0.058,    0.052,
        33,2020090900,    0.079,    0.084,    0.077,    0.082,    0.136,    0.079,    0.084,    0.077,    0.083,    0.136,    0.058,    0.059,    0.058,    0.059,    0.059,    0.058,    0.059,    0.058,    0.059,    0.059,
        33,2020090818,    0.079,    0.078,    0.080,    0.076,    0.125,    0.079,    0.077,    0.080,    0.077,    0.126,    0.058,    0.058,    0.058,    0.058,    0.054,    0.058,    0.058,    0.058,    0.059,    0.054,
        33,2020090812,    0.079,    0.081,    0.079,    0.077,    0.117,    0.079,    0.080,    0.079,    0.078,    0.117,    0.058,    0.059,    0.058,    0.058,    0.063,    0.058,    0.059,    0.058,    0.059,    0.063,
        33,2020090806,    0.079,    0.080,    0.079,    0.076,    0.121,    0.079,    0.080,    0.079,    0.076,    0.121,    0.058,    0.059,    0.058,    0.059,    0.055,    0.058,    0.059,    0.058,    0.059,    0.055,
        33,2020090800,    0.079,    0.085,    0.077,    0.082,    0.093,    0.079,    0.084,    0.077,    0.082,    0.093,    0.058,    0.059,    0.058,    0.059,    0.115,    0.058,    0.059,    0.058,    0.059,    0.115,
        33,2020090718,    0.079,    0.076,    0.080,    0.079,    0.112,    0.079,    0.076,    0.080,    0.080,    0.112,    0.058,    0.057,    0.059,    0.059,    0.063,    0.058,    0.057,    0.059,    0.058,    0.063,
        33,2020090712,    0.080,    0.087,    0.078,    0.077,    0.064,    0.080,    0.087,    0.078,    0.078,    0.064,    0.058,    0.058,    0.058,    0.058,    0.054,    0.058,    0.058,    0.058,    0.058,    0.054,
        33,2020090706,    0.079,    0.078,    0.079,    0.081,    0.096,    0.079,    0.078,    0.079,    0.081,    0.096,    0.058,    0.058,    0.058,    0.059,    0.055,    0.058,    0.058,    0.058,    0.059,    0.055,
        33,2020090700,    0.080,    0.083,    0.079,    0.080,    0.102,    0.080,    0.083,    0.079,    0.080,    0.102,    0.058,    0.059,    0.058,    0.058,    0.082,    0.058,    0.059,    0.058,    0.058,    0.082,
        33,2020090618,    0.079,    0.074,    0.082,    0.077,    0.102,    0.079,    0.074,    0.082,    0.078,    0.102,    0.058,    0.058,    0.058,    0.058,    0.071,    0.058,    0.058,    0.058,    0.058,    0.071,
        33,2020090612,    0.080,    0.085,    0.079,    0.076,    0.148,    0.080,    0.085,    0.079,    0.077,    0.134,    0.058,    0.059,    0.058,    0.058,    0.040,    0.058,    0.059,    0.058,    0.058,    0.040,
        33,2020090606,    0.078,    0.079,    0.078,    0.079,    0.118,    0.078,    0.078,    0.078,    0.080,    0.118,    0.058,    0.058,    0.058,    0.059,    0.062,    0.058,    0.058,    0.058,    0.059,    0.062,
        33,2020090600,    0.080,    0.081,    0.079,    0.080,    0.113,    0.079,    0.081,    0.079,    0.079,    0.111,    0.058,    0.059,    0.058,    0.059,    0.064,    0.058,    0.059,    0.058,    0.059,    0.064,
        33,2020090518,    0.079,    0.075,    0.080,    0.079,    0.089,    0.079,    0.075,    0.080,    0.079,    0.089,    0.058,    0.057,    0.058,    0.058,    0.065,    0.058,    0.057,    0.058,    0.058,    0.065,
        33,2020090512,    0.078,    0.079,    0.078,    0.075,    0.131,    0.078,    0.079,    0.078,    0.075,    0.131,    0.058,    0.058,    0.058,    0.057,    0.066,    0.058,    0.058,    0.058,    0.057,    0.066,
        33,2020090506,    0.079,    0.082,    0.078,    0.080,    0.090,    0.079,    0.082,    0.078,    0.081,    0.090,    0.058,    0.058,    0.058,    0.060,    0.065,    0.058,    0.058,    0.058,    0.060,    0.065,
        33,2020090500,    0.079,    0.079,    0.079,    0.082,    0.111,    0.079,    0.079,    0.079,    0.082,    0.111,    0.058,    0.058,    0.058,    0.059,    0.070,    0.058,    0.058,    0.058,    0.059,    0.070,
        33,2020090418,    0.080,    0.080,    0.079,    0.082,    0.110,    0.080,    0.079,    0.079,    0.082,    0.110,    0.058,    0.058,    0.058,    0.058,    0.060,    0.058,    0.058,    0.058,    0.058,    0.060,
        33,2020090412,    0.079,    0.077,    0.079,    0.080,    0.098,    0.079,    0.077,    0.079,    0.080,    0.098,    0.058,    0.058,    0.058,    0.058,    0.076,    0.058,    0.058,    0.058,    0.058,    0.076,
        33,2020090406,    0.079,    0.080,    0.078,    0.082,    0.093,    0.079,    0.079,    0.078,    0.082,    0.093,    0.058,    0.058,    0.058,    0.059,    0.068,    0.058,    0.058,    0.058,    0.059,    0.068,
        33,2020090400,    0.079,    0.082,    0.078,    0.083,    0.134,    0.079,    0.082,    0.078,    0.083,    0.134,    0.058,    0.058,    0.057,    0.059,    0.059,    0.058,    0.058,    0.057,    0.059,    0.059,
        33,2020090318,    0.078,    0.079,    0.077,    0.080,    0.082,    0.078,    0.079,    0.077,    0.080,    0.080,    0.058,    0.057,    0.058,    0.057,    0.058,    0.058,    0.057,    0.058,    0.057,    0.058,
        33,2020090312,    0.078,    0.077,    0.079,    0.079,    0.100,    0.078,    0.077,    0.079,    0.079,    0.100,    0.058,    0.058,    0.057,    0.058,    0.072,    0.058,    0.058,    0.057,    0.059,    0.072,
        33,2020090306,    0.078,    0.078,    0.079,    0.072,    0.105,    0.078,    0.078,    0.079,    0.071,    0.100,    0.057,    0.058,    0.057,    0.056,    0.065,    0.057,    0.058,    0.057,    0.056,    0.065,
        33,2020090300,    0.078,    0.083,    0.076,    0.078,    0.131,    0.078,    0.083,    0.076,    0.079,    0.131,    0.057,    0.058,    0.057,    0.058,    0.053,    0.057,    0.058,    0.057,    0.058,    0.053,
        33,2020090218,    0.077,    0.073,    0.079,    0.078,    0.110,    0.077,    0.073,    0.079,    0.078,    0.113,    0.057,    0.056,    0.057,    0.058,    0.070,    0.057,    0.056,    0.057,    0.058,    0.070,
        33,2020090212,    0.077,    0.081,    0.077,    0.071,    0.050,    0.077,    0.082,    0.077,    0.071,    0.050,    0.057,    0.057,    0.057,    0.057,    0.080,    0.057,    0.057,    0.057,    0.057,    0.080,
        33,2020090206,    0.077,    0.076,    0.078,    0.074,    0.099,    0.077,    0.076,    0.078,    0.074,    0.099,    0.057,    0.057,    0.057,    0.057,    0.066,    0.057,    0.057,    0.057,    0.057,    0.066,
        33,2020090200,    0.077,    0.084,    0.075,    0.079,    0.090,    0.077,    0.083,    0.075,    0.080,    0.090,    0.057,    0.056,    0.056,    0.057,    0.062,    0.057,    0.056,    0.056,    0.057,    0.062,
        33,2020090118,    0.077,    0.072,    0.080,    0.076,    0.095,    0.077,    0.072,    0.080,    0.075,    0.095,    0.057,    0.056,    0.057,    0.058,    0.070,    0.057,    0.056,    0.057,    0.057,    0.070,
        33,2020090112,    0.077,    0.083,    0.076,    0.072,    0.146,    0.077,    0.082,    0.076,    0.072,    0.146,    0.057,    0.058,    0.056,    0.056,    0.050,    0.057,    0.058,    0.056,    0.056,    0.050,
        33,2020090106,    0.078,    0.077,    0.078,    0.079,    0.105,    0.078,    0.076,    0.078,    0.078,    0.108,    0.057,    0.057,    0.056,    0.058,    0.066,    0.057,    0.057,    0.056,    0.058,    0.066,
        33,2020090100,    0.078,    0.078,    0.078,    0.081,    0.138,    0.078,    0.078,    0.078,    0.081,    0.138,    0.057,    0.057,    0.057,    0.056,    0.044,    0.057,    0.057,    0.057,    0.055,    0.044,
        33,2020083118,    0.077,    0.073,    0.078,    0.079,    0.072,    0.077,    0.073,    0.078,    0.080,    0.072,    0.057,    0.056,    0.057,    0.057,    0.065,    0.057,    0.056,    0.057,    0.057,    0.065,
        33,2020083112,    0.077,    0.080,    0.076,    0.074,    0.115,    0.077,    0.081,    0.076,    0.073,    0.115,    0.056,    0.057,    0.056,    0.056,    0.057,    0.056,    0.057,    0.056,    0.056,    0.057,
        33,2020083106,    0.076,    0.076,    0.076,    0.079,    0.119,    0.076,    0.077,    0.076,    0.078,    0.119,    0.056,    0.056,    0.056,    0.056,    0.045,    0.056,    0.056,    0.056,    0.057,    0.045,
        33,2020083100,    0.077,    0.077,    0.077,    0.079,    0.072,    0.077,    0.077,    0.077,    0.079,    0.088,    0.056,    0.057,    0.056,    0.057,    0.046,    0.056,    0.057,    0.056,    0.057,    0.046,
        33,2020083018,    0.077,    0.078,    0.077,    0.078,    0.071,    0.077,    0.078,    0.077,    0.078,    0.071,    0.056,    0.057,    0.056,    0.056,    0.057,    0.056,    0.057,    0.056,    0.056,    0.057,
        33,2020083012,    0.076,    0.076,    0.076,    0.074,    0.091,    0.076,    0.076,    0.076,    0.075,    0.091,    0.056,    0.056,    0.056,    0.056,    0.073,    0.056,    0.056,    0.056,    0.056,    0.073,
        33,2020083006,    0.077,    0.079,    0.075,    0.079,    0.102,    0.077,    0.079,    0.076,    0.078,    0.102,    0.056,    0.056,    0.056,    0.057,    0.066,    0.056,    0.056,    0.056,    0.057,    0.066,
        33,2020083000,    0.076,    0.078,    0.075,    0.081,    0.109,    0.076,    0.078,    0.075,    0.081,    0.109,    0.056,    0.056,    0.056,    0.057,    0.068,    0.056,    0.056,    0.056,    0.057,    0.068,
