       167,2020092000,   -0.007,    0.021,   -0.016,    0.101, -999.000,   -0.028,    0.016,   -0.040,    0.103, -999.000,    0.067,    0.063,    0.064,    0.006, -999.000,    0.067,    0.063,    0.064,    0.005, -999.000,
       167,2020091918,   -0.011,    0.008,   -0.023,    0.101,    0.055,   -0.037,   -0.008,   -0.052,    0.101,    0.054,    0.080,    0.087,    0.077,    0.010,    0.000,    0.080,    0.075,    0.077,    0.009,    0.000,
       167,2020091912,   -0.010,   -0.017,   -0.014,    0.100, -999.000,   -0.027,   -0.023,   -0.032,    0.102, -999.000,    0.066,    0.077,    0.063,    0.008, -999.000,    0.066,    0.068,    0.063,    0.010, -999.000,
       167,2020091906,   -0.010,    0.012,   -0.022,    0.099,   -0.036,   -0.037,    0.007,   -0.054,    0.100,   -0.059,    0.086,    0.084,    0.084,    0.009,    0.126,    0.086,    0.082,    0.084,    0.008,    0.126,
       167,2020091900,   -0.001,    0.027,   -0.009,    0.101, -999.000,   -0.017,    0.018,   -0.025,    0.100, -999.000,    0.062,    0.060,    0.060,    0.008, -999.000,    0.062,    0.053,    0.060,    0.008, -999.000,
       167,2020091818,   -0.031,   -0.005,   -0.046,    0.099,   -0.149,   -0.051,   -0.008,   -0.073,    0.101,   -0.197,    0.090,    0.092,    0.085,    0.011,    0.010,    0.090,    0.090,    0.085,    0.012,    0.010,
       167,2020091812,   -0.008,   -0.009,   -0.014,    0.102, -999.000,   -0.025,   -0.024,   -0.030,    0.102, -999.000,    0.068,    0.075,    0.064,    0.008, -999.000,    0.068,    0.070,    0.064,    0.007, -999.000,
       167,2020091806,   -0.014,    0.010,   -0.027,    0.098,   -0.063,   -0.037,   -0.006,   -0.053,    0.098,   -0.272,    0.083,    0.088,    0.080,    0.008,    0.116,    0.083,    0.080,    0.080,    0.006,    0.116,
       167,2020091800,   -0.010,    0.015,   -0.018,    0.100, -999.000,   -0.025,    0.010,   -0.036,    0.103, -999.000,    0.065,    0.062,    0.063,    0.006, -999.000,    0.065,    0.058,    0.063,    0.006, -999.000,
       167,2020091718,   -0.012,    0.004,   -0.027,    0.101, -999.000,   -0.038,   -0.001,   -0.059,    0.100, -999.000,    0.082,    0.079,    0.078,    0.010, -999.000,    0.082,    0.078,    0.078,    0.008, -999.000,
       167,2020091712,   -0.007,   -0.020,   -0.010,    0.101, -999.000,   -0.026,   -0.042,   -0.027,    0.102, -999.000,    0.065,    0.076,    0.059,    0.005, -999.000,    0.065,    0.077,    0.059,    0.007, -999.000,
       167,2020091706,   -0.021,    0.008,   -0.037,    0.099,   -0.074,   -0.043,   -0.006,   -0.063,    0.096,   -0.016,    0.083,    0.079,    0.081,    0.010,    0.116,    0.083,    0.074,    0.081,    0.009,    0.116,
       167,2020091700,   -0.011,    0.005,   -0.016,    0.102, -999.000,   -0.026,   -0.003,   -0.032,    0.104, -999.000,    0.065,    0.059,    0.063,    0.005, -999.000,    0.065,    0.061,    0.063,    0.009, -999.000,
       167,2020091618,   -0.011,    0.011,   -0.024,    0.098,   -0.013,   -0.032,    0.007,   -0.052,    0.103,   -0.006,    0.078,    0.074,    0.075,    0.009,    0.155,    0.078,    0.074,    0.075,    0.008,    0.155,
       167,2020091612,   -0.018,   -0.029,   -0.022,    0.100, -999.000,   -0.031,   -0.039,   -0.032,    0.099,   -0.104,    0.067,    0.079,    0.063,    0.011, -999.000,    0.067,    0.071,    0.063,    0.008, -999.000,
       167,2020091606,   -0.019,    0.019,   -0.037,    0.098,   -0.187,   -0.042,    0.003,   -0.062,    0.097,   -0.177,    0.085,    0.074,    0.082,    0.009,    0.081,    0.085,    0.067,    0.082,    0.007,    0.081,
       167,2020091600,   -0.008,   -0.002,   -0.012,    0.098,   -0.194,   -0.023,   -0.007,   -0.030,    0.102,   -0.198,    0.066,    0.065,    0.064,    0.011, -999.000,    0.066,    0.065,    0.064,    0.011, -999.000,
       167,2020091518,   -0.014,    0.005,   -0.027,    0.100, -999.000,   -0.037,   -0.007,   -0.054,    0.102, -999.000,    0.079,    0.074,    0.076,    0.011, -999.000,    0.079,    0.069,    0.076,    0.011, -999.000,
       167,2020091512,   -0.011,   -0.028,   -0.015,    0.101,    0.088,   -0.029,   -0.034,   -0.032,    0.104,   -0.024,    0.069,    0.073,    0.063,    0.007, -999.000,    0.069,    0.071,    0.063,    0.008, -999.000,
       167,2020091506,   -0.005,    0.008,   -0.020,    0.100,   -0.048,   -0.032,   -0.004,   -0.051,    0.101,    0.037,    0.080,    0.072,    0.080,    0.010,    0.122,    0.080,    0.068,    0.080,    0.010,    0.122,
       167,2020091500,   -0.012,    0.013,   -0.019,    0.096, -999.000,   -0.032,   -0.004,   -0.041,    0.097, -999.000,    0.070,    0.078,    0.068,    0.013, -999.000,    0.070,    0.066,    0.068,    0.012, -999.000,
       167,2020091418,   -0.008,   -0.001,   -0.019,    0.101,   -0.017,   -0.035,   -0.017,   -0.051,    0.104,   -0.144,    0.084,    0.096,    0.080,    0.010, -999.000,    0.084,    0.089,    0.080,    0.010, -999.000,
       167,2020091412,   -0.019,   -0.019,   -0.023,    0.101, -999.000,   -0.034,   -0.023,   -0.041,    0.103, -999.000,    0.073,    0.075,    0.071,    0.011, -999.000,    0.073,    0.073,    0.071,    0.012, -999.000,
       167,2020091406,   -0.007,    0.007,   -0.016,    0.100, -999.000,   -0.027,   -0.004,   -0.039,    0.102,   -0.151,    0.077,    0.071,    0.076,    0.008, -999.000,    0.077,    0.067,    0.076,    0.008, -999.000,
       167,2020091400,   -0.009,    0.017,   -0.016,    0.102,   -0.150,   -0.027,    0.012,   -0.037,    0.104,   -0.028,    0.066,    0.066,    0.064,    0.005, -999.000,    0.066,    0.064,    0.064,    0.005, -999.000,
       167,2020091318,   -0.007,    0.007,   -0.020,    0.100,   -0.078,   -0.031,   -0.001,   -0.050,    0.103,   -0.132,    0.084,    0.077,    0.084,    0.009,    0.004,    0.084,    0.070,    0.084,    0.009,    0.004,
       167,2020091312,   -0.011,   -0.013,   -0.016,    0.101,   -0.020,   -0.027,   -0.020,   -0.033,    0.103,   -0.024,    0.068,    0.078,    0.065,    0.007, -999.000,    0.068,    0.072,    0.065,    0.007, -999.000,
       167,2020091306,   -0.012,    0.011,   -0.027,    0.103, -999.000,   -0.036,   -0.006,   -0.053,    0.102, -999.000,    0.081,    0.075,    0.081,    0.005, -999.000,    0.081,    0.065,    0.081,    0.005, -999.000,
       167,2020091300,   -0.008,    0.003,   -0.015,    0.099, -999.000,   -0.023,    0.004,   -0.032,    0.102, -999.000,    0.068,    0.066,    0.065,    0.010, -999.000,    0.068,    0.067,    0.065,    0.010, -999.000,
       167,2020091218,   -0.013,   -0.006,   -0.021,    0.103,   -0.100,   -0.038,   -0.019,   -0.054,    0.098, -999.000,    0.087,    0.089,    0.085,    0.013, -999.000,    0.087,    0.086,    0.085,    0.005, -999.000,
       167,2020091212,   -0.016,   -0.016,   -0.021,    0.101, -999.000,   -0.031,   -0.025,   -0.036,    0.102, -999.000,    0.064,    0.073,    0.060,    0.007, -999.000,    0.064,    0.066,    0.060,    0.006, -999.000,
       167,2020091206,   -0.011,    0.008,   -0.023,    0.100,    0.033,   -0.035,   -0.004,   -0.053,    0.099,    0.029,    0.082,    0.078,    0.081,    0.006,    0.080,    0.082,    0.076,    0.081,    0.007,    0.080,
       167,2020091200,   -0.007,    0.008,   -0.014,    0.099,    0.045,   -0.025,   -0.002,   -0.032,    0.099,   -0.098,    0.066,    0.070,    0.064,    0.011, -999.000,    0.066,    0.061,    0.064,    0.011, -999.000,
       167,2020091118,   -0.022,    0.001,   -0.035,    0.101, -999.000,   -0.052,   -0.008,   -0.073,    0.102, -999.000,    0.086,    0.081,    0.085,    0.009, -999.000,    0.086,    0.076,    0.085,    0.007, -999.000,
       167,2020091112,   -0.009,   -0.013,   -0.013,    0.102,    0.001,   -0.024,   -0.030,   -0.028,    0.100,   -0.011,    0.068,    0.077,    0.064,    0.013,    0.089,    0.068,    0.070,    0.064,    0.006,    0.089,
       167,2020091106,   -0.022,    0.011,   -0.037,    0.101,    0.074,   -0.049,    0.000,   -0.068,    0.100,   -0.041,    0.088,    0.068,    0.088,    0.011, -999.000,    0.088,    0.069,    0.088,    0.008, -999.000,
       167,2020091100,   -0.004,    0.020,   -0.012,    0.103, -999.000,   -0.022,    0.012,   -0.033,    0.101, -999.000,    0.066,    0.063,    0.063,    0.008, -999.000,    0.066,    0.057,    0.063,    0.007, -999.000,
       167,2020091018,   -0.025,   -0.001,   -0.037,    0.100,    0.046,   -0.044,   -0.005,   -0.063,    0.102,   -0.037,    0.088,    0.071,    0.086,    0.008, -999.000,    0.088,    0.076,    0.086,    0.008, -999.000,
       167,2020091012,   -0.015,   -0.026,   -0.018,    0.101,   -0.017,   -0.030,   -0.025,   -0.036,    0.101,   -0.011,    0.071,    0.079,    0.066,    0.009,    0.008,    0.071,    0.081,    0.066,    0.009,    0.008,
       167,2020091006,   -0.031,   -0.003,   -0.047,    0.097,   -0.209,   -0.055,   -0.018,   -0.075,    0.101,   -0.206,    0.088,    0.073,    0.088,    0.007, -999.000,    0.088,    0.075,    0.088,    0.010, -999.000,
       167,2020091000,   -0.006,    0.015,   -0.013,    0.102,    0.038,   -0.025,    0.012,   -0.037,    0.103, -999.000,    0.071,    0.072,    0.069,    0.008, -999.000,    0.071,    0.069,    0.069,    0.006, -999.000,
       167,2020090918,   -0.016,   -0.007,   -0.026,    0.099,   -0.198,   -0.037,   -0.011,   -0.051,    0.101,   -0.151,    0.086,    0.075,    0.085,    0.010,    0.009,    0.086,    0.073,    0.085,    0.012,    0.009,
       167,2020090912,   -0.018,   -0.021,   -0.023,    0.100, -999.000,   -0.034,   -0.028,   -0.041,    0.102, -999.000,    0.073,    0.079,    0.069,    0.012, -999.000,    0.073,    0.076,    0.069,    0.012, -999.000,
       167,2020090906,   -0.023,   -0.006,   -0.033,    0.100,   -0.218,   -0.043,   -0.014,   -0.058,    0.101,   -0.186,    0.085,    0.076,    0.084,    0.008, -999.000,    0.085,    0.074,    0.084,    0.009, -999.000,
       167,2020090900,   -0.010,    0.022,   -0.019,    0.101,   -0.058,   -0.030,    0.001,   -0.040,    0.102,   -0.268,    0.072,    0.078,    0.070,    0.008, -999.000,    0.072,    0.063,    0.070,    0.008, -999.000,
       167,2020090818,   -0.023,   -0.006,   -0.032,    0.103, -999.000,   -0.044,   -0.011,   -0.061,    0.104, -999.000,    0.087,    0.080,    0.086,    0.006, -999.000,    0.087,    0.076,    0.086,    0.006, -999.000,
       167,2020090812,   -0.014,   -0.019,   -0.020,    0.102, -999.000,   -0.026,   -0.028,   -0.032,    0.103, -999.000,    0.072,    0.079,    0.067,    0.007, -999.000,    0.072,    0.074,    0.067,    0.006, -999.000,
       167,2020090806,   -0.021,   -0.000,   -0.032,    0.103,    0.016,   -0.045,   -0.012,   -0.062,    0.103,    0.013,    0.084,    0.074,    0.085,    0.007, -999.000,    0.084,    0.071,    0.085,    0.007, -999.000,
       167,2020090800,   -0.011,    0.009,   -0.018,    0.101,   -0.153,   -0.027,   -0.005,   -0.034,    0.102,   -0.166,    0.064,    0.075,    0.060,    0.008, -999.000,    0.064,    0.067,    0.060,    0.008, -999.000,
       167,2020090718,   -0.029,   -0.004,   -0.040,    0.103, -999.000,   -0.051,   -0.012,   -0.068,    0.104, -999.000,    0.091,    0.075,    0.090,    0.007, -999.000,    0.091,    0.075,    0.090,    0.006, -999.000,
       167,2020090712,   -0.017,   -0.035,   -0.019,    0.104, -999.000,   -0.031,   -0.034,   -0.035,    0.104, -999.000,    0.067,    0.075,    0.062,    0.005, -999.000,    0.067,    0.073,    0.062,    0.005, -999.000,
       167,2020090706,   -0.022,   -0.004,   -0.034,    0.098,   -0.069,   -0.040,   -0.004,   -0.059,    0.101,   -0.068,    0.082,    0.066,    0.084,    0.007,    0.135,    0.082,    0.065,    0.084,    0.008,    0.135,
       167,2020090700,   -0.014,    0.010,   -0.024,    0.101, -999.000,   -0.034,   -0.003,   -0.044,    0.101, -999.000,    0.069,    0.068,    0.066,    0.011, -999.000,    0.069,    0.061,    0.066,    0.008, -999.000,
       167,2020090618,   -0.024,    0.001,   -0.042,    0.102,    0.083,   -0.048,   -0.009,   -0.071,    0.105, -999.000,    0.086,    0.080,    0.083,    0.008, -999.000,    0.086,    0.071,    0.083,    0.010, -999.000,
       167,2020090612,   -0.009,   -0.007,   -0.017,    0.103,   -0.085,   -0.027,   -0.025,   -0.032,    0.104,   -0.080,    0.067,    0.071,    0.065,    0.005, -999.000,    0.067,    0.055,    0.065,    0.005, -999.000,
       167,2020090606,   -0.022,    0.010,   -0.040,    0.102, -999.000,   -0.047,   -0.007,   -0.068,    0.101, -999.000,    0.084,    0.072,    0.084,    0.008, -999.000,    0.084,    0.064,    0.084,    0.007, -999.000,
       167,2020090600,   -0.006,    0.010,   -0.015,    0.102,    0.081,   -0.018,    0.003,   -0.027,    0.101,    0.081,    0.069,    0.067,    0.067,    0.008, -999.000,    0.069,    0.062,    0.067,    0.005, -999.000,
       167,2020090518,   -0.018,   -0.003,   -0.031,    0.104, -999.000,   -0.039,   -0.011,   -0.056,    0.105, -999.000,    0.082,    0.073,    0.080,    0.008, -999.000,    0.082,    0.076,    0.080,    0.008, -999.000,
       167,2020090512,   -0.015,   -0.025,   -0.019,    0.100,    0.051,   -0.032,   -0.033,   -0.037,    0.102,    0.033,    0.068,    0.076,    0.065,    0.008,    0.042,    0.068,    0.069,    0.065,    0.006,    0.042,
       167,2020090506,   -0.019,    0.011,   -0.036,    0.103,    0.079,   -0.044,   -0.002,   -0.063,    0.103,    0.079,    0.082,    0.074,    0.081,    0.005, -999.000,    0.082,    0.066,    0.081,    0.006, -999.000,
       167,2020090500,   -0.008,    0.009,   -0.015,    0.102, -999.000,   -0.023,    0.000,   -0.033,    0.103, -999.000,    0.068,    0.076,    0.066,    0.009, -999.000,    0.068,    0.066,    0.066,    0.010, -999.000,
       167,2020090418,   -0.011,   -0.002,   -0.019,    0.105, -999.000,   -0.033,   -0.011,   -0.047,    0.105, -999.000,    0.078,    0.076,    0.077,    0.008, -999.000,    0.078,    0.073,    0.077,    0.006, -999.000,
       167,2020090412,   -0.010,   -0.026,   -0.012,    0.103,    0.008,   -0.026,   -0.027,   -0.031,    0.104, -999.000,    0.071,    0.079,    0.066,    0.007, -999.000,    0.071,    0.078,    0.066,    0.006, -999.000,
       167,2020090406,   -0.018,    0.005,   -0.030,    0.104,   -0.140,   -0.044,   -0.010,   -0.062,    0.101,   -0.053,    0.082,    0.075,    0.081,    0.010, -999.000,    0.082,    0.072,    0.081,    0.008, -999.000,
       167,2020090400,   -0.011,    0.013,   -0.019,    0.104, -999.000,   -0.026,   -0.000,   -0.037,    0.104, -999.000,    0.071,    0.075,    0.069,    0.013, -999.000,    0.071,    0.066,    0.069,    0.006, -999.000,
       167,2020090318,   -0.013,   -0.009,   -0.019,    0.104,   -0.022,   -0.028,   -0.013,   -0.041,    0.104,   -0.062,    0.079,    0.077,    0.077,    0.012,    0.136,    0.079,    0.078,    0.077,    0.012,    0.136,
       167,2020090312,   -0.014,   -0.019,   -0.019,    0.105,   -0.002,   -0.031,   -0.032,   -0.037,    0.102, -999.000,    0.073,    0.083,    0.069,    0.013,    0.096,    0.073,    0.078,    0.069,    0.010,    0.096,
       167,2020090306,   -0.015,   -0.011,   -0.020,    0.103,    0.074,   -0.032,   -0.019,   -0.044,    0.101,    0.075,    0.081,    0.078,    0.080,    0.013, -999.000,    0.081,    0.079,    0.080,    0.008, -999.000,
       167,2020090300,   -0.012,    0.007,   -0.020,    0.102,   -0.156,   -0.025,    0.001,   -0.038,    0.104, -999.000,    0.072,    0.062,    0.070,    0.014,    0.105,    0.072,    0.062,    0.070,    0.011,    0.105,
       167,2020090218,   -0.018,   -0.006,   -0.034,    0.104,   -0.089,   -0.035,   -0.016,   -0.060,    0.105,   -0.082,    0.086,    0.085,    0.080,    0.014,    0.074,    0.086,    0.086,    0.080,    0.011,    0.074,
       167,2020090212,   -0.003,   -0.007,   -0.009,    0.106, -999.000,   -0.021,   -0.034,   -0.025,    0.104, -999.000,    0.069,    0.083,    0.064,    0.008, -999.000,    0.069,    0.073,    0.064,    0.007, -999.000,
       167,2020090206,   -0.013,   -0.001,   -0.021,    0.097,   -0.148,   -0.032,   -0.016,   -0.045,    0.097,   -0.190,    0.082,    0.079,    0.081,    0.016,    0.122,    0.082,    0.074,    0.081,    0.013,    0.122,
       167,2020090200,   -0.008,   -0.012,   -0.013,    0.101, -999.000,   -0.023,   -0.016,   -0.032,    0.101, -999.000,    0.072,    0.067,    0.070,    0.014, -999.000,    0.072,    0.068,    0.070,    0.014, -999.000,
       167,2020090118,   -0.024,   -0.007,   -0.042,    0.104,    0.082,   -0.039,   -0.021,   -0.061,    0.106,    0.055,    0.093,    0.093,    0.086,    0.010,    0.034,    0.093,    0.094,    0.086,    0.012,    0.034,
       167,2020090112,   -0.004,   -0.044,   -0.003,    0.102,   -0.030,   -0.021,   -0.054,   -0.021,    0.104,   -0.050,    0.071,    0.081,    0.064,    0.008, -999.000,    0.071,    0.083,    0.064,    0.011, -999.000,
       167,2020090106,   -0.021,    0.005,   -0.038,    0.102,   -0.133,   -0.046,   -0.014,   -0.065,    0.101,   -0.120,    0.086,    0.078,    0.083,    0.012, -999.000,    0.086,    0.077,    0.083,    0.011, -999.000,
       167,2020090100,    0.003,   -0.009,    0.001,    0.095, -999.000,   -0.011,   -0.014,   -0.017,    0.093, -999.000,    0.062,    0.075,    0.057,    0.019, -999.000,    0.062,    0.075,    0.057,    0.017, -999.000,
       167,2020083118,   -0.009,   -0.003,   -0.019,    0.103,    0.070,   -0.025,   -0.010,   -0.039,    0.101,    0.002,    0.082,    0.091,    0.076,    0.013,    0.016,    0.082,    0.090,    0.076,    0.011,    0.016,
       167,2020083112,   -0.009,   -0.033,   -0.009,    0.097,    0.085,   -0.026,   -0.036,   -0.031,    0.100,    0.081,    0.079,    0.096,    0.070,    0.013,    0.019,    0.079,    0.096,    0.070,    0.014,    0.019,
       167,2020083106,   -0.018,    0.005,   -0.029,    0.099,   -0.241,   -0.037,   -0.009,   -0.052,    0.099, -999.000,    0.082,    0.075,    0.082,    0.012, -999.000,    0.082,    0.069,    0.082,    0.013, -999.000,
       167,2020083100,    0.000,    0.015,   -0.007,    0.094,    0.091,   -0.012,    0.009,   -0.023,    0.097,   -0.009,    0.066,    0.074,    0.061,    0.018, -999.000,    0.066,    0.072,    0.061,    0.017, -999.000,
       167,2020083018,   -0.017,    0.014,   -0.035,    0.102,   -0.146,   -0.034,   -0.015,   -0.051,    0.104, -999.000,    0.086,    0.097,    0.081,    0.011, -999.000,    0.086,    0.081,    0.081,    0.012, -999.000,
       167,2020083012,   -0.003,   -0.012,   -0.008,    0.101, -999.000,   -0.022,   -0.028,   -0.028,    0.100, -999.000,    0.071,    0.080,    0.065,    0.017, -999.000,    0.071,    0.080,    0.065,    0.014, -999.000,
       167,2020083006,   -0.018,   -0.029,   -0.025,    0.102,   -0.102,   -0.030,   -0.003,   -0.052,    0.097,    0.034,    0.087,    0.071,    0.085,    0.018,    0.168,    0.087,    0.077,    0.085,    0.015,    0.168,
       167,2020083000,   -0.027,   -0.150,   -0.026, -999.000, -999.000,   -0.040,   -0.164,   -0.039, -999.000, -999.000,    0.068,    0.028,    0.067, -999.000, -999.000,    0.068,    0.036,    0.067, -999.000, -999.000,
