       423,2020092000,    0.120,    0.143,    0.114,    0.105, -999.000,    0.124,    0.137,    0.120,    0.107, -999.000,    0.098,    0.099,    0.097,    0.116, -999.000,    0.098,    0.100,    0.097,    0.102, -999.000,
       423,2020091918,    0.136,    0.119,    0.138,    0.180, -999.000,    0.133,    0.123,    0.137,    0.138, -999.000,    0.102,    0.100,    0.102,    0.102, -999.000,    0.102,    0.097,    0.102,    0.105, -999.000,
       423,2020091912,    0.125,    0.140,    0.123,    0.098, -999.000,    0.132,    0.137,    0.132,    0.081, -999.000,    0.103,    0.109,    0.102,    0.088, -999.000,    0.103,    0.109,    0.102,    0.100, -999.000,
       423,2020091906,    0.126,    0.166,    0.115,    0.138,    0.046,    0.135,    0.165,    0.122,    0.174,    0.093,    0.100,    0.109,    0.094,    0.114,    0.064,    0.100,    0.111,    0.094,    0.098,    0.064,
       423,2020091900,    0.121,    0.134,    0.114,    0.118, -999.000,    0.125,    0.146,    0.110,    0.131, -999.000,    0.101,    0.107,    0.098,    0.106, -999.000,    0.101,    0.105,    0.098,    0.106, -999.000,
       423,2020091818,    0.121,    0.119,    0.119,    0.152,    0.098,    0.128,    0.126,    0.129,    0.120,    0.185,    0.101,    0.099,    0.101,    0.115,    0.036,    0.101,    0.099,    0.101,    0.114,    0.036,
       423,2020091812,    0.136,    0.172,    0.131,    0.110, -999.000,    0.148,    0.160,    0.145,    0.129, -999.000,    0.104,    0.105,    0.103,    0.107, -999.000,    0.104,    0.101,    0.103,    0.109, -999.000,
       423,2020091806,    0.139,    0.151,    0.137,    0.097,    0.291,    0.147,    0.160,    0.143,    0.107, -999.000,    0.100,    0.101,    0.100,    0.092, -999.000,    0.100,    0.102,    0.100,    0.088, -999.000,
       423,2020091800,    0.129,    0.135,    0.126,    0.112, -999.000,    0.127,    0.129,    0.121,    0.183, -999.000,    0.098,    0.097,    0.101,    0.091, -999.000,    0.098,    0.092,    0.101,    0.102, -999.000,
       423,2020091718,    0.127,    0.123,    0.134,    0.089, -999.000,    0.134,    0.125,    0.141,    0.102, -999.000,    0.100,    0.098,    0.101,    0.084, -999.000,    0.100,    0.097,    0.101,    0.092, -999.000,
       423,2020091712,    0.135,    0.161,    0.130,    0.115, -999.000,    0.132,    0.147,    0.129,    0.109, -999.000,    0.103,    0.105,    0.102,    0.089, -999.000,    0.103,    0.102,    0.102,    0.102, -999.000,
       423,2020091706,    0.124,    0.129,    0.121,    0.114, -999.000,    0.129,    0.137,    0.125,    0.122, -999.000,    0.096,    0.104,    0.094,    0.112, -999.000,    0.096,    0.099,    0.094,    0.100, -999.000,
       423,2020091700,    0.117,    0.100,    0.123,    0.111, -999.000,    0.116,    0.102,    0.121,    0.109, -999.000,    0.098,    0.099,    0.096,    0.094, -999.000,    0.098,    0.099,    0.096,    0.104, -999.000,
       423,2020091618,    0.119,    0.116,    0.125,    0.095,    0.116,    0.122,    0.124,    0.120,    0.126,    0.095,    0.095,    0.095,    0.098,    0.118,    0.030,    0.095,    0.087,    0.098,    0.102,    0.030,
       423,2020091612,    0.119,    0.129,    0.116,    0.142, -999.000,    0.126,    0.136,    0.122,    0.143, -999.000,    0.099,    0.105,    0.098,    0.136, -999.000,    0.099,    0.103,    0.098,    0.101, -999.000,
       423,2020091606,    0.137,    0.141,    0.136,    0.118,    0.301,    0.143,    0.149,    0.141,    0.114,    0.301,    0.099,    0.096,    0.099,    0.106, -999.000,    0.099,    0.100,    0.099,    0.084, -999.000,
       423,2020091600,    0.119,    0.111,    0.122,    0.125,    0.120,    0.123,    0.107,    0.131,    0.107,    0.120,    0.096,    0.093,    0.095,    0.092, -999.000,    0.096,    0.098,    0.095,    0.096, -999.000,
       423,2020091518,    0.115,    0.128,    0.105,    0.126, -999.000,    0.126,    0.136,    0.119,    0.129, -999.000,    0.098,    0.105,    0.096,    0.110, -999.000,    0.098,    0.100,    0.096,    0.102, -999.000,
       423,2020091512,    0.122,    0.117,    0.123,    0.123, -999.000,    0.134,    0.129,    0.136,    0.106,    0.285,    0.099,    0.092,    0.099,    0.109, -999.000,    0.099,    0.098,    0.099,    0.101, -999.000,
       423,2020091506,    0.120,    0.155,    0.103,    0.111, -999.000,    0.136,    0.164,    0.121,    0.109, -999.000,    0.103,    0.107,    0.097,    0.087, -999.000,    0.103,    0.110,    0.097,    0.093, -999.000,
       423,2020091500,    0.124,    0.121,    0.122,    0.171, -999.000,    0.124,    0.123,    0.123,    0.148, -999.000,    0.098,    0.099,    0.096,    0.098, -999.000,    0.098,    0.097,    0.096,    0.114, -999.000,
       423,2020091418,    0.113,    0.110,    0.112,    0.128,    0.219,    0.111,    0.121,    0.105,    0.121,    0.027,    0.097,    0.102,    0.098,    0.101, -999.000,    0.097,    0.096,    0.098,    0.095, -999.000,
       423,2020091412,    0.124,    0.106,    0.130,    0.079, -999.000,    0.131,    0.112,    0.137,    0.136, -999.000,    0.098,    0.097,    0.098,    0.089, -999.000,    0.098,    0.096,    0.098,    0.076, -999.000,
       423,2020091406,    0.120,    0.131,    0.116,    0.133, -999.000,    0.126,    0.137,    0.119,    0.169,    0.051,    0.100,    0.108,    0.099,    0.105, -999.000,    0.100,    0.104,    0.099,    0.104, -999.000,
       423,2020091400,    0.120,    0.120,    0.119,    0.122,    0.293,    0.119,    0.121,    0.117,    0.119,    0.293,    0.096,    0.101,    0.093,    0.095, -999.000,    0.096,    0.100,    0.093,    0.097, -999.000,
       423,2020091318,    0.124,    0.142,    0.116,    0.126,    0.306,    0.129,    0.138,    0.127,    0.097,    0.306,    0.098,    0.104,    0.095,    0.077, -999.000,    0.098,    0.107,    0.095,    0.079, -999.000,
       423,2020091312,    0.129,    0.124,    0.132,    0.102, -999.000,    0.134,    0.128,    0.138,    0.099, -999.000,    0.099,    0.096,    0.099,    0.091, -999.000,    0.099,    0.102,    0.099,    0.078, -999.000,
       423,2020091306,    0.116,    0.139,    0.106,    0.127, -999.000,    0.125,    0.149,    0.115,    0.107, -999.000,    0.097,    0.104,    0.094,    0.097, -999.000,    0.097,    0.102,    0.094,    0.097, -999.000,
       423,2020091300,    0.122,    0.143,    0.108,    0.134, -999.000,    0.124,    0.134,    0.109,    0.147, -999.000,    0.103,    0.099,    0.101,    0.101, -999.000,    0.103,    0.103,    0.101,    0.102, -999.000,
       423,2020091218,    0.124,    0.133,    0.123,    0.079,    0.020,    0.126,    0.131,    0.124,    0.136, -999.000,    0.097,    0.096,    0.096,    0.104, -999.000,    0.097,    0.100,    0.096,    0.084, -999.000,
       423,2020091212,    0.134,    0.151,    0.127,    0.138, -999.000,    0.139,    0.152,    0.133,    0.129, -999.000,    0.101,    0.104,    0.099,    0.109, -999.000,    0.101,    0.105,    0.099,    0.097, -999.000,
       423,2020091206,    0.130,    0.144,    0.127,    0.091,    0.103,    0.131,    0.142,    0.128,    0.099,    0.135,    0.101,    0.104,    0.100,    0.105,    0.103,    0.101,    0.105,    0.100,    0.099,    0.103,
       423,2020091200,    0.122,    0.120,    0.120,    0.148,    0.185,    0.115,    0.105,    0.120,    0.110,    0.209,    0.094,    0.095,    0.094,    0.088, -999.000,    0.094,    0.095,    0.094,    0.098, -999.000,
       423,2020091118,    0.126,    0.108,    0.138,    0.105, -999.000,    0.125,    0.108,    0.137,    0.115, -999.000,    0.098,    0.094,    0.100,    0.101, -999.000,    0.098,    0.092,    0.100,    0.083, -999.000,
       423,2020091112,    0.125,    0.126,    0.126,    0.101,    0.043,    0.134,    0.146,    0.131,    0.102, -999.000,    0.100,    0.106,    0.100,    0.086, -999.000,    0.100,    0.106,    0.100,    0.082, -999.000,
       423,2020091106,    0.131,    0.146,    0.123,    0.086,    0.190,    0.134,    0.153,    0.124,    0.095,    0.190,    0.097,    0.099,    0.097,    0.104, -999.000,    0.097,    0.096,    0.097,    0.101, -999.000,
       423,2020091100,    0.128,    0.116,    0.135,    0.097, -999.000,    0.129,    0.108,    0.141,    0.124, -999.000,    0.099,    0.101,    0.100,    0.083, -999.000,    0.099,    0.098,    0.100,    0.088, -999.000,
       423,2020091018,    0.114,    0.138,    0.103,    0.109, -999.000,    0.124,    0.136,    0.119,    0.114, -999.000,    0.098,    0.104,    0.092,    0.093, -999.000,    0.098,    0.108,    0.092,    0.085, -999.000,
       423,2020091012,    0.122,    0.146,    0.116,    0.108,    0.318,    0.135,    0.140,    0.133,    0.144,    0.318,    0.103,    0.104,    0.101,    0.113, -999.000,    0.103,    0.105,    0.101,    0.108, -999.000,
       423,2020091006,    0.137,    0.147,    0.128,    0.170, -999.000,    0.146,    0.161,    0.136,    0.143, -999.000,    0.105,    0.109,    0.102,    0.135, -999.000,    0.105,    0.107,    0.102,    0.121, -999.000,
       423,2020091000,    0.118,    0.128,    0.112,    0.132, -999.000,    0.121,    0.122,    0.120,    0.113, -999.000,    0.103,    0.102,    0.103,    0.118, -999.000,    0.103,    0.100,    0.103,    0.118, -999.000,
       423,2020090918,    0.127,    0.126,    0.123,    0.152,    0.168,    0.128,    0.126,    0.129,    0.138,    0.254,    0.098,    0.100,    0.096,    0.104,    0.122,    0.098,    0.100,    0.096,    0.111,    0.122,
       423,2020090912,    0.137,    0.114,    0.145,    0.115, -999.000,    0.141,    0.118,    0.150,    0.115, -999.000,    0.104,    0.097,    0.105,    0.116, -999.000,    0.104,    0.100,    0.105,    0.093, -999.000,
       423,2020090906,    0.134,    0.141,    0.129,    0.185, -999.000,    0.134,    0.149,    0.126,    0.164, -999.000,    0.103,    0.101,    0.104,    0.112, -999.000,    0.103,    0.097,    0.104,    0.102, -999.000,
       423,2020090900,    0.128,    0.140,    0.122,    0.140, -999.000,    0.126,    0.145,    0.115,    0.121,    0.286,    0.103,    0.103,    0.103,    0.087, -999.000,    0.103,    0.101,    0.103,    0.118, -999.000,
       423,2020090818,    0.126,    0.130,    0.121,    0.182, -999.000,    0.125,    0.124,    0.123,    0.160, -999.000,    0.104,    0.104,    0.103,    0.109, -999.000,    0.104,    0.106,    0.103,    0.099, -999.000,
       423,2020090812,    0.129,    0.138,    0.126,    0.128, -999.000,    0.129,    0.144,    0.125,    0.101, -999.000,    0.099,    0.106,    0.098,    0.104, -999.000,    0.099,    0.105,    0.098,    0.096, -999.000,
       423,2020090806,    0.125,    0.144,    0.121,    0.094,    0.182,    0.133,    0.144,    0.130,    0.090,    0.182,    0.101,    0.110,    0.098,    0.097, -999.000,    0.101,    0.108,    0.098,    0.099, -999.000,
       423,2020090800,    0.128,    0.158,    0.110,    0.124,    0.019,    0.134,    0.153,    0.118,    0.110,    0.164,    0.096,    0.105,    0.090,    0.058, -999.000,    0.096,    0.101,    0.090,    0.076, -999.000,
       423,2020090718,    0.117,    0.125,    0.114,    0.113, -999.000,    0.128,    0.136,    0.125,    0.120, -999.000,    0.101,    0.104,    0.102,    0.110, -999.000,    0.101,    0.099,    0.102,    0.107, -999.000,
       423,2020090712,    0.141,    0.153,    0.139,    0.127, -999.000,    0.145,    0.154,    0.144,    0.110, -999.000,    0.102,    0.107,    0.101,    0.076, -999.000,    0.102,    0.109,    0.101,    0.093, -999.000,
       423,2020090706,    0.132,    0.159,    0.121,    0.111,    0.316,    0.139,    0.154,    0.131,    0.133,    0.316,    0.101,    0.103,    0.099,    0.087, -999.000,    0.101,    0.100,    0.099,    0.098, -999.000,
       423,2020090700,    0.116,    0.114,    0.119,    0.105, -999.000,    0.110,    0.105,    0.112,    0.124, -999.000,    0.097,    0.102,    0.092,    0.100, -999.000,    0.097,    0.105,    0.092,    0.094, -999.000,
       423,2020090618,    0.115,    0.129,    0.109,    0.087,    0.284,    0.123,    0.133,    0.120,    0.104, -999.000,    0.096,    0.100,    0.093,    0.101, -999.000,    0.096,    0.098,    0.093,    0.094, -999.000,
       423,2020090612,    0.136,    0.168,    0.132,    0.095, -999.000,    0.135,    0.153,    0.131,    0.117, -999.000,    0.105,    0.109,    0.104,    0.109, -999.000,    0.105,    0.107,    0.104,    0.104, -999.000,
       423,2020090606,    0.138,    0.163,    0.125,    0.118, -999.000,    0.141,    0.158,    0.131,    0.123, -999.000,    0.104,    0.112,    0.098,    0.120, -999.000,    0.104,    0.108,    0.098,    0.104, -999.000,
       423,2020090600,    0.132,    0.121,    0.141,    0.108, -999.000,    0.131,    0.121,    0.139,    0.121, -999.000,    0.101,    0.102,    0.100,    0.101, -999.000,    0.101,    0.101,    0.100,    0.100, -999.000,
       423,2020090518,    0.130,    0.148,    0.117,    0.129, -999.000,    0.135,    0.153,    0.127,    0.078, -999.000,    0.104,    0.098,    0.106,    0.087, -999.000,    0.104,    0.099,    0.106,    0.113, -999.000,
       423,2020090512,    0.126,    0.146,    0.123,    0.103,    0.109,    0.139,    0.156,    0.137,    0.090, -999.000,    0.103,    0.105,    0.102,    0.090, -999.000,    0.103,    0.107,    0.102,    0.089, -999.000,
       423,2020090506,    0.145,    0.158,    0.138,    0.120,    0.255,    0.153,    0.167,    0.146,    0.094,    0.255,    0.111,    0.111,    0.110,    0.102, -999.000,    0.111,    0.115,    0.110,    0.091, -999.000,
       423,2020090500,    0.116,    0.107,    0.117,    0.159, -999.000,    0.114,    0.111,    0.115,    0.130, -999.000,    0.101,    0.099,    0.102,    0.102, -999.000,    0.101,    0.097,    0.102,    0.095, -999.000,
       423,2020090418,    0.129,    0.137,    0.127,    0.092, -999.000,    0.143,    0.148,    0.140,    0.129, -999.000,    0.104,    0.106,    0.102,    0.107, -999.000,    0.104,    0.107,    0.102,    0.095, -999.000,
       423,2020090412,    0.128,    0.111,    0.133,    0.104, -999.000,    0.138,    0.128,    0.139,    0.167, -999.000,    0.102,    0.101,    0.103,    0.110, -999.000,    0.102,    0.097,    0.103,    0.100, -999.000,
       423,2020090406,    0.125,    0.128,    0.122,    0.150, -999.000,    0.133,    0.153,    0.118,    0.158, -999.000,    0.100,    0.101,    0.099,    0.090, -999.000,    0.100,    0.101,    0.099,    0.092, -999.000,
       423,2020090400,    0.115,    0.119,    0.111,    0.150, -999.000,    0.118,    0.125,    0.110,    0.175, -999.000,    0.093,    0.098,    0.093,    0.086, -999.000,    0.093,    0.091,    0.093,    0.093, -999.000,
       423,2020090318,    0.131,    0.134,    0.131,    0.119, -999.000,    0.127,    0.132,    0.125,    0.114,    0.041,    0.104,    0.100,    0.105,    0.089, -999.000,    0.104,    0.103,    0.105,    0.088, -999.000,
       423,2020090312,    0.127,    0.127,    0.127,    0.111,    0.139,    0.138,    0.141,    0.136,    0.152, -999.000,    0.104,    0.107,    0.104,    0.111, -999.000,    0.104,    0.104,    0.104,    0.093, -999.000,
       423,2020090306,    0.132,    0.153,    0.125,    0.091,    0.000,    0.142,    0.163,    0.130,    0.155,    0.000,    0.103,    0.108,    0.100,    0.103, -999.000,    0.103,    0.109,    0.100,    0.094, -999.000,
       423,2020090300,    0.127,    0.131,    0.127,    0.118, -999.000,    0.135,    0.136,    0.134,    0.129, -999.000,    0.101,    0.102,    0.103,    0.076, -999.000,    0.101,    0.100,    0.103,    0.088, -999.000,
       423,2020090218,    0.134,    0.145,    0.126,    0.155,    0.079,    0.136,    0.141,    0.135,    0.126,    0.079,    0.102,    0.107,    0.100,    0.102, -999.000,    0.102,    0.104,    0.100,    0.102, -999.000,
       423,2020090212,    0.131,    0.135,    0.135,    0.082, -999.000,    0.140,    0.138,    0.145,    0.089, -999.000,    0.102,    0.103,    0.103,    0.085, -999.000,    0.102,    0.100,    0.103,    0.094, -999.000,
       423,2020090206,    0.133,    0.153,    0.127,    0.131,    0.326,    0.138,    0.165,    0.125,    0.158,    0.186,    0.105,    0.112,    0.103,    0.101, -999.000,    0.105,    0.109,    0.103,    0.086, -999.000,
       423,2020090200,    0.120,    0.146,    0.107,    0.112, -999.000,    0.125,    0.142,    0.108,    0.139, -999.000,    0.099,    0.107,    0.094,    0.107, -999.000,    0.099,    0.104,    0.094,    0.090, -999.000,
       423,2020090118,    0.131,    0.142,    0.124,    0.138,    0.025,    0.133,    0.149,    0.129,    0.098, -999.000,    0.101,    0.101,    0.100,    0.094, -999.000,    0.101,    0.100,    0.100,    0.106, -999.000,
       423,2020090112,    0.128,    0.134,    0.126,    0.130,    0.327,    0.129,    0.155,    0.125,    0.092,    0.327,    0.105,    0.106,    0.105,    0.090, -999.000,    0.105,    0.102,    0.105,    0.119, -999.000,
       423,2020090106,    0.126,    0.159,    0.117,    0.099,    0.009,    0.136,    0.160,    0.125,    0.120,    0.009,    0.101,    0.101,    0.098,    0.126, -999.000,    0.101,    0.105,    0.098,    0.098, -999.000,
       423,2020090100,    0.118,    0.104,    0.119,    0.163, -999.000,    0.126,    0.117,    0.124,    0.166, -999.000,    0.100,    0.107,    0.097,    0.093, -999.000,    0.100,    0.104,    0.097,    0.102, -999.000,
       423,2020083118,    0.124,    0.138,    0.108,    0.135,    0.106,    0.136,    0.148,    0.126,    0.125,    0.064,    0.097,    0.101,    0.097,    0.090, -999.000,    0.097,    0.098,    0.097,    0.086, -999.000,
       423,2020083112,    0.129,    0.124,    0.128,    0.155,    0.220,    0.136,    0.142,    0.133,    0.150,    0.110,    0.107,    0.113,    0.107,    0.108,    0.155,    0.107,    0.107,    0.107,    0.106,    0.155,
       423,2020083106,    0.133,    0.152,    0.127,    0.104, -999.000,    0.139,    0.152,    0.129,    0.159, -999.000,    0.105,    0.107,    0.104,    0.114, -999.000,    0.105,    0.108,    0.104,    0.099, -999.000,
       423,2020083100,    0.132,    0.131,    0.130,    0.152,    0.104,    0.130,    0.123,    0.130,    0.164,    0.104,    0.099,    0.098,    0.099,    0.109, -999.000,    0.099,    0.098,    0.099,    0.108, -999.000,
       423,2020083018,    0.131,    0.136,    0.124,    0.144,    0.249,    0.133,    0.141,    0.127,    0.121, -999.000,    0.097,    0.101,    0.095,    0.097, -999.000,    0.097,    0.099,    0.095,    0.097, -999.000,
       423,2020083012,    0.125,    0.120,    0.127,    0.113, -999.000,    0.134,    0.131,    0.133,    0.149, -999.000,    0.104,    0.107,    0.104,    0.113, -999.000,    0.104,    0.105,    0.104,    0.106, -999.000,
       423,2020083006,    0.124,    0.141,    0.114,    0.120,    0.172,    0.136,    0.153,    0.121,    0.145,    0.243,    0.101,    0.099,    0.098,    0.116,    0.101,    0.101,    0.102,    0.098,    0.104,    0.101,
       423,2020083000,    0.121, -999.000,    0.121, -999.000, -999.000,    0.131, -999.000,    0.131, -999.000, -999.000,    0.098, -999.000,    0.098, -999.000, -999.000,    0.098, -999.000,    0.098, -999.000, -999.000,
