       258,2020092000,   -0.063,   -0.094,   -0.061,   -0.058, -999.000,   -0.071,   -0.088,   -0.069,   -0.064, -999.000,    0.074,    0.081,    0.072,    0.078, -999.000,    0.074,    0.084,    0.072,    0.072, -999.000,
       258,2020091918,   -0.065,   -0.060,   -0.065,   -0.089,   -0.040,   -0.064,   -0.055,   -0.066,   -0.066,   -0.040,    0.075,    0.070,    0.075,    0.075,    0.034,    0.075,    0.074,    0.075,    0.083,    0.034,
       258,2020091912,   -0.065,   -0.087,   -0.063,   -0.054,   -0.236,   -0.069,   -0.084,   -0.068,   -0.035, -999.000,    0.075,    0.083,    0.073,    0.056, -999.000,    0.075,    0.084,    0.073,    0.073, -999.000,
       258,2020091906,   -0.061,   -0.068,   -0.059,   -0.068,   -0.026,   -0.068,   -0.073,   -0.066,   -0.095,   -0.033,    0.071,    0.078,    0.070,    0.090,    0.039,    0.071,    0.077,    0.070,    0.078,    0.039,
       258,2020091900,   -0.062,   -0.080,   -0.061,   -0.058, -999.000,   -0.065,   -0.087,   -0.063,   -0.066, -999.000,    0.073,    0.085,    0.072,    0.073, -999.000,    0.073,    0.082,    0.072,    0.069, -999.000,
       258,2020091818,   -0.064,   -0.063,   -0.064,   -0.086,   -0.025,   -0.066,   -0.065,   -0.066,   -0.065,   -0.114,    0.075,    0.072,    0.075,    0.082,    0.017,    0.075,    0.071,    0.075,    0.082,    0.017,
       258,2020091812,   -0.067,   -0.095,   -0.064,   -0.066, -999.000,   -0.072,   -0.084,   -0.071,   -0.065, -999.000,    0.077,    0.085,    0.075,    0.081, -999.000,    0.077,    0.085,    0.075,    0.084, -999.000,
       258,2020091806,   -0.068,   -0.067,   -0.069,   -0.046,   -0.125,   -0.075,   -0.077,   -0.075,   -0.057,   -0.225,    0.076,    0.081,    0.075,    0.074,    0.125,    0.076,    0.078,    0.075,    0.066,    0.125,
       258,2020091800,   -0.065,   -0.069,   -0.065,   -0.063, -999.000,   -0.069,   -0.073,   -0.068,   -0.093, -999.000,    0.075,    0.075,    0.075,    0.082, -999.000,    0.075,    0.070,    0.075,    0.076, -999.000,
       258,2020091718,   -0.065,   -0.058,   -0.070,   -0.039, -999.000,   -0.070,   -0.061,   -0.074,   -0.040, -999.000,    0.075,    0.068,    0.076,    0.057, -999.000,    0.075,    0.069,    0.076,    0.065, -999.000,
       258,2020091712,   -0.064,   -0.083,   -0.062,   -0.066, -999.000,   -0.064,   -0.077,   -0.063,   -0.058, -999.000,    0.073,    0.081,    0.072,    0.070, -999.000,    0.073,    0.082,    0.072,    0.074, -999.000,
       258,2020091706,   -0.061,   -0.065,   -0.059,   -0.064,   -0.051,   -0.066,   -0.069,   -0.065,   -0.071,   -0.029,    0.071,    0.076,    0.070,    0.086,    0.035,    0.071,    0.073,    0.070,    0.073,    0.035,
       258,2020091700,   -0.062,   -0.055,   -0.061,   -0.094, -999.000,   -0.063,   -0.054,   -0.064,   -0.061, -999.000,    0.072,    0.077,    0.071,    0.076, -999.000,    0.072,    0.078,    0.071,    0.095, -999.000,
       258,2020091618,   -0.062,   -0.045,   -0.067,   -0.048,   -0.035,   -0.064,   -0.053,   -0.066,   -0.072,   -0.011,    0.071,    0.064,    0.073,    0.089,    0.017,    0.071,    0.056,    0.073,    0.068,    0.017,
       258,2020091612,   -0.060,   -0.067,   -0.058,   -0.077, -999.000,   -0.063,   -0.073,   -0.061,   -0.068,   -0.193,    0.071,    0.077,    0.070,    0.093, -999.000,    0.071,    0.076,    0.070,    0.078, -999.000,
       258,2020091606,   -0.063,   -0.071,   -0.062,   -0.050,   -0.102,   -0.068,   -0.071,   -0.068,   -0.065,   -0.122,    0.071,    0.072,    0.071,    0.077,    0.104,    0.071,    0.073,    0.071,    0.058,    0.104,
       258,2020091600,   -0.062,   -0.057,   -0.062,   -0.067,   -0.036,   -0.066,   -0.051,   -0.067,   -0.072,   -0.036,    0.071,    0.066,    0.071,    0.079, -999.000,    0.071,    0.072,    0.071,    0.078, -999.000,
       258,2020091518,   -0.058,   -0.061,   -0.058,   -0.058, -999.000,   -0.063,   -0.069,   -0.061,   -0.071, -999.000,    0.072,    0.077,    0.072,    0.087, -999.000,    0.072,    0.072,    0.072,    0.076, -999.000,
       258,2020091512,   -0.062,   -0.067,   -0.061,   -0.056,   -0.083,   -0.068,   -0.072,   -0.068,   -0.053,   -0.195,    0.072,    0.068,    0.073,    0.076, -999.000,    0.072,    0.072,    0.073,    0.070, -999.000,
       258,2020091506,   -0.057,   -0.074,   -0.052,   -0.054,   -0.005,   -0.063,   -0.081,   -0.058,   -0.050,   -0.006,    0.071,    0.077,    0.069,    0.060,    0.001,    0.071,    0.076,    0.069,    0.064,    0.001,
       258,2020091500,   -0.066,   -0.070,   -0.064,   -0.107, -999.000,   -0.068,   -0.075,   -0.067,   -0.081, -999.000,    0.074,    0.078,    0.073,    0.078, -999.000,    0.074,    0.073,    0.073,    0.094, -999.000,
       258,2020091418,   -0.054,   -0.052,   -0.053,   -0.060,   -0.121,   -0.056,   -0.058,   -0.055,   -0.062,   -0.002,    0.068,    0.073,    0.069,    0.073, -999.000,    0.068,    0.065,    0.069,    0.069, -999.000,
       258,2020091412,   -0.062,   -0.060,   -0.062,   -0.041, -999.000,   -0.067,   -0.069,   -0.066,   -0.070, -999.000,    0.071,    0.073,    0.072,    0.068, -999.000,    0.071,    0.070,    0.072,    0.054, -999.000,
       258,2020091406,   -0.054,   -0.061,   -0.053,   -0.059, -999.000,   -0.061,   -0.065,   -0.059,   -0.087,   -0.006,    0.068,    0.078,    0.067,    0.083, -999.000,    0.068,    0.074,    0.067,    0.070, -999.000,
       258,2020091400,   -0.064,   -0.076,   -0.063,   -0.059,   -0.217,   -0.068,   -0.080,   -0.066,   -0.057,   -0.109,    0.071,    0.077,    0.071,    0.067, -999.000,    0.071,    0.074,    0.071,    0.063, -999.000,
       258,2020091318,   -0.062,   -0.073,   -0.060,   -0.065,   -0.230,   -0.066,   -0.070,   -0.066,   -0.059,   -0.149,    0.071,    0.074,    0.070,    0.066, -999.000,    0.071,    0.076,    0.070,    0.065, -999.000,
       258,2020091312,   -0.060,   -0.073,   -0.060,   -0.043,   -0.000,   -0.065,   -0.069,   -0.064,   -0.056,   -0.000,    0.071,    0.074,    0.070,    0.071, -999.000,    0.071,    0.079,    0.070,    0.061, -999.000,
       258,2020091306,   -0.056,   -0.063,   -0.053,   -0.079, -999.000,   -0.062,   -0.073,   -0.059,   -0.070, -999.000,    0.068,    0.075,    0.067,    0.074, -999.000,    0.068,    0.070,    0.067,    0.074, -999.000,
       258,2020091300,   -0.058,   -0.083,   -0.055,   -0.071, -999.000,   -0.062,   -0.072,   -0.060,   -0.082, -999.000,    0.070,    0.076,    0.068,    0.076, -999.000,    0.070,    0.080,    0.068,    0.075, -999.000,
       258,2020091218,   -0.058,   -0.064,   -0.057,   -0.050,   -0.001,   -0.063,   -0.060,   -0.063,   -0.081, -999.000,    0.068,    0.065,    0.067,    0.076, -999.000,    0.068,    0.069,    0.067,    0.072, -999.000,
       258,2020091212,   -0.059,   -0.071,   -0.057,   -0.060, -999.000,   -0.063,   -0.075,   -0.061,   -0.061, -999.000,    0.067,    0.074,    0.066,    0.075, -999.000,    0.067,    0.075,    0.066,    0.070, -999.000,
       258,2020091206,   -0.058,   -0.068,   -0.056,   -0.041,   -0.030,   -0.059,   -0.066,   -0.058,   -0.042,   -0.059,    0.068,    0.073,    0.066,    0.062,    0.055,    0.068,    0.072,    0.066,    0.062,    0.055,
       258,2020091200,   -0.060,   -0.067,   -0.059,   -0.076,   -0.084,   -0.064,   -0.057,   -0.064,   -0.072,   -0.107,    0.068,    0.070,    0.068,    0.074, -999.000,    0.068,    0.068,    0.068,    0.071, -999.000,
       258,2020091118,   -0.058,   -0.048,   -0.060,   -0.046, -999.000,   -0.063,   -0.050,   -0.066,   -0.058,   -0.015,    0.066,    0.059,    0.068,    0.060, -999.000,    0.066,    0.057,    0.068,    0.054, -999.000,
       258,2020091112,   -0.058,   -0.058,   -0.058,   -0.046,   -0.114,   -0.061,   -0.071,   -0.059,   -0.057,   -0.151,    0.067,    0.075,    0.068,    0.065,    0.117,    0.067,    0.069,    0.068,    0.053,    0.117,
       258,2020091106,   -0.058,   -0.068,   -0.055,   -0.053,   -0.082,   -0.061,   -0.072,   -0.058,   -0.064,   -0.113,    0.066,    0.068,    0.065,    0.081, -999.000,    0.066,    0.068,    0.065,    0.073, -999.000,
       258,2020091100,   -0.061,   -0.060,   -0.061,   -0.041, -999.000,   -0.064,   -0.053,   -0.066,   -0.056, -999.000,    0.068,    0.069,    0.068,    0.057, -999.000,    0.068,    0.070,    0.068,    0.054, -999.000,
       258,2020091018,   -0.050,   -0.059,   -0.049,   -0.043,   -0.048,   -0.055,   -0.059,   -0.054,   -0.052,   -0.048,    0.063,    0.070,    0.062,    0.062, -999.000,    0.063,    0.071,    0.062,    0.051, -999.000,
       258,2020091012,   -0.054,   -0.071,   -0.051,   -0.051,   -0.158,   -0.060,   -0.072,   -0.059,   -0.053,   -0.158,    0.066,    0.070,    0.064,    0.065,    0.077,    0.066,    0.070,    0.064,    0.072,    0.077,
       258,2020091006,   -0.057,   -0.068,   -0.053,   -0.076,   -0.075,   -0.062,   -0.072,   -0.058,   -0.079,   -0.075,    0.065,    0.072,    0.063,    0.089, -999.000,    0.065,    0.069,    0.063,    0.082, -999.000,
       258,2020091000,   -0.055,   -0.062,   -0.054,   -0.063,   -0.148,   -0.063,   -0.061,   -0.063,   -0.067, -999.000,    0.066,    0.067,    0.066,    0.080, -999.000,    0.066,    0.068,    0.066,    0.075, -999.000,
       258,2020090918,   -0.057,   -0.067,   -0.054,   -0.076,   -0.077,   -0.056,   -0.061,   -0.055,   -0.062,   -0.121,    0.065,    0.064,    0.064,    0.067,    0.089,    0.065,    0.066,    0.064,    0.073,    0.089,
       258,2020090912,   -0.060,   -0.053,   -0.062,   -0.045, -999.000,   -0.064,   -0.056,   -0.065,   -0.051, -999.000,    0.067,    0.068,    0.067,    0.076, -999.000,    0.067,    0.064,    0.067,    0.064, -999.000,
       258,2020090906,   -0.054,   -0.052,   -0.053,   -0.082,   -0.065,   -0.057,   -0.049,   -0.057,   -0.078,   -0.065,    0.064,    0.058,    0.065,    0.070,    0.074,    0.064,    0.060,    0.065,    0.066,    0.074,
       258,2020090900,   -0.057,   -0.078,   -0.054,   -0.068,   -0.208,   -0.061,   -0.081,   -0.058,   -0.048,   -0.171,    0.065,    0.071,    0.063,    0.053, -999.000,    0.065,    0.070,    0.063,    0.072, -999.000,
       258,2020090818,   -0.053,   -0.056,   -0.052,   -0.085, -999.000,   -0.055,   -0.054,   -0.055,   -0.071, -999.000,    0.063,    0.061,    0.063,    0.075, -999.000,    0.063,    0.062,    0.063,    0.073, -999.000,
       258,2020090812,   -0.054,   -0.069,   -0.053,   -0.048, -999.000,   -0.055,   -0.070,   -0.052,   -0.049, -999.000,    0.063,    0.068,    0.062,    0.068, -999.000,    0.063,    0.066,    0.062,    0.061, -999.000,
       258,2020090806,   -0.053,   -0.058,   -0.052,   -0.036,   -0.071,   -0.059,   -0.063,   -0.058,   -0.045,   -0.071,    0.063,    0.073,    0.063,    0.068, -999.000,    0.063,    0.066,    0.063,    0.056, -999.000,
       258,2020090800,   -0.053,   -0.072,   -0.050,   -0.065,   -0.001,   -0.058,   -0.072,   -0.056,   -0.073,   -0.103,    0.062,    0.071,    0.061,    0.066, -999.000,    0.062,    0.068,    0.061,    0.063, -999.000,
       258,2020090718,   -0.054,   -0.053,   -0.054,   -0.049, -999.000,   -0.060,   -0.065,   -0.059,   -0.050, -999.000,    0.064,    0.069,    0.065,    0.059, -999.000,    0.064,    0.059,    0.065,    0.056, -999.000,
       258,2020090712,   -0.057,   -0.070,   -0.056,   -0.052, -999.000,   -0.060,   -0.069,   -0.060,   -0.043, -999.000,    0.064,    0.067,    0.063,    0.058, -999.000,    0.064,    0.069,    0.063,    0.064, -999.000,
       258,2020090706,   -0.052,   -0.060,   -0.050,   -0.040,   -0.107,   -0.057,   -0.062,   -0.055,   -0.049,   -0.088,    0.061,    0.063,    0.060,    0.058,    0.087,    0.061,    0.062,    0.060,    0.054,    0.087,
       258,2020090700,   -0.051,   -0.053,   -0.051,   -0.044, -999.000,   -0.057,   -0.049,   -0.058,   -0.053, -999.000,    0.060,    0.062,    0.060,    0.060, -999.000,    0.060,    0.064,    0.060,    0.058, -999.000,
       258,2020090618,   -0.051,   -0.055,   -0.051,   -0.034,   -0.165,   -0.054,   -0.058,   -0.053,   -0.048, -999.000,    0.059,    0.063,    0.059,    0.060, -999.000,    0.059,    0.059,    0.059,    0.050, -999.000,
       258,2020090612,   -0.053,   -0.072,   -0.051,   -0.038,   -0.196,   -0.054,   -0.070,   -0.052,   -0.046,   -0.196,    0.061,    0.069,    0.060,    0.062, -999.000,    0.061,    0.065,    0.060,    0.055, -999.000,
       258,2020090606,   -0.049,   -0.063,   -0.045,   -0.047, -999.000,   -0.056,   -0.064,   -0.053,   -0.061, -999.000,    0.058,    0.066,    0.056,    0.071, -999.000,    0.058,    0.066,    0.056,    0.054, -999.000,
       258,2020090600,   -0.054,   -0.049,   -0.054,   -0.044,   -0.000,   -0.055,   -0.048,   -0.056,   -0.050,   -0.000,    0.060,    0.059,    0.061,    0.058, -999.000,    0.060,    0.055,    0.061,    0.060, -999.000,
       258,2020090518,   -0.053,   -0.059,   -0.051,   -0.056, -999.000,   -0.054,   -0.060,   -0.053,   -0.036, -999.000,    0.060,    0.059,    0.060,    0.054, -999.000,    0.060,    0.058,    0.060,    0.067, -999.000,
       258,2020090512,   -0.050,   -0.061,   -0.049,   -0.040,   -0.011,   -0.055,   -0.065,   -0.055,   -0.035,   -0.000,    0.058,    0.059,    0.058,    0.048,    0.015,    0.058,    0.061,    0.058,    0.046,    0.015,
       258,2020090506,   -0.050,   -0.056,   -0.048,   -0.047,   -0.119,   -0.054,   -0.064,   -0.052,   -0.047,   -0.119,    0.059,    0.065,    0.059,    0.067, -999.000,    0.059,    0.062,    0.059,    0.052, -999.000,
       258,2020090500,   -0.048,   -0.045,   -0.047,   -0.073, -999.000,   -0.053,   -0.046,   -0.053,   -0.067, -999.000,    0.058,    0.058,    0.058,    0.066, -999.000,    0.058,    0.056,    0.058,    0.063, -999.000,
       258,2020090418,   -0.050,   -0.057,   -0.050,   -0.043, -999.000,   -0.057,   -0.063,   -0.056,   -0.052, -999.000,    0.061,    0.065,    0.060,    0.058, -999.000,    0.061,    0.064,    0.060,    0.052, -999.000,
       258,2020090412,   -0.052,   -0.046,   -0.053,   -0.044,   -0.089,   -0.055,   -0.051,   -0.056,   -0.065, -999.000,    0.059,    0.062,    0.060,    0.067, -999.000,    0.059,    0.059,    0.060,    0.057, -999.000,
       258,2020090406,   -0.048,   -0.048,   -0.048,   -0.065, -999.000,   -0.055,   -0.059,   -0.053,   -0.078,   -0.000,    0.058,    0.062,    0.058,    0.065, -999.000,    0.058,    0.057,    0.058,    0.065, -999.000,
       258,2020090400,   -0.052,   -0.057,   -0.050,   -0.072,   -0.194,   -0.055,   -0.057,   -0.054,   -0.082, -999.000,    0.059,    0.062,    0.059,    0.060, -999.000,    0.059,    0.058,    0.059,    0.061, -999.000,
       258,2020090318,   -0.049,   -0.051,   -0.049,   -0.049,   -0.034,   -0.051,   -0.051,   -0.051,   -0.047,   -0.026,    0.059,    0.058,    0.060,    0.055,    0.052,    0.059,    0.057,    0.060,    0.057,    0.052,
       258,2020090312,   -0.046,   -0.050,   -0.046,   -0.046,   -0.106,   -0.051,   -0.059,   -0.049,   -0.057, -999.000,    0.056,    0.061,    0.056,    0.063,    0.102,    0.056,    0.058,    0.056,    0.058,    0.102,
       258,2020090306,   -0.054,   -0.065,   -0.051,   -0.055,   -0.000,   -0.055,   -0.064,   -0.052,   -0.073,   -0.000,    0.059,    0.064,    0.057,    0.064, -999.000,    0.059,    0.066,    0.057,    0.065, -999.000,
       258,2020090300,   -0.057,   -0.057,   -0.057,   -0.055,   -0.102,   -0.059,   -0.064,   -0.059,   -0.060, -999.000,    0.062,    0.067,    0.062,    0.058,    0.128,    0.062,    0.063,    0.062,    0.066,    0.128,
       258,2020090218,   -0.056,   -0.063,   -0.053,   -0.066,   -0.070,   -0.056,   -0.062,   -0.055,   -0.045,   -0.070,    0.061,    0.063,    0.060,    0.056,    0.105,    0.061,    0.063,    0.060,    0.063,    0.105,
       258,2020090212,   -0.045,   -0.051,   -0.045,   -0.034, -999.000,   -0.050,   -0.055,   -0.050,   -0.030, -999.000,    0.055,    0.060,    0.055,    0.047, -999.000,    0.055,    0.057,    0.055,    0.055, -999.000,
       258,2020090206,   -0.051,   -0.050,   -0.052,   -0.044,   -0.146,   -0.054,   -0.057,   -0.053,   -0.061,   -0.044,    0.059,    0.062,    0.059,    0.060,    0.074,    0.059,    0.058,    0.059,    0.044,    0.074,
       258,2020090200,   -0.049,   -0.061,   -0.048,   -0.044, -999.000,   -0.054,   -0.066,   -0.053,   -0.051, -999.000,    0.058,    0.066,    0.057,    0.061, -999.000,    0.058,    0.064,    0.057,    0.049, -999.000,
       258,2020090118,   -0.051,   -0.050,   -0.051,   -0.053,   -0.001,   -0.054,   -0.059,   -0.054,   -0.037,   -0.000,    0.057,    0.061,    0.057,    0.052,    0.001,    0.057,    0.055,    0.057,    0.064,    0.001,
       258,2020090112,   -0.047,   -0.052,   -0.047,   -0.054,   -0.194,   -0.051,   -0.063,   -0.050,   -0.038,   -0.194,    0.059,    0.063,    0.058,    0.050, -999.000,    0.059,    0.061,    0.058,    0.063, -999.000,
       258,2020090106,   -0.047,   -0.058,   -0.045,   -0.042,   -0.000,   -0.052,   -0.061,   -0.049,   -0.060,   -0.000,    0.057,    0.063,    0.055,    0.072, -999.000,    0.057,    0.063,    0.055,    0.060, -999.000,
       258,2020090100,   -0.050,   -0.044,   -0.050,   -0.064, -999.000,   -0.052,   -0.045,   -0.052,   -0.063, -999.000,    0.059,    0.059,    0.058,    0.059, -999.000,    0.059,    0.062,    0.058,    0.064, -999.000,
       258,2020083118,   -0.048,   -0.048,   -0.048,   -0.046,   -0.021,   -0.050,   -0.053,   -0.049,   -0.049,   -0.014,    0.057,    0.059,    0.057,    0.053,    0.000,    0.057,    0.057,    0.057,    0.045,    0.000,
       258,2020083112,   -0.051,   -0.050,   -0.051,   -0.063,   -0.106,   -0.053,   -0.065,   -0.051,   -0.055,   -0.038,    0.061,    0.067,    0.060,    0.063,    0.120,    0.061,    0.060,    0.060,    0.065,    0.120,
       258,2020083106,   -0.049,   -0.056,   -0.048,   -0.053,   -0.172,   -0.053,   -0.057,   -0.051,   -0.072, -999.000,    0.060,    0.064,    0.059,    0.062, -999.000,    0.060,    0.063,    0.059,    0.066, -999.000,
       258,2020083100,   -0.052,   -0.048,   -0.051,   -0.070,   -0.021,   -0.054,   -0.043,   -0.055,   -0.076,   -0.016,    0.059,    0.053,    0.059,    0.066, -999.000,    0.059,    0.055,    0.059,    0.068, -999.000,
       258,2020083018,   -0.052,   -0.060,   -0.051,   -0.063,   -0.008,   -0.053,   -0.065,   -0.051,   -0.052, -999.000,    0.059,    0.062,    0.058,    0.064, -999.000,    0.059,    0.059,    0.058,    0.062, -999.000,
       258,2020083012,   -0.054,   -0.053,   -0.054,   -0.051, -999.000,   -0.059,   -0.066,   -0.057,   -0.067, -999.000,    0.063,    0.068,    0.063,    0.067, -999.000,    0.063,    0.064,    0.063,    0.061, -999.000,
       258,2020083006,   -0.053,   -0.053,   -0.052,   -0.057,   -0.092,   -0.056,   -0.061,   -0.054,   -0.069,   -0.074,    0.063,    0.062,    0.063,    0.071,    0.086,    0.063,    0.060,    0.063,    0.066,    0.086,
       258,2020083000,   -0.055, -999.000,   -0.055, -999.000, -999.000,   -0.059, -999.000,   -0.059, -999.000, -999.000,    0.063, -999.000,    0.063, -999.000, -999.000,    0.063, -999.000,    0.063, -999.000, -999.000,
