       197,2020092000,    0.005,    0.004,    0.004,    0.009, -999.000,    0.006,    0.004,    0.006,    0.009, -999.000,    0.006,    0.005,    0.007,    0.001, -999.000,    0.006,    0.007,    0.007,    0.001, -999.000,
       197,2020091918,    0.007,    0.006,    0.007,    0.009,    0.003,    0.009,    0.007,    0.009,    0.009,    0.003,    0.009,    0.010,    0.009,    0.001,    0.000,    0.009,    0.010,    0.009,    0.001,    0.000,
       197,2020091912,    0.005,    0.005,    0.004,    0.009,    0.030,    0.006,    0.006,    0.006,    0.009, -999.000,    0.007,    0.010,    0.007,    0.001, -999.000,    0.007,    0.008,    0.007,    0.001, -999.000,
       197,2020091906,    0.008,    0.007,    0.008,    0.009,    0.012,    0.010,    0.007,    0.011,    0.009,    0.011,    0.011,    0.013,    0.011,    0.001,    0.009,    0.011,    0.014,    0.011,    0.001,    0.009,
       197,2020091900,    0.004,    0.004,    0.004,    0.009, -999.000,    0.005,    0.004,    0.005,    0.009, -999.000,    0.006,    0.004,    0.006,    0.001, -999.000,    0.006,    0.007,    0.006,    0.001, -999.000,
       197,2020091818,    0.009,    0.009,    0.009,    0.009,    0.022,    0.011,    0.008,    0.012,    0.009,    0.041,    0.012,    0.012,    0.012,    0.001,    0.003,    0.012,    0.014,    0.012,    0.001,    0.003,
       197,2020091812,    0.005,    0.005,    0.004,    0.010, -999.000,    0.006,    0.006,    0.005,    0.009, -999.000,    0.007,    0.010,    0.007,    0.001, -999.000,    0.007,    0.008,    0.007,    0.001, -999.000,
       197,2020091806,    0.007,    0.006,    0.008,    0.009,    0.011,    0.010,    0.007,    0.010,    0.009,    0.084,    0.010,    0.012,    0.011,    0.001,    0.015,    0.010,    0.009,    0.011,    0.001,    0.015,
       197,2020091800,    0.005,    0.004,    0.005,    0.010, -999.000,    0.006,    0.004,    0.006,    0.010, -999.000,    0.007,    0.004,    0.008,    0.001, -999.000,    0.007,    0.004,    0.008,    0.001, -999.000,
       197,2020091718,    0.008,    0.006,    0.008,    0.010, -999.000,    0.010,    0.007,    0.011,    0.010, -999.000,    0.011,    0.009,    0.012,    0.001, -999.000,    0.011,    0.010,    0.012,    0.001, -999.000,
       197,2020091712,    0.005,    0.007,    0.004,    0.010, -999.000,    0.006,    0.007,    0.005,    0.010, -999.000,    0.008,    0.010,    0.007,    0.001, -999.000,    0.008,    0.011,    0.007,    0.001, -999.000,
       197,2020091706,    0.008,    0.006,    0.009,    0.010,    0.014,    0.010,    0.006,    0.012,    0.009,    0.001,    0.011,    0.010,    0.011,    0.001,    0.020,    0.011,    0.009,    0.011,    0.001,    0.020,
       197,2020091700,    0.005,    0.004,    0.005,    0.010, -999.000,    0.005,    0.003,    0.006,    0.010, -999.000,    0.007,    0.005,    0.007,    0.000, -999.000,    0.007,    0.007,    0.007,    0.001, -999.000,
       197,2020091618,    0.007,    0.006,    0.007,    0.010,    0.012,    0.009,    0.005,    0.010,    0.010,    0.010,    0.010,    0.008,    0.010,    0.001,    0.004,    0.010,    0.010,    0.010,    0.001,    0.004,
       197,2020091612,    0.005,    0.007,    0.005,    0.010, -999.000,    0.006,    0.008,    0.006,    0.010,    0.010,    0.008,    0.011,    0.007,    0.001, -999.000,    0.008,    0.011,    0.007,    0.001, -999.000,
       197,2020091606,    0.009,    0.005,    0.010,    0.010,    0.046,    0.010,    0.006,    0.012,    0.010,    0.043,    0.011,    0.012,    0.011,    0.001,    0.037,    0.011,    0.010,    0.011,    0.001,    0.037,
       197,2020091600,    0.005,    0.004,    0.005,    0.010,    0.040,    0.006,    0.004,    0.006,    0.010,    0.042,    0.007,    0.007,    0.007,    0.001, -999.000,    0.007,    0.006,    0.007,    0.001, -999.000,
       197,2020091518,    0.007,    0.006,    0.007,    0.010, -999.000,    0.009,    0.006,    0.010,    0.010, -999.000,    0.010,    0.009,    0.010,    0.002, -999.000,    0.010,    0.010,    0.010,    0.002, -999.000,
       197,2020091512,    0.005,    0.006,    0.005,    0.010,    0.009,    0.006,    0.007,    0.006,    0.011,    0.002,    0.008,    0.011,    0.008,    0.001, -999.000,    0.008,    0.011,    0.008,    0.001, -999.000,
       197,2020091506,    0.008,    0.005,    0.008,    0.010,    0.012,    0.009,    0.006,    0.010,    0.010,    0.002,    0.010,    0.011,    0.010,    0.001,    0.013,    0.010,    0.009,    0.010,    0.001,    0.013,
       197,2020091500,    0.006,    0.006,    0.006,    0.010, -999.000,    0.007,    0.007,    0.007,    0.010, -999.000,    0.008,    0.010,    0.008,    0.002, -999.000,    0.008,    0.009,    0.008,    0.002, -999.000,
       197,2020091418,    0.008,    0.010,    0.008,    0.011,    0.000,    0.010,    0.010,    0.010,    0.011,    0.021,    0.011,    0.015,    0.011,    0.001, -999.000,    0.011,    0.016,    0.011,    0.001, -999.000,
       197,2020091412,    0.007,    0.007,    0.007,    0.011, -999.000,    0.008,    0.006,    0.008,    0.011, -999.000,    0.010,    0.011,    0.009,    0.001, -999.000,    0.010,    0.012,    0.009,    0.002, -999.000,
       197,2020091406,    0.007,    0.005,    0.007,    0.011, -999.000,    0.009,    0.006,    0.009,    0.011,    0.026,    0.009,    0.012,    0.009,    0.001, -999.000,    0.009,    0.010,    0.009,    0.001, -999.000,
       197,2020091400,    0.005,    0.005,    0.005,    0.011,    0.022,    0.007,    0.005,    0.007,    0.011,    0.015,    0.008,    0.005,    0.008,    0.001, -999.000,    0.008,    0.005,    0.008,    0.001, -999.000,
       197,2020091318,    0.009,    0.007,    0.009,    0.011,    0.007,    0.011,    0.007,    0.012,    0.011,    0.023,    0.012,    0.009,    0.012,    0.001,    0.001,    0.012,    0.010,    0.012,    0.001,    0.001,
       197,2020091312,    0.006,    0.006,    0.005,    0.011,    0.001,    0.007,    0.007,    0.007,    0.011,    0.001,    0.008,    0.010,    0.008,    0.001, -999.000,    0.008,    0.010,    0.008,    0.001, -999.000,
       197,2020091306,    0.008,    0.005,    0.009,    0.011, -999.000,    0.010,    0.006,    0.011,    0.011, -999.000,    0.011,    0.013,    0.012,    0.001, -999.000,    0.011,    0.009,    0.012,    0.001, -999.000,
       197,2020091300,    0.005,    0.005,    0.005,    0.011, -999.000,    0.006,    0.005,    0.007,    0.011, -999.000,    0.009,    0.006,    0.009,    0.001, -999.000,    0.009,    0.007,    0.009,    0.001, -999.000,
       197,2020091218,    0.010,    0.010,    0.010,    0.011,    0.011,    0.012,    0.009,    0.013,    0.010, -999.000,    0.014,    0.013,    0.013,    0.002, -999.000,    0.014,    0.016,    0.013,    0.001, -999.000,
       197,2020091212,    0.005,    0.006,    0.005,    0.011,    0.001,    0.006,    0.007,    0.006,    0.011, -999.000,    0.008,    0.012,    0.007,    0.001, -999.000,    0.008,    0.010,    0.007,    0.001, -999.000,
       197,2020091206,    0.009,    0.007,    0.009,    0.011,    0.007,    0.011,    0.007,    0.012,    0.011,    0.004,    0.012,    0.013,    0.012,    0.001,    0.003,    0.012,    0.012,    0.012,    0.001,    0.003,
       197,2020091200,    0.005,    0.005,    0.005,    0.011,    0.003,    0.007,    0.006,    0.007,    0.011,    0.011,    0.008,    0.012,    0.008,    0.002, -999.000,    0.008,    0.007,    0.008,    0.002, -999.000,
       197,2020091118,    0.010,    0.007,    0.011,    0.011, -999.000,    0.013,    0.008,    0.015,    0.011,    0.008,    0.013,    0.012,    0.014,    0.001, -999.000,    0.013,    0.011,    0.014,    0.001, -999.000,
       197,2020091112,    0.005,    0.006,    0.005,    0.011,    0.007,    0.007,    0.007,    0.006,    0.011,    0.004,    0.008,    0.014,    0.007,    0.002,    0.002,    0.008,    0.011,    0.007,    0.001,    0.002,
       197,2020091106,    0.010,    0.006,    0.011,    0.011,    0.007,    0.013,    0.005,    0.015,    0.011,    0.019,    0.013,    0.010,    0.013,    0.002, -999.000,    0.013,    0.011,    0.013,    0.001, -999.000,
       197,2020091100,    0.005,    0.004,    0.005,    0.011, -999.000,    0.006,    0.004,    0.007,    0.011, -999.000,    0.008,    0.005,    0.008,    0.001, -999.000,    0.008,    0.005,    0.008,    0.001, -999.000,
       197,2020091018,    0.010,    0.007,    0.010,    0.011,    0.003,    0.012,    0.006,    0.014,    0.011,    0.009,    0.013,    0.010,    0.013,    0.001, -999.000,    0.013,    0.012,    0.013,    0.001, -999.000,
       197,2020091012,    0.006,    0.008,    0.006,    0.011,    0.000,    0.008,    0.008,    0.008,    0.011,    0.000,    0.009,    0.012,    0.009,    0.001,    0.000,    0.009,    0.012,    0.009,    0.001,    0.000,
       197,2020091006,    0.011,    0.007,    0.012,    0.011,    0.057,    0.013,    0.006,    0.015,    0.011,    0.053,    0.014,    0.011,    0.015,    0.001, -999.000,    0.014,    0.012,    0.015,    0.001, -999.000,
       197,2020091000,    0.006,    0.006,    0.006,    0.012,    0.002,    0.008,    0.006,    0.008,    0.012, -999.000,    0.009,    0.009,    0.009,    0.001, -999.000,    0.009,    0.011,    0.009,    0.001, -999.000,
       197,2020090918,    0.010,    0.007,    0.010,    0.011,    0.049,    0.011,    0.007,    0.012,    0.011,    0.037,    0.013,    0.012,    0.014,    0.001,    0.007,    0.013,    0.014,    0.014,    0.002,    0.007,
       197,2020090912,    0.007,    0.007,    0.007,    0.011, -999.000,    0.009,    0.008,    0.009,    0.012, -999.000,    0.011,    0.012,    0.012,    0.002, -999.000,    0.011,    0.012,    0.012,    0.002, -999.000,
       197,2020090906,    0.010,    0.006,    0.010,    0.011,    0.046,    0.012,    0.007,    0.013,    0.011,    0.045,    0.013,    0.013,    0.014,    0.001,    0.025,    0.013,    0.010,    0.014,    0.001,    0.025,
       197,2020090900,    0.007,    0.006,    0.007,    0.012,    0.006,    0.009,    0.007,    0.009,    0.012,    0.089,    0.010,    0.008,    0.011,    0.001, -999.000,    0.010,    0.009,    0.011,    0.001, -999.000,
       197,2020090818,    0.010,    0.008,    0.011,    0.012, -999.000,    0.013,    0.008,    0.014,    0.012, -999.000,    0.015,    0.014,    0.015,    0.001, -999.000,    0.015,    0.016,    0.015,    0.001, -999.000,
       197,2020090812,    0.007,    0.007,    0.006,    0.012, -999.000,    0.008,    0.008,    0.007,    0.012, -999.000,    0.010,    0.013,    0.010,    0.001, -999.000,    0.010,    0.012,    0.010,    0.001, -999.000,
       197,2020090806,    0.010,    0.007,    0.011,    0.012,    0.000,    0.013,    0.007,    0.015,    0.012,    0.000,    0.015,    0.014,    0.016,    0.001, -999.000,    0.015,    0.012,    0.016,    0.001, -999.000,
       197,2020090800,    0.006,    0.006,    0.005,    0.012,    0.029,    0.008,    0.007,    0.008,    0.012,    0.035,    0.008,    0.009,    0.008,    0.001, -999.000,    0.008,    0.007,    0.008,    0.001, -999.000,
       197,2020090718,    0.013,    0.008,    0.014,    0.013, -999.000,    0.015,    0.007,    0.017,    0.013, -999.000,    0.018,    0.012,    0.019,    0.001, -999.000,    0.018,    0.016,    0.019,    0.001, -999.000,
       197,2020090712,    0.007,    0.008,    0.006,    0.013, -999.000,    0.008,    0.009,    0.008,    0.013, -999.000,    0.010,    0.014,    0.009,    0.001, -999.000,    0.010,    0.013,    0.009,    0.001, -999.000,
       197,2020090706,    0.010,    0.006,    0.012,    0.012,    0.026,    0.013,    0.006,    0.015,    0.013,    0.013,    0.015,    0.010,    0.016,    0.001,    0.027,    0.015,    0.008,    0.016,    0.001,    0.027,
       197,2020090700,    0.007,    0.005,    0.007,    0.013, -999.000,    0.009,    0.006,    0.010,    0.013, -999.000,    0.011,    0.007,    0.011,    0.002, -999.000,    0.011,    0.008,    0.011,    0.001, -999.000,
       197,2020090618,    0.012,    0.008,    0.013,    0.013,    0.010,    0.014,    0.009,    0.016,    0.013, -999.000,    0.015,    0.016,    0.016,    0.001, -999.000,    0.015,    0.014,    0.016,    0.002, -999.000,
       197,2020090612,    0.007,    0.005,    0.006,    0.013,    0.008,    0.008,    0.007,    0.008,    0.014,    0.008,    0.011,    0.013,    0.011,    0.001, -999.000,    0.011,    0.012,    0.011,    0.001, -999.000,
       197,2020090606,    0.011,    0.006,    0.012,    0.013, -999.000,    0.014,    0.007,    0.016,    0.013, -999.000,    0.014,    0.012,    0.016,    0.001, -999.000,    0.014,    0.009,    0.016,    0.001, -999.000,
       197,2020090600,    0.007,    0.006,    0.007,    0.013,    0.009,    0.008,    0.006,    0.008,    0.013,    0.009,    0.011,    0.011,    0.011,    0.001, -999.000,    0.011,    0.010,    0.011,    0.001, -999.000,
       197,2020090518,    0.010,    0.008,    0.011,    0.014, -999.000,    0.012,    0.008,    0.014,    0.014, -999.000,    0.014,    0.013,    0.014,    0.001, -999.000,    0.014,    0.015,    0.014,    0.001, -999.000,
       197,2020090512,    0.007,    0.007,    0.007,    0.013,    0.005,    0.009,    0.009,    0.009,    0.013,    0.002,    0.011,    0.016,    0.011,    0.001,    0.006,    0.011,    0.013,    0.011,    0.001,    0.006,
       197,2020090506,    0.010,    0.007,    0.012,    0.013,    0.009,    0.013,    0.007,    0.015,    0.013,    0.009,    0.014,    0.015,    0.015,    0.001, -999.000,    0.014,    0.013,    0.015,    0.001, -999.000,
       197,2020090500,    0.006,    0.006,    0.006,    0.013, -999.000,    0.008,    0.008,    0.008,    0.013, -999.000,    0.010,    0.012,    0.010,    0.001, -999.000,    0.010,    0.008,    0.010,    0.002, -999.000,
       197,2020090418,    0.009,    0.008,    0.009,    0.014, -999.000,    0.011,    0.008,    0.012,    0.014, -999.000,    0.012,    0.012,    0.013,    0.001, -999.000,    0.012,    0.012,    0.013,    0.001, -999.000,
       197,2020090412,    0.007,    0.009,    0.007,    0.014,    0.000,    0.009,    0.010,    0.008,    0.014, -999.000,    0.011,    0.017,    0.010,    0.001, -999.000,    0.011,    0.015,    0.010,    0.001, -999.000,
       197,2020090406,    0.010,    0.008,    0.011,    0.014,    0.028,    0.014,    0.008,    0.016,    0.013,    0.021,    0.015,    0.014,    0.016,    0.002, -999.000,    0.015,    0.016,    0.016,    0.001, -999.000,
       197,2020090400,    0.007,    0.006,    0.007,    0.014,    0.061,    0.009,    0.007,    0.009,    0.014, -999.000,    0.011,    0.011,    0.011,    0.002, -999.000,    0.011,    0.009,    0.011,    0.001, -999.000,
       197,2020090318,    0.009,    0.009,    0.009,    0.013,    0.020,    0.011,    0.009,    0.012,    0.014,    0.027,    0.013,    0.012,    0.013,    0.002,    0.026,    0.013,    0.014,    0.013,    0.002,    0.026,
       197,2020090312,    0.008,    0.009,    0.007,    0.014,    0.006,    0.010,    0.011,    0.009,    0.013, -999.000,    0.012,    0.017,    0.011,    0.002,    0.001,    0.012,    0.016,    0.011,    0.002,    0.001,
       197,2020090306,    0.010,    0.009,    0.010,    0.014,    0.008,    0.012,    0.009,    0.013,    0.013,    0.008,    0.015,    0.016,    0.015,    0.002, -999.000,    0.015,    0.017,    0.015,    0.001, -999.000,
       197,2020090300,    0.007,    0.005,    0.008,    0.014,    0.049,    0.009,    0.005,    0.010,    0.014, -999.000,    0.012,    0.007,    0.013,    0.002,    0.057,    0.012,    0.007,    0.013,    0.002,    0.057,
       197,2020090218,    0.012,    0.011,    0.012,    0.014,    0.016,    0.014,    0.011,    0.015,    0.014,    0.014,    0.016,    0.016,    0.016,    0.002,    0.021,    0.016,    0.018,    0.016,    0.002,    0.021,
       197,2020090212,    0.007,    0.007,    0.006,    0.014, -999.000,    0.008,    0.011,    0.008,    0.014, -999.000,    0.010,    0.018,    0.010,    0.002, -999.000,    0.010,    0.013,    0.010,    0.001, -999.000,
       197,2020090206,    0.010,    0.008,    0.011,    0.013,    0.048,    0.012,    0.009,    0.014,    0.013,    0.049,    0.017,    0.016,    0.018,    0.003,    0.050,    0.017,    0.014,    0.018,    0.002,    0.050,
       197,2020090200,    0.008,    0.006,    0.008,    0.013, -999.000,    0.010,    0.006,    0.010,    0.014, -999.000,    0.012,    0.009,    0.012,    0.002, -999.000,    0.012,    0.008,    0.012,    0.002, -999.000,
       197,2020090118,    0.014,    0.014,    0.014,    0.014,    0.010,    0.016,    0.013,    0.017,    0.014,    0.005,    0.019,    0.019,    0.017,    0.002,    0.006,    0.019,    0.024,    0.017,    0.002,    0.006,
       197,2020090112,    0.007,    0.013,    0.006,    0.014,    0.001,    0.008,    0.012,    0.008,    0.014,    0.004,    0.012,    0.018,    0.011,    0.001, -999.000,    0.012,    0.020,    0.011,    0.002, -999.000,
       197,2020090106,    0.012,    0.008,    0.013,    0.014,    0.022,    0.015,    0.009,    0.017,    0.013,    0.017,    0.015,    0.013,    0.016,    0.002, -999.000,    0.015,    0.014,    0.016,    0.002, -999.000,
       197,2020090100,    0.005,    0.007,    0.005,    0.012, -999.000,    0.006,    0.007,    0.006,    0.012, -999.000,    0.008,    0.010,    0.007,    0.003, -999.000,    0.008,    0.011,    0.007,    0.003, -999.000,
       197,2020083118,    0.010,    0.012,    0.009,    0.014,    0.008,    0.012,    0.012,    0.012,    0.013,    0.013,    0.016,    0.019,    0.014,    0.002,    0.003,    0.016,    0.023,    0.014,    0.002,    0.003,
       197,2020083112,    0.008,    0.012,    0.007,    0.012,    0.010,    0.010,    0.013,    0.009,    0.013,    0.010,    0.012,    0.019,    0.010,    0.002,    0.004,    0.012,    0.018,    0.010,    0.002,    0.004,
       197,2020083106,    0.010,    0.007,    0.011,    0.013,    0.102,    0.012,    0.008,    0.014,    0.013, -999.000,    0.014,    0.013,    0.014,    0.002, -999.000,    0.014,    0.012,    0.014,    0.002, -999.000,
       197,2020083100,    0.006,    0.007,    0.006,    0.012,    0.011,    0.007,    0.008,    0.007,    0.012,    0.013,    0.009,    0.010,    0.009,    0.003, -999.000,    0.009,    0.011,    0.009,    0.003, -999.000,
       197,2020083018,    0.010,    0.010,    0.010,    0.013,    0.026,    0.013,    0.013,    0.013,    0.013, -999.000,    0.014,    0.018,    0.015,    0.002, -999.000,    0.014,    0.014,    0.015,    0.002, -999.000,
       197,2020083012,    0.006,    0.008,    0.006,    0.012, -999.000,    0.008,    0.008,    0.008,    0.012, -999.000,    0.010,    0.012,    0.010,    0.003, -999.000,    0.010,    0.011,    0.010,    0.002, -999.000,
       197,2020083006,    0.010,    0.016,    0.010, -999.000,    0.074,    0.011,    0.006,    0.014,    0.011,    0.003,    0.014,    0.011,    0.013,    0.003, -999.000,    0.014,    0.018,    0.013, -999.000, -999.000,
       197,2020083000,    0.006,    0.056,    0.006, -999.000, -999.000,    0.008, -999.000,    0.008, -999.000, -999.000,    0.010, -999.000,    0.010, -999.000, -999.000,    0.010, -999.000,    0.010, -999.000, -999.000,
