       187,2020092000,    0.057,    0.484,    0.000,    0.556, -999.000,    0.061,    0.454,    0.000,    0.529, -999.000,    0.168,    0.193, -999.000,    0.065, -999.000,    0.168,    0.178, -999.000,    0.055, -999.000,
       187,2020091918,    0.093,    0.506,    0.000,    0.533,    0.572,    0.111,    0.492,    0.000,    0.513,    0.432,    0.212,    0.205, -999.000,    0.066,    0.121,    0.212,    0.200, -999.000,    0.059,    0.121,
       187,2020091912,    0.099,    0.520,    0.000,    0.478, -999.000,    0.109,    0.508,    0.000,    0.474, -999.000,    0.216,    0.204, -999.000,    0.058, -999.000,    0.216,    0.190, -999.000,    0.063, -999.000,
       187,2020091906,    0.123,    0.546,    0.000,    0.493,    0.205,    0.124,    0.520,    0.000,    0.490,    0.209,    0.239,    0.196, -999.000,    0.060,    0.260,    0.239,    0.179, -999.000,    0.047,    0.260,
       187,2020091900,    0.073,    0.474,    0.000,    0.535, -999.000,    0.085,    0.464,    0.000,    0.519, -999.000,    0.183,    0.170, -999.000,    0.069, -999.000,    0.183,    0.166, -999.000,    0.055, -999.000,
       187,2020091818,    0.123,    0.537,    0.000,    0.544,    0.660,    0.123,    0.506,    0.000,    0.530,    0.290,    0.241,    0.197, -999.000,    0.074, -999.000,    0.241,    0.191, -999.000,    0.073, -999.000,
       187,2020091812,    0.107,    0.531,    0.000,    0.495,    0.587,    0.113,    0.497,    0.000,    0.493,    0.585,    0.226,    0.201, -999.000,    0.042, -999.000,    0.226,    0.189, -999.000,    0.047, -999.000,
       187,2020091806,    0.148,    0.518,    0.000,    0.510,    0.121,    0.138,    0.491,    0.000,    0.510, -999.000,    0.252,    0.211, -999.000,    0.034, -999.000,    0.252,    0.191, -999.000,    0.035, -999.000,
       187,2020091800,    0.076,    0.492,    0.000,    0.562, -999.000,    0.081,    0.480,    0.000,    0.535, -999.000,    0.190,    0.185, -999.000,    0.047, -999.000,    0.190,    0.166, -999.000,    0.039, -999.000,
       187,2020091718,    0.115,    0.520,    0.000,    0.542,    0.418,    0.129,    0.533,    0.000,    0.535,    0.030,    0.234,    0.205, -999.000,    0.063, -999.000,    0.234,    0.211, -999.000,    0.060, -999.000,
       187,2020091712,    0.105,    0.536,    0.000,    0.515,    0.327,    0.124,    0.536,    0.000,    0.503,    0.343,    0.226,    0.194, -999.000,    0.054, -999.000,    0.226,    0.188, -999.000,    0.057, -999.000,
       187,2020091706,    0.126,    0.497,    0.000,    0.506,    0.462,    0.132,    0.470,    0.000,    0.509, -999.000,    0.235,    0.198, -999.000,    0.047, -999.000,    0.235,    0.197, -999.000,    0.046, -999.000,
       187,2020091700,    0.066,    0.484,    0.000,    0.547, -999.000,    0.072,    0.466,    0.000,    0.529,    0.094,    0.180,    0.206, -999.000,    0.046, -999.000,    0.180,    0.194, -999.000,    0.033, -999.000,
       187,2020091618,    0.119,    0.541,    0.000,    0.579, -999.000,    0.134,    0.523,    0.000,    0.552, -999.000,    0.243,    0.223, -999.000,    0.059, -999.000,    0.243,    0.216, -999.000,    0.055, -999.000,
       187,2020091612,    0.104,    0.545,    0.000,    0.524,    0.017,    0.109,    0.507,    0.000,    0.508, -999.000,    0.230,    0.216, -999.000,    0.056, -999.000,    0.230,    0.208, -999.000,    0.058, -999.000,
       187,2020091606,    0.147,    0.497,    0.000,    0.522,    0.264,    0.142,    0.466,    0.000,    0.509, -999.000,    0.246,    0.208, -999.000,    0.059,    0.177,    0.246,    0.184, -999.000,    0.054,    0.177,
       187,2020091600,    0.055,    0.458,    0.000,    0.559,    0.293,    0.069,    0.451,    0.000,    0.530,    0.296,    0.165,    0.206, -999.000,    0.059, -999.000,    0.165,    0.203, -999.000,    0.062, -999.000,
       187,2020091518,    0.151,    0.567,    0.000,    0.575,    0.270,    0.161,    0.528,    0.000,    0.528,    0.272,    0.268,    0.230, -999.000,    0.071,    0.333,    0.268,    0.203, -999.000,    0.069,    0.333,
       187,2020091512,    0.127,    0.565,    0.000,    0.530, -999.000,    0.127,    0.544,    0.000,    0.503, -999.000,    0.250,    0.219, -999.000,    0.064, -999.000,    0.250,    0.204, -999.000,    0.070, -999.000,
       187,2020091506,    0.142,    0.549,    0.000,    0.521, -999.000,    0.157,    0.540,    0.000,    0.527,    0.057,    0.259,    0.214, -999.000,    0.062, -999.000,    0.259,    0.205, -999.000,    0.055, -999.000,
       187,2020091500,    0.058,    0.434,    0.000,    0.557, -999.000,    0.060,    0.400,    0.000,    0.539, -999.000,    0.166,    0.190, -999.000,    0.056, -999.000,    0.166,    0.190, -999.000,    0.051, -999.000,
       187,2020091418,    0.134,    0.568,    0.000,    0.603,    0.709,    0.150,    0.539,    0.000,    0.581,    0.721,    0.264,    0.244, -999.000,    0.075, -999.000,    0.264,    0.237, -999.000,    0.069, -999.000,
       187,2020091412,    0.095,    0.557,    0.000,    0.531, -999.000,    0.113,    0.545,    0.000,    0.513,    0.589,    0.223,    0.206, -999.000,    0.061, -999.000,    0.223,    0.202, -999.000,    0.057, -999.000,
       187,2020091406,    0.138,    0.555,    0.000,    0.515,    0.259,    0.135,    0.513,    0.000,    0.505,    0.165,    0.256,    0.214, -999.000,    0.053,    0.237,    0.256,    0.199, -999.000,    0.054,    0.237,
       187,2020091400,    0.060,    0.475,    0.000,    0.529, -999.000,    0.070,    0.447,    0.000,    0.532, -999.000,    0.170,    0.179, -999.000,    0.052, -999.000,    0.170,    0.180, -999.000,    0.039, -999.000,
       187,2020091318,    0.125,    0.561,    0.000,    0.591,    0.393,    0.130,    0.522,    0.000,    0.560,    0.256,    0.251,    0.211, -999.000,    0.065,    0.348,    0.251,    0.205, -999.000,    0.053,    0.348,
       187,2020091312,    0.110,    0.560,    0.000,    0.524, -999.000,    0.113,    0.517,    0.000,    0.503, -999.000,    0.233,    0.198, -999.000,    0.064, -999.000,    0.233,    0.176, -999.000,    0.056, -999.000,
       187,2020091306,    0.137,    0.516,    0.000,    0.514, -999.000,    0.140,    0.479,    0.000,    0.491, -999.000,    0.248,    0.221, -999.000,    0.054, -999.000,    0.248,    0.201, -999.000,    0.055, -999.000,
       187,2020091300,    0.081,    0.503,    0.000,    0.538, -999.000,    0.085,    0.492,    0.000,    0.536, -999.000,    0.197,    0.180, -999.000,    0.061, -999.000,    0.197,    0.179, -999.000,    0.051, -999.000,
       187,2020091218,    0.127,    0.543,    0.000,    0.543,    0.444,    0.133,    0.532,    0.000,    0.524,    0.335,    0.251,    0.223, -999.000,    0.063,    0.267,    0.251,    0.233, -999.000,    0.066,    0.267,
       187,2020091212,    0.141,    0.588,    0.000,    0.530,    0.340,    0.152,    0.553,    0.000,    0.517,    0.343,    0.263,    0.187, -999.000,    0.048,    0.134,    0.263,    0.178, -999.000,    0.037,    0.134,
       187,2020091206,    0.121,    0.506,    0.000,    0.512,    0.054,    0.126,    0.483,    0.000,    0.513,    0.198,    0.232,    0.211, -999.000,    0.053,    0.016,    0.232,    0.191, -999.000,    0.050,    0.016,
       187,2020091200,    0.080,    0.527,    0.000,    0.523, -999.000,    0.092,    0.530,    0.000,    0.514, -999.000,    0.199,    0.180, -999.000,    0.069, -999.000,    0.199,    0.177, -999.000,    0.054, -999.000,
       187,2020091118,    0.101,    0.519,    0.000,    0.557,    0.579,    0.113,    0.480,    0.000,    0.541,    0.672,    0.224,    0.221, -999.000,    0.069, -999.000,    0.224,    0.214, -999.000,    0.072, -999.000,
       187,2020091112,    0.109,    0.590,    0.000,    0.536,    0.516,    0.138,    0.577,    0.000,    0.528,    0.597,    0.239,    0.199, -999.000,    0.052,    0.110,    0.239,    0.191, -999.000,    0.051,    0.110,
       187,2020091106,    0.121,    0.530,    0.000,    0.539,    0.494,    0.129,    0.483,    0.000,    0.539,    0.186,    0.239,    0.217, -999.000,    0.057, -999.000,    0.239,    0.199, -999.000,    0.037, -999.000,
       187,2020091100,    0.072,    0.507,    0.000,    0.557, -999.000,    0.079,    0.503,    0.000,    0.561, -999.000,    0.189,    0.197, -999.000,    0.072, -999.000,    0.189,    0.180, -999.000,    0.066, -999.000,
       187,2020091018,    0.112,    0.507,    0.000,    0.578,    0.300,    0.123,    0.475,    0.000,    0.563,    0.233,    0.233,    0.219, -999.000,    0.058,    0.271,    0.233,    0.215, -999.000,    0.061,    0.271,
       187,2020091012,    0.117,    0.634,    0.000,    0.550, -999.000,    0.139,    0.601,    0.000,    0.524, -999.000,    0.255,    0.217, -999.000,    0.079, -999.000,    0.255,    0.194, -999.000,    0.075, -999.000,
       187,2020091006,    0.147,    0.529,    0.000,    0.540,    0.401,    0.143,    0.485,    0.000,    0.525,    0.321,    0.255,    0.210, -999.000,    0.058, -999.000,    0.255,    0.188, -999.000,    0.044, -999.000,
       187,2020091000,    0.072,    0.499,    0.000,    0.563, -999.000,    0.087,    0.486,    0.000,    0.557, -999.000,    0.186,    0.174, -999.000,    0.056, -999.000,    0.186,    0.161, -999.000,    0.053, -999.000,
       187,2020090918,    0.140,    0.586,    0.000,    0.612,    0.676,    0.136,    0.541,    0.000,    0.593,    0.661,    0.270,    0.224, -999.000,    0.066,    0.019,    0.270,    0.221, -999.000,    0.069,    0.019,
       187,2020090912,    0.105,    0.596,    0.000,    0.550, -999.000,    0.120,    0.586,    0.000,    0.544, -999.000,    0.240,    0.212, -999.000,    0.050, -999.000,    0.240,    0.212, -999.000,    0.042, -999.000,
       187,2020090906,    0.127,    0.504,    0.000,    0.518,    0.087,    0.120,    0.475,    0.000,    0.513,    0.101,    0.240,    0.230, -999.000,    0.044, -999.000,    0.240,    0.205, -999.000,    0.038, -999.000,
       187,2020090900,    0.067,    0.455,    0.000,    0.553, -999.000,    0.068,    0.440,    0.000,    0.554,    0.148,    0.179,    0.197, -999.000,    0.055, -999.000,    0.179,    0.190, -999.000,    0.054, -999.000,
       187,2020090818,    0.126,    0.531,    0.000,    0.595,    0.140,    0.121,    0.514,    0.000,    0.561, -999.000,    0.246,    0.205, -999.000,    0.070, -999.000,    0.246,    0.203, -999.000,    0.077, -999.000,
       187,2020090812,    0.111,    0.531,    0.000,    0.535,    0.385,    0.118,    0.513,    0.000,    0.531,    0.229,    0.233,    0.220, -999.000,    0.048, -999.000,    0.233,    0.207, -999.000,    0.035, -999.000,
       187,2020090806,    0.124,    0.531,    0.000,    0.511,    0.407,    0.123,    0.498,    0.000,    0.504,    0.405,    0.240,    0.202, -999.000,    0.045,    0.408,    0.240,    0.189, -999.000,    0.047,    0.408,
       187,2020090800,    0.086,    0.488,    0.000,    0.540,    0.572,    0.093,    0.473,    0.000,    0.544,    0.560,    0.205,    0.218, -999.000,    0.063, -999.000,    0.205,    0.213, -999.000,    0.055, -999.000,
       187,2020090718,    0.102,    0.535,    0.000,    0.568,    0.080,    0.115,    0.521,    0.000,    0.567, -999.000,    0.227,    0.218, -999.000,    0.059, -999.000,    0.227,    0.202, -999.000,    0.063, -999.000,
       187,2020090712,    0.123,    0.562,    0.000,    0.537, -999.000,    0.123,    0.534,    0.000,    0.540, -999.000,    0.250,    0.221, -999.000,    0.059, -999.000,    0.250,    0.213, -999.000,    0.061, -999.000,
       187,2020090706,    0.131,    0.529,    0.000,    0.531,    0.081,    0.139,    0.503,    0.000,    0.538,    0.076,    0.249,    0.214, -999.000,    0.038, -999.000,    0.249,    0.215, -999.000,    0.040, -999.000,
       187,2020090700,    0.078,    0.519,    0.000,    0.544,    0.588,    0.086,    0.494,    0.000,    0.547, -999.000,    0.198,    0.229, -999.000,    0.056, -999.000,    0.198,    0.196, -999.000,    0.052, -999.000,
       187,2020090618,    0.116,    0.492,    0.000,    0.567, -999.000,    0.127,    0.475,    0.000,    0.555, -999.000,    0.236,    0.231, -999.000,    0.071, -999.000,    0.236,    0.240, -999.000,    0.065, -999.000,
       187,2020090612,    0.129,    0.621,    0.000,    0.543, -999.000,    0.133,    0.610,    0.000,    0.529, -999.000,    0.260,    0.194, -999.000,    0.075, -999.000,    0.260,    0.184, -999.000,    0.060, -999.000,
       187,2020090606,    0.149,    0.561,    0.000,    0.559, -999.000,    0.156,    0.522,    0.000,    0.554,    0.702,    0.268,    0.234, -999.000,    0.068, -999.000,    0.268,    0.214, -999.000,    0.056, -999.000,
       187,2020090600,    0.083,    0.517,    0.000,    0.615,    0.620,    0.080,    0.497,    0.000,    0.614, -999.000,    0.209,    0.221, -999.000,    0.045,    0.013,    0.209,    0.212, -999.000,    0.043,    0.013,
       187,2020090518,    0.154,    0.556,    0.000,    0.599,    0.045,    0.146,    0.516,    0.000,    0.580, -999.000,    0.271,    0.227, -999.000,    0.074, -999.000,    0.271,    0.213, -999.000,    0.061, -999.000,
       187,2020090512,    0.110,    0.583,    0.000,    0.580,    0.473,    0.105,    0.568,    0.000,    0.561,    0.485,    0.241,    0.194, -999.000,    0.059, -999.000,    0.241,    0.189, -999.000,    0.053, -999.000,
       187,2020090506,    0.140,    0.514,    0.000,    0.548,    0.537,    0.145,    0.498,    0.000,    0.520, -999.000,    0.256,    0.230, -999.000,    0.052, -999.000,    0.256,    0.229, -999.000,    0.052, -999.000,
       187,2020090500,    0.066,    0.472,    0.000,    0.573, -999.000,    0.073,    0.448,    0.000,    0.569,    0.126,    0.179,    0.192, -999.000,    0.069, -999.000,    0.179,    0.185, -999.000,    0.067, -999.000,
       187,2020090418,    0.143,    0.554,    0.000,    0.598,    0.679,    0.147,    0.514,    0.000,    0.573,    0.409,    0.268,    0.256, -999.000,    0.072, -999.000,    0.268,    0.233, -999.000,    0.064, -999.000,
       187,2020090412,    0.105,    0.579,    0.000,    0.568,    0.533,    0.120,    0.569,    0.000,    0.554, -999.000,    0.238,    0.219, -999.000,    0.063, -999.000,    0.238,    0.217, -999.000,    0.063, -999.000,
       187,2020090406,    0.138,    0.557,    0.000,    0.576,    0.664,    0.142,    0.525,    0.000,    0.562,    0.381,    0.264,    0.242, -999.000,    0.034, -999.000,    0.264,    0.225, -999.000,    0.027, -999.000,
       187,2020090400,    0.057,    0.486,    0.000,    0.615,    0.644,    0.072,    0.475,    0.000,    0.565, -999.000,    0.172,    0.191, -999.000,    0.062, -999.000,    0.172,    0.193, -999.000,    0.046, -999.000,
       187,2020090318,    0.127,    0.573,    0.000,    0.633,    0.739,    0.128,    0.504,    0.000,    0.606,    0.741,    0.265,    0.276, -999.000,    0.065, -999.000,    0.265,    0.253, -999.000,    0.061, -999.000,
       187,2020090312,    0.112,    0.578,    0.000,    0.557,    0.495,    0.136,    0.544,    0.000,    0.550,    0.500,    0.244,    0.236, -999.000,    0.052, -999.000,    0.244,    0.218, -999.000,    0.054, -999.000,
       187,2020090306,    0.132,    0.573,    0.000,    0.562,    0.115,    0.155,    0.553,    0.000,    0.546,    0.194,    0.263,    0.234, -999.000,    0.048,    0.082,    0.263,    0.231, -999.000,    0.044,    0.082,
       187,2020090300,    0.075,    0.467,    0.000,    0.590, -999.000,    0.095,    0.465,    0.000,    0.573, -999.000,    0.191,    0.181, -999.000,    0.054, -999.000,    0.191,    0.200, -999.000,    0.048, -999.000,
       187,2020090218,    0.137,    0.578,    0.000,    0.621,    0.112,    0.147,    0.541,    0.000,    0.589,    0.383,    0.265,    0.227, -999.000,    0.059, -999.000,    0.265,    0.209, -999.000,    0.051, -999.000,
       187,2020090212,    0.115,    0.577,    0.000,    0.579,    0.600,    0.133,    0.559,    0.000,    0.587, -999.000,    0.247,    0.218, -999.000,    0.037,    0.125,    0.247,    0.211, -999.000,    0.041,    0.125,
       187,2020090206,    0.150,    0.603,    0.000,    0.611,    0.557,    0.157,    0.566,    0.000,    0.599,    0.581,    0.289,    0.261, -999.000,    0.048, -999.000,    0.289,    0.257, -999.000,    0.046, -999.000,
       187,2020090200,    0.084,    0.563,    0.000,    0.640, -999.000,    0.092,    0.536,    0.000,    0.620, -999.000,    0.216,    0.210, -999.000,    0.065, -999.000,    0.216,    0.206, -999.000,    0.064, -999.000,
       187,2020090118,    0.129,    0.610,    0.000,    0.663, -999.000,    0.135,    0.552,    0.000,    0.638, -999.000,    0.272,    0.260, -999.000,    0.055, -999.000,    0.272,    0.252, -999.000,    0.060, -999.000,
       187,2020090112,    0.141,    0.657,    0.000,    0.650, -999.000,    0.150,    0.643,    0.000,    0.636,    0.490,    0.294,    0.276, -999.000,    0.049, -999.000,    0.294,    0.270, -999.000,    0.046, -999.000,
       187,2020090106,    0.143,    0.583,    0.000,    0.635, -999.000,    0.142,    0.570,    0.000,    0.635,    0.022,    0.281,    0.270, -999.000,    0.051, -999.000,    0.281,    0.264, -999.000,    0.050, -999.000,
       187,2020090100,    0.078,    0.585,    0.000,    0.679,    0.488,    0.088,    0.557,    0.000,    0.654,    0.458,    0.218,    0.234, -999.000,    0.080, -999.000,    0.218,    0.246, -999.000,    0.058, -999.000,
       187,2020083118,    0.151,    0.629,    0.000,    0.720, -999.000,    0.146,    0.554,    0.000,    0.687, -999.000,    0.297,    0.281, -999.000,    0.081, -999.000,    0.297,    0.266, -999.000,    0.075, -999.000,
       187,2020083112,    0.129,    0.722,    0.000,    0.680,    0.649,    0.147,    0.698,    0.000,    0.671,    0.773,    0.298,    0.284, -999.000,    0.073, -999.000,    0.298,    0.293, -999.000,    0.064, -999.000,
       187,2020083106,    0.170,    0.672,    0.000,    0.707, -999.000,    0.170,    0.615,    0.000,    0.679,    0.064,    0.323,    0.312, -999.000,    0.063, -999.000,    0.323,    0.287, -999.000,    0.061, -999.000,
       187,2020083100,    0.097,    0.654,    0.000,    0.775, -999.000,    0.098,    0.634,    0.000,    0.714,    0.764,    0.254,    0.280, -999.000,    0.080, -999.000,    0.254,    0.261, -999.000,    0.061, -999.000,
       187,2020083018,    0.212,    0.815,    0.000,    0.828,    0.267,    0.211,    0.734,    0.000,    0.830,    0.257,    0.387,    0.336, -999.000,    0.098,    0.303,    0.387,    0.305, -999.000,    0.095,    0.303,
       187,2020083012,    0.155,    0.980,    0.000,    0.898, -999.000,    0.158,    0.923,    0.000,    0.880,    0.842,    0.375,    0.385, -999.000,    0.119, -999.000,    0.375,    0.360, -999.000,    0.109, -999.000,
       187,2020083006,    0.208,    2.073,    0.000,    2.796, -999.000,    0.146,    1.377,    0.000,    2.707,    0.209,    0.736,    0.747, -999.000, -999.000, -999.000,    0.736,    1.236, -999.000, -999.000, -999.000,
       187,2020083000,    0.000, -999.000,    0.000, -999.000, -999.000,    0.000, -999.000,    0.000, -999.000, -999.000, -999.000, -999.000, -999.000, -999.000, -999.000, -999.000, -999.000, -999.000, -999.000, -999.000,
