       216,2020092000,    0.049,    0.054,    0.048,    0.061, -999.000,    0.051,    0.051,    0.051,    0.068, -999.000,    0.039,    0.041,    0.039,    0.038, -999.000,    0.039,    0.043,    0.039,    0.040, -999.000,
       216,2020091918,    0.050,    0.047,    0.050,    0.050,    0.083,    0.053,    0.056,    0.053,    0.050,    0.079,    0.040,    0.041,    0.040,    0.040,    0.038,    0.040,    0.040,    0.040,    0.041,    0.038,
       216,2020091912,    0.047,    0.047,    0.048,    0.035, -999.000,    0.051,    0.051,    0.051,    0.038, -999.000,    0.039,    0.042,    0.039,    0.033, -999.000,    0.039,    0.041,    0.039,    0.032, -999.000,
       216,2020091906,    0.048,    0.054,    0.046,    0.055,    0.099,    0.052,    0.058,    0.050,    0.061,    0.099,    0.039,    0.041,    0.038,    0.042,    0.010,    0.039,    0.040,    0.038,    0.041,    0.010,
       216,2020091900,    0.051,    0.055,    0.051,    0.054, -999.000,    0.052,    0.050,    0.052,    0.061, -999.000,    0.040,    0.039,    0.040,    0.041, -999.000,    0.040,    0.041,    0.040,    0.037, -999.000,
       216,2020091818,    0.051,    0.055,    0.050,    0.038,    0.102,    0.053,    0.054,    0.053,    0.050,    0.100,    0.040,    0.040,    0.040,    0.036, -999.000,    0.040,    0.040,    0.040,    0.034, -999.000,
       216,2020091812,    0.048,    0.050,    0.047,    0.054,    0.121,    0.050,    0.053,    0.049,    0.061,    0.121,    0.040,    0.039,    0.040,    0.045, -999.000,    0.040,    0.039,    0.040,    0.044, -999.000,
       216,2020091806,    0.046,    0.048,    0.045,    0.046,    0.117,    0.047,    0.049,    0.047,    0.049, -999.000,    0.039,    0.039,    0.039,    0.043, -999.000,    0.039,    0.040,    0.039,    0.042, -999.000,
       216,2020091800,    0.049,    0.054,    0.048,    0.052, -999.000,    0.052,    0.054,    0.051,    0.060, -999.000,    0.040,    0.039,    0.040,    0.047, -999.000,    0.040,    0.039,    0.040,    0.045, -999.000,
       216,2020091718,    0.049,    0.047,    0.049,    0.047,    0.099,    0.050,    0.049,    0.050,    0.046,    0.122,    0.039,    0.038,    0.039,    0.040, -999.000,    0.039,    0.037,    0.039,    0.041, -999.000,
       216,2020091712,    0.048,    0.047,    0.049,    0.027,    0.120,    0.051,    0.049,    0.051,    0.041,    0.120,    0.039,    0.039,    0.039,    0.036, -999.000,    0.039,    0.038,    0.039,    0.030, -999.000,
       216,2020091706,    0.047,    0.046,    0.047,    0.044,    0.119,    0.048,    0.049,    0.048,    0.054, -999.000,    0.039,    0.039,    0.039,    0.041, -999.000,    0.039,    0.037,    0.039,    0.040, -999.000,
       216,2020091700,    0.048,    0.052,    0.047,    0.061, -999.000,    0.051,    0.053,    0.050,    0.070,    0.122,    0.040,    0.042,    0.039,    0.039, -999.000,    0.040,    0.043,    0.039,    0.040, -999.000,
       216,2020091618,    0.048,    0.056,    0.046,    0.059, -999.000,    0.050,    0.050,    0.049,    0.061, -999.000,    0.039,    0.039,    0.038,    0.040, -999.000,    0.039,    0.040,    0.038,    0.040, -999.000,
       216,2020091612,    0.050,    0.047,    0.051,    0.039,    0.116,    0.052,    0.050,    0.053,    0.041, -999.000,    0.040,    0.039,    0.040,    0.038, -999.000,    0.040,    0.040,    0.040,    0.035, -999.000,
       216,2020091606,    0.047,    0.047,    0.047,    0.050,    0.063,    0.050,    0.053,    0.048,    0.059, -999.000,    0.039,    0.040,    0.038,    0.039,    0.053,    0.039,    0.040,    0.038,    0.043,    0.053,
       216,2020091600,    0.047,    0.055,    0.046,    0.049,    0.057,    0.051,    0.052,    0.050,    0.059,    0.057,    0.038,    0.039,    0.038,    0.043, -999.000,    0.038,    0.040,    0.038,    0.044, -999.000,
       216,2020091518,    0.048,    0.046,    0.048,    0.052,    0.107,    0.051,    0.049,    0.050,    0.059,    0.107,    0.038,    0.039,    0.038,    0.039,    0.003,    0.038,    0.040,    0.038,    0.040,    0.003,
       216,2020091512,    0.049,    0.055,    0.048,    0.041, -999.000,    0.051,    0.056,    0.050,    0.047, -999.000,    0.039,    0.041,    0.039,    0.040, -999.000,    0.039,    0.040,    0.039,    0.037, -999.000,
       216,2020091506,    0.049,    0.051,    0.049,    0.039, -999.000,    0.052,    0.056,    0.052,    0.039,    0.072,    0.038,    0.039,    0.038,    0.033, -999.000,    0.038,    0.038,    0.038,    0.033, -999.000,
       216,2020091500,    0.048,    0.051,    0.047,    0.066, -999.000,    0.050,    0.052,    0.049,    0.068, -999.000,    0.038,    0.039,    0.038,    0.042, -999.000,    0.038,    0.040,    0.038,    0.042, -999.000,
       216,2020091418,    0.049,    0.048,    0.049,    0.054,    0.008,    0.053,    0.049,    0.054,    0.055, -999.000,    0.040,    0.040,    0.039,    0.040, -999.000,    0.040,    0.041,    0.039,    0.042, -999.000,
       216,2020091412,    0.047,    0.051,    0.046,    0.059, -999.000,    0.050,    0.051,    0.049,    0.056,    0.120,    0.039,    0.041,    0.039,    0.039, -999.000,    0.039,    0.041,    0.039,    0.040, -999.000,
       216,2020091406,    0.052,    0.057,    0.050,    0.069,    0.052,    0.053,    0.059,    0.051,    0.066,    0.034,    0.039,    0.041,    0.039,    0.039,    0.058,    0.039,    0.040,    0.039,    0.033,    0.058,
       216,2020091400,    0.049,    0.055,    0.048,    0.050, -999.000,    0.053,    0.057,    0.052,    0.050, -999.000,    0.040,    0.042,    0.039,    0.040, -999.000,    0.040,    0.043,    0.039,    0.041, -999.000,
       216,2020091318,    0.049,    0.055,    0.047,    0.054,    0.067,    0.051,    0.059,    0.049,    0.048,    0.061,    0.039,    0.040,    0.039,    0.036,    0.078,    0.039,    0.039,    0.039,    0.037,    0.078,
       216,2020091312,    0.051,    0.049,    0.052,    0.042, -999.000,    0.053,    0.049,    0.054,    0.035, -999.000,    0.040,    0.038,    0.040,    0.035, -999.000,    0.040,    0.037,    0.040,    0.040, -999.000,
       216,2020091306,    0.053,    0.062,    0.050,    0.055, -999.000,    0.054,    0.058,    0.053,    0.055, -999.000,    0.040,    0.039,    0.040,    0.044, -999.000,    0.040,    0.038,    0.040,    0.039, -999.000,
       216,2020091300,    0.049,    0.044,    0.050,    0.048, -999.000,    0.050,    0.046,    0.051,    0.056, -999.000,    0.039,    0.035,    0.040,    0.042, -999.000,    0.039,    0.035,    0.040,    0.037, -999.000,
       216,2020091218,    0.050,    0.056,    0.048,    0.051,    0.041,    0.051,    0.055,    0.050,    0.057,    0.061,    0.040,    0.040,    0.040,    0.041,    0.031,    0.040,    0.041,    0.040,    0.035,    0.031,
       216,2020091212,    0.050,    0.049,    0.051,    0.054,    0.083,    0.053,    0.053,    0.053,    0.057,    0.083,    0.039,    0.040,    0.039,    0.043,    0.055,    0.039,    0.038,    0.039,    0.047,    0.055,
       216,2020091206,    0.049,    0.059,    0.046,    0.051,    0.051,    0.052,    0.064,    0.048,    0.047,    0.066,    0.039,    0.040,    0.039,    0.035,    0.001,    0.039,    0.039,    0.039,    0.041,    0.001,
       216,2020091200,    0.050,    0.052,    0.049,    0.059, -999.000,    0.054,    0.053,    0.054,    0.059, -999.000,    0.040,    0.042,    0.039,    0.045, -999.000,    0.040,    0.042,    0.039,    0.044, -999.000,
       216,2020091118,    0.048,    0.056,    0.046,    0.054,    0.043,    0.051,    0.057,    0.049,    0.057,    0.057,    0.039,    0.040,    0.039,    0.045, -999.000,    0.039,    0.040,    0.039,    0.042, -999.000,
       216,2020091112,    0.044,    0.045,    0.044,    0.045,    0.066,    0.048,    0.049,    0.048,    0.046,    0.013,    0.038,    0.038,    0.038,    0.039,    0.075,    0.038,    0.039,    0.038,    0.039,    0.075,
       216,2020091106,    0.050,    0.054,    0.049,    0.043,    0.045,    0.051,    0.055,    0.049,    0.059,    0.000,    0.037,    0.040,    0.037,    0.038, -999.000,    0.037,    0.038,    0.037,    0.034, -999.000,
       216,2020091100,    0.046,    0.053,    0.045,    0.053, -999.000,    0.050,    0.053,    0.050,    0.039, -999.000,    0.037,    0.039,    0.036,    0.038, -999.000,    0.037,    0.041,    0.036,    0.041, -999.000,
       216,2020091018,    0.049,    0.052,    0.048,    0.060,    0.062,    0.049,    0.050,    0.048,    0.060,    0.069,    0.038,    0.038,    0.038,    0.039,    0.058,    0.038,    0.037,    0.038,    0.041,    0.058,
       216,2020091012,    0.046,    0.050,    0.045,    0.040, -999.000,    0.048,    0.049,    0.048,    0.046, -999.000,    0.037,    0.037,    0.037,    0.040, -999.000,    0.037,    0.037,    0.037,    0.034, -999.000,
       216,2020091006,    0.049,    0.054,    0.047,    0.047,    0.115,    0.051,    0.057,    0.048,    0.063,    0.093,    0.038,    0.040,    0.038,    0.041, -999.000,    0.038,    0.040,    0.038,    0.041, -999.000,
       216,2020091000,    0.047,    0.056,    0.046,    0.056, -999.000,    0.048,    0.054,    0.047,    0.049, -999.000,    0.038,    0.040,    0.037,    0.039, -999.000,    0.038,    0.039,    0.037,    0.036, -999.000,
       216,2020090918,    0.045,    0.049,    0.044,    0.042,    0.058,    0.048,    0.048,    0.047,    0.052,    0.111,    0.037,    0.037,    0.037,    0.040,    0.076,    0.037,    0.038,    0.037,    0.037,    0.076,
       216,2020090912,    0.046,    0.062,    0.043,    0.040, -999.000,    0.048,    0.058,    0.045,    0.045, -999.000,    0.038,    0.039,    0.037,    0.036, -999.000,    0.038,    0.038,    0.037,    0.037, -999.000,
       216,2020090906,    0.047,    0.049,    0.046,    0.051,    0.087,    0.050,    0.052,    0.049,    0.060,    0.045,    0.037,    0.038,    0.037,    0.040, -999.000,    0.037,    0.037,    0.037,    0.042, -999.000,
       216,2020090900,    0.047,    0.052,    0.046,    0.057, -999.000,    0.051,    0.051,    0.051,    0.044,    0.117,    0.038,    0.036,    0.038,    0.037, -999.000,    0.038,    0.038,    0.038,    0.041, -999.000,
       216,2020090818,    0.046,    0.049,    0.045,    0.060,    0.007,    0.050,    0.047,    0.050,    0.058, -999.000,    0.038,    0.037,    0.037,    0.042, -999.000,    0.038,    0.038,    0.037,    0.041, -999.000,
       216,2020090812,    0.046,    0.046,    0.046,    0.033,    0.049,    0.050,    0.050,    0.049,    0.059,    0.077,    0.039,    0.040,    0.039,    0.041, -999.000,    0.039,    0.039,    0.039,    0.032, -999.000,
       216,2020090806,    0.047,    0.050,    0.047,    0.033,    0.028,    0.051,    0.055,    0.050,    0.048,    0.028,    0.039,    0.041,    0.039,    0.044,    0.016,    0.039,    0.040,    0.039,    0.037,    0.016,
       216,2020090800,    0.048,    0.045,    0.049,    0.051,    0.000,    0.052,    0.047,    0.053,    0.052,    0.000,    0.040,    0.040,    0.040,    0.046, -999.000,    0.040,    0.038,    0.040,    0.044, -999.000,
       216,2020090718,    0.046,    0.055,    0.044,    0.053,    0.029,    0.048,    0.053,    0.046,    0.056, -999.000,    0.038,    0.040,    0.037,    0.043, -999.000,    0.038,    0.041,    0.037,    0.042, -999.000,
       216,2020090712,    0.045,    0.051,    0.044,    0.040, -999.000,    0.048,    0.050,    0.048,    0.043, -999.000,    0.039,    0.038,    0.038,    0.042, -999.000,    0.039,    0.039,    0.038,    0.042, -999.000,
       216,2020090706,    0.047,    0.055,    0.045,    0.051,    0.051,    0.050,    0.060,    0.046,    0.070,    0.034,    0.039,    0.039,    0.038,    0.042, -999.000,    0.039,    0.039,    0.038,    0.041, -999.000,
       216,2020090700,    0.046,    0.055,    0.045,    0.056,    0.074,    0.050,    0.056,    0.049,    0.047, -999.000,    0.040,    0.039,    0.039,    0.038, -999.000,    0.040,    0.041,    0.039,    0.041, -999.000,
       216,2020090618,    0.047,    0.053,    0.046,    0.052, -999.000,    0.050,    0.052,    0.049,    0.058, -999.000,    0.039,    0.039,    0.039,    0.038, -999.000,    0.039,    0.040,    0.039,    0.032, -999.000,
       216,2020090612,    0.047,    0.046,    0.048,    0.045, -999.000,    0.051,    0.045,    0.052,    0.043, -999.000,    0.040,    0.040,    0.040,    0.038, -999.000,    0.040,    0.042,    0.040,    0.034, -999.000,
       216,2020090606,    0.048,    0.055,    0.046,    0.064, -999.000,    0.051,    0.057,    0.048,    0.067,    0.004,    0.039,    0.038,    0.038,    0.034, -999.000,    0.039,    0.038,    0.038,    0.036, -999.000,
       216,2020090600,    0.049,    0.057,    0.048,    0.048,    0.117,    0.051,    0.055,    0.050,    0.052, -999.000,    0.039,    0.041,    0.039,    0.037,    0.005,    0.039,    0.042,    0.039,    0.043,    0.005,
       216,2020090518,    0.048,    0.052,    0.046,    0.056,    0.118,    0.053,    0.058,    0.051,    0.062, -999.000,    0.039,    0.040,    0.039,    0.041, -999.000,    0.039,    0.040,    0.039,    0.041, -999.000,
       216,2020090512,    0.050,    0.053,    0.049,    0.037,    0.040,    0.051,    0.051,    0.051,    0.054,    0.040,    0.040,    0.040,    0.039,    0.037, -999.000,    0.040,    0.041,    0.039,    0.029, -999.000,
       216,2020090506,    0.048,    0.054,    0.046,    0.057,    0.014,    0.049,    0.053,    0.047,    0.057, -999.000,    0.039,    0.039,    0.039,    0.045, -999.000,    0.039,    0.041,    0.039,    0.042, -999.000,
       216,2020090500,    0.050,    0.059,    0.048,    0.076, -999.000,    0.050,    0.056,    0.049,    0.064,    0.034,    0.041,    0.039,    0.040,    0.043, -999.000,    0.041,    0.041,    0.040,    0.038, -999.000,
       216,2020090418,    0.049,    0.048,    0.049,    0.060,    0.101,    0.049,    0.049,    0.049,    0.058,    0.055,    0.039,    0.041,    0.039,    0.041, -999.000,    0.039,    0.040,    0.039,    0.040, -999.000,
       216,2020090412,    0.048,    0.053,    0.047,    0.049,    0.002,    0.050,    0.056,    0.048,    0.054, -999.000,    0.040,    0.040,    0.039,    0.040, -999.000,    0.040,    0.041,    0.039,    0.038, -999.000,
       216,2020090406,    0.052,    0.058,    0.050,    0.076,    0.018,    0.053,    0.057,    0.051,    0.048,    0.026,    0.039,    0.038,    0.039,    0.039, -999.000,    0.039,    0.038,    0.039,    0.040, -999.000,
       216,2020090400,    0.049,    0.047,    0.049,    0.053,    0.003,    0.051,    0.046,    0.051,    0.056, -999.000,    0.040,    0.042,    0.040,    0.038, -999.000,    0.040,    0.041,    0.040,    0.039, -999.000,
       216,2020090318,    0.050,    0.046,    0.051,    0.047,    0.042,    0.053,    0.050,    0.055,    0.040,    0.042,    0.040,    0.039,    0.040,    0.036, -999.000,    0.040,    0.038,    0.040,    0.040, -999.000,
       216,2020090312,    0.049,    0.046,    0.049,    0.061,    0.120,    0.051,    0.047,    0.052,    0.056,    0.120,    0.039,    0.039,    0.038,    0.039, -999.000,    0.039,    0.038,    0.038,    0.040, -999.000,
       216,2020090306,    0.050,    0.053,    0.049,    0.056,    0.041,    0.052,    0.054,    0.051,    0.065,    0.061,    0.040,    0.040,    0.039,    0.040,    0.031,    0.040,    0.041,    0.039,    0.042,    0.031,
       216,2020090300,    0.047,    0.050,    0.047,    0.048, -999.000,    0.050,    0.049,    0.050,    0.054, -999.000,    0.039,    0.039,    0.039,    0.040, -999.000,    0.039,    0.041,    0.039,    0.041, -999.000,
       216,2020090218,    0.049,    0.055,    0.048,    0.043,    0.118,    0.052,    0.057,    0.050,    0.052,    0.092,    0.040,    0.041,    0.039,    0.039, -999.000,    0.040,    0.043,    0.039,    0.035, -999.000,
       216,2020090212,    0.051,    0.053,    0.050,    0.047,    0.085,    0.051,    0.051,    0.051,    0.036, -999.000,    0.039,    0.038,    0.040,    0.039,    0.002,    0.039,    0.038,    0.040,    0.037,    0.002,
       216,2020090206,    0.048,    0.054,    0.045,    0.053,    0.121,    0.050,    0.058,    0.048,    0.053,    0.121,    0.040,    0.041,    0.040,    0.044, -999.000,    0.040,    0.040,    0.040,    0.044, -999.000,
       216,2020090200,    0.050,    0.048,    0.050,    0.053, -999.000,    0.051,    0.050,    0.051,    0.054, -999.000,    0.040,    0.039,    0.040,    0.041, -999.000,    0.040,    0.039,    0.040,    0.045, -999.000,
       216,2020090118,    0.048,    0.049,    0.048,    0.054, -999.000,    0.050,    0.056,    0.048,    0.046, -999.000,    0.040,    0.042,    0.040,    0.039, -999.000,    0.040,    0.041,    0.040,    0.041, -999.000,
       216,2020090112,    0.049,    0.045,    0.050,    0.041, -999.000,    0.050,    0.050,    0.050,    0.049,    0.078,    0.040,    0.038,    0.040,    0.041, -999.000,    0.040,    0.037,    0.040,    0.040, -999.000,
       216,2020090106,    0.050,    0.055,    0.048,    0.065, -999.000,    0.051,    0.055,    0.049,    0.086,    0.112,    0.040,    0.039,    0.040,    0.039, -999.000,    0.040,    0.039,    0.040,    0.041, -999.000,
       216,2020090100,    0.046,    0.047,    0.045,    0.051,    0.109,    0.048,    0.046,    0.048,    0.052,    0.109,    0.039,    0.041,    0.039,    0.037, -999.000,    0.039,    0.040,    0.039,    0.037, -999.000,
       216,2020083118,    0.046,    0.052,    0.045,    0.039, -999.000,    0.047,    0.055,    0.045,    0.047, -999.000,    0.038,    0.039,    0.038,    0.037, -999.000,    0.038,    0.039,    0.038,    0.033, -999.000,
       216,2020083112,    0.048,    0.046,    0.048,    0.054,    0.112,    0.050,    0.045,    0.051,    0.070,    0.097,    0.040,    0.036,    0.040,    0.041, -999.000,    0.040,    0.037,    0.040,    0.046, -999.000,
       216,2020083106,    0.049,    0.054,    0.047,    0.049, -999.000,    0.051,    0.055,    0.049,    0.065,    0.121,    0.040,    0.042,    0.039,    0.040, -999.000,    0.040,    0.042,    0.039,    0.042, -999.000,
       216,2020083100,    0.048,    0.058,    0.047,    0.047, -999.000,    0.050,    0.061,    0.048,    0.055,    0.115,    0.039,    0.040,    0.038,    0.040, -999.000,    0.039,    0.040,    0.038,    0.038, -999.000,
       216,2020083018,    0.044,    0.044,    0.045,    0.043,    0.042,    0.048,    0.045,    0.049,    0.043,    0.042,    0.037,    0.038,    0.036,    0.035,    0.042,    0.037,    0.038,    0.036,    0.033,    0.042,
       216,2020083012,    0.046,    0.053,    0.045,    0.057, -999.000,    0.049,    0.054,    0.047,    0.061,    0.112,    0.038,    0.039,    0.038,    0.036, -999.000,    0.038,    0.038,    0.038,    0.037, -999.000,
       216,2020083006,    0.047,    0.050,    0.046,    0.044, -999.000,    0.048,    0.051,    0.047,    0.067,    0.109,    0.038,    0.038,    0.038,    0.035, -999.000,    0.038,    0.039,    0.038,    0.037, -999.000,
       216,2020083000,    0.046, -999.000,    0.046, -999.000, -999.000,    0.049, -999.000,    0.049, -999.000, -999.000,    0.037, -999.000,    0.037, -999.000, -999.000,    0.037, -999.000,    0.037, -999.000, -999.000,
