       194,2020092000,    0.034,    0.296,    0.000,    0.305, -999.000,    0.037,    0.281,    0.000,    0.290, -999.000,    0.098,    0.097, -999.000,    0.038, -999.000,    0.098,    0.087, -999.000,    0.032, -999.000,
       194,2020091918,    0.056,    0.311,    0.000,    0.296,    0.338,    0.067,    0.303,    0.000,    0.285,    0.269,    0.126,    0.107, -999.000,    0.039,    0.053,    0.126,    0.103, -999.000,    0.034,    0.053,
       194,2020091912,    0.059,    0.316,    0.000,    0.260, -999.000,    0.065,    0.310,    0.000,    0.259, -999.000,    0.127,    0.104, -999.000,    0.033, -999.000,    0.127,    0.097, -999.000,    0.036, -999.000,
       194,2020091906,    0.070,    0.310,    0.000,    0.258,    0.131,    0.070,    0.296,    0.000,    0.258,    0.132,    0.133,    0.094, -999.000,    0.033,    0.148,    0.133,    0.086, -999.000,    0.026,    0.148,
       194,2020091900,    0.045,    0.299,    0.000,    0.304, -999.000,    0.053,    0.294,    0.000,    0.295, -999.000,    0.111,    0.087, -999.000,    0.041, -999.000,    0.111,    0.086, -999.000,    0.033, -999.000,
       194,2020091818,    0.077,    0.341,    0.000,    0.316,    0.398,    0.078,    0.324,    0.000,    0.307,    0.197,    0.148,    0.105, -999.000,    0.046, -999.000,    0.148,    0.102, -999.000,    0.045, -999.000,
       194,2020091812,    0.071,    0.356,    0.000,    0.298,    0.361,    0.076,    0.337,    0.000,    0.298,    0.360,    0.147,    0.113, -999.000,    0.026, -999.000,    0.147,    0.107, -999.000,    0.029, -999.000,
       194,2020091806,    0.089,    0.314,    0.000,    0.287,    0.110,    0.084,    0.301,    0.000,    0.286, -999.000,    0.149,    0.110, -999.000,    0.020, -999.000,    0.149,    0.099, -999.000,    0.021, -999.000,
       194,2020091800,    0.051,    0.333,    0.000,    0.344, -999.000,    0.054,    0.325,    0.000,    0.327, -999.000,    0.124,    0.104, -999.000,    0.031, -999.000,    0.124,    0.092, -999.000,    0.025, -999.000,
       194,2020091718,    0.075,    0.345,    0.000,    0.326,    0.285,    0.084,    0.353,    0.000,    0.322,    0.041,    0.149,    0.113, -999.000,    0.041, -999.000,    0.149,    0.117, -999.000,    0.038, -999.000,
       194,2020091712,    0.066,    0.343,    0.000,    0.296,    0.244,    0.078,    0.342,    0.000,    0.290,    0.253,    0.140,    0.103, -999.000,    0.032, -999.000,    0.140,    0.099, -999.000,    0.034, -999.000,
       194,2020091706,    0.075,    0.299,    0.000,    0.279,    0.275,    0.079,    0.287,    0.000,    0.281, -999.000,    0.137,    0.101, -999.000,    0.028, -999.000,    0.137,    0.100, -999.000,    0.027, -999.000,
       194,2020091700,    0.041,    0.307,    0.000,    0.314, -999.000,    0.045,    0.298,    0.000,    0.302,    0.094,    0.109,    0.108, -999.000,    0.028, -999.000,    0.109,    0.101, -999.000,    0.019, -999.000,
       194,2020091618,    0.077,    0.357,    0.000,    0.348, -999.000,    0.087,    0.347,    0.000,    0.332, -999.000,    0.154,    0.124, -999.000,    0.038, -999.000,    0.154,    0.120, -999.000,    0.035, -999.000,
       194,2020091612,    0.065,    0.347,    0.000,    0.301,    0.024,    0.070,    0.328,    0.000,    0.293, -999.000,    0.141,    0.115, -999.000,    0.033, -999.000,    0.141,    0.111, -999.000,    0.035, -999.000,
       194,2020091606,    0.084,    0.290,    0.000,    0.279,    0.176,    0.083,    0.276,    0.000,    0.271, -999.000,    0.139,    0.104, -999.000,    0.033,    0.086,    0.139,    0.092, -999.000,    0.030,    0.086,
       194,2020091600,    0.034,    0.291,    0.000,    0.318,    0.216,    0.043,    0.287,    0.000,    0.299,    0.218,    0.100,    0.108, -999.000,    0.035, -999.000,    0.100,    0.107, -999.000,    0.036, -999.000,
       194,2020091518,    0.094,    0.363,    0.000,    0.335,    0.183,    0.102,    0.342,    0.000,    0.306,    0.184,    0.165,    0.125, -999.000,    0.043,    0.197,    0.165,    0.109, -999.000,    0.042,    0.197,
       194,2020091512,    0.077,    0.348,    0.000,    0.294, -999.000,    0.078,    0.337,    0.000,    0.279, -999.000,    0.150,    0.114, -999.000,    0.037, -999.000,    0.150,    0.106, -999.000,    0.040, -999.000,
       194,2020091506,    0.081,    0.317,    0.000,    0.275, -999.000,    0.090,    0.313,    0.000,    0.279,    0.055,    0.145,    0.107, -999.000,    0.034, -999.000,    0.145,    0.102, -999.000,    0.030, -999.000,
       194,2020091500,    0.036,    0.277,    0.000,    0.309, -999.000,    0.038,    0.260,    0.000,    0.299, -999.000,    0.100,    0.098, -999.000,    0.033, -999.000,    0.100,    0.098, -999.000,    0.029, -999.000,
       194,2020091418,    0.084,    0.361,    0.000,    0.348,    0.416,    0.094,    0.345,    0.000,    0.335,    0.421,    0.162,    0.133, -999.000,    0.045, -999.000,    0.162,    0.128, -999.000,    0.040, -999.000,
       194,2020091412,    0.057,    0.335,    0.000,    0.284, -999.000,    0.068,    0.329,    0.000,    0.274,    0.316,    0.130,    0.103, -999.000,    0.034, -999.000,    0.130,    0.101, -999.000,    0.032, -999.000,
       194,2020091406,    0.079,    0.320,    0.000,    0.275,    0.165,    0.079,    0.301,    0.000,    0.270,    0.128,    0.144,    0.107, -999.000,    0.028,    0.124,    0.144,    0.099, -999.000,    0.028,    0.124,
       194,2020091400,    0.037,    0.296,    0.000,    0.294, -999.000,    0.044,    0.282,    0.000,    0.296, -999.000,    0.101,    0.091, -999.000,    0.030, -999.000,    0.101,    0.091, -999.000,    0.022, -999.000,
       194,2020091318,    0.079,    0.359,    0.000,    0.343,    0.254,    0.083,    0.339,    0.000,    0.325,    0.199,    0.155,    0.112, -999.000,    0.040,    0.171,    0.155,    0.109, -999.000,    0.033,    0.171,
       194,2020091312,    0.069,    0.352,    0.000,    0.297, -999.000,    0.072,    0.330,    0.000,    0.285, -999.000,    0.143,    0.104, -999.000,    0.037, -999.000,    0.143,    0.093, -999.000,    0.033, -999.000,
       194,2020091306,    0.082,    0.311,    0.000,    0.283, -999.000,    0.084,    0.292,    0.000,    0.270, -999.000,    0.145,    0.115, -999.000,    0.031, -999.000,    0.145,    0.103, -999.000,    0.032, -999.000,
       194,2020091300,    0.051,    0.324,    0.000,    0.317, -999.000,    0.054,    0.319,    0.000,    0.316, -999.000,    0.123,    0.095, -999.000,    0.037, -999.000,    0.123,    0.095, -999.000,    0.031, -999.000,
       194,2020091218,    0.084,    0.367,    0.000,    0.332,    0.296,    0.089,    0.361,    0.000,    0.320,    0.231,    0.163,    0.125, -999.000,    0.040,    0.159,    0.163,    0.131, -999.000,    0.041,    0.159,
       194,2020091212,    0.090,    0.377,    0.000,    0.311,    0.236,    0.100,    0.361,    0.000,    0.305,    0.238,    0.166,    0.103, -999.000,    0.028,    0.061,    0.166,    0.098, -999.000,    0.023,    0.061,
       194,2020091206,    0.075,    0.320,    0.000,    0.296,    0.060,    0.080,    0.310,    0.000,    0.299,    0.142,    0.142,    0.117, -999.000,    0.032,    0.014,    0.142,    0.104, -999.000,    0.030,    0.014,
       194,2020091200,    0.054,    0.364,    0.000,    0.330, -999.000,    0.063,    0.366,    0.000,    0.324, -999.000,    0.134,    0.102, -999.000,    0.046, -999.000,    0.134,    0.100, -999.000,    0.036, -999.000,
       194,2020091118,    0.071,    0.371,    0.000,    0.360,    0.401,    0.081,    0.348,    0.000,    0.348,    0.447,    0.155,    0.133, -999.000,    0.048, -999.000,    0.155,    0.129, -999.000,    0.049, -999.000,
       194,2020091112,    0.073,    0.398,    0.000,    0.329,    0.334,    0.093,    0.392,    0.000,    0.325,    0.371,    0.158,    0.114, -999.000,    0.033,    0.050,    0.158,    0.108, -999.000,    0.033,    0.050,
       194,2020091106,    0.077,    0.343,    0.000,    0.322,    0.324,    0.085,    0.320,    0.000,    0.322,    0.159,    0.151,    0.124, -999.000,    0.036, -999.000,    0.151,    0.111, -999.000,    0.024, -999.000,
       194,2020091100,    0.047,    0.336,    0.000,    0.333, -999.000,    0.052,    0.333,    0.000,    0.336, -999.000,    0.121,    0.108, -999.000,    0.045, -999.000,    0.121,    0.098, -999.000,    0.042, -999.000,
       194,2020091018,    0.077,    0.351,    0.000,    0.357,    0.224,    0.085,    0.332,    0.000,    0.348,    0.179,    0.156,    0.128, -999.000,    0.039,    0.156,    0.156,    0.125, -999.000,    0.040,    0.156,
       194,2020091012,    0.078,    0.421,    0.000,    0.335, -999.000,    0.092,    0.402,    0.000,    0.319, -999.000,    0.166,    0.123, -999.000,    0.048, -999.000,    0.166,    0.108, -999.000,    0.046, -999.000,
       194,2020091006,    0.090,    0.324,    0.000,    0.303,    0.257,    0.088,    0.301,    0.000,    0.297,    0.219,    0.153,    0.112, -999.000,    0.029, -999.000,    0.153,    0.099, -999.000,    0.026, -999.000,
       194,2020091000,    0.046,    0.327,    0.000,    0.331, -999.000,    0.056,    0.319,    0.000,    0.328, -999.000,    0.118,    0.093, -999.000,    0.034, -999.000,    0.118,    0.085, -999.000,    0.031, -999.000,
       194,2020090918,    0.089,    0.377,    0.000,    0.362,    0.408,    0.088,    0.355,    0.000,    0.349,    0.395,    0.168,    0.122, -999.000,    0.039,    0.019,    0.168,    0.120, -999.000,    0.041,    0.019,
       194,2020090912,    0.065,    0.377,    0.000,    0.317, -999.000,    0.076,    0.375,    0.000,    0.313, -999.000,    0.147,    0.115, -999.000,    0.031, -999.000,    0.147,    0.115, -999.000,    0.026, -999.000,
       194,2020090906,    0.078,    0.313,    0.000,    0.290,    0.084,    0.074,    0.297,    0.000,    0.288,    0.094,    0.145,    0.123, -999.000,    0.027, -999.000,    0.145,    0.108, -999.000,    0.024, -999.000,
       194,2020090900,    0.043,    0.303,    0.000,    0.325, -999.000,    0.044,    0.294,    0.000,    0.326,    0.134,    0.112,    0.107, -999.000,    0.034, -999.000,    0.112,    0.103, -999.000,    0.034, -999.000,
       194,2020090818,    0.084,    0.361,    0.000,    0.363,    0.135,    0.081,    0.352,    0.000,    0.341, -999.000,    0.162,    0.115, -999.000,    0.045, -999.000,    0.162,    0.114, -999.000,    0.049, -999.000,
       194,2020090812,    0.071,    0.345,    0.000,    0.310,    0.275,    0.076,    0.334,    0.000,    0.308,    0.185,    0.146,    0.120, -999.000,    0.029, -999.000,    0.146,    0.112, -999.000,    0.022, -999.000,
       194,2020090806,    0.078,    0.337,    0.000,    0.295,    0.258,    0.078,    0.321,    0.000,    0.292,    0.258,    0.148,    0.110, -999.000,    0.028,    0.209,    0.148,    0.101, -999.000,    0.029,    0.209,
       194,2020090800,    0.058,    0.335,    0.000,    0.335,    0.384,    0.062,    0.326,    0.000,    0.338,    0.379,    0.134,    0.125, -999.000,    0.042, -999.000,    0.134,    0.120, -999.000,    0.037, -999.000,
       194,2020090718,    0.071,    0.379,    0.000,    0.361,    0.091,    0.080,    0.370,    0.000,    0.361, -999.000,    0.154,    0.128, -999.000,    0.041, -999.000,    0.154,    0.118, -999.000,    0.043, -999.000,
       194,2020090712,    0.085,    0.394,    0.000,    0.338, -999.000,    0.086,    0.378,    0.000,    0.340, -999.000,    0.169,    0.130, -999.000,    0.038, -999.000,    0.169,    0.126, -999.000,    0.040, -999.000,
       194,2020090706,    0.084,    0.342,    0.000,    0.314,    0.084,    0.090,    0.329,    0.000,    0.319,    0.080,    0.156,    0.119, -999.000,    0.024, -999.000,    0.156,    0.119, -999.000,    0.025, -999.000,
       194,2020090700,    0.052,    0.358,    0.000,    0.340,    0.394,    0.059,    0.343,    0.000,    0.344, -999.000,    0.132,    0.136, -999.000,    0.037, -999.000,    0.132,    0.115, -999.000,    0.034, -999.000,
       194,2020090618,    0.078,    0.345,    0.000,    0.354, -999.000,    0.087,    0.336,    0.000,    0.346, -999.000,    0.157,    0.136, -999.000,    0.047, -999.000,    0.157,    0.141, -999.000,    0.043, -999.000,
       194,2020090612,    0.084,    0.409,    0.000,    0.327, -999.000,    0.088,    0.404,    0.000,    0.318, -999.000,    0.167,    0.107, -999.000,    0.048, -999.000,    0.167,    0.100, -999.000,    0.038, -999.000,
       194,2020090606,    0.094,    0.359,    0.000,    0.323, -999.000,    0.100,    0.337,    0.000,    0.320,    0.426,    0.166,    0.127, -999.000,    0.041, -999.000,    0.166,    0.114, -999.000,    0.034, -999.000,
       194,2020090600,    0.054,    0.348,    0.000,    0.369,    0.391,    0.053,    0.337,    0.000,    0.368, -999.000,    0.134,    0.123, -999.000,    0.028,    0.012,    0.134,    0.118, -999.000,    0.027,    0.012,
       194,2020090518,    0.102,    0.376,    0.000,    0.363,    0.057,    0.099,    0.355,    0.000,    0.352, -999.000,    0.177,    0.128, -999.000,    0.047, -999.000,    0.177,    0.120, -999.000,    0.038, -999.000,
       194,2020090512,    0.072,    0.386,    0.000,    0.344,    0.318,    0.069,    0.378,    0.000,    0.333,    0.324,    0.155,    0.107, -999.000,    0.037, -999.000,    0.155,    0.104, -999.000,    0.033, -999.000,
       194,2020090506,    0.092,    0.342,    0.000,    0.328,    0.349,    0.096,    0.334,    0.000,    0.309, -999.000,    0.164,    0.130, -999.000,    0.033, -999.000,    0.164,    0.128, -999.000,    0.033, -999.000,
       194,2020090500,    0.045,    0.337,    0.000,    0.359, -999.000,    0.051,    0.322,    0.000,    0.357,    0.127,    0.121,    0.112, -999.000,    0.045, -999.000,    0.121,    0.105, -999.000,    0.044, -999.000,
       194,2020090418,    0.099,    0.389,    0.000,    0.378,    0.458,    0.103,    0.366,    0.000,    0.362,    0.299,    0.181,    0.154, -999.000,    0.049, -999.000,    0.181,    0.139, -999.000,    0.044, -999.000,
       194,2020090412,    0.073,    0.407,    0.000,    0.356,    0.371,    0.083,    0.402,    0.000,    0.346, -999.000,    0.162,    0.129, -999.000,    0.041, -999.000,    0.162,    0.127, -999.000,    0.041, -999.000,
       194,2020090406,    0.092,    0.377,    0.000,    0.352,    0.416,    0.096,    0.358,    0.000,    0.343,    0.260,    0.173,    0.139, -999.000,    0.024, -999.000,    0.173,    0.129, -999.000,    0.019, -999.000,
       194,2020090400,    0.040,    0.354,    0.000,    0.393,    0.432,    0.051,    0.348,    0.000,    0.359, -999.000,    0.119,    0.113, -999.000,    0.042, -999.000,    0.119,    0.117, -999.000,    0.032, -999.000,
       194,2020090318,    0.089,    0.408,    0.000,    0.405,    0.482,    0.091,    0.366,    0.000,    0.386,    0.483,    0.182,    0.168, -999.000,    0.045, -999.000,    0.182,    0.151, -999.000,    0.042, -999.000,
       194,2020090312,    0.075,    0.399,    0.000,    0.347,    0.339,    0.094,    0.382,    0.000,    0.343,    0.342,    0.163,    0.139, -999.000,    0.035, -999.000,    0.163,    0.129, -999.000,    0.035, -999.000,
       194,2020090306,    0.088,    0.387,    0.000,    0.348,    0.112,    0.105,    0.376,    0.000,    0.340,    0.161,    0.173,    0.136, -999.000,    0.031,    0.061,    0.173,    0.135, -999.000,    0.028,    0.061,
       194,2020090300,    0.054,    0.345,    0.000,    0.385, -999.000,    0.068,    0.346,    0.000,    0.374, -999.000,    0.134,    0.108, -999.000,    0.038, -999.000,    0.134,    0.121, -999.000,    0.034, -999.000,
       194,2020090218,    0.098,    0.420,    0.000,    0.407,    0.124,    0.106,    0.398,    0.000,    0.386,    0.297,    0.186,    0.140, -999.000,    0.041, -999.000,    0.186,    0.127, -999.000,    0.036, -999.000,
       194,2020090212,    0.085,    0.429,    0.000,    0.384,    0.421,    0.098,    0.419,    0.000,    0.389, -999.000,    0.178,    0.136, -999.000,    0.026,    0.062,    0.178,    0.131, -999.000,    0.029,    0.062,
       194,2020090206,    0.106,    0.428,    0.000,    0.393,    0.386,    0.111,    0.406,    0.000,    0.385,    0.398,    0.198,    0.157, -999.000,    0.033, -999.000,    0.198,    0.153, -999.000,    0.031, -999.000,
       194,2020090200,    0.062,    0.425,    0.000,    0.436, -999.000,    0.069,    0.409,    0.000,    0.424, -999.000,    0.157,    0.132, -999.000,    0.046, -999.000,    0.157,    0.129, -999.000,    0.045, -999.000,
       194,2020090118,    0.095,    0.458,    0.000,    0.446, -999.000,    0.100,    0.422,    0.000,    0.428, -999.000,    0.196,    0.165, -999.000,    0.040, -999.000,    0.196,    0.156, -999.000,    0.044, -999.000,
       194,2020090112,    0.104,    0.489,    0.000,    0.438, -999.000,    0.112,    0.483,    0.000,    0.429,    0.390,    0.212,    0.175, -999.000,    0.035, -999.000,    0.212,    0.169, -999.000,    0.033, -999.000,
       194,2020090106,    0.102,    0.422,    0.000,    0.418, -999.000,    0.102,    0.415,    0.000,    0.417,    0.037,    0.195,    0.164, -999.000,    0.034, -999.000,    0.195,    0.161, -999.000,    0.033, -999.000,
       194,2020090100,    0.058,    0.441,    0.000,    0.460,    0.397,    0.066,    0.425,    0.000,    0.442,    0.379,    0.158,    0.146, -999.000,    0.055, -999.000,    0.158,    0.155, -999.000,    0.041, -999.000,
       194,2020083118,    0.112,    0.477,    0.000,    0.492, -999.000,    0.111,    0.431,    0.000,    0.470, -999.000,    0.216,    0.181, -999.000,    0.059, -999.000,    0.216,    0.169, -999.000,    0.054, -999.000,
       194,2020083112,    0.097,    0.544,    0.000,    0.468,    0.486,    0.112,    0.535,    0.000,    0.467,    0.558,    0.219,    0.180, -999.000,    0.051, -999.000,    0.219,    0.187, -999.000,    0.046, -999.000,
       194,2020083106,    0.127,    0.510,    0.000,    0.489, -999.000,    0.130,    0.474,    0.000,    0.470,    0.088,    0.236,    0.203, -999.000,    0.044, -999.000,    0.236,    0.186, -999.000,    0.042, -999.000,
       194,2020083100,    0.076,    0.519,    0.000,    0.555, -999.000,    0.077,    0.505,    0.000,    0.514,    0.587,    0.194,    0.185, -999.000,    0.062, -999.000,    0.194,    0.169, -999.000,    0.044, -999.000,
       194,2020083018,    0.174,    0.673,    0.000,    0.622,    0.274,    0.175,    0.617,    0.000,    0.622,    0.269,    0.310,    0.234, -999.000,    0.078,    0.264,    0.310,    0.210, -999.000,    0.076,    0.264,
       194,2020083012,    0.129,    0.838,    0.000,    0.700, -999.000,    0.134,    0.794,    0.000,    0.687,    0.730,    0.308,    0.279, -999.000,    0.095, -999.000,    0.308,    0.253, -999.000,    0.085, -999.000,
       194,2020083006,    0.116,    2.056,    0.000, -999.000, -999.000,    0.098,    1.522,    0.000, -999.000,    0.521,    0.523,    0.533, -999.000, -999.000, -999.000,    0.523,    0.941, -999.000, -999.000, -999.000,
       194,2020083000,    0.000, -999.000,    0.000, -999.000, -999.000,    0.000, -999.000,    0.000, -999.000, -999.000, -999.000, -999.000, -999.000, -999.000, -999.000, -999.000, -999.000, -999.000, -999.000, -999.000,
