        98,2020092000,   -0.009,   -0.062,    0.000,   -0.219, -999.000,   -0.010,   -0.061,    0.000,   -0.196, -999.000,    0.044,    0.068, -999.000,    0.158, -999.000,    0.044,    0.067, -999.000,    0.147, -999.000,
        98,2020091918,   -0.020,   -0.084,    0.000,   -0.255,   -0.057,   -0.029,   -0.103,    0.000,   -0.299,   -0.045,    0.087,    0.184, -999.000,    0.224,    0.077,    0.087,    0.156, -999.000,    0.229,    0.077,
        98,2020091912,   -0.029,   -0.115,    0.000,   -0.291, -999.000,   -0.035,   -0.127,    0.000,   -0.276, -999.000,    0.087,    0.142, -999.000,    0.222, -999.000,    0.087,    0.122, -999.000,    0.198, -999.000,
        98,2020091906,   -0.042,   -0.194,    0.000,   -0.222,   -0.006,   -0.043,   -0.188,    0.000,   -0.188,   -0.006,    0.172,    0.322, -999.000,    0.219,    0.010,    0.172,    0.338, -999.000,    0.232,    0.010,
        98,2020091900,   -0.012,   -0.064,    0.000,   -0.198,   -0.002,   -0.016,   -0.078,    0.000,   -0.186,   -0.003,    0.051,    0.113, -999.000,    0.153, -999.000,    0.051,    0.084, -999.000,    0.151, -999.000,
        98,2020091818,   -0.028,   -0.090,    0.000,   -0.315,   -0.016,   -0.029,   -0.095,    0.000,   -0.272,   -0.013,    0.102,    0.151, -999.000,    0.206,    0.027,    0.102,    0.161, -999.000,    0.196,    0.027,
        98,2020091812,   -0.030,   -0.129,    0.000,   -0.233,   -0.036,   -0.032,   -0.126,    0.000,   -0.191,   -0.036,    0.092,    0.149, -999.000,    0.172, -999.000,    0.092,    0.151, -999.000,    0.184, -999.000,
        98,2020091806,   -0.049,   -0.170,    0.000,   -0.252,   -0.004,   -0.049,   -0.171,    0.000,   -0.230,   -0.004,    0.167,    0.302, -999.000,    0.179,    0.001,    0.167,    0.288, -999.000,    0.185,    0.001,
        98,2020091800,   -0.013,   -0.066,    0.000,   -0.236, -999.000,   -0.017,   -0.082,    0.000,   -0.238, -999.000,    0.066,    0.133, -999.000,    0.299, -999.000,    0.066,    0.111, -999.000,    0.273, -999.000,
        98,2020091718,   -0.032,   -0.108,    0.000,   -0.317,   -0.069,   -0.039,   -0.136,    0.000,   -0.334,   -0.001,    0.112,    0.194, -999.000,    0.226,    0.117,    0.112,    0.179, -999.000,    0.220,    0.117,
        98,2020091712,   -0.032,   -0.132,    0.000,   -0.338,   -0.004,   -0.039,   -0.146,    0.000,   -0.273,   -0.008,    0.103,    0.169, -999.000,    0.239,    0.005,    0.103,    0.164, -999.000,    0.237,    0.005,
        98,2020091706,   -0.047,   -0.177,    0.000,   -0.292,   -0.013,   -0.046,   -0.163,    0.000,   -0.244,    0.000,    0.178,    0.297, -999.000,    0.198,    0.016,    0.178,    0.332, -999.000,    0.225,    0.016,
        98,2020091700,   -0.012,   -0.084,    0.000,   -0.143,   -0.000,   -0.014,   -0.082,    0.000,   -0.166,   -0.001,    0.052,    0.111, -999.000,    0.153, -999.000,    0.052,    0.110, -999.000,    0.149, -999.000,
        98,2020091618,   -0.029,   -0.109,    0.000,   -0.257,   -0.004,   -0.040,   -0.133,    0.000,   -0.320,   -0.003,    0.110,    0.224, -999.000,    0.254, -999.000,    0.110,    0.197, -999.000,    0.197, -999.000,
        98,2020091612,   -0.033,   -0.141,    0.000,   -0.303,   -0.006,   -0.036,   -0.137,    0.000,   -0.316,   -0.006,    0.107,    0.165, -999.000,    0.251,    0.008,    0.107,    0.173, -999.000,    0.254,    0.008,
        98,2020091606,   -0.040,   -0.129,    0.000,   -0.255,   -0.031,   -0.042,   -0.139,    0.000,   -0.263,   -0.004,    0.139,    0.243, -999.000,    0.179,    0.039,    0.139,    0.239, -999.000,    0.156,    0.039,
        98,2020091600,   -0.009,   -0.055,    0.000,   -0.189,   -0.019,   -0.012,   -0.057,    0.000,   -0.223,   -0.020,    0.045,    0.086, -999.000,    0.183, -999.000,    0.045,    0.088, -999.000,    0.165, -999.000,
        98,2020091518,   -0.040,   -0.128,    0.000,   -0.339,   -0.175,   -0.051,   -0.147,    0.000,   -0.372,   -0.119,    0.141,    0.261, -999.000,    0.265,    0.246,    0.141,    0.231, -999.000,    0.267,    0.246,
        98,2020091512,   -0.034,   -0.120,    0.000,   -0.303,   -0.002,   -0.037,   -0.129,    0.000,   -0.285, -999.000,    0.103,    0.157, -999.000,    0.270, -999.000,    0.103,    0.151, -999.000,    0.204, -999.000,
        98,2020091506,   -0.047,   -0.174,    0.000,   -0.325,   -0.003,   -0.054,   -0.193,    0.000,   -0.268,   -0.003,    0.171,    0.328, -999.000,    0.199,    0.005,    0.171,    0.308, -999.000,    0.234,    0.005,
        98,2020091500,   -0.008,   -0.041,    0.000,   -0.187, -999.000,   -0.008,   -0.035,    0.000,   -0.201, -999.000,    0.044,    0.049, -999.000,    0.218, -999.000,    0.044,    0.062, -999.000,    0.182, -999.000,
        98,2020091418,   -0.033,   -0.127,    0.000,   -0.296,   -0.005,   -0.042,   -0.129,    0.000,   -0.336,   -0.623,    0.132,    0.225, -999.000,    0.237, -999.000,    0.132,    0.243, -999.000,    0.216, -999.000,
        98,2020091412,   -0.025,   -0.119,    0.000,   -0.198, -999.000,   -0.031,   -0.129,    0.000,   -0.252,   -0.037,    0.082,    0.135, -999.000,    0.220, -999.000,    0.082,    0.138, -999.000,    0.182, -999.000,
        98,2020091406,   -0.040,   -0.178,    0.000,   -0.184,   -0.052,   -0.042,   -0.169,    0.000,   -0.182,   -0.010,    0.158,    0.306, -999.000,    0.156,    0.117,    0.158,    0.308, -999.000,    0.160,    0.117,
        98,2020091400,   -0.011,   -0.086,    0.000,   -0.141,   -0.007,   -0.013,   -0.081,    0.000,   -0.174,   -0.009,    0.058,    0.151, -999.000,    0.172, -999.000,    0.058,    0.140, -999.000,    0.159, -999.000,
        98,2020091318,   -0.032,   -0.117,    0.000,   -0.257,   -0.031,   -0.035,   -0.117,    0.000,   -0.306,   -0.010,    0.133,    0.218, -999.000,    0.203,    0.039,    0.133,    0.246, -999.000,    0.197,    0.039,
        98,2020091312,   -0.032,   -0.127,    0.000,   -0.263,   -0.007,   -0.035,   -0.125,    0.000,   -0.314,   -0.009,    0.097,    0.153, -999.000,    0.219,    0.002,    0.097,    0.152, -999.000,    0.170,    0.002,
        98,2020091306,   -0.042,   -0.173,    0.000,   -0.212,   -0.001,   -0.047,   -0.172,    0.000,   -0.173,   -0.001,    0.170,    0.301, -999.000,    0.212, -999.000,    0.170,    0.317, -999.000,    0.234, -999.000,
        98,2020091300,   -0.018,   -0.105,    0.000,   -0.201, -999.000,   -0.017,   -0.097,    0.000,   -0.177, -999.000,    0.074,    0.142, -999.000,    0.167, -999.000,    0.074,    0.147, -999.000,    0.175, -999.000,
        98,2020091218,   -0.037,   -0.124,    0.000,   -0.329,   -0.377,   -0.038,   -0.124,    0.000,   -0.322,   -0.122,    0.129,    0.205, -999.000,    0.235,    0.489,    0.129,    0.209, -999.000,    0.213,    0.489,
        98,2020091212,   -0.038,   -0.143,    0.000,   -0.209,   -0.015,   -0.045,   -0.143,    0.000,   -0.247,   -0.016,    0.101,    0.162, -999.000,    0.180,    0.007,    0.101,    0.157, -999.000,    0.111,    0.007,
        98,2020091206,   -0.036,   -0.140,    0.000,   -0.234,   -0.005,   -0.042,   -0.163,    0.000,   -0.219,   -0.079,    0.141,    0.321, -999.000,    0.184,    0.003,    0.141,    0.259, -999.000,    0.212,    0.003,
        98,2020091200,   -0.016,   -0.107,    0.000,   -0.183, -999.000,   -0.022,   -0.115,    0.000,   -0.259, -999.000,    0.067,    0.134, -999.000,    0.241, -999.000,    0.067,    0.133, -999.000,    0.202, -999.000,
        98,2020091118,   -0.020,   -0.089,    0.000,   -0.235,   -0.063,   -0.028,   -0.093,    0.000,   -0.332,   -0.202,    0.081,    0.152, -999.000,    0.250,    0.064,    0.081,    0.144, -999.000,    0.194,    0.064,
        98,2020091112,   -0.034,   -0.159,    0.000,   -0.251,   -0.143,   -0.047,   -0.166,    0.000,   -0.261,   -0.199,    0.106,    0.187, -999.000,    0.204,    0.202,    0.106,    0.179, -999.000,    0.172,    0.202,
        98,2020091106,   -0.037,   -0.156,    0.000,   -0.240,   -0.041,   -0.038,   -0.149,    0.000,   -0.156,   -0.008,    0.173,    0.294, -999.000,    0.143,    0.058,    0.173,    0.344, -999.000,    0.192,    0.058,
        98,2020091100,   -0.013,   -0.079,    0.000,   -0.193, -999.000,   -0.016,   -0.092,    0.000,   -0.237, -999.000,    0.056,    0.112, -999.000,    0.182, -999.000,    0.056,    0.107, -999.000,    0.159, -999.000,
        98,2020091018,   -0.022,   -0.086,    0.000,   -0.219,   -0.037,   -0.026,   -0.090,    0.000,   -0.256,   -0.032,    0.101,    0.186, -999.000,    0.253,    0.081,    0.101,    0.185, -999.000,    0.237,    0.081,
        98,2020091012,   -0.032,   -0.143,    0.000,   -0.267, -999.000,   -0.040,   -0.150,    0.000,   -0.278, -999.000,    0.105,    0.170, -999.000,    0.231, -999.000,    0.105,    0.175, -999.000,    0.222, -999.000,
        98,2020091006,   -0.048,   -0.173,    0.000,   -0.240,   -0.006,   -0.043,   -0.152,    0.000,   -0.197,   -0.009,    0.182,    0.293, -999.000,    0.222,    0.005,    0.182,    0.324, -999.000,    0.225,    0.005,
        98,2020091000,   -0.010,   -0.059,    0.000,   -0.172,   -0.023,   -0.014,   -0.062,    0.000,   -0.223, -999.000,    0.043,    0.079, -999.000,    0.185, -999.000,    0.043,    0.077, -999.000,    0.147, -999.000,
        98,2020090918,   -0.030,   -0.109,    0.000,   -0.288,   -0.056,   -0.031,   -0.113,    0.000,   -0.282,   -0.009,    0.115,    0.200, -999.000,    0.237,    0.105,    0.115,    0.206, -999.000,    0.192,    0.105,
        98,2020090912,   -0.025,   -0.107,    0.000,   -0.249,   -0.002,   -0.031,   -0.123,    0.000,   -0.281,   -0.002,    0.080,    0.127, -999.000,    0.201,    0.002,    0.080,    0.122, -999.000,    0.200,    0.002,
        98,2020090906,   -0.037,   -0.153,    0.000,   -0.155,   -0.001,   -0.038,   -0.158,    0.000,   -0.163,   -0.003,    0.151,    0.306, -999.000,    0.155,    0.001,    0.151,    0.284, -999.000,    0.135,    0.001,
        98,2020090900,   -0.010,   -0.051,    0.000,   -0.153,   -0.000,   -0.011,   -0.051,    0.000,   -0.171,   -0.001,    0.044,    0.073, -999.000,    0.105,    0.001,    0.044,    0.078, -999.000,    0.137,    0.001,
        98,2020090818,   -0.025,   -0.096,    0.000,   -0.268,   -0.011,   -0.029,   -0.105,    0.000,   -0.327,   -0.002,    0.108,    0.201, -999.000,    0.302, -999.000,    0.108,    0.195, -999.000,    0.227, -999.000,
        98,2020090812,   -0.030,   -0.109,    0.000,   -0.311,   -0.031,   -0.033,   -0.114,    0.000,   -0.232,   -0.015,    0.093,    0.141, -999.000,    0.205,    0.034,    0.093,    0.137, -999.000,    0.236,    0.034,
        98,2020090806,   -0.042,   -0.177,    0.000,   -0.251,   -0.442,   -0.040,   -0.158,    0.000,   -0.228,   -0.288,    0.168,    0.281, -999.000,    0.181,    0.876,    0.168,    0.318, -999.000,    0.156,    0.876,
        98,2020090800,   -0.020,   -0.094,    0.000,   -0.254,   -0.174,   -0.021,   -0.081,    0.000,   -0.247,   -0.165,    0.096,    0.140, -999.000,    0.217, -999.000,    0.096,    0.191, -999.000,    0.238, -999.000,
        98,2020090718,   -0.021,   -0.082,    0.000,   -0.291,   -0.002,   -0.029,   -0.104,    0.000,   -0.319,   -0.002,    0.086,    0.164, -999.000,    0.288,    0.003,    0.086,    0.139, -999.000,    0.234,    0.003,
        98,2020090712,   -0.033,   -0.111,    0.000,   -0.368,    0.000,   -0.035,   -0.113,    0.000,   -0.361,    0.000,    0.105,    0.143, -999.000,    0.255, -999.000,    0.105,    0.148, -999.000,    0.250, -999.000,
        98,2020090706,   -0.039,   -0.160,    0.000,   -0.194,   -0.005,   -0.040,   -0.150,    0.000,   -0.119,   -0.005,    0.159,    0.288, -999.000,    0.123,    0.008,    0.159,    0.299, -999.000,    0.202,    0.008,
        98,2020090700,   -0.017,   -0.081,    0.000,   -0.253,   -0.052,   -0.019,   -0.091,    0.000,   -0.232,   -0.003,    0.074,    0.118, -999.000,    0.213,    0.069,    0.074,    0.120, -999.000,    0.244,    0.069,
        98,2020090618,   -0.024,   -0.075,    0.000,   -0.274,   -0.002,   -0.029,   -0.092,    0.000,   -0.308,   -0.002,    0.097,    0.167, -999.000,    0.260,    0.003,    0.097,    0.153, -999.000,    0.209,    0.003,
        98,2020090612,   -0.036,   -0.137,    0.000,   -0.309, -999.000,   -0.042,   -0.150,    0.000,   -0.341, -999.000,    0.110,    0.180, -999.000,    0.254, -999.000,    0.110,    0.167, -999.000,    0.226, -999.000,
        98,2020090606,   -0.038,   -0.149,    0.000,   -0.164, -999.000,   -0.043,   -0.148,    0.000,   -0.189,   -0.715,    0.159,    0.294, -999.000,    0.215, -999.000,    0.159,    0.300, -999.000,    0.203, -999.000,
        98,2020090600,   -0.014,   -0.071,    0.000,   -0.215,   -0.022,   -0.013,   -0.069,    0.000,   -0.208,   -0.001,    0.060,    0.085, -999.000,    0.176,    0.019,    0.060,    0.098, -999.000,    0.188,    0.019,
        98,2020090518,   -0.027,   -0.096,    0.000,   -0.223,   -0.002,   -0.030,   -0.097,    0.000,   -0.243,   -0.001,    0.105,    0.186, -999.000,    0.234,    0.002,    0.105,    0.181, -999.000,    0.203,    0.002,
        98,2020090512,   -0.025,   -0.109,    0.000,   -0.244,   -0.081,   -0.027,   -0.112,    0.000,   -0.261,   -0.084,    0.080,    0.134, -999.000,    0.214, -999.000,    0.080,    0.128, -999.000,    0.168, -999.000,
        98,2020090506,   -0.034,   -0.118,    0.000,   -0.189,   -0.110,   -0.035,   -0.118,    0.000,   -0.137,   -0.000,    0.131,    0.214, -999.000,    0.176,    0.189,    0.131,    0.230, -999.000,    0.203,    0.189,
        98,2020090500,   -0.008,   -0.048,    0.000,   -0.130, -999.000,   -0.011,   -0.050,    0.000,   -0.177,   -0.006,    0.038,    0.074, -999.000,    0.149, -999.000,    0.038,    0.074, -999.000,    0.095, -999.000,
        98,2020090418,   -0.031,   -0.094,    0.000,   -0.275,   -0.105,   -0.034,   -0.099,    0.000,   -0.290,   -0.056,    0.110,    0.176, -999.000,    0.247, -999.000,    0.110,    0.173, -999.000,    0.235, -999.000,
        98,2020090412,   -0.026,   -0.099,    0.000,   -0.275,   -0.130,   -0.029,   -0.106,    0.000,   -0.244, -999.000,    0.087,    0.139, -999.000,    0.213, -999.000,    0.087,    0.132, -999.000,    0.231, -999.000,
        98,2020090406,   -0.027,   -0.115,    0.000,   -0.141,   -0.040,   -0.032,   -0.115,    0.000,   -0.193,   -0.032,    0.116,    0.203, -999.000,    0.225,    0.069,    0.116,    0.217, -999.000,    0.245,    0.069,
        98,2020090400,   -0.007,   -0.042,    0.000,   -0.168,   -0.201,   -0.012,   -0.046,    0.000,   -0.247, -999.000,    0.035,    0.065, -999.000,    0.179, -999.000,    0.035,    0.059, -999.000,    0.126, -999.000,
        98,2020090318,   -0.026,   -0.099,    0.000,   -0.227,   -0.090,   -0.034,   -0.107,    0.000,   -0.346,   -0.062,    0.109,    0.227, -999.000,    0.286,    0.127,    0.109,    0.201, -999.000,    0.194,    0.127,
        98,2020090312,   -0.027,   -0.107,    0.000,   -0.213,   -0.024,   -0.036,   -0.118,    0.000,   -0.249,   -0.028,    0.086,    0.141, -999.000,    0.243, -999.000,    0.086,    0.134, -999.000,    0.223, -999.000,
        98,2020090306,   -0.032,   -0.139,    0.000,   -0.156,   -0.006,   -0.039,   -0.139,    0.000,   -0.177,   -0.007,    0.122,    0.209, -999.000,    0.172,    0.005,    0.122,    0.226, -999.000,    0.193,    0.005,
        98,2020090300,   -0.010,   -0.049,    0.000,   -0.188, -999.000,   -0.014,   -0.054,    0.000,   -0.179, -999.000,    0.044,    0.077, -999.000,    0.142, -999.000,    0.044,    0.062, -999.000,    0.142, -999.000,
        98,2020090218,   -0.026,   -0.095,    0.000,   -0.277,   -0.001,   -0.032,   -0.091,    0.000,   -0.327,   -0.022,    0.101,    0.154, -999.000,    0.268,    0.000,    0.101,    0.169, -999.000,    0.233,    0.000,
        98,2020090212,   -0.026,   -0.101,    0.000,   -0.289,   -0.074,   -0.033,   -0.108,    0.000,   -0.296,   -0.003,    0.081,    0.121, -999.000,    0.234,    0.096,    0.081,    0.120, -999.000,    0.222,    0.096,
        98,2020090206,   -0.037,   -0.141,    0.000,   -0.221,   -0.060,   -0.040,   -0.136,    0.000,   -0.191,   -0.061,    0.154,    0.269, -999.000,    0.150,    0.128,    0.154,    0.282, -999.000,    0.204,    0.128,
        98,2020090200,   -0.012,   -0.066,    0.000,   -0.168, -999.000,   -0.013,   -0.067,    0.000,   -0.190, -999.000,    0.046,    0.087, -999.000,    0.161, -999.000,    0.046,    0.085, -999.000,    0.129, -999.000,
        98,2020090118,   -0.024,   -0.083,    0.000,   -0.301,   -0.001,   -0.029,   -0.087,    0.000,   -0.323,   -0.001,    0.097,    0.156, -999.000,    0.234,    0.001,    0.097,    0.155, -999.000,    0.235,    0.001,
        98,2020090112,   -0.032,   -0.130,    0.000,   -0.200, -999.000,   -0.036,   -0.129,    0.000,   -0.234,   -0.038,    0.098,    0.160, -999.000,    0.211, -999.000,    0.098,    0.166, -999.000,    0.127, -999.000,
        98,2020090106,   -0.028,   -0.110,    0.000,   -0.171,   -0.001,   -0.032,   -0.129,    0.000,   -0.105,   -0.001,    0.124,    0.253, -999.000,    0.109, -999.000,    0.124,    0.236, -999.000,    0.192, -999.000,
        98,2020090100,   -0.011,   -0.070,    0.000,   -0.160,   -0.003,   -0.013,   -0.061,    0.000,   -0.219,   -0.003,    0.050,    0.089, -999.000,    0.170, -999.000,    0.050,    0.102, -999.000,    0.148, -999.000,
        98,2020083118,   -0.020,   -0.059,    0.000,   -0.239,   -0.001,   -0.024,   -0.065,    0.000,   -0.268,   -0.001,    0.071,    0.120, -999.000,    0.219, -999.000,    0.071,    0.099, -999.000,    0.160, -999.000,
        98,2020083112,   -0.029,   -0.132,    0.000,   -0.214,   -0.014,   -0.033,   -0.135,    0.000,   -0.141,   -0.100,    0.099,    0.179, -999.000,    0.128, -999.000,    0.099,    0.181, -999.000,    0.166, -999.000,
        98,2020083106,   -0.039,   -0.146,    0.000,   -0.185,   -0.002,   -0.035,   -0.131,    0.000,   -0.136,   -0.001,    0.162,    0.231, -999.000,    0.126,    0.002,    0.162,    0.301, -999.000,    0.127,    0.002,
        98,2020083100,   -0.011,   -0.054,    0.000,   -0.187, -999.000,   -0.011,   -0.056,    0.000,   -0.185,   -0.022,    0.047,    0.081, -999.000,    0.171, -999.000,    0.047,    0.080, -999.000,    0.158, -999.000,
        98,2020083018,   -0.027,   -0.091,    0.000,   -0.222,   -0.019,   -0.030,   -0.093,    0.000,   -0.278,   -0.018,    0.102,    0.179, -999.000,    0.244,    0.028,    0.102,    0.175, -999.000,    0.171,    0.028,
        98,2020083012,   -0.023,   -0.101,    0.000,   -0.200, -999.000,   -0.024,   -0.111,    0.000,   -0.191,   -0.029,    0.081,    0.142, -999.000,    0.162, -999.000,    0.081,    0.142, -999.000,    0.170, -999.000,
        98,2020083006,   -0.035,   -0.133,    0.000,   -0.212, -999.000,   -0.036,   -0.134,    0.000,   -0.122,   -0.002,    0.126,    0.235, -999.000,    0.128, -999.000,    0.126,    0.222, -999.000,    0.197, -999.000,
        98,2020083000,   -0.010,   -0.056,    0.000,   -0.088,    0.000,   -0.007,   -0.047,    0.000,   -0.071,    0.000,    0.038,    0.063, -999.000,    0.089, -999.000,    0.038,    0.074, -999.000,    0.081, -999.000,
