       382,2020092000,    0.000,   -0.000,    0.000,    0.001,   -0.002,    0.000,   -0.000,    0.000,    0.001,   -0.002,    0.002,    0.002, -999.000,    0.006,    0.003,    0.002,    0.002, -999.000,    0.006,    0.003,
       382,2020091918,   -0.000,   -0.001,    0.000,    0.001,   -0.007,   -0.000,   -0.001,    0.000,    0.003,   -0.006,    0.005,    0.011, -999.000,    0.015,    0.016,    0.005,    0.009, -999.000,    0.009,    0.016,
       382,2020091912,   -0.000,   -0.000,    0.000,    0.001,    0.000,   -0.000,   -0.001,    0.000,    0.001,    0.000,    0.002,    0.003, -999.000,    0.015, -999.000,    0.002,    0.003, -999.000,    0.006, -999.000,
       382,2020091906,   -0.001,   -0.005,    0.000,   -0.000,   -0.003,   -0.001,   -0.005,    0.000,   -0.001,   -0.003,    0.022,    0.042, -999.000,    0.018,    0.010,    0.022,    0.044, -999.000,    0.017,    0.010,
       382,2020091900,    0.000,   -0.000,    0.000,    0.001,    0.000,    0.000,   -0.000,    0.000,    0.001,    0.000,    0.001,    0.001, -999.000,    0.008, -999.000,    0.001,    0.001, -999.000,    0.006, -999.000,
       382,2020091818,   -0.000,   -0.002,    0.000,    0.003,   -0.002,   -0.000,   -0.002,    0.000,    0.006,   -0.010,    0.012,    0.021, -999.000,    0.029,    0.010,    0.012,    0.021, -999.000,    0.015,    0.010,
       382,2020091812,   -0.000,   -0.000,    0.000,    0.001,   -0.000,    0.000,   -0.000,    0.000,    0.002,   -0.000,    0.003,    0.003, -999.000,    0.017,    0.000,    0.003,    0.003, -999.000,    0.010,    0.000,
       382,2020091806,   -0.001,   -0.005,    0.000,    0.002,   -0.002,   -0.001,   -0.006,    0.000,    0.002,   -0.001,    0.020,    0.048, -999.000,    0.012,    0.005,    0.020,    0.038, -999.000,    0.011,    0.005,
       382,2020091800,    0.000,    0.000,    0.000,    0.001,   -0.003,    0.000,   -0.000,    0.000,    0.002,   -0.002,    0.003,    0.001, -999.000,    0.014,    0.004,    0.003,    0.000, -999.000,    0.009,    0.004,
       382,2020091718,   -0.000,   -0.002,    0.000,    0.003,   -0.003,   -0.000,   -0.002,    0.000,    0.003,   -0.005,    0.010,    0.016, -999.000,    0.023,    0.007,    0.010,    0.016, -999.000,    0.021,    0.007,
       382,2020091712,    0.000,   -0.000,    0.000,    0.003,    0.000,    0.000,   -0.000,    0.000,    0.002,    0.000,    0.006,    0.003, -999.000,    0.019,    0.000,    0.006,    0.002, -999.000,    0.019,    0.000,
       382,2020091706,   -0.002,   -0.006,    0.000,    0.001,    0.000,   -0.002,   -0.006,    0.000,    0.001,    0.000,    0.024,    0.045, -999.000,    0.009, -999.000,    0.024,    0.044, -999.000,    0.009, -999.000,
       382,2020091700,    0.000,    0.000,    0.000,    0.001,   -0.000,    0.000,    0.000,    0.000,    0.002,   -0.001,    0.001,    0.000, -999.000,    0.013,    0.001,    0.001,    0.000, -999.000,    0.005,    0.001,
       382,2020091618,   -0.001,   -0.002,    0.000,   -0.000,   -0.004,   -0.000,   -0.002,    0.000,    0.003,   -0.004,    0.007,    0.017, -999.000,    0.023,    0.013,    0.007,    0.012, -999.000,    0.010,    0.013,
       382,2020091612,    0.000,   -0.000,    0.000,    0.001,    0.000,    0.000,   -0.000,    0.000,    0.001,    0.000,    0.002,    0.003, -999.000,    0.007, -999.000,    0.002,    0.003, -999.000,    0.006, -999.000,
       382,2020091606,   -0.002,   -0.007,    0.000,    0.001,    0.000,   -0.001,   -0.006,    0.000,    0.001,    0.000,    0.031,    0.048, -999.000,    0.010, -999.000,    0.031,    0.060, -999.000,    0.010, -999.000,
       382,2020091600,    0.000,   -0.000,    0.000,    0.002,    0.000,    0.000,   -0.000,    0.000,    0.003,    0.000,    0.004,    0.002, -999.000,    0.018, -999.000,    0.004,    0.002, -999.000,    0.014, -999.000,
       382,2020091518,   -0.000,   -0.002,    0.000,    0.001,   -0.004,   -0.000,   -0.002,    0.000,    0.003,   -0.005,    0.008,    0.011, -999.000,    0.027,    0.011,    0.008,    0.009, -999.000,    0.019,    0.011,
       382,2020091512,    0.000,   -0.000,    0.000,    0.003,    0.000,    0.000,   -0.000,    0.000,    0.003,    0.001,    0.005,    0.003, -999.000,    0.021,    0.001,    0.005,    0.003, -999.000,    0.020,    0.001,
       382,2020091506,   -0.001,   -0.006,    0.000,    0.003,    0.000,   -0.001,   -0.005,    0.000,    0.003,    0.000,    0.030,    0.044, -999.000,    0.014, -999.000,    0.030,    0.058, -999.000,    0.014, -999.000,
       382,2020091500,    0.000,   -0.000,    0.000,    0.001,    0.000,    0.000,   -0.000,    0.000,    0.001,    0.000,    0.001,    0.002, -999.000,    0.007, -999.000,    0.001,    0.002, -999.000,    0.004, -999.000,
       382,2020091418,    0.000,   -0.001,    0.000,    0.002,    0.000,    0.000,   -0.001,    0.000,    0.004,    0.000,    0.006,    0.007, -999.000,    0.021, -999.000,    0.006,    0.006, -999.000,    0.017, -999.000,
       382,2020091412,   -0.000,   -0.000,    0.000,    0.002,    0.000,    0.000,   -0.000,    0.000,    0.002,    0.000,    0.002,    0.002, -999.000,    0.010, -999.000,    0.002,    0.002, -999.000,    0.008, -999.000,
       382,2020091406,   -0.001,   -0.005,    0.000,    0.002,    0.000,   -0.001,   -0.006,    0.000,    0.002,    0.000,    0.024,    0.057, -999.000,    0.007, -999.000,    0.024,    0.049, -999.000,    0.009, -999.000,
       382,2020091400,    0.000,   -0.000,    0.000,    0.002,   -0.001,    0.000,   -0.000,    0.000,    0.002,   -0.002,    0.004,    0.001, -999.000,    0.012,    0.003,    0.004,    0.001, -999.000,    0.015,    0.003,
       382,2020091318,   -0.000,   -0.002,    0.000,    0.001,   -0.001,   -0.000,   -0.002,    0.000,    0.002,   -0.001,    0.009,    0.017, -999.000,    0.010,    0.005,    0.009,    0.016, -999.000,    0.013,    0.005,
       382,2020091312,    0.000,   -0.000,    0.000,    0.002,    0.000,    0.000,   -0.000,    0.000,    0.002,    0.000,    0.005,    0.003, -999.000,    0.019, -999.000,    0.005,    0.003, -999.000,    0.018, -999.000,
       382,2020091306,   -0.002,   -0.008,    0.000,    0.005,   -0.001,   -0.002,   -0.008,    0.000,    0.005,   -0.002,    0.037,    0.074, -999.000,    0.016,    0.003,    0.037,    0.072, -999.000,    0.016,    0.003,
       382,2020091300,    0.000,   -0.000,    0.000,    0.001,    0.000,    0.000,   -0.000,    0.000,    0.002,    0.000,    0.002,    0.001, -999.000,    0.012, -999.000,    0.002,    0.001, -999.000,    0.007, -999.000,
       382,2020091218,   -0.001,   -0.003,    0.000,    0.002,    0.000,   -0.001,   -0.003,    0.000,    0.002,    0.000,    0.016,    0.033, -999.000,    0.016,    0.001,    0.016,    0.028, -999.000,    0.014,    0.001,
       382,2020091212,    0.000,   -0.000,    0.000,    0.003,    0.000,    0.000,   -0.000,    0.000,    0.002,    0.000,    0.006,    0.003, -999.000,    0.018, -999.000,    0.006,    0.003, -999.000,    0.021, -999.000,
       382,2020091206,   -0.002,   -0.008,    0.000,    0.004,   -0.000,   -0.002,   -0.009,    0.000,    0.003,   -0.001,    0.028,    0.058, -999.000,    0.020,    0.002,    0.028,    0.053, -999.000,    0.015,    0.002,
       382,2020091200,    0.000,   -0.000,    0.000,    0.003,    0.000,    0.000,   -0.000,    0.000,    0.003,    0.000,    0.005,    0.001, -999.000,    0.019, -999.000,    0.005,    0.001, -999.000,    0.019, -999.000,
       382,2020091118,   -0.000,   -0.003,    0.000,    0.003,   -0.000,   -0.001,   -0.003,    0.000,    0.003,   -0.000,    0.012,    0.020, -999.000,    0.026,    0.001,    0.012,    0.018, -999.000,    0.024,    0.001,
       382,2020091112,    0.000,   -0.000,    0.000,    0.003,    0.000,    0.000,   -0.000,    0.000,    0.003,    0.000,    0.004,    0.003, -999.000,    0.017, -999.000,    0.004,    0.003, -999.000,    0.013, -999.000,
       382,2020091106,   -0.002,   -0.008,    0.000,    0.002,    0.001,   -0.003,   -0.010,    0.000,    0.003,    0.001,    0.036,    0.073, -999.000,    0.013,    0.004,    0.036,    0.066, -999.000,    0.011,    0.004,
       382,2020091100,    0.000,   -0.000,    0.000,    0.003,   -0.001,    0.000,   -0.000,    0.000,    0.002,   -0.002,    0.006,    0.006, -999.000,    0.013,    0.003,    0.006,    0.007, -999.000,    0.017,    0.003,
       382,2020091018,   -0.000,   -0.002,    0.000,    0.001,   -0.001,   -0.000,   -0.002,    0.000,    0.003,   -0.002,    0.008,    0.019, -999.000,    0.023,    0.004,    0.008,    0.013, -999.000,    0.014,    0.004,
       382,2020091012,    0.000,   -0.000,    0.000,    0.003,   -0.000,    0.000,   -0.000,    0.000,    0.003,   -0.000,    0.007,    0.003, -999.000,    0.032,    0.001,    0.007,    0.003, -999.000,    0.027,    0.001,
       382,2020091006,   -0.003,   -0.009,    0.000,    0.002,    0.000,   -0.002,   -0.009,    0.000,    0.002,    0.000,    0.047,    0.080, -999.000,    0.015, -999.000,    0.047,    0.088, -999.000,    0.015, -999.000,
       382,2020091000,    0.000,   -0.000,    0.000,    0.003,    0.002,    0.000,   -0.000,    0.000,    0.003,    0.002,    0.005,    0.003, -999.000,    0.020,    0.005,    0.005,    0.003, -999.000,    0.018,    0.005,
       382,2020090918,   -0.000,   -0.001,    0.000,    0.002,   -0.000,   -0.000,   -0.001,    0.000,    0.004,   -0.001,    0.006,    0.008, -999.000,    0.021,    0.001,    0.006,    0.008, -999.000,    0.015,    0.001,
       382,2020090912,    0.000,   -0.000,    0.000,    0.002,    0.000,    0.000,   -0.001,    0.000,    0.002,    0.000,    0.004,    0.003, -999.000,    0.020, -999.000,    0.004,    0.003, -999.000,    0.016, -999.000,
       382,2020090906,   -0.002,   -0.007,    0.000,    0.002,   -0.009,   -0.002,   -0.008,    0.000,    0.003,   -0.011,    0.035,    0.084, -999.000,    0.014,    0.016,    0.035,    0.070, -999.000,    0.015,    0.016,
       382,2020090900,    0.000,   -0.000,    0.000,    0.002,    0.000,    0.000,   -0.000,    0.000,    0.003,    0.000,    0.003,    0.002, -999.000,    0.014, -999.000,    0.003,    0.001, -999.000,    0.011, -999.000,
       382,2020090818,   -0.000,   -0.001,    0.000,    0.002,   -0.009,   -0.000,   -0.001,    0.000,    0.004,   -0.007,    0.008,    0.014, -999.000,    0.023,    0.025,    0.008,    0.013, -999.000,    0.013,    0.025,
       382,2020090812,   -0.000,   -0.001,    0.000,    0.001,    0.000,   -0.000,   -0.001,    0.000,    0.000,    0.000,    0.003,    0.004, -999.000,    0.009, -999.000,    0.003,    0.004, -999.000,    0.010, -999.000,
       382,2020090806,   -0.003,   -0.010,    0.000,    0.003,    0.000,   -0.003,   -0.010,    0.000,    0.003,    0.000,    0.045,    0.084, -999.000,    0.012,    0.000,    0.045,    0.087, -999.000,    0.013,    0.000,
       382,2020090800,    0.000,   -0.000,    0.000,    0.004,    0.000,    0.000,   -0.000,    0.000,    0.004,    0.000,    0.005,    0.001, -999.000,    0.022, -999.000,    0.005,    0.001, -999.000,    0.021, -999.000,
       382,2020090718,   -0.000,   -0.002,    0.000,    0.004,    0.000,   -0.000,   -0.002,    0.000,    0.004,    0.000,    0.015,    0.024, -999.000,    0.024,    0.000,    0.015,    0.025, -999.000,    0.023,    0.000,
       382,2020090712,    0.000,   -0.000,    0.000,    0.004,   -0.000,    0.000,   -0.000,    0.000,    0.005,   -0.000,    0.006,    0.004, -999.000,    0.030,    0.001,    0.006,    0.004, -999.000,    0.021,    0.001,
       382,2020090706,   -0.002,   -0.008,    0.000,    0.003,   -0.002,   -0.002,   -0.009,    0.000,    0.004,   -0.021,    0.039,    0.073, -999.000,    0.018,    0.007,    0.039,    0.073, -999.000,    0.015,    0.007,
       382,2020090700,    0.000,   -0.000,    0.000,    0.004,    0.000,    0.000,   -0.000,    0.000,    0.006,    0.000,    0.007,    0.001, -999.000,    0.032, -999.000,    0.007,    0.001, -999.000,    0.026, -999.000,
       382,2020090618,   -0.000,   -0.003,    0.000,    0.005,    0.000,   -0.000,   -0.003,    0.000,    0.008,    0.000,    0.015,    0.027, -999.000,    0.047, -999.000,    0.015,    0.019, -999.000,    0.036, -999.000,
       382,2020090612,    0.000,   -0.000,    0.000,    0.006,    0.000,    0.000,   -0.000,    0.000,    0.005,    0.000,    0.008,    0.003, -999.000,    0.032, -999.000,    0.008,    0.003, -999.000,    0.030, -999.000,
       382,2020090606,   -0.002,   -0.008,    0.000,    0.005,   -0.081,   -0.002,   -0.008,    0.000,    0.004,   -0.073,    0.035,    0.060, -999.000,    0.020,    0.213,    0.035,    0.062, -999.000,    0.022,    0.213,
       382,2020090600,   -0.000,   -0.000,    0.000,    0.000,   -0.001,   -0.000,   -0.000,    0.000,    0.001,   -0.001,    0.003,    0.006, -999.000,    0.009,    0.003,    0.003,    0.007, -999.000,    0.003,    0.003,
       382,2020090518,   -0.000,   -0.002,    0.000,    0.002,   -0.005,   -0.001,   -0.003,    0.000,    0.003,   -0.005,    0.014,    0.027, -999.000,    0.028,    0.015,    0.014,    0.024, -999.000,    0.025,    0.015,
       382,2020090512,    0.000,   -0.000,    0.000,    0.003,    0.000,    0.000,   -0.000,    0.000,    0.004,    0.000,    0.004,    0.003, -999.000,    0.024, -999.000,    0.004,    0.003, -999.000,    0.015, -999.000,
       382,2020090506,   -0.002,   -0.008,    0.000,    0.006,    0.000,   -0.002,   -0.009,    0.000,    0.006,    0.000,    0.040,    0.078, -999.000,    0.026, -999.000,    0.040,    0.074, -999.000,    0.026, -999.000,
       382,2020090500,   -0.000,   -0.000,    0.000,    0.001,   -0.013,    0.000,   -0.000,    0.000,    0.002,   -0.013,    0.004,    0.005, -999.000,    0.016,    0.029,    0.004,    0.005, -999.000,    0.010,    0.029,
       382,2020090418,   -0.000,   -0.002,    0.000,    0.006,   -0.001,    0.000,   -0.002,    0.000,    0.009,   -0.001,    0.012,    0.012, -999.000,    0.045,    0.004,    0.012,    0.013, -999.000,    0.035,    0.004,
       382,2020090412,    0.000,   -0.000,    0.000,    0.005,    0.000,    0.000,   -0.000,    0.000,    0.005,    0.000,    0.008,    0.004, -999.000,    0.030,    0.000,    0.008,    0.003, -999.000,    0.031,    0.000,
       382,2020090406,   -0.003,   -0.011,    0.000,    0.003,    0.000,   -0.003,   -0.013,    0.000,    0.004,    0.000,    0.052,    0.114, -999.000,    0.016, -999.000,    0.052,    0.101, -999.000,    0.014, -999.000,
       382,2020090400,    0.000,   -0.000,    0.000,    0.002,    0.000,    0.000,   -0.000,    0.000,    0.006,    0.000,    0.004,    0.002, -999.000,    0.029, -999.000,    0.004,    0.002, -999.000,    0.017, -999.000,
       382,2020090318,   -0.000,   -0.001,    0.000,    0.003,    0.000,    0.000,   -0.002,    0.000,    0.009,    0.000,    0.010,    0.014, -999.000,    0.040, -999.000,    0.010,    0.014, -999.000,    0.024, -999.000,
       382,2020090312,    0.000,   -0.001,    0.000,    0.003,    0.000,    0.000,   -0.001,    0.000,    0.004,    0.000,    0.005,    0.004, -999.000,    0.022, -999.000,    0.005,    0.004, -999.000,    0.020, -999.000,
       382,2020090306,   -0.002,   -0.006,    0.000,    0.004,    0.000,   -0.001,   -0.006,    0.000,    0.005,    0.000,    0.036,    0.068, -999.000,    0.017,    0.000,    0.036,    0.068, -999.000,    0.014,    0.000,
       382,2020090300,    0.000,   -0.000,    0.000,    0.004,    0.000,    0.000,   -0.000,    0.000,    0.006,    0.000,    0.007,    0.001, -999.000,    0.032, -999.000,    0.007,    0.001, -999.000,    0.025, -999.000,
       382,2020090218,   -0.001,   -0.002,    0.000,    0.002,   -0.001,   -0.000,   -0.003,    0.000,    0.007,   -0.001,    0.014,    0.025, -999.000,    0.028,    0.002,    0.014,    0.025, -999.000,    0.014,    0.002,
       382,2020090212,    0.000,   -0.001,    0.000,    0.003,   -0.000,    0.000,   -0.001,    0.000,    0.003,   -0.000,    0.005,    0.005, -999.000,    0.017,    0.000,    0.005,    0.005, -999.000,    0.017,    0.000,
       382,2020090206,   -0.002,   -0.009,    0.000,    0.003,    0.000,   -0.002,   -0.008,    0.000,    0.003,    0.000,    0.039,    0.066, -999.000,    0.014, -999.000,    0.039,    0.071, -999.000,    0.014, -999.000,
       382,2020090200,    0.000,   -0.000,    0.000,    0.003,    0.000,    0.000,   -0.000,    0.000,    0.006,    0.000,    0.005,    0.001, -999.000,    0.028, -999.000,    0.005,    0.001, -999.000,    0.018, -999.000,
       382,2020090118,   -0.001,   -0.004,    0.000,    0.004,   -0.010,   -0.000,   -0.003,    0.000,    0.009,   -0.000,    0.021,    0.029, -999.000,    0.035,    0.035,    0.021,    0.038, -999.000,    0.020,    0.035,
       382,2020090112,    0.000,   -0.001,    0.000,    0.002,   -0.000,    0.000,   -0.001,    0.000,    0.004,   -0.000,    0.003,    0.004, -999.000,    0.016,    0.000,    0.003,    0.004, -999.000,    0.010,    0.000,
       382,2020090106,   -0.002,   -0.007,    0.000,    0.004,    0.000,   -0.002,   -0.008,    0.000,    0.003,    0.000,    0.030,    0.058, -999.000,    0.016, -999.000,    0.030,    0.053, -999.000,    0.017, -999.000,
       382,2020090100,    0.000,   -0.000,    0.000,    0.001,    0.000,    0.000,   -0.000,    0.000,    0.002,    0.000,    0.003,    0.001, -999.000,    0.012, -999.000,    0.003,    0.001, -999.000,    0.010, -999.000,
       382,2020083118,   -0.001,   -0.002,    0.000,    0.001,   -0.001,   -0.001,   -0.003,    0.000,    0.003,   -0.001,    0.011,    0.024, -999.000,    0.024,    0.002,    0.011,    0.019, -999.000,    0.018,    0.002,
       382,2020083112,    0.000,   -0.000,    0.000,    0.002,   -0.000,    0.000,   -0.000,    0.000,    0.003,   -0.000,    0.004,    0.005, -999.000,    0.018,    0.000,    0.004,    0.004, -999.000,    0.013,    0.000,
       382,2020083106,   -0.003,   -0.010,    0.000,    0.005,   -0.004,   -0.003,   -0.013,    0.000,    0.003,   -0.005,    0.042,    0.090, -999.000,    0.016,    0.009,    0.042,    0.078, -999.000,    0.017,    0.009,
       382,2020083100,   -0.000,   -0.000,    0.000,    0.001,    0.000,    0.000,   -0.000,    0.000,    0.003,    0.000,    0.003,    0.006, -999.000,    0.013, -999.000,    0.003,    0.005, -999.000,    0.007, -999.000,
       382,2020083018,   -0.000,   -0.002,    0.000,    0.003,   -0.006,   -0.000,   -0.002,    0.000,    0.008,   -0.007,    0.009,    0.014, -999.000,    0.035,    0.019,    0.009,    0.014, -999.000,    0.018,    0.019,
       382,2020083012,    0.000,   -0.000,    0.000,    0.003,    0.000,    0.000,   -0.001,    0.000,    0.003,    0.000,    0.005,    0.005, -999.000,    0.018, -999.000,    0.005,    0.004, -999.000,    0.017, -999.000,
       382,2020083006,   -0.002,   -0.007,    0.000,    0.006,   -0.000,   -0.002,   -0.010,    0.000,    0.006,   -0.000,    0.039,    0.089, -999.000,    0.018,    0.000,    0.039,    0.072, -999.000,    0.019,    0.000,
       382,2020083000,    0.000,   -0.001,    0.000,    0.003,   -0.001,    0.000,   -0.001,    0.000,    0.004,   -0.001,    0.004,    0.005, -999.000,    0.018,    0.003,    0.004,    0.005, -999.000,    0.015,    0.003,
