       309,2020092000,   -0.000,    0.000,    0.000,   -0.012,    0.000,   -0.001,    0.000,    0.000,   -0.019,    0.000,    0.012,    0.000, -999.000,    0.093, -999.000,    0.012,    0.000, -999.000,    0.063, -999.000,
       309,2020091918,   -0.002,   -0.000,    0.000,   -0.034,   -0.000,   -0.003,   -0.000,    0.000,   -0.056,    0.000,    0.032,    0.005, -999.000,    0.177,    0.000,    0.032,    0.001, -999.000,    0.144,    0.000,
       309,2020091912,   -0.001,   -0.000,    0.000,   -0.027,    0.000,   -0.001,   -0.000,    0.000,   -0.019,    0.000,    0.023,    0.000, -999.000,    0.093, -999.000,    0.023,    0.000, -999.000,    0.107, -999.000,
       309,2020091906,   -0.001,   -0.001,    0.000,   -0.007,    0.000,   -0.000,   -0.000,    0.000,   -0.005,    0.000,    0.013,    0.007, -999.000,    0.039, -999.000,    0.013,    0.016, -999.000,    0.048, -999.000,
       309,2020091900,   -0.000,   -0.000,    0.000,   -0.013,    0.000,   -0.001,   -0.000,    0.000,   -0.019,    0.000,    0.014,    0.000, -999.000,    0.087, -999.000,    0.014,    0.000, -999.000,    0.070, -999.000,
       309,2020091818,   -0.002,   -0.000,    0.000,   -0.029,    0.000,   -0.002,   -0.000,    0.000,   -0.033,    0.000,    0.030,    0.001, -999.000,    0.133, -999.000,    0.030,    0.005, -999.000,    0.126, -999.000,
       309,2020091812,   -0.000,   -0.000,    0.000,   -0.008,    0.000,   -0.000,   -0.000,    0.000,   -0.004,    0.000,    0.011,    0.000, -999.000,    0.041, -999.000,    0.011,    0.000, -999.000,    0.052, -999.000,
       309,2020091806,   -0.000,   -0.000,    0.000,   -0.003,    0.000,   -0.000,   -0.000,    0.000,   -0.002,    0.000,    0.005,    0.003, -999.000,    0.024, -999.000,    0.005,    0.002, -999.000,    0.024, -999.000,
       309,2020091800,   -0.000,    0.000,    0.000,   -0.003,    0.000,   -0.000,   -0.000,    0.000,   -0.007,    0.000,    0.006,    0.000, -999.000,    0.050, -999.000,    0.006,    0.000, -999.000,    0.030, -999.000,
       309,2020091718,   -0.001,   -0.000,    0.000,   -0.022,   -0.000,   -0.001,   -0.000,    0.000,   -0.025,    0.000,    0.023,    0.002, -999.000,    0.108,    0.000,    0.023,    0.002, -999.000,    0.093,    0.000,
       309,2020091712,   -0.001,   -0.000,    0.000,   -0.011,    0.000,   -0.001,   -0.000,    0.000,   -0.013,    0.000,    0.017,    0.001, -999.000,    0.085, -999.000,    0.017,    0.001, -999.000,    0.079, -999.000,
       309,2020091706,   -0.001,   -0.000,    0.000,   -0.016,    0.000,   -0.001,   -0.000,    0.000,   -0.010,    0.000,    0.021,    0.004, -999.000,    0.069, -999.000,    0.021,    0.004, -999.000,    0.086, -999.000,
       309,2020091700,   -0.000,    0.000,    0.000,   -0.002,    0.000,   -0.001,    0.000,    0.000,   -0.014,   -0.000,    0.007,    0.000, -999.000,    0.101, -999.000,    0.007,    0.000, -999.000,    0.033, -999.000,
       309,2020091618,   -0.001,   -0.000,    0.000,   -0.013,   -0.000,   -0.002,   -0.000,    0.000,   -0.029,   -0.000,    0.020,    0.011, -999.000,    0.123,    0.000,    0.020,    0.002, -999.000,    0.075,    0.000,
       309,2020091612,   -0.001,   -0.000,    0.000,   -0.018,    0.000,   -0.001,   -0.000,    0.000,   -0.017,    0.000,    0.025,    0.004, -999.000,    0.095, -999.000,    0.025,    0.004, -999.000,    0.107, -999.000,
       309,2020091606,   -0.001,   -0.000,    0.000,   -0.013,    0.000,   -0.001,   -0.000,    0.000,   -0.012,    0.000,    0.020,    0.005, -999.000,    0.074, -999.000,    0.020,    0.002, -999.000,    0.089, -999.000,
       309,2020091600,   -0.000,    0.000,    0.000,   -0.001,    0.000,   -0.001,    0.000,    0.000,   -0.023,    0.000,    0.004,    0.000, -999.000,    0.117, -999.000,    0.004,    0.000, -999.000,    0.018, -999.000,
       309,2020091518,   -0.003,   -0.000,    0.000,   -0.035,    0.000,   -0.005,   -0.000,    0.000,   -0.070,    0.000,    0.047,    0.002, -999.000,    0.224, -999.000,    0.047,    0.001, -999.000,    0.170, -999.000,
       309,2020091512,   -0.002,   -0.000,    0.000,   -0.038,    0.000,   -0.002,   -0.000,    0.000,   -0.039,   -0.000,    0.038,    0.001, -999.000,    0.171, -999.000,    0.038,    0.001, -999.000,    0.161, -999.000,
       309,2020091506,   -0.002,   -0.000,    0.000,   -0.050,   -0.000,   -0.002,   -0.000,    0.000,   -0.036,    0.000,    0.043,    0.004, -999.000,    0.168,    0.001,    0.043,    0.003, -999.000,    0.209,    0.001,
       309,2020091500,   -0.000,    0.000,    0.000,   -0.011,    0.000,   -0.000,    0.000,    0.000,   -0.011,    0.000,    0.014,    0.000, -999.000,    0.070, -999.000,    0.014,    0.000, -999.000,    0.072, -999.000,
       309,2020091418,   -0.001,   -0.000,    0.000,   -0.014,    0.000,   -0.002,   -0.000,    0.000,   -0.034,    0.000,    0.018,    0.006, -999.000,    0.127, -999.000,    0.018,    0.005, -999.000,    0.070, -999.000,
       309,2020091412,   -0.001,   -0.000,    0.000,   -0.015,    0.000,   -0.001,   -0.000,    0.000,   -0.018,    0.000,    0.022,    0.000, -999.000,    0.108,    0.000,    0.022,    0.000, -999.000,    0.099,    0.000,
       309,2020091406,   -0.001,   -0.000,    0.000,   -0.013,    0.000,   -0.001,   -0.000,    0.000,   -0.016,    0.000,    0.016,    0.002, -999.000,    0.077, -999.000,    0.016,    0.002, -999.000,    0.081, -999.000,
       309,2020091400,    0.000,   -0.000,    0.000,    0.002,    0.000,    0.000,   -0.000,    0.000,    0.001,    0.000,    0.005,    0.000, -999.000,    0.028, -999.000,    0.005,    0.000, -999.000,    0.027, -999.000,
       309,2020091318,   -0.001,   -0.000,    0.000,   -0.016,    0.000,   -0.002,   -0.001,    0.000,   -0.033,    0.000,    0.024,    0.015, -999.000,    0.140, -999.000,    0.024,    0.001, -999.000,    0.103, -999.000,
       309,2020091312,   -0.001,    0.000,    0.000,   -0.021,    0.000,   -0.001,   -0.000,    0.000,   -0.016,    0.000,    0.025,    0.000, -999.000,    0.097, -999.000,    0.025,    0.000, -999.000,    0.111, -999.000,
       309,2020091306,   -0.001,   -0.000,    0.000,   -0.016,    0.000,   -0.001,   -0.000,    0.000,   -0.014,    0.000,    0.027,    0.003, -999.000,    0.121, -999.000,    0.027,    0.002, -999.000,    0.132, -999.000,
       309,2020091300,   -0.001,   -0.000,    0.000,   -0.022,    0.000,   -0.001,   -0.000,    0.000,   -0.018,    0.000,    0.029,    0.000, -999.000,    0.110, -999.000,    0.029,    0.000, -999.000,    0.127, -999.000,
       309,2020091218,   -0.003,   -0.000,    0.000,   -0.040,    0.000,   -0.002,   -0.000,    0.000,   -0.040,    0.000,    0.046,    0.002, -999.000,    0.177,    0.002,    0.046,    0.004, -999.000,    0.177,    0.002,
       309,2020091212,   -0.000,    0.000,    0.000,   -0.007,    0.000,   -0.000,    0.000,    0.000,   -0.011,    0.000,    0.010,    0.000, -999.000,    0.089, -999.000,    0.010,    0.000, -999.000,    0.046, -999.000,
       309,2020091206,   -0.001,   -0.000,    0.000,   -0.009,    0.000,   -0.000,   -0.000,    0.000,   -0.006,   -0.000,    0.018,    0.002, -999.000,    0.071, -999.000,    0.018,    0.004, -999.000,    0.079, -999.000,
       309,2020091200,   -0.001,   -0.000,    0.000,   -0.018, -999.000,   -0.001,   -0.000,    0.000,   -0.036, -999.000,    0.022,    0.000, -999.000,    0.183, -999.000,    0.022,    0.000, -999.000,    0.122, -999.000,
       309,2020091118,   -0.001,   -0.000,    0.000,   -0.010,    0.000,   -0.002,   -0.000,    0.000,   -0.033,    0.000,    0.020,    0.005, -999.000,    0.179, -999.000,    0.020,    0.002, -999.000,    0.084, -999.000,
       309,2020091112,   -0.001,   -0.000,    0.000,   -0.023,   -0.000,   -0.001,   -0.000,    0.000,   -0.031,   -0.000,    0.032,    0.000, -999.000,    0.181,    0.000,    0.032,    0.000, -999.000,    0.152,    0.000,
       309,2020091106,   -0.000,   -0.001,    0.000,   -0.004,    0.000,   -0.000,   -0.001,    0.000,   -0.001,    0.000,    0.008,    0.007, -999.000,    0.043, -999.000,    0.008,    0.008, -999.000,    0.035, -999.000,
       309,2020091100,   -0.001,   -0.000,    0.000,   -0.013, -999.000,   -0.000,   -0.000,    0.000,   -0.006,    0.000,    0.021,    0.000, -999.000,    0.054, -999.000,    0.021,    0.000, -999.000,    0.105, -999.000,
       309,2020091018,   -0.001,   -0.000,    0.000,   -0.011,    0.000,   -0.001,   -0.000,    0.000,   -0.013,    0.000,    0.024,    0.008, -999.000,    0.097, -999.000,    0.024,    0.001, -999.000,    0.096, -999.000,
       309,2020091012,   -0.001,    0.000,    0.000,   -0.022,    0.000,   -0.001,    0.000,    0.000,   -0.027,    0.000,    0.027,    0.000, -999.000,    0.125, -999.000,    0.027,    0.000, -999.000,    0.120, -999.000,
       309,2020091006,   -0.000,   -0.000,    0.000,   -0.005,    0.000,   -0.000,   -0.000,    0.000,   -0.001,    0.000,    0.012,    0.003, -999.000,    0.020, -999.000,    0.012,    0.010, -999.000,    0.052, -999.000,
       309,2020091000,   -0.000,    0.000,    0.000,   -0.007,    0.000,   -0.001,    0.000,    0.000,   -0.017,    0.000,    0.009,    0.000, -999.000,    0.089, -999.000,    0.009,    0.000, -999.000,    0.043, -999.000,
       309,2020090918,   -0.001,   -0.000,    0.000,   -0.010,    0.000,   -0.001,   -0.000,    0.000,   -0.012,    0.000,    0.021,    0.003, -999.000,    0.093, -999.000,    0.021,    0.002, -999.000,    0.083, -999.000,
       309,2020090912,   -0.001,    0.000,    0.000,   -0.015,    0.000,   -0.001,   -0.000,    0.000,   -0.014,    0.000,    0.020,    0.000, -999.000,    0.078, -999.000,    0.020,    0.000, -999.000,    0.088, -999.000,
       309,2020090906,    0.000,   -0.000,    0.000,    0.003,    0.000,   -0.000,   -0.001,    0.000,    0.002,    0.000,    0.004,    0.013, -999.000,    0.019, -999.000,    0.004,    0.004, -999.000,    0.018, -999.000,
       309,2020090900,   -0.000,    0.000,    0.000,   -0.006,    0.000,   -0.000,    0.000,    0.000,   -0.004,    0.000,    0.012, -999.000, -999.000,    0.081, -999.000,    0.012, -999.000, -999.000,    0.061, -999.000,
       309,2020090818,   -0.001,   -0.000,    0.000,   -0.008,   -0.000,   -0.002,   -0.001,    0.000,   -0.039,   -0.000,    0.017,    0.034, -999.000,    0.198,    0.001,    0.017,    0.004, -999.000,    0.072,    0.001,
       309,2020090812,   -0.001,   -0.000,    0.000,   -0.021,    0.000,   -0.001,   -0.000,    0.000,   -0.013,    0.000,    0.032,    0.000, -999.000,    0.111, -999.000,    0.032,    0.000, -999.000,    0.144, -999.000,
       309,2020090806,   -0.001,   -0.001,    0.000,   -0.016,   -0.001,   -0.001,   -0.001,    0.000,   -0.014,   -0.000,    0.019,    0.011, -999.000,    0.102,    0.003,    0.019,    0.009, -999.000,    0.100,    0.003,
       309,2020090800,   -0.002,   -0.000,    0.000,   -0.054,    0.000,   -0.002,    0.000,    0.000,   -0.057,    0.000,    0.041,    0.000, -999.000,    0.236, -999.000,    0.041,    0.000, -999.000,    0.227, -999.000,
       309,2020090718,   -0.001,   -0.000,    0.000,   -0.025,    0.000,   -0.002,   -0.000,    0.000,   -0.039,   -0.000,    0.032,    0.000, -999.000,    0.188, -999.000,    0.032,    0.001, -999.000,    0.146, -999.000,
       309,2020090712,   -0.002,    0.000,    0.000,   -0.046,    0.000,   -0.001,    0.000,    0.000,   -0.024,    0.000,    0.045,    0.000, -999.000,    0.161, -999.000,    0.045,    0.000, -999.000,    0.227, -999.000,
       309,2020090706,   -0.000,   -0.000,    0.000,    0.000,    0.000,   -0.000,   -0.000,    0.000,    0.000,    0.000,    0.005,    0.003, -999.000,    0.019, -999.000,    0.005,    0.001, -999.000,    0.026, -999.000,
       309,2020090700,   -0.002,   -0.000,    0.000,   -0.042,    0.000,   -0.001,   -0.000,    0.000,   -0.039,    0.000,    0.041,    0.001, -999.000,    0.190, -999.000,    0.041,    0.000, -999.000,    0.211, -999.000,
       309,2020090618,   -0.004,   -0.000,    0.000,   -0.070,    0.000,   -0.003,   -0.000,    0.000,   -0.067,    0.000,    0.055,    0.011, -999.000,    0.232, -999.000,    0.055,    0.000, -999.000,    0.234, -999.000,
       309,2020090612,   -0.002,   -0.000,    0.000,   -0.053,    0.000,   -0.002,   -0.000,    0.000,   -0.048,    0.000,    0.049,    0.000, -999.000,    0.225, -999.000,    0.049,    0.000, -999.000,    0.229, -999.000,
       309,2020090606,   -0.001,   -0.000,    0.000,   -0.028,    0.000,   -0.001,   -0.000,    0.000,   -0.029,    0.000,    0.031,    0.003, -999.000,    0.159, -999.000,    0.031,    0.003, -999.000,    0.166, -999.000,
       309,2020090600,   -0.000,   -0.000,    0.000,   -0.004,    0.000,   -0.000,   -0.000,    0.000,   -0.003,    0.000,    0.006,    0.000, -999.000,    0.020, -999.000,    0.006,    0.000, -999.000,    0.031, -999.000,
       309,2020090518,   -0.001,   -0.000,    0.000,   -0.025,    0.000,   -0.002,   -0.000,    0.000,   -0.029,    0.000,    0.035,    0.002, -999.000,    0.150, -999.000,    0.035,    0.001, -999.000,    0.140, -999.000,
       309,2020090512,   -0.000,   -0.000,    0.000,   -0.006,    0.000,   -0.000,   -0.000,    0.000,   -0.008,    0.000,    0.013,    0.000, -999.000,    0.075, -999.000,    0.013,    0.000, -999.000,    0.055, -999.000,
       309,2020090506,   -0.001,   -0.000,    0.000,   -0.012,   -0.000,   -0.001,   -0.000,    0.000,   -0.011,   -0.000,    0.021,    0.004, -999.000,    0.099,    0.000,    0.021,    0.003, -999.000,    0.101,    0.000,
       309,2020090500,   -0.001,    0.000,    0.000,   -0.022,    0.000,   -0.001,    0.000,    0.000,   -0.018,    0.000,    0.027,    0.000, -999.000,    0.109, -999.000,    0.027,    0.000, -999.000,    0.118, -999.000,
       309,2020090418,   -0.002,   -0.000,    0.000,   -0.033,    0.000,   -0.003,   -0.000,    0.000,   -0.049,    0.000,    0.043,    0.008, -999.000,    0.216, -999.000,    0.043,    0.001, -999.000,    0.182, -999.000,
       309,2020090412,   -0.001,   -0.000,    0.000,   -0.023,   -0.000,   -0.001,   -0.000,    0.000,   -0.023,   -0.000,    0.037,    0.001, -999.000,    0.152,    0.000,    0.037,    0.001, -999.000,    0.150,    0.000,
       309,2020090406,   -0.000,   -0.000,    0.000,   -0.003,    0.000,   -0.000,   -0.000,    0.000,   -0.004,    0.000,    0.011,    0.003, -999.000,    0.091, -999.000,    0.011,    0.002, -999.000,    0.059, -999.000,
       309,2020090400,   -0.001,    0.000,    0.000,   -0.013,    0.000,   -0.003,    0.000,    0.000,   -0.055,    0.000,    0.021,    0.000, -999.000,    0.229, -999.000,    0.021,    0.000, -999.000,    0.092, -999.000,
       309,2020090318,   -0.001,   -0.000,    0.000,   -0.025,    0.000,   -0.002,   -0.000,    0.000,   -0.056,    0.000,    0.030,    0.001, -999.000,    0.243, -999.000,    0.030,    0.002, -999.000,    0.150, -999.000,
       309,2020090312,   -0.001,   -0.000,    0.000,   -0.025,    0.000,   -0.002,   -0.000,    0.000,   -0.030,    0.000,    0.037,    0.000, -999.000,    0.166, -999.000,    0.037,    0.001, -999.000,    0.159, -999.000,
       309,2020090306,   -0.001,   -0.000,    0.000,   -0.014,   -0.000,   -0.001,   -0.000,    0.000,   -0.017,   -0.000,    0.023,    0.000, -999.000,    0.100,    0.000,    0.023,    0.015, -999.000,    0.106,    0.000,
       309,2020090300,   -0.001,    0.000,    0.000,   -0.015,    0.000,   -0.001,    0.000,    0.000,   -0.029,    0.000,    0.023,    0.000, -999.000,    0.134, -999.000,    0.023,    0.000, -999.000,    0.106, -999.000,
       309,2020090218,   -0.001,   -0.000,    0.000,   -0.023,    0.000,   -0.004,   -0.001,    0.000,   -0.063,    0.000,    0.030,    0.025, -999.000,    0.207, -999.000,    0.030,    0.000, -999.000,    0.131, -999.000,
       309,2020090212,   -0.002,   -0.000,    0.000,   -0.028,   -0.000,   -0.001,   -0.000,    0.000,   -0.017,   -0.000,    0.035,    0.001, -999.000,    0.101,    0.000,    0.035,    0.001, -999.000,    0.143,    0.000,
       309,2020090206,   -0.000,   -0.000,    0.000,   -0.007,    0.000,   -0.001,   -0.000,    0.000,   -0.014,    0.000,    0.015,    0.001, -999.000,    0.077, -999.000,    0.015,    0.000, -999.000,    0.078, -999.000,
       309,2020090200,   -0.000,    0.000,    0.000,   -0.009,    0.000,   -0.001,    0.000,    0.000,   -0.012,    0.000,    0.016,    0.000, -999.000,    0.073, -999.000,    0.016,    0.000, -999.000,    0.074, -999.000,
       309,2020090118,   -0.002,   -0.000,    0.000,   -0.032,    0.000,   -0.002,   -0.000,    0.000,   -0.038,    0.000,    0.030,    0.001, -999.000,    0.135, -999.000,    0.030,    0.000, -999.000,    0.128, -999.000,
       309,2020090112,   -0.000,   -0.000,    0.000,   -0.005,    0.000,   -0.000,   -0.000,    0.000,   -0.007,    0.000,    0.010,    0.002, -999.000,    0.055, -999.000,    0.010,    0.001, -999.000,    0.045, -999.000,
       309,2020090106,   -0.001,   -0.000,    0.000,   -0.015,    0.000,   -0.000,   -0.000,    0.000,   -0.004,    0.000,    0.013,    0.001, -999.000,    0.032, -999.000,    0.013,    0.001, -999.000,    0.071, -999.000,
       309,2020090100,   -0.000,    0.000,    0.000,   -0.008,    0.000,   -0.001,    0.000,    0.000,   -0.023,    0.000,    0.012,    0.000, -999.000,    0.099, -999.000,    0.012,    0.000, -999.000,    0.056, -999.000,
       309,2020083118,   -0.001,    0.000,    0.000,   -0.016,    0.000,   -0.001,    0.000,    0.000,   -0.020,    0.000,    0.017,    0.000, -999.000,    0.081, -999.000,    0.017,    0.000, -999.000,    0.074, -999.000,
       309,2020083112,   -0.000,   -0.000,    0.000,   -0.004,    0.000,   -0.000,   -0.000,    0.000,   -0.003,    0.000,    0.004,    0.001, -999.000,    0.025, -999.000,    0.004,    0.001, -999.000,    0.020, -999.000,
       309,2020083106,   -0.000,   -0.000,    0.000,   -0.004,    0.000,   -0.000,   -0.000,    0.000,   -0.005,    0.000,    0.005,    0.001, -999.000,    0.034, -999.000,    0.005,    0.001, -999.000,    0.025, -999.000,
       309,2020083100,   -0.000,    0.000,    0.000,   -0.003,    0.000,   -0.000,    0.000,    0.000,   -0.007,    0.000,    0.005,    0.000, -999.000,    0.035, -999.000,    0.005,    0.000, -999.000,    0.026, -999.000,
       309,2020083018,   -0.000,   -0.000,    0.000,   -0.000,    0.000,   -0.000,   -0.000,    0.000,   -0.001,    0.000,    0.001,    0.000, -999.000,    0.003,    0.000,    0.001,    0.000, -999.000,    0.003,    0.000,
       309,2020083012,    0.000,    0.000,    0.000,    0.000,    0.000,    0.000,    0.000,    0.000,    0.000,    0.000,    0.000,    0.000, -999.000,    0.001, -999.000,    0.000,    0.000, -999.000,    0.001, -999.000,
       309,2020083006,    0.001,    0.000,    0.000,    0.019,    0.000,    0.001,    0.000,    0.000,    0.019,    0.000,    0.021,    0.004, -999.000,    0.108,    0.000,    0.021,    0.001, -999.000,    0.104,    0.000,
       309,2020083000,    0.000,   -0.000,    0.000,    0.000,    0.000,   -0.000,   -0.000,    0.000,   -0.000,    0.000,    0.003,    0.000, -999.000,    0.015, -999.000,    0.003,    0.000, -999.000,    0.015, -999.000,
