        59,2020092000,    0.097,    0.102,    0.095,    0.110,    0.139,    0.098,    0.103,    0.096,    0.109,    0.139,    0.100,    0.102,    0.099,    0.102,    0.161,    0.100,    0.102,    0.099,    0.102,    0.161,
        59,2020091918,    0.098,    0.091,    0.099,    0.103,    0.095,    0.099,    0.091,    0.101,    0.102,    0.099,    0.099,    0.096,    0.100,    0.100,    0.090,    0.099,    0.096,    0.100,    0.100,    0.090,
        59,2020091912,    0.100,    0.097,    0.102,    0.092,    0.250,    0.100,    0.095,    0.102,    0.091,    0.243,    0.100,    0.100,    0.100,    0.096,    0.104,    0.100,    0.101,    0.100,    0.097,    0.104,
        59,2020091906,    0.099,    0.096,    0.099,    0.112,    0.118,    0.100,    0.095,    0.100,    0.113,    0.129,    0.099,    0.099,    0.098,    0.100,    0.127,    0.099,    0.100,    0.098,    0.100,    0.127,
        59,2020091900,    0.100,    0.104,    0.099,    0.105,    0.161,    0.100,    0.103,    0.099,    0.102,    0.161,    0.100,    0.101,    0.099,    0.100,    0.143,    0.100,    0.102,    0.099,    0.100,    0.143,
        59,2020091818,    0.097,    0.089,    0.100,    0.095,    0.156,    0.097,    0.089,    0.101,    0.093,    0.160,    0.099,    0.095,    0.100,    0.101,    0.121,    0.099,    0.095,    0.100,    0.101,    0.121,
        59,2020091812,    0.104,    0.104,    0.104,    0.098,    0.153,    0.104,    0.104,    0.105,    0.099,    0.153,    0.101,    0.102,    0.101,    0.103,    0.111,    0.101,    0.102,    0.101,    0.103,    0.111,
        59,2020091806,    0.099,    0.095,    0.100,    0.102,    0.207,    0.100,    0.096,    0.101,    0.103,    0.201,    0.099,    0.099,    0.098,    0.101,    0.123,    0.099,    0.098,    0.098,    0.101,    0.123,
        59,2020091800,    0.101,    0.103,    0.101,    0.098,    0.100,    0.102,    0.102,    0.101,    0.100,    0.149,    0.100,    0.100,    0.100,    0.100,    0.169,    0.100,    0.100,    0.100,    0.099,    0.169,
        59,2020091718,    0.098,    0.088,    0.105,    0.092,    0.100,    0.099,    0.087,    0.105,    0.094,    0.091,    0.099,    0.095,    0.101,    0.103,    0.120,    0.099,    0.095,    0.101,    0.103,    0.120,
        59,2020091712,    0.100,    0.106,    0.099,    0.102,    0.142,    0.101,    0.106,    0.100,    0.102,    0.142,    0.100,    0.103,    0.099,    0.101,    0.136,    0.100,    0.104,    0.099,    0.101,    0.136,
        59,2020091706,    0.101,    0.090,    0.104,    0.113,    0.050,    0.101,    0.092,    0.104,    0.112,    0.036,    0.100,    0.098,    0.100,    0.106,    0.058,    0.100,    0.098,    0.100,    0.105,    0.058,
        59,2020091700,    0.101,    0.099,    0.102,    0.101,    0.205,    0.102,    0.100,    0.103,    0.100,    0.205,    0.100,    0.100,    0.100,    0.101,    0.127,    0.100,    0.101,    0.100,    0.102,    0.127,
        59,2020091618,    0.098,    0.084,    0.105,    0.087,    0.101,    0.098,    0.085,    0.106,    0.086,    0.101,    0.099,    0.095,    0.100,    0.097,    0.121,    0.099,    0.094,    0.100,    0.098,    0.121,
        59,2020091612,    0.101,    0.102,    0.101,    0.097,    0.163,    0.103,    0.103,    0.103,    0.096,    0.163,    0.100,    0.102,    0.100,    0.101,    0.113,    0.100,    0.101,    0.100,    0.101,    0.113,
        59,2020091606,    0.097,    0.094,    0.097,    0.108,    0.130,    0.097,    0.095,    0.097,    0.106,    0.130,    0.099,    0.099,    0.099,    0.100,    0.112,    0.099,    0.099,    0.099,    0.100,    0.112,
        59,2020091600,    0.098,    0.091,    0.099,    0.110,    0.119,    0.099,    0.090,    0.101,    0.107,    0.119,    0.099,    0.098,    0.100,    0.101,    0.138,    0.099,    0.098,    0.100,    0.101,    0.138,
        59,2020091518,    0.096,    0.095,    0.097,    0.100,    0.104,    0.098,    0.096,    0.098,    0.101,    0.087,    0.100,    0.101,    0.099,    0.103,    0.108,    0.100,    0.101,    0.099,    0.104,    0.108,
        59,2020091512,    0.100,    0.097,    0.102,    0.093,    0.150,    0.101,    0.096,    0.104,    0.094,    0.155,    0.100,    0.099,    0.101,    0.099,    0.112,    0.100,    0.099,    0.101,    0.099,    0.112,
        59,2020091506,    0.095,    0.099,    0.093,    0.099,    0.095,    0.097,    0.101,    0.096,    0.099,    0.095,    0.099,    0.099,    0.099,    0.099,    0.132,    0.099,    0.098,    0.099,    0.099,    0.132,
        59,2020091500,    0.100,    0.096,    0.100,    0.114,    0.290,    0.100,    0.097,    0.100,    0.112,    0.290,    0.100,    0.100,    0.100,    0.104,    0.011,    0.100,    0.099,    0.100,    0.103,    0.011,
        59,2020091418,    0.092,    0.086,    0.093,    0.099,    0.142,    0.093,    0.087,    0.093,    0.100,    0.120,    0.098,    0.095,    0.099,    0.098,    0.132,    0.098,    0.094,    0.099,    0.098,    0.132,
        59,2020091412,    0.101,    0.098,    0.102,    0.105,    0.152,    0.101,    0.096,    0.102,    0.106,    0.152,    0.101,    0.101,    0.100,    0.103,    0.138,    0.101,    0.101,    0.100,    0.102,    0.138,
        59,2020091406,    0.096,    0.092,    0.096,    0.105,    0.134,    0.096,    0.092,    0.097,    0.109,    0.110,    0.099,    0.098,    0.099,    0.100,    0.127,    0.099,    0.098,    0.099,    0.100,    0.127,
        59,2020091400,    0.098,    0.101,    0.096,    0.108,    0.184,    0.098,    0.100,    0.096,    0.107,    0.176,    0.100,    0.102,    0.098,    0.102,    0.131,    0.100,    0.102,    0.098,    0.102,    0.131,
        59,2020091318,    0.096,    0.091,    0.099,    0.092,    0.154,    0.096,    0.090,    0.100,    0.092,    0.138,    0.099,    0.098,    0.099,    0.095,    0.136,    0.099,    0.098,    0.099,    0.097,    0.136,
        59,2020091312,    0.099,    0.099,    0.100,    0.088,    0.062,    0.100,    0.100,    0.101,    0.088,    0.055,    0.100,    0.102,    0.100,    0.094,    0.105,    0.100,    0.102,    0.100,    0.095,    0.105,
        59,2020091306,    0.094,    0.090,    0.094,    0.104,    0.146,    0.095,    0.091,    0.096,    0.102,    0.152,    0.099,    0.100,    0.098,    0.102,    0.117,    0.099,    0.099,    0.098,    0.102,    0.117,
        59,2020091300,    0.097,    0.100,    0.096,    0.102,    0.203,    0.099,    0.100,    0.098,    0.103,    0.203,    0.100,    0.100,    0.099,    0.100,    0.098,    0.100,    0.100,    0.099,    0.100,    0.098,
        59,2020091218,    0.097,    0.086,    0.100,    0.104,    0.139,    0.097,    0.087,    0.101,    0.106,    0.143,    0.099,    0.095,    0.100,    0.100,    0.129,    0.099,    0.095,    0.100,    0.100,    0.129,
        59,2020091212,    0.100,    0.108,    0.099,    0.088,    0.181,    0.100,    0.106,    0.100,    0.087,    0.160,    0.100,    0.102,    0.099,    0.099,    0.129,    0.100,    0.102,    0.099,    0.099,    0.129,
        59,2020091206,    0.095,    0.090,    0.097,    0.100,    0.090,    0.096,    0.090,    0.098,    0.101,    0.067,    0.099,    0.099,    0.098,    0.105,    0.113,    0.099,    0.098,    0.098,    0.105,    0.113,
        59,2020091200,    0.099,    0.095,    0.100,    0.101,    0.163,    0.101,    0.096,    0.102,    0.102,    0.163,    0.100,    0.100,    0.100,    0.099,    0.118,    0.100,    0.100,    0.100,    0.099,    0.118,
        59,2020091118,    0.098,    0.083,    0.104,    0.102,    0.101,    0.099,    0.083,    0.106,    0.103,    0.101,    0.099,    0.093,    0.101,    0.099,    0.106,    0.099,    0.093,    0.101,    0.100,    0.106,
        59,2020091112,    0.098,    0.099,    0.098,    0.095,    0.156,    0.100,    0.099,    0.101,    0.095,    0.141,    0.100,    0.103,    0.100,    0.097,    0.139,    0.100,    0.103,    0.100,    0.097,    0.139,
        59,2020091106,    0.095,    0.093,    0.096,    0.103,    0.142,    0.096,    0.094,    0.097,    0.104,    0.152,    0.099,    0.097,    0.098,    0.104,    0.132,    0.099,    0.098,    0.098,    0.105,    0.132,
        59,2020091100,    0.101,    0.095,    0.103,    0.102,    0.075,    0.102,    0.096,    0.104,    0.103,    0.000,    0.102,    0.103,    0.102,    0.101,    0.149,    0.102,    0.103,    0.102,    0.101,    0.149,
        59,2020091018,    0.098,    0.095,    0.099,    0.093,    0.166,    0.098,    0.095,    0.100,    0.094,    0.139,    0.099,    0.100,    0.099,    0.098,    0.141,    0.099,    0.100,    0.099,    0.097,    0.141,
        59,2020091012,    0.100,    0.096,    0.102,    0.089,    0.168,    0.101,    0.097,    0.104,    0.089,    0.168,    0.101,    0.099,    0.101,    0.099,    0.104,    0.101,    0.099,    0.101,    0.099,    0.104,
        59,2020091006,    0.097,    0.098,    0.095,    0.109,    0.181,    0.098,    0.099,    0.096,    0.110,    0.198,    0.100,    0.100,    0.100,    0.105,    0.117,    0.100,    0.101,    0.100,    0.104,    0.117,
        59,2020091000,    0.098,    0.096,    0.097,    0.118,    0.191,    0.099,    0.096,    0.098,    0.119,    0.193,    0.100,    0.099,    0.099,    0.108,    0.090,    0.100,    0.100,    0.099,    0.108,    0.090,
        59,2020090918,    0.100,    0.099,    0.099,    0.113,    0.136,    0.101,    0.100,    0.100,    0.114,    0.122,    0.100,    0.100,    0.099,    0.105,    0.088,    0.100,    0.100,    0.099,    0.103,    0.088,
        59,2020090912,    0.099,    0.091,    0.103,    0.095,    0.111,    0.100,    0.091,    0.104,    0.095,    0.111,    0.101,    0.099,    0.101,    0.103,    0.135,    0.101,    0.099,    0.101,    0.103,    0.135,
        59,2020090906,    0.098,    0.086,    0.101,    0.113,    0.151,    0.099,    0.086,    0.101,    0.117,    0.161,    0.100,    0.095,    0.101,    0.102,    0.089,    0.100,    0.095,    0.101,    0.102,    0.089,
        59,2020090900,    0.099,    0.104,    0.096,    0.109,    0.239,    0.099,    0.103,    0.096,    0.107,    0.239,    0.100,    0.102,    0.099,    0.103,    0.111,    0.100,    0.102,    0.099,    0.104,    0.111,
        59,2020090818,    0.098,    0.089,    0.101,    0.105,    0.142,    0.100,    0.091,    0.102,    0.108,    0.148,    0.101,    0.098,    0.101,    0.105,    0.101,    0.101,    0.098,    0.101,    0.104,    0.101,
        59,2020090812,    0.099,    0.099,    0.099,    0.094,    0.175,    0.100,    0.100,    0.101,    0.095,    0.175,    0.100,    0.101,    0.099,    0.100,    0.142,    0.100,    0.101,    0.099,    0.100,    0.142,
        59,2020090806,    0.099,    0.097,    0.099,    0.099,    0.175,    0.099,    0.096,    0.100,    0.099,    0.175,    0.100,    0.101,    0.099,    0.104,    0.112,    0.100,    0.102,    0.099,    0.104,    0.112,
        59,2020090800,    0.101,    0.104,    0.099,    0.119,    0.149,    0.101,    0.102,    0.099,    0.116,    0.149,    0.101,    0.102,    0.100,    0.103,    0.210,    0.101,    0.103,    0.100,    0.104,    0.210,
        59,2020090718,    0.096,    0.084,    0.100,    0.099,    0.162,    0.098,    0.086,    0.102,    0.099,    0.162,    0.100,    0.097,    0.101,    0.100,    0.131,    0.100,    0.096,    0.101,    0.101,    0.131,
        59,2020090712,    0.102,    0.109,    0.099,    0.101,    0.055,    0.101,    0.108,    0.099,    0.103,    0.055,    0.100,    0.101,    0.100,    0.101,    0.058,    0.100,    0.101,    0.100,    0.100,    0.058,
        59,2020090706,    0.099,    0.094,    0.101,    0.099,    0.110,    0.099,    0.093,    0.102,    0.100,    0.102,    0.099,    0.098,    0.099,    0.101,    0.099,    0.099,    0.098,    0.099,    0.100,    0.099,
        59,2020090700,    0.100,    0.099,    0.100,    0.102,    0.184,    0.100,    0.098,    0.100,    0.099,    0.184,    0.100,    0.100,    0.100,    0.098,    0.145,    0.100,    0.101,    0.100,    0.098,    0.145,
        59,2020090618,    0.099,    0.089,    0.105,    0.101,    0.123,    0.099,    0.089,    0.104,    0.099,    0.147,    0.100,    0.096,    0.101,    0.102,    0.135,    0.100,    0.096,    0.101,    0.104,    0.135,
        59,2020090612,    0.100,    0.104,    0.100,    0.088,    0.226,    0.100,    0.105,    0.100,    0.090,    0.226,    0.100,    0.104,    0.100,    0.097,    0.096,    0.100,    0.104,    0.100,    0.095,    0.096,
        59,2020090606,    0.096,    0.092,    0.097,    0.104,    0.150,    0.097,    0.091,    0.100,    0.103,    0.150,    0.099,    0.098,    0.100,    0.105,    0.138,    0.099,    0.098,    0.100,    0.105,    0.138,
        59,2020090600,    0.101,    0.097,    0.102,    0.100,    0.156,    0.101,    0.097,    0.102,    0.100,    0.156,    0.101,    0.102,    0.101,    0.097,    0.108,    0.101,    0.101,    0.101,    0.097,    0.108,
        59,2020090518,    0.096,    0.087,    0.100,    0.095,    0.109,    0.096,    0.087,    0.101,    0.093,    0.109,    0.099,    0.096,    0.101,    0.099,    0.124,    0.099,    0.096,    0.101,    0.100,    0.124,
        59,2020090512,    0.099,    0.096,    0.098,    0.104,    0.214,    0.100,    0.097,    0.100,    0.103,    0.214,    0.100,    0.099,    0.101,    0.100,    0.135,    0.100,    0.099,    0.101,    0.100,    0.135,
        59,2020090506,    0.098,    0.099,    0.095,    0.115,    0.125,    0.098,    0.099,    0.096,    0.117,    0.125,    0.100,    0.099,    0.099,    0.104,    0.127,    0.100,    0.099,    0.099,    0.104,    0.127,
        59,2020090500,    0.098,    0.088,    0.100,    0.108,    0.125,    0.099,    0.089,    0.101,    0.108,    0.125,    0.100,    0.098,    0.100,    0.103,    0.140,    0.100,    0.098,    0.100,    0.103,    0.140,
        59,2020090418,    0.097,    0.101,    0.096,    0.098,    0.141,    0.098,    0.099,    0.098,    0.098,    0.127,    0.099,    0.100,    0.098,    0.100,    0.106,    0.099,    0.101,    0.098,    0.100,    0.106,
        59,2020090412,    0.099,    0.090,    0.103,    0.093,    0.093,    0.100,    0.091,    0.104,    0.095,    0.093,    0.101,    0.099,    0.101,    0.100,    0.116,    0.101,    0.099,    0.101,    0.099,    0.116,
        59,2020090406,    0.099,    0.093,    0.100,    0.115,    0.119,    0.100,    0.092,    0.101,    0.116,    0.136,    0.100,    0.099,    0.099,    0.104,    0.135,    0.100,    0.099,    0.099,    0.104,    0.135,
        59,2020090400,    0.099,    0.097,    0.098,    0.113,    0.199,    0.099,    0.096,    0.098,    0.114,    0.209,    0.099,    0.099,    0.099,    0.099,    0.136,    0.099,    0.099,    0.099,    0.099,    0.136,
        59,2020090318,    0.096,    0.099,    0.096,    0.094,    0.060,    0.096,    0.099,    0.095,    0.093,    0.059,    0.099,    0.099,    0.099,    0.096,    0.080,    0.099,    0.099,    0.099,    0.097,    0.080,
        59,2020090312,    0.097,    0.096,    0.097,    0.103,    0.167,    0.099,    0.097,    0.099,    0.103,    0.149,    0.099,    0.101,    0.099,    0.101,    0.129,    0.099,    0.100,    0.099,    0.101,    0.129,
        59,2020090306,    0.099,    0.097,    0.099,    0.102,    0.131,    0.100,    0.098,    0.100,    0.103,    0.131,    0.099,    0.101,    0.099,    0.100,    0.120,    0.099,    0.101,    0.099,    0.100,    0.120,
        59,2020090300,    0.100,    0.099,    0.099,    0.106,    0.166,    0.100,    0.099,    0.100,    0.105,    0.166,    0.100,    0.101,    0.099,    0.099,    0.121,    0.100,    0.101,    0.099,    0.099,    0.121,
        59,2020090218,    0.097,    0.087,    0.101,    0.100,    0.162,    0.097,    0.087,    0.102,    0.098,    0.162,    0.099,    0.096,    0.099,    0.103,    0.139,    0.099,    0.096,    0.099,    0.103,    0.139,
        59,2020090212,    0.097,    0.099,    0.099,    0.076,    0.001,    0.098,    0.099,    0.100,    0.077,    0.001,    0.100,    0.101,    0.100,    0.097,    0.001,    0.100,    0.101,    0.100,    0.097,    0.001,
        59,2020090206,    0.099,    0.093,    0.102,    0.104,    0.168,    0.100,    0.093,    0.102,    0.104,    0.168,    0.100,    0.099,    0.100,    0.100,    0.137,    0.100,    0.099,    0.100,    0.100,    0.137,
        59,2020090200,    0.095,    0.104,    0.091,    0.104,    0.165,    0.096,    0.105,    0.093,    0.104,    0.165,    0.099,    0.100,    0.098,    0.103,    0.184,    0.099,    0.100,    0.098,    0.104,    0.184,
        59,2020090118,    0.098,    0.087,    0.102,    0.102,    0.109,    0.097,    0.088,    0.101,    0.096,    0.127,    0.101,    0.098,    0.101,    0.101,    0.124,    0.101,    0.099,    0.101,    0.102,    0.124,
        59,2020090112,    0.095,    0.101,    0.095,    0.084,    0.228,    0.097,    0.100,    0.097,    0.084,    0.228,    0.100,    0.101,    0.099,    0.098,    0.103,    0.100,    0.102,    0.099,    0.098,    0.103,
        59,2020090106,    0.096,    0.091,    0.097,    0.105,    0.153,    0.096,    0.091,    0.098,    0.102,    0.150,    0.099,    0.097,    0.099,    0.106,    0.122,    0.099,    0.098,    0.099,    0.106,    0.122,
        59,2020090100,    0.097,    0.095,    0.097,    0.104,    0.198,    0.099,    0.097,    0.099,    0.103,    0.198,    0.100,    0.101,    0.099,    0.099,    0.110,    0.100,    0.100,    0.099,    0.100,    0.110,
        59,2020083118,    0.098,    0.088,    0.103,    0.098,    0.077,    0.099,    0.090,    0.105,    0.096,    0.072,    0.099,    0.097,    0.100,    0.094,    0.113,    0.099,    0.096,    0.100,    0.095,    0.113,
        59,2020083112,    0.099,    0.099,    0.099,    0.095,    0.116,    0.100,    0.100,    0.100,    0.097,    0.116,    0.100,    0.100,    0.100,    0.099,    0.115,    0.100,    0.100,    0.100,    0.098,    0.115,
        59,2020083106,    0.096,    0.093,    0.096,    0.117,    0.205,    0.097,    0.094,    0.097,    0.114,    0.205,    0.099,    0.099,    0.098,    0.102,    0.101,    0.099,    0.099,    0.098,    0.103,    0.101,
        59,2020083100,    0.096,    0.091,    0.098,    0.102,    0.082,    0.096,    0.091,    0.098,    0.102,    0.082,    0.099,    0.098,    0.099,    0.099,    0.109,    0.099,    0.098,    0.099,    0.099,    0.109,
        59,2020083018,    0.101,    0.099,    0.101,    0.100,    0.070,    0.101,    0.101,    0.102,    0.099,    0.070,    0.099,    0.099,    0.099,    0.100,    0.089,    0.099,    0.098,    0.099,    0.101,    0.089,
        59,2020083012,    0.097,    0.094,    0.099,    0.088,    0.215,    0.099,    0.096,    0.101,    0.089,    0.215,    0.099,    0.100,    0.099,    0.097,    0.140,    0.099,    0.100,    0.099,    0.097,    0.140,
        59,2020083006,    0.095,    0.095,    0.094,    0.107,    0.155,    0.097,    0.096,    0.096,    0.112,    0.166,    0.099,    0.099,    0.098,    0.106,    0.125,    0.099,    0.099,    0.098,    0.106,    0.125,
        59,2020083000,    0.095,    0.089,    0.095,    0.115,    0.149,    0.096,    0.089,    0.097,    0.113,    0.149,    0.100,    0.097,    0.100,    0.104,    0.144,    0.100,    0.098,    0.100,    0.104,    0.144,
