       313,2020092000,    0.012,    0.008,    0.012,    0.040,    0.000,    0.012,    0.007,    0.013,    0.035,    0.000,    0.016,    0.009,    0.015,    0.045,    0.000,    0.016,    0.011,    0.015,    0.044,    0.000,
       313,2020091918,    0.016,    0.009,    0.018,    0.038,    0.015,    0.015,    0.010,    0.017,    0.046,    0.014,    0.022,    0.011,    0.024,    0.052,    0.021,    0.022,    0.011,    0.024,    0.047,    0.021,
       313,2020091912,    0.014,    0.009,    0.014,    0.050,    0.015,    0.013,    0.010,    0.014,    0.044,    0.015,    0.022,    0.014,    0.023,    0.048,    0.017,    0.022,    0.013,    0.023,    0.051,    0.017,
       313,2020091906,    0.018,    0.011,    0.020,    0.041,    0.026,    0.016,    0.011,    0.019,    0.033,    0.026,    0.024,    0.013,    0.025,    0.043,    0.019,    0.024,    0.013,    0.025,    0.044,    0.019,
       313,2020091900,    0.016,    0.010,    0.018,    0.049,    0.016,    0.016,    0.010,    0.017,    0.058,    0.019,    0.026,    0.014,    0.027,    0.063,    0.019,    0.026,    0.014,    0.027,    0.056,    0.019,
       313,2020091818,    0.023,    0.013,    0.025,    0.050,    0.030,    0.022,    0.014,    0.024,    0.053,    0.028,    0.031,    0.017,    0.032,    0.066,    0.022,    0.031,    0.016,    0.032,    0.065,    0.022,
       313,2020091812,    0.020,    0.013,    0.021,    0.060,    0.000,    0.019,    0.013,    0.021,    0.050,    0.000,    0.031,    0.017,    0.033,    0.060, -999.000,    0.031,    0.017,    0.033,    0.066, -999.000,
       313,2020091806,    0.023,    0.015,    0.027,    0.046,    0.036,    0.022,    0.016,    0.026,    0.048,    0.034,    0.032,    0.018,    0.036,    0.050,    0.032,    0.032,    0.017,    0.036,    0.052,    0.032,
       313,2020091800,    0.021,    0.013,    0.023,    0.035,    0.006,    0.020,    0.013,    0.022,    0.048,    0.007,    0.029,    0.020,    0.030,    0.066,    0.009,    0.029,    0.020,    0.030,    0.049,    0.009,
       313,2020091718,    0.027,    0.021,    0.027,    0.065,    0.063,    0.026,    0.021,    0.026,    0.062,    0.037,    0.037,    0.025,    0.038,    0.075,    0.044,    0.037,    0.024,    0.038,    0.075,    0.044,
       313,2020091712,    0.023,    0.015,    0.026,    0.058,    0.038,    0.022,    0.014,    0.025,    0.053,    0.038,    0.032,    0.020,    0.033,    0.068,    0.049,    0.032,    0.021,    0.033,    0.070,    0.049,
       313,2020091706,    0.027,    0.022,    0.028,    0.056,    0.032,    0.027,    0.022,    0.028,    0.051,    0.038,    0.044,    0.026,    0.049,    0.065,    0.030,    0.044,    0.024,    0.049,    0.068,    0.030,
       313,2020091700,    0.024,    0.013,    0.028,    0.053,    0.016,    0.024,    0.013,    0.027,    0.065,    0.011,    0.036,    0.020,    0.038,    0.083,    0.014,    0.036,    0.021,    0.038,    0.068,    0.014,
       313,2020091618,    0.026,    0.022,    0.027,    0.042,    0.026,    0.027,    0.024,    0.026,    0.053,    0.018,    0.033,    0.030,    0.031,    0.075,    0.005,    0.033,    0.028,    0.031,    0.064,    0.005,
       313,2020091612,    0.031,    0.018,    0.035,    0.052,    0.037,    0.030,    0.019,    0.035,    0.050,    0.033,    0.059,    0.024,    0.067,    0.082,    0.033,    0.059,    0.023,    0.067,    0.081,    0.033,
       313,2020091606,    0.029,    0.024,    0.031,    0.060,    0.026,    0.028,    0.024,    0.030,    0.059,    0.028,    0.035,    0.029,    0.035,    0.080,    0.022,    0.035,    0.030,    0.035,    0.076,    0.022,
       313,2020091600,    0.026,    0.018,    0.029,    0.048,    0.048,    0.027,    0.018,    0.029,    0.083,    0.046,    0.034,    0.026,    0.034,    0.102,    0.032,    0.034,    0.026,    0.034,    0.080,    0.032,
       313,2020091518,    0.035,    0.025,    0.039,    0.065,    0.032,    0.037,    0.026,    0.038,    0.106,    0.035,    0.055,    0.034,    0.060,    0.112,    0.045,    0.055,    0.032,    0.060,    0.089,    0.045,
       313,2020091512,    0.034,    0.022,    0.038,    0.097,    0.005,    0.034,    0.024,    0.036,    0.106,    0.039,    0.056,    0.030,    0.061,    0.117,    0.006,    0.056,    0.028,    0.061,    0.111,    0.006,
       313,2020091506,    0.033,    0.026,    0.035,    0.089,    0.056,    0.033,    0.026,    0.035,    0.085,    0.062,    0.040,    0.034,    0.037,    0.102,    0.050,    0.040,    0.032,    0.037,    0.107,    0.050,
       313,2020091500,    0.029,    0.021,    0.031,    0.067,    0.047,    0.029,    0.021,    0.031,    0.062,    0.041,    0.043,    0.025,    0.046,    0.094,    0.033,    0.043,    0.026,    0.046,    0.091,    0.033,
       313,2020091418,    0.038,    0.027,    0.042,    0.074,    0.011,    0.041,    0.028,    0.044,    0.104,    0.030,    0.051,    0.035,    0.053,    0.115,    0.005,    0.051,    0.034,    0.053,    0.096,    0.005,
       313,2020091412,    0.036,    0.029,    0.038,    0.067,    0.000,    0.036,    0.031,    0.037,    0.067,    0.004,    0.048,    0.034,    0.051,    0.101,    0.001,    0.048,    0.031,    0.051,    0.096,    0.001,
       313,2020091406,    0.037,    0.028,    0.040,    0.072,    0.039,    0.037,    0.031,    0.038,    0.079,    0.035,    0.043,    0.040,    0.041,    0.110,    0.050,    0.043,    0.038,    0.041,    0.101,    0.050,
       313,2020091400,    0.035,    0.026,    0.037,    0.089,    0.003,    0.033,    0.026,    0.035,    0.061,    0.018,    0.045,    0.033,    0.045,    0.094,    0.005,    0.045,    0.033,    0.045,    0.109,    0.005,
       313,2020091318,    0.037,    0.031,    0.038,    0.072,    0.053,    0.036,    0.033,    0.036,    0.088,    0.080,    0.045,    0.043,    0.042,    0.118,    0.045,    0.045,    0.042,    0.042,    0.100,    0.045,
       313,2020091312,    0.035,    0.032,    0.034,    0.093,    0.016,    0.034,    0.032,    0.034,    0.090,    0.015,    0.046,    0.042,    0.042,    0.115,    0.018,    0.046,    0.043,    0.042,    0.112,    0.018,
       313,2020091306,    0.035,    0.030,    0.037,    0.069,    0.056,    0.034,    0.030,    0.035,    0.081,    0.057,    0.041,    0.038,    0.041,    0.097,    0.033,    0.041,    0.037,    0.041,    0.091,    0.033,
       313,2020091300,    0.033,    0.025,    0.035,    0.061,    0.095,    0.032,    0.025,    0.034,    0.053,    0.122,    0.045,    0.032,    0.044,    0.096, -999.000,    0.045,    0.032,    0.044,    0.100, -999.000,
       313,2020091218,    0.035,    0.028,    0.035,    0.107,    0.050,    0.035,    0.031,    0.034,    0.111,    0.057,    0.047,    0.039,    0.042,    0.130,    0.042,    0.047,    0.037,    0.042,    0.124,    0.042,
       313,2020091212,    0.034,    0.027,    0.037,    0.064,    0.019,    0.034,    0.029,    0.036,    0.071,    0.019,    0.047,    0.038,    0.050,    0.099,    0.025,    0.047,    0.034,    0.050,    0.094,    0.025,
       313,2020091206,    0.034,    0.029,    0.034,    0.072,    0.051,    0.034,    0.031,    0.035,    0.059,    0.053,    0.040,    0.037,    0.038,    0.085,    0.045,    0.040,    0.036,    0.038,    0.097,    0.045,
       313,2020091200,    0.031,    0.022,    0.033,    0.082, -999.000,    0.030,    0.022,    0.033,    0.081,    0.002,    0.041,    0.026,    0.041,    0.110, -999.000,    0.041,    0.026,    0.041,    0.108, -999.000,
       313,2020091118,    0.037,    0.029,    0.040,    0.061,    0.043,    0.036,    0.028,    0.038,    0.077,    0.042,    0.045,    0.035,    0.045,    0.114,    0.038,    0.045,    0.035,    0.045,    0.101,    0.038,
       313,2020091112,    0.029,    0.025,    0.029,    0.081,    0.055,    0.030,    0.028,    0.030,    0.083,    0.032,    0.040,    0.035,    0.040,    0.099,    0.060,    0.040,    0.031,    0.040,    0.097,    0.060,
       313,2020091106,    0.031,    0.022,    0.035,    0.043,    0.033,    0.031,    0.024,    0.034,    0.044,    0.033,    0.037,    0.033,    0.038,    0.063,    0.030,    0.037,    0.031,    0.038,    0.064,    0.030,
       313,2020091100,    0.025,    0.020,    0.025,    0.064, -999.000,    0.024,    0.019,    0.025,    0.062,    0.011,    0.034,    0.027,    0.033,    0.084, -999.000,    0.034,    0.026,    0.033,    0.087, -999.000,
       313,2020091018,    0.035,    0.023,    0.041,    0.041,    0.058,    0.035,    0.024,    0.040,    0.057,    0.058,    0.040,    0.031,    0.042,    0.081,    0.043,    0.040,    0.028,    0.042,    0.063,    0.043,
       313,2020091012,    0.023,    0.019,    0.023,    0.063,    0.024,    0.024,    0.021,    0.024,    0.069,    0.020,    0.030,    0.025,    0.030,    0.089, -999.000,    0.030,    0.023,    0.030,    0.079, -999.000,
       313,2020091006,    0.025,    0.017,    0.029,    0.030,    0.035,    0.025,    0.019,    0.028,    0.027,    0.035,    0.031,    0.026,    0.033,    0.047,    0.028,    0.031,    0.024,    0.033,    0.051,    0.028,
       313,2020091000,    0.020,    0.017,    0.021,    0.046,    0.021,    0.020,    0.017,    0.021,    0.049,    0.023,    0.029,    0.023,    0.030,    0.068,    0.016,    0.029,    0.022,    0.030,    0.064,    0.016,
       313,2020090918,    0.025,    0.019,    0.028,    0.031,    0.040,    0.026,    0.023,    0.028,    0.042,    0.039,    0.031,    0.033,    0.032,    0.060,    0.031,    0.031,    0.024,    0.032,    0.051,    0.031,
       313,2020090912,    0.021,    0.017,    0.021,    0.054,    0.028,    0.020,    0.018,    0.020,    0.054,    0.026,    0.030,    0.020,    0.032,    0.064,    0.024,    0.030,    0.019,    0.032,    0.062,    0.024,
       313,2020090906,    0.022,    0.017,    0.024,    0.039,    0.034,    0.022,    0.018,    0.024,    0.043,    0.030,    0.026,    0.023,    0.027,    0.050,    0.021,    0.026,    0.022,    0.027,    0.047,    0.021,
       313,2020090900,    0.019,    0.017,    0.019,    0.043,    0.012,    0.018,    0.017,    0.018,    0.045,    0.023,    0.026,    0.020,    0.026,    0.061,    0.014,    0.026,    0.021,    0.026,    0.060,    0.014,
       313,2020090818,    0.020,    0.014,    0.022,    0.035,    0.021,    0.021,    0.016,    0.022,    0.051,    0.015,    0.023,    0.021,    0.023,    0.059,    0.023,    0.023,    0.018,    0.023,    0.048,    0.023,
       313,2020090812,    0.017,    0.015,    0.017,    0.045,    0.009,    0.017,    0.015,    0.017,    0.040,    0.008,    0.023,    0.014,    0.024,    0.051,    0.013,    0.023,    0.015,    0.024,    0.055,    0.013,
       313,2020090806,    0.016,    0.011,    0.018,    0.035,    0.016,    0.016,    0.012,    0.018,    0.032,    0.021,    0.021,    0.015,    0.022,    0.044,    0.013,    0.021,    0.015,    0.022,    0.045,    0.013,
       313,2020090800,    0.014,    0.012,    0.015,    0.044,    0.007,    0.014,    0.011,    0.014,    0.045,    0.009,    0.019,    0.013,    0.019,    0.055, -999.000,    0.019,    0.014,    0.019,    0.057, -999.000,
       313,2020090718,    0.016,    0.011,    0.018,    0.035,    0.033,    0.017,    0.013,    0.017,    0.038,    0.021,    0.019,    0.018,    0.019,    0.049,    0.031,    0.019,    0.014,    0.019,    0.047,    0.031,
       313,2020090712,    0.015,    0.013,    0.014,    0.043,    0.016,    0.014,    0.014,    0.014,    0.034,    0.015,    0.019,    0.014,    0.019,    0.044,    0.019,    0.019,    0.014,    0.019,    0.050,    0.019,
       313,2020090706,    0.013,    0.009,    0.014,    0.024,    0.015,    0.013,    0.010,    0.014,    0.018,    0.020,    0.015,    0.013,    0.016,    0.024,    0.014,    0.015,    0.012,    0.016,    0.030,    0.014,
       313,2020090700,    0.013,    0.010,    0.013,    0.037,    0.004,    0.012,    0.010,    0.012,    0.035,    0.007,    0.016,    0.011,    0.016,    0.042,    0.006,    0.016,    0.011,    0.016,    0.044,    0.006,
       313,2020090618,    0.014,    0.008,    0.015,    0.037,    0.027,    0.013,    0.009,    0.014,    0.034,    0.031,    0.017,    0.012,    0.016,    0.043,    0.014,    0.017,    0.011,    0.016,    0.043,    0.014,
       313,2020090612,    0.012,    0.009,    0.013,    0.036,    0.021,    0.012,    0.010,    0.013,    0.028,    0.022,    0.015,    0.011,    0.015,    0.042,    0.018,    0.015,    0.011,    0.015,    0.043,    0.018,
       313,2020090606,    0.011,    0.009,    0.012,    0.034,    0.003,    0.011,    0.009,    0.012,    0.030,    0.008,    0.014,    0.011,    0.015,    0.037,    0.003,    0.014,    0.010,    0.015,    0.037,    0.003,
       313,2020090600,    0.011,    0.008,    0.012,    0.023,    0.008,    0.010,    0.008,    0.011,    0.020,    0.009,    0.014,    0.010,    0.015,    0.031,    0.014,    0.014,    0.010,    0.015,    0.031,    0.014,
       313,2020090518,    0.010,    0.007,    0.011,    0.025,    0.011,    0.010,    0.008,    0.011,    0.027,    0.012,    0.013,    0.011,    0.013,    0.036,    0.012,    0.013,    0.009,    0.013,    0.034,    0.012,
       313,2020090512,    0.012,    0.009,    0.012,    0.020,    0.005,    0.012,    0.010,    0.012,    0.024,    0.004,    0.016,    0.012,    0.017,    0.037,    0.005,    0.016,    0.011,    0.017,    0.031,    0.005,
       313,2020090506,    0.010,    0.007,    0.012,    0.017,    0.015,    0.011,    0.008,    0.012,    0.023,    0.015,    0.013,    0.010,    0.014,    0.032,    0.017,    0.013,    0.010,    0.014,    0.029,    0.017,
       313,2020090500,    0.013,    0.009,    0.014,    0.020,    0.039,    0.013,    0.009,    0.014,    0.025,    0.025,    0.017,    0.010,    0.018,    0.036, -999.000,    0.017,    0.011,    0.018,    0.033, -999.000,
       313,2020090418,    0.011,    0.007,    0.012,    0.022,    0.017,    0.011,    0.008,    0.012,    0.026,    0.007,    0.015,    0.010,    0.015,    0.039,    0.022,    0.015,    0.009,    0.015,    0.035,    0.022,
       313,2020090412,    0.011,    0.010,    0.011,    0.023,    0.007,    0.011,    0.010,    0.011,    0.027,    0.006,    0.015,    0.011,    0.015,    0.039,    0.008,    0.015,    0.011,    0.015,    0.035,    0.008,
       313,2020090406,    0.013,    0.008,    0.015,    0.012,    0.016,    0.013,    0.009,    0.015,    0.020,    0.017,    0.019,    0.012,    0.021,    0.035,    0.013,    0.019,    0.011,    0.021,    0.025,    0.013,
       313,2020090400,    0.013,    0.011,    0.013,    0.017,    0.000,    0.012,    0.011,    0.012,    0.031,    0.001,    0.018,    0.013,    0.018,    0.045,    0.001,    0.018,    0.014,    0.018,    0.033,    0.001,
       313,2020090318,    0.014,    0.009,    0.016,    0.019,    0.012,    0.014,    0.010,    0.016,    0.032,    0.010,    0.023,    0.013,    0.026,    0.046,    0.017,    0.023,    0.012,    0.026,    0.036,    0.017,
       313,2020090312,    0.013,    0.011,    0.013,    0.020,    0.001,    0.013,    0.011,    0.013,    0.023,    0.001,    0.017,    0.013,    0.017,    0.039,    0.001,    0.017,    0.013,    0.017,    0.037,    0.001,
       313,2020090306,    0.016,    0.010,    0.020,    0.016,    0.019,    0.016,    0.010,    0.019,    0.024,    0.020,    0.023,    0.013,    0.026,    0.045,    0.020,    0.023,    0.013,    0.026,    0.037,    0.020,
       313,2020090300,    0.016,    0.012,    0.017,    0.024,    0.018,    0.016,    0.012,    0.016,    0.034,    0.018,    0.023,    0.015,    0.023,    0.054,    0.021,    0.023,    0.017,    0.023,    0.044,    0.021,
       313,2020090218,    0.020,    0.010,    0.025,    0.033,    0.011,    0.020,    0.011,    0.023,    0.057,    0.015,    0.033,    0.016,    0.036,    0.070,    0.012,    0.033,    0.014,    0.036,    0.055,    0.012,
       313,2020090212,    0.017,    0.012,    0.018,    0.027,    0.007,    0.016,    0.012,    0.018,    0.029,    0.005,    0.024,    0.016,    0.024,    0.049,    0.005,    0.024,    0.016,    0.024,    0.050,    0.005,
       313,2020090206,    0.021,    0.013,    0.026,    0.020,    0.032,    0.021,    0.013,    0.025,    0.036,    0.034,    0.031,    0.017,    0.037,    0.057,    0.026,    0.031,    0.017,    0.037,    0.039,    0.026,
       313,2020090200,    0.017,    0.013,    0.019,    0.019,    0.017,    0.017,    0.012,    0.018,    0.024,    0.014,    0.024,    0.015,    0.025,    0.050,    0.019,    0.024,    0.015,    0.025,    0.043,    0.019,
       313,2020090118,    0.028,    0.014,    0.032,    0.056,    0.029,    0.028,    0.016,    0.032,    0.074,    0.027,    0.038,    0.022,    0.040,    0.084,    0.034,    0.038,    0.019,    0.040,    0.076,    0.034,
       313,2020090112,    0.023,    0.018,    0.025,    0.026,    0.024,    0.022,    0.017,    0.025,    0.033,    0.024,    0.031,    0.020,    0.033,    0.057,    0.024,    0.031,    0.021,    0.033,    0.049,    0.024,
       313,2020090106,    0.027,    0.018,    0.031,    0.039,    0.037,    0.025,    0.018,    0.029,    0.037,    0.046,    0.033,    0.024,    0.034,    0.059,    0.017,    0.033,    0.023,    0.034,    0.064,    0.017,
       313,2020090100,    0.023,    0.017,    0.025,    0.030,    0.035,    0.023,    0.017,    0.025,    0.044,    0.035,    0.034,    0.021,    0.037,    0.073,    0.031,    0.034,    0.021,    0.037,    0.059,    0.031,
       313,2020083118,    0.027,    0.016,    0.032,    0.038,    0.041,    0.027,    0.018,    0.030,    0.054,    0.038,    0.041,    0.022,    0.045,    0.079,    0.023,    0.041,    0.021,    0.045,    0.064,    0.023,
       313,2020083112,    0.025,    0.020,    0.027,    0.033,    0.009,    0.025,    0.021,    0.027,    0.020,    0.011,    0.038,    0.026,    0.041,    0.037,    0.009,    0.038,    0.024,    0.041,    0.058,    0.009,
       313,2020083106,    0.025,    0.018,    0.028,    0.030,    0.053,    0.024,    0.018,    0.027,    0.026,    0.051,    0.031,    0.021,    0.033,    0.046,    0.033,    0.031,    0.022,    0.033,    0.048,    0.033,
       313,2020083100,    0.024,    0.022,    0.026,    0.018,    0.005,    0.025,    0.021,    0.026,    0.013,    0.011,    0.034,    0.025,    0.037,    0.027,    0.004,    0.034,    0.026,    0.037,    0.033,    0.004,
       313,2020083018,    0.027,    0.021,    0.032,    0.014,    0.022,    0.027,    0.021,    0.031,    0.020,    0.019,    0.034,    0.028,    0.037,    0.039,    0.031,    0.034,    0.026,    0.037,    0.031,    0.031,
       313,2020083012,    0.028,    0.026,    0.028,    0.037,    0.007,    0.028,    0.025,    0.029,    0.029,    0.006,    0.034,    0.030,    0.034,    0.049,    0.007,    0.034,    0.031,    0.034,    0.058,    0.007,
       313,2020083006,    0.027,    0.022,    0.030,    0.022,    0.039,    0.027,    0.022,    0.030,    0.026,    0.041,    0.034,    0.027,    0.036,    0.047,    0.048,    0.034,    0.028,    0.036,    0.040,    0.048,
       313,2020083000,    0.025,    0.021,    0.027,    0.021,    0.050,    0.025,    0.020,    0.027,    0.020,    0.049,    0.032,    0.023,    0.035,    0.037,    0.056,    0.032,    0.024,    0.035,    0.034,    0.056,
