       246,2020092000,   -0.620,   -0.620,   -0.620,   -0.620, -999.000,   -0.620,   -0.620,   -0.620,   -0.620, -999.000, -999.000,    0.000, -999.000, -999.000, -999.000, -999.000, -999.000, -999.000, -999.000, -999.000,
       246,2020091918,   -0.623,   -0.623,   -0.623,   -0.623,   -0.623,   -0.623,   -0.623,   -0.623,   -0.623,   -0.623,    0.001,    0.000,    0.001,    0.000, -999.000,    0.001, -999.000,    0.001,    0.000, -999.000,
       246,2020091912,   -0.621,   -0.621,   -0.621,   -0.621,   -0.621,   -0.621,   -0.621,   -0.621,   -0.621, -999.000,    0.000, -999.000,    0.000, -999.000, -999.000,    0.000, -999.000,    0.000,    0.000, -999.000,
       246,2020091906,   -0.624,   -0.624,   -0.624,   -0.624,   -0.624,   -0.624,   -0.624,   -0.624,   -0.624,   -0.624, -999.000, -999.000, -999.000,    0.000, -999.000, -999.000,    0.000, -999.000, -999.000, -999.000,
       246,2020091900,   -0.624,   -0.624,   -0.624,   -0.624, -999.000,   -0.624,   -0.624,   -0.624,   -0.624, -999.000, -999.000,    0.000, -999.000, -999.000, -999.000, -999.000, -999.000, -999.000, -999.000, -999.000,
       246,2020091818,   -0.627,   -0.627,   -0.627,   -0.627,   -0.627,   -0.627,   -0.627,   -0.627,   -0.627,   -0.627, -999.000, -999.000, -999.000, -999.000, -999.000, -999.000,    0.000, -999.000, -999.000, -999.000,
       246,2020091812,   -0.625,   -0.625,   -0.625,   -0.625, -999.000,   -0.625,   -0.625,   -0.625,   -0.625, -999.000, -999.000, -999.000, -999.000, -999.000, -999.000, -999.000,    0.000, -999.000, -999.000, -999.000,
       246,2020091806,   -0.628,   -0.628,   -0.628,   -0.628,   -0.628,   -0.628,   -0.628,   -0.628,   -0.628,   -0.628, -999.000,    0.000, -999.000, -999.000, -999.000, -999.000, -999.000, -999.000, -999.000, -999.000,
       246,2020091800,   -0.626,   -0.626,   -0.626,   -0.626, -999.000,   -0.626,   -0.626,   -0.626,   -0.626, -999.000, -999.000,    0.000, -999.000, -999.000, -999.000, -999.000,    0.000, -999.000, -999.000, -999.000,
       246,2020091718,   -0.630,   -0.630,   -0.630,   -0.630, -999.000,   -0.630,   -0.630,   -0.630,   -0.630, -999.000, -999.000, -999.000, -999.000,    0.000, -999.000, -999.000,    0.000, -999.000,    0.000, -999.000,
       246,2020091712,   -0.627,   -0.627,   -0.627,   -0.627, -999.000,   -0.627,   -0.627,   -0.627,   -0.627, -999.000,    0.000, -999.000,    0.000, -999.000, -999.000,    0.000, -999.000,    0.000, -999.000, -999.000,
       246,2020091706,   -0.630,   -0.630,   -0.630,   -0.630,   -0.630,   -0.630,   -0.630,   -0.630,   -0.630,   -0.630,    0.001,    0.000,    0.001,    0.000, -999.000,    0.001, -999.000,    0.001,    0.001, -999.000,
       246,2020091700,   -0.628,   -0.628,   -0.628,   -0.628, -999.000,   -0.628,   -0.628,   -0.628,   -0.628, -999.000,    0.001,    0.000,    0.001,    0.000, -999.000,    0.001, -999.000,    0.001,    0.000, -999.000,
       246,2020091618,   -0.627,   -0.627,   -0.627,   -0.627,   -0.627,   -0.627,   -0.627,   -0.627,   -0.627,   -0.627,    0.001, -999.000,    0.000,    0.000, -999.000,    0.001, -999.000,    0.000,    0.000, -999.000,
       246,2020091612,   -0.626,   -0.626,   -0.626,   -0.626, -999.000,   -0.626,   -0.626,   -0.626,   -0.626,   -0.626, -999.000,    0.000, -999.000, -999.000, -999.000, -999.000,    0.000, -999.000, -999.000, -999.000,
       246,2020091606,   -0.626,   -0.626,   -0.626,   -0.626,   -0.626,   -0.626,   -0.626,   -0.626,   -0.626,   -0.626, -999.000, -999.000, -999.000, -999.000, -999.000, -999.000, -999.000, -999.000, -999.000, -999.000,
       246,2020091600,   -0.626,   -0.626,   -0.626,   -0.626,   -0.626,   -0.626,   -0.626,   -0.626,   -0.626,   -0.626, -999.000, -999.000, -999.000, -999.000, -999.000, -999.000, -999.000, -999.000, -999.000, -999.000,
       246,2020091518,   -0.624,   -0.624,   -0.624,   -0.624, -999.000,   -0.624,   -0.624,   -0.624,   -0.624, -999.000,    0.001, -999.000,    0.000,    0.000, -999.000,    0.001, -999.000,    0.000,    0.000, -999.000,
       246,2020091512,   -0.623,   -0.623,   -0.623,   -0.623,   -0.623,   -0.623,   -0.623,   -0.623,   -0.623,   -0.623,    0.001, -999.000,    0.000, -999.000, -999.000,    0.001, -999.000,    0.000, -999.000, -999.000,
       246,2020091506,   -0.623,   -0.623,   -0.623,   -0.623,   -0.623,   -0.623,   -0.623,   -0.623,   -0.623,   -0.623,    0.001,    0.000,    0.001,    0.000, -999.000,    0.001,    0.000,    0.001,    0.000, -999.000,
       246,2020091500,   -0.624,   -0.624,   -0.624,   -0.624, -999.000,   -0.624,   -0.624,   -0.624,   -0.624, -999.000, -999.000, -999.000, -999.000, -999.000, -999.000, -999.000, -999.000, -999.000, -999.000, -999.000,
       246,2020091418,   -0.623,   -0.623,   -0.623,   -0.623,   -0.623,   -0.623,   -0.623,   -0.623,   -0.623,   -0.623, -999.000, -999.000, -999.000,    0.000, -999.000, -999.000,    0.000, -999.000, -999.000, -999.000,
       246,2020091412,   -0.622,   -0.622,   -0.622,   -0.622, -999.000,   -0.622,   -0.622,   -0.622,   -0.622, -999.000,    0.000, -999.000,    0.000,    0.000, -999.000,    0.000, -999.000,    0.000, -999.000, -999.000,
       246,2020091406,   -0.621,   -0.621,   -0.621,   -0.621, -999.000,   -0.621,   -0.621,   -0.621,   -0.621,   -0.621, -999.000, -999.000, -999.000, -999.000, -999.000, -999.000, -999.000, -999.000, -999.000, -999.000,
       246,2020091400,   -0.622,   -0.622,   -0.622,   -0.622,   -0.622,   -0.622,   -0.622,   -0.622,   -0.622,   -0.622,    0.001, -999.000,    0.001,    0.000, -999.000,    0.001, -999.000,    0.001,    0.000, -999.000,
       246,2020091318,   -0.623,   -0.623,   -0.623,   -0.623,   -0.623,   -0.623,   -0.623,   -0.623,   -0.623,   -0.623,    0.000,    0.000,    0.000,    0.000, -999.000,    0.000,    0.000,    0.000,    0.000, -999.000,
       246,2020091312,   -0.620,   -0.620,   -0.620,   -0.620,   -0.620,   -0.620,   -0.620,   -0.620,   -0.620,   -0.620, -999.000,    0.000, -999.000, -999.000, -999.000, -999.000,    0.000, -999.000, -999.000, -999.000,
       246,2020091306,   -0.620,   -0.620,   -0.620,   -0.620, -999.000,   -0.620,   -0.620,   -0.620,   -0.620, -999.000,    0.000,    0.000, -999.000, -999.000, -999.000,    0.000,    0.000, -999.000,    0.000, -999.000,
       246,2020091300,   -0.622,   -0.622,   -0.622,   -0.622, -999.000,   -0.622,   -0.622,   -0.622,   -0.622, -999.000,    0.001,    0.000,    0.001,    0.000, -999.000,    0.001,    0.000,    0.001, -999.000, -999.000,
       246,2020091218,   -0.623,   -0.623,   -0.623,   -0.623,   -0.623,   -0.623,   -0.623,   -0.623,   -0.623, -999.000, -999.000, -999.000, -999.000, -999.000, -999.000, -999.000, -999.000, -999.000, -999.000, -999.000,
       246,2020091212,   -0.619,   -0.619,   -0.619,   -0.619,   -0.619,   -0.619,   -0.619,   -0.619,   -0.619, -999.000, -999.000, -999.000, -999.000, -999.000, -999.000, -999.000, -999.000, -999.000, -999.000, -999.000,
       246,2020091206,   -0.622,   -0.622,   -0.622,   -0.622,   -0.622,   -0.622,   -0.622,   -0.622,   -0.622,   -0.622,    0.000, -999.000,    0.000,    0.000, -999.000,    0.000,    0.000,    0.000,    0.000, -999.000,
       246,2020091200,   -0.625,   -0.625,   -0.625,   -0.625,   -0.625,   -0.625,   -0.625,   -0.625,   -0.625,   -0.625, -999.000,    0.000,    0.000, -999.000, -999.000, -999.000, -999.000,    0.000, -999.000, -999.000,
       246,2020091118,   -0.624,   -0.624,   -0.624,   -0.624, -999.000,   -0.624,   -0.624,   -0.624,   -0.624,   -0.624, -999.000,    0.000, -999.000, -999.000, -999.000, -999.000, -999.000, -999.000, -999.000, -999.000,
       246,2020091112,   -0.624,   -0.624,   -0.624,   -0.624,   -0.624,   -0.624,   -0.624,   -0.624,   -0.624,   -0.624, -999.000,    0.000,    0.000,    0.000, -999.000, -999.000,    0.000,    0.000, -999.000, -999.000,
       246,2020091106,   -0.625,   -0.625,   -0.625,   -0.625,   -0.625,   -0.625,   -0.625,   -0.625,   -0.625,   -0.625,    0.000,    0.000, -999.000, -999.000, -999.000,    0.000, -999.000, -999.000, -999.000, -999.000,
       246,2020091100,   -0.628,   -0.628,   -0.628,   -0.628, -999.000,   -0.628,   -0.628,   -0.628,   -0.628, -999.000,    0.001,    0.000,    0.000,    0.000, -999.000,    0.001,    0.000,    0.000,    0.000, -999.000,
       246,2020091018,   -0.628,   -0.628,   -0.628,   -0.628,   -0.628,   -0.628,   -0.628,   -0.628,   -0.628,   -0.628, -999.000, -999.000, -999.000, -999.000, -999.000, -999.000,    0.000, -999.000, -999.000, -999.000,
       246,2020091012,   -0.630,   -0.630,   -0.630,   -0.630,   -0.630,   -0.630,   -0.630,   -0.630,   -0.630,   -0.630, -999.000,    0.000, -999.000, -999.000, -999.000, -999.000,    0.000, -999.000, -999.000, -999.000,
       246,2020091006,   -0.629,   -0.629,   -0.629,   -0.629,   -0.629,   -0.629,   -0.629,   -0.629,   -0.629,   -0.629, -999.000,    0.000,    0.000, -999.000, -999.000, -999.000, -999.000,    0.000, -999.000, -999.000,
       246,2020091000,   -0.634,   -0.634,   -0.634,   -0.634,   -0.634,   -0.634,   -0.634,   -0.634,   -0.634, -999.000, -999.000,    0.000, -999.000,    0.000, -999.000, -999.000, -999.000, -999.000, -999.000, -999.000,
       246,2020090918,   -0.632,   -0.632,   -0.632,   -0.632,   -0.632,   -0.632,   -0.632,   -0.632,   -0.632,   -0.632, -999.000, -999.000, -999.000, -999.000, -999.000, -999.000,    0.000, -999.000, -999.000, -999.000,
       246,2020090912,   -0.632,   -0.632,   -0.632,   -0.632, -999.000,   -0.632,   -0.632,   -0.632,   -0.632, -999.000,    0.000,    0.000,    0.000,    0.000, -999.000,    0.000, -999.000,    0.000, -999.000, -999.000,
       246,2020090906,   -0.631,   -0.631,   -0.631,   -0.631,   -0.631,   -0.631,   -0.631,   -0.631,   -0.631,   -0.631,    0.000,    0.000, -999.000,    0.000,    0.000,    0.000, -999.000, -999.000,    0.000,    0.000,
       246,2020090900,   -0.632,   -0.632,   -0.632,   -0.632,   -0.632,   -0.632,   -0.632,   -0.632,   -0.632,   -0.632, -999.000, -999.000, -999.000, -999.000, -999.000, -999.000,    0.000, -999.000, -999.000, -999.000,
       246,2020090818,   -0.634,   -0.634,   -0.634,   -0.634, -999.000,   -0.634,   -0.634,   -0.634,   -0.634, -999.000,    0.000, -999.000,    0.000, -999.000, -999.000,    0.000, -999.000,    0.000,    0.000, -999.000,
       246,2020090812,   -0.633,   -0.633,   -0.633,   -0.633, -999.000,   -0.633,   -0.633,   -0.633,   -0.633, -999.000,    0.000,    0.000, -999.000, -999.000, -999.000,    0.000,    0.000, -999.000, -999.000, -999.000,
       246,2020090806,   -0.632,   -0.632,   -0.632,   -0.632,   -0.632,   -0.632,   -0.632,   -0.632,   -0.632,   -0.632, -999.000, -999.000, -999.000, -999.000, -999.000, -999.000, -999.000, -999.000, -999.000, -999.000,
       246,2020090800,   -0.634,   -0.634,   -0.634,   -0.634,   -0.634,   -0.634,   -0.634,   -0.634,   -0.634,   -0.634, -999.000,    0.000,    0.000, -999.000, -999.000, -999.000,    0.000,    0.000, -999.000, -999.000,
       246,2020090718,   -0.634,   -0.634,   -0.634,   -0.634, -999.000,   -0.634,   -0.634,   -0.634,   -0.634, -999.000, -999.000,    0.000, -999.000, -999.000, -999.000, -999.000, -999.000, -999.000,    0.000, -999.000,
       246,2020090712,   -0.634,   -0.634,   -0.634,   -0.634, -999.000,   -0.634,   -0.634,   -0.634,   -0.634, -999.000, -999.000,    0.000, -999.000, -999.000, -999.000, -999.000, -999.000, -999.000, -999.000, -999.000,
       246,2020090706,   -0.633,   -0.633,   -0.633,   -0.633,   -0.633,   -0.633,   -0.633,   -0.633,   -0.633,   -0.633,    0.000, -999.000,    0.000,    0.000, -999.000,    0.000, -999.000,    0.000,    0.000, -999.000,
       246,2020090700,   -0.639,   -0.639,   -0.639,   -0.639, -999.000,   -0.639,   -0.639,   -0.639,   -0.639, -999.000, -999.000,    0.000,    0.000,    0.000, -999.000, -999.000,    0.000,    0.000,    0.000, -999.000,
       246,2020090618,   -0.640,   -0.640,   -0.640,   -0.640,   -0.640,   -0.640,   -0.640,   -0.640,   -0.640, -999.000, -999.000, -999.000, -999.000, -999.000, -999.000, -999.000, -999.000, -999.000, -999.000, -999.000,
       246,2020090612,   -0.639,   -0.639,   -0.639,   -0.639,   -0.639,   -0.639,   -0.639,   -0.639,   -0.639,   -0.639,    0.001,    0.000,    0.001,    0.001, -999.000,    0.001,    0.000,    0.001,    0.000, -999.000,
       246,2020090606,   -0.638,   -0.638,   -0.638,   -0.638, -999.000,   -0.638,   -0.638,   -0.638,   -0.638, -999.000,    0.000, -999.000,    0.000,    0.000, -999.000,    0.000,    0.000,    0.000, -999.000, -999.000,
       246,2020090600,   -0.641,   -0.641,   -0.641,   -0.641,   -0.641,   -0.641,   -0.641,   -0.641,   -0.641,   -0.641,    0.000,    0.000,    0.000,    0.000, -999.000,    0.000,    0.000,    0.000, -999.000, -999.000,
       246,2020090518,   -0.640,   -0.640,   -0.640,   -0.640, -999.000,   -0.640,   -0.640,   -0.640,   -0.640, -999.000, -999.000,    0.000, -999.000, -999.000, -999.000, -999.000,    0.000, -999.000, -999.000, -999.000,
       246,2020090512,   -0.641,   -0.641,   -0.641,   -0.641,   -0.641,   -0.641,   -0.641,   -0.641,   -0.641,   -0.641, -999.000, -999.000, -999.000, -999.000, -999.000, -999.000,    0.000, -999.000, -999.000, -999.000,
       246,2020090506,   -0.640,   -0.640,   -0.640,   -0.640,   -0.640,   -0.640,   -0.640,   -0.640,   -0.640,   -0.640, -999.000, -999.000,    0.000, -999.000, -999.000, -999.000, -999.000,    0.000,    0.000, -999.000,
       246,2020090500,   -0.642,   -0.642,   -0.642,   -0.642, -999.000,   -0.642,   -0.642,   -0.642,   -0.642, -999.000, -999.000, -999.000, -999.000, -999.000, -999.000, -999.000,    0.000, -999.000,    0.000, -999.000,
       246,2020090418,   -0.642,   -0.642,   -0.642,   -0.642, -999.000,   -0.642,   -0.642,   -0.642,   -0.642, -999.000, -999.000, -999.000, -999.000,    0.000, -999.000, -999.000,    0.000, -999.000, -999.000, -999.000,
       246,2020090412,   -0.642,   -0.642,   -0.642,   -0.642,   -0.642,   -0.642,   -0.642,   -0.642,   -0.642, -999.000, -999.000,    0.000, -999.000,    0.000, -999.000, -999.000,    0.000, -999.000,    0.000, -999.000,
       246,2020090406,   -0.642,   -0.642,   -0.642,   -0.642,   -0.642,   -0.642,   -0.642,   -0.642,   -0.642,   -0.642, -999.000, -999.000, -999.000, -999.000, -999.000, -999.000,    0.000, -999.000, -999.000, -999.000,
       246,2020090400,   -0.645,   -0.645,   -0.645,   -0.645,   -0.645,   -0.645,   -0.645,   -0.645,   -0.645, -999.000,    0.000, -999.000,    0.000,    0.000, -999.000,    0.000, -999.000,    0.000,    0.000, -999.000,
       246,2020090318,   -0.647,   -0.647,   -0.647,   -0.647,   -0.647,   -0.647,   -0.647,   -0.647,   -0.647,   -0.647,    0.001,    0.000,    0.000,    0.000, -999.000,    0.001, -999.000,    0.000, -999.000, -999.000,
       246,2020090312,   -0.644,   -0.644,   -0.644,   -0.644,   -0.644,   -0.644,   -0.644,   -0.644,   -0.644, -999.000,    0.000, -999.000,    0.000, -999.000, -999.000,    0.000, -999.000,    0.000, -999.000, -999.000,
       246,2020090306,   -0.643,   -0.643,   -0.643,   -0.643,   -0.643,   -0.643,   -0.643,   -0.643,   -0.643,   -0.643,    0.000,    0.000,    0.000,    0.000, -999.000,    0.000, -999.000,    0.000, -999.000, -999.000,
       246,2020090300,   -0.644,   -0.644,   -0.644,   -0.644,   -0.644,   -0.644,   -0.644,   -0.644,   -0.644, -999.000, -999.000,    0.000, -999.000, -999.000, -999.000, -999.000,    0.000, -999.000, -999.000, -999.000,
       246,2020090218,   -0.644,   -0.644,   -0.644,   -0.644,   -0.644,   -0.644,   -0.644,   -0.644,   -0.644,   -0.644,    0.000, -999.000,    0.000,    0.000, -999.000,    0.000,    0.000,    0.000, -999.000, -999.000,
       246,2020090212,   -0.643,   -0.643,   -0.643,   -0.643, -999.000,   -0.643,   -0.643,   -0.643,   -0.643, -999.000, -999.000,    0.000, -999.000, -999.000, -999.000, -999.000, -999.000, -999.000, -999.000, -999.000,
       246,2020090206,   -0.642,   -0.642,   -0.642,   -0.642,   -0.642,   -0.642,   -0.642,   -0.642,   -0.642,   -0.642,    0.001, -999.000, -999.000,    0.000, -999.000,    0.001, -999.000, -999.000, -999.000, -999.000,
       246,2020090200,   -0.646,   -0.646,   -0.646,   -0.646, -999.000,   -0.646,   -0.646,   -0.646,   -0.646, -999.000,    0.000, -999.000,    0.000,    0.000, -999.000,    0.000, -999.000,    0.000,    0.000, -999.000,
       246,2020090118,   -0.646,   -0.646,   -0.646,   -0.646,   -0.646,   -0.646,   -0.646,   -0.646,   -0.646,   -0.646, -999.000,    0.000, -999.000, -999.000, -999.000, -999.000,    0.000, -999.000, -999.000, -999.000,
       246,2020090112,   -0.646,   -0.646,   -0.646,   -0.646,   -0.646,   -0.646,   -0.646,   -0.646,   -0.646,   -0.646,    0.000,    0.000,    0.000,    0.000, -999.000,    0.000, -999.000,    0.000, -999.000, -999.000,
       246,2020090106,   -0.644,   -0.644,   -0.644,   -0.644,   -0.644,   -0.644,   -0.644,   -0.644,   -0.644,   -0.644,    0.001, -999.000, -999.000,    0.000, -999.000,    0.001, -999.000, -999.000,    0.000, -999.000,
       246,2020090100,   -0.646,   -0.646,   -0.646,   -0.646, -999.000,   -0.646,   -0.646,   -0.646,   -0.646, -999.000, -999.000,    0.000, -999.000, -999.000, -999.000, -999.000,    0.000, -999.000,    0.000, -999.000,
       246,2020083118,   -0.647,   -0.647,   -0.647,   -0.647,   -0.647,   -0.647,   -0.647,   -0.647,   -0.647,   -0.647,    0.001, -999.000,    0.000, -999.000, -999.000,    0.001, -999.000,    0.000, -999.000, -999.000,
       246,2020083112,   -0.651,   -0.651,   -0.651,   -0.651,   -0.651,   -0.651,   -0.651,   -0.651,   -0.651,   -0.651,    0.001, -999.000,    0.001,    0.000, -999.000,    0.001, -999.000,    0.001,    0.000, -999.000,
       246,2020083106,   -0.650,   -0.650,   -0.650,   -0.650,   -0.650,   -0.650,   -0.650,   -0.650,   -0.650, -999.000,    0.001,    0.000,    0.000,    0.000, -999.000,    0.001, -999.000,    0.000,    0.000, -999.000,
       246,2020083100,   -0.649,   -0.649,   -0.649,   -0.649,   -0.649,   -0.649,   -0.649,   -0.649,   -0.649,   -0.649,    0.001,    0.000,    0.001,    0.000, -999.000,    0.001,    0.000,    0.001,    0.000, -999.000,
       246,2020083018,   -0.649,   -0.649,   -0.649,   -0.649,   -0.649,   -0.649,   -0.649,   -0.649,   -0.649, -999.000,    0.001,    0.000,    0.000,    0.000, -999.000,    0.001,    0.000,    0.000,    0.000, -999.000,
       246,2020083012,   -0.649,   -0.649,   -0.649,   -0.649, -999.000,   -0.649,   -0.649,   -0.649,   -0.649, -999.000,    0.001, -999.000,    0.001,    0.000, -999.000,    0.001, -999.000,    0.001, -999.000, -999.000,
       246,2020083006,   -0.652,   -0.652,   -0.652,   -0.652,   -0.652,   -0.652,   -0.652,   -0.652,   -0.652,   -0.652,    0.001, -999.000, -999.000, -999.000,    0.000,    0.001, -999.000, -999.000,    0.000,    0.000,
       246,2020083000,   -0.653,   -0.653,   -0.653, -999.000, -999.000,   -0.653, -999.000,   -0.653, -999.000, -999.000,    0.000, -999.000,    0.000, -999.000, -999.000,    0.000, -999.000,    0.000, -999.000, -999.000,
