        32,2020092000,   -0.001,   -0.012,   -0.003,    0.035,   -0.033,   -0.002,   -0.013,   -0.004,    0.031,   -0.004,    0.088,    0.091,    0.084,    0.096,    0.072,    0.088,    0.091,    0.084,    0.096,    0.072,
        32,2020091918,   -0.008,   -0.011,   -0.018,    0.049,    0.012,   -0.009,   -0.013,   -0.018,    0.046,    0.007,    0.093,    0.085,    0.088,    0.112,    0.086,    0.093,    0.084,    0.088,    0.112,    0.086,
        32,2020091912,    0.001,    0.002,   -0.004,    0.028,    0.048,    0.000,    0.001,   -0.004,    0.023,    0.048,    0.089,    0.091,    0.083,    0.112,    0.149,    0.089,    0.092,    0.083,    0.114,    0.149,
        32,2020091906,   -0.011,   -0.011,   -0.020,    0.037,   -0.009,   -0.013,   -0.013,   -0.021,    0.032,   -0.001,    0.091,    0.087,    0.086,    0.104,    0.094,    0.091,    0.086,    0.086,    0.105,    0.094,
        32,2020091900,   -0.002,   -0.005,   -0.008,    0.049,    0.023,   -0.003,   -0.006,   -0.010,    0.045,    0.023,    0.089,    0.093,    0.085,    0.100,    0.092,    0.089,    0.092,    0.085,    0.099,    0.092,
        32,2020091818,   -0.005,   -0.016,   -0.013,    0.056,    0.034,   -0.006,   -0.017,   -0.014,    0.053,    0.036,    0.091,    0.080,    0.086,    0.108,    0.097,    0.091,    0.079,    0.086,    0.108,    0.097,
        32,2020091812,    0.002,    0.015,   -0.008,    0.045,    0.046,    0.001,    0.014,   -0.009,    0.041,    0.045,    0.090,    0.091,    0.083,    0.107,    0.138,    0.090,    0.091,    0.083,    0.108,    0.138,
        32,2020091806,   -0.009,   -0.008,   -0.019,    0.042,    0.033,   -0.011,   -0.009,   -0.020,    0.040,    0.029,    0.090,    0.081,    0.087,    0.107,    0.111,    0.090,    0.080,    0.087,    0.107,    0.111,
        32,2020091800,   -0.001,   -0.010,   -0.011,    0.072,    0.008,   -0.003,   -0.011,   -0.013,    0.067,    0.007,    0.090,    0.085,    0.085,    0.096,    0.129,    0.090,    0.085,    0.085,    0.095,    0.129,
        32,2020091718,   -0.002,   -0.012,   -0.007,    0.045,   -0.021,   -0.003,   -0.013,   -0.008,    0.042,   -0.021,    0.089,    0.076,    0.087,    0.111,    0.091,    0.089,    0.076,    0.087,    0.112,    0.091,
        32,2020091712,   -0.001,    0.010,   -0.012,    0.053,    0.064,   -0.002,    0.007,   -0.014,    0.050,    0.063,    0.090,    0.086,    0.084,    0.104,    0.107,    0.090,    0.087,    0.084,    0.105,    0.107,
        32,2020091706,   -0.007,   -0.007,   -0.013,    0.027,   -0.012,   -0.008,   -0.009,   -0.014,    0.024,   -0.019,    0.089,    0.080,    0.088,    0.108,    0.094,    0.089,    0.079,    0.088,    0.108,    0.094,
        32,2020091700,   -0.003,   -0.019,   -0.009,    0.064,    0.059,   -0.005,   -0.019,   -0.011,    0.061,    0.044,    0.092,    0.084,    0.089,    0.099,    0.139,    0.092,    0.085,    0.089,    0.099,    0.139,
        32,2020091618,   -0.004,   -0.009,   -0.005,    0.011,   -0.004,   -0.006,   -0.010,   -0.007,    0.007,   -0.006,    0.087,    0.078,    0.088,    0.100,    0.105,    0.087,    0.078,    0.088,    0.101,    0.105,
        32,2020091612,   -0.005,    0.001,   -0.013,    0.032,    0.019,   -0.006,    0.000,   -0.014,    0.030,    0.025,    0.090,    0.085,    0.088,    0.094,    0.100,    0.090,    0.085,    0.088,    0.095,    0.100,
        32,2020091606,   -0.008,   -0.012,   -0.010,    0.014,    0.007,   -0.009,   -0.014,   -0.011,    0.011,    0.007,    0.088,    0.079,    0.089,    0.095,    0.095,    0.088,    0.079,    0.089,    0.095,    0.095,
        32,2020091600,   -0.011,   -0.022,   -0.015,    0.040,    0.008,   -0.012,   -0.023,   -0.015,    0.037,    0.005,    0.089,    0.085,    0.089,    0.083,    0.104,    0.089,    0.085,    0.089,    0.084,    0.104,
        32,2020091518,   -0.002,   -0.001,   -0.004,    0.006,    0.045,   -0.005,   -0.003,   -0.007,    0.003,    0.042,    0.086,    0.080,    0.085,    0.095,    0.087,    0.086,    0.080,    0.085,    0.095,    0.087,
        32,2020091512,   -0.006,    0.001,   -0.015,    0.033,    0.015,   -0.007,   -0.001,   -0.014,    0.033,    0.015,    0.094,    0.085,    0.094,    0.097,    0.089,    0.094,    0.086,    0.094,    0.098,    0.089,
        32,2020091506,   -0.006,   -0.009,   -0.010,    0.020,   -0.006,   -0.009,   -0.012,   -0.013,    0.016,   -0.006,    0.089,    0.082,    0.089,    0.102,    0.072,    0.089,    0.081,    0.089,    0.101,    0.072,
        32,2020091500,   -0.014,   -0.006,   -0.019,    0.006,    0.027,   -0.015,   -0.007,   -0.020,    0.004,    0.025,    0.092,    0.089,    0.093,    0.091,    0.091,    0.092,    0.089,    0.093,    0.090,    0.091,
        32,2020091418,   -0.000,   -0.007,   -0.002,    0.017,    0.014,   -0.003,   -0.010,   -0.005,    0.016,    0.009,    0.087,    0.082,    0.085,    0.103,    0.088,    0.087,    0.081,    0.085,    0.101,    0.088,
        32,2020091412,   -0.010,    0.004,   -0.020,    0.026,   -0.010,   -0.011,    0.003,   -0.020,    0.025,   -0.011,    0.096,    0.087,    0.094,    0.111,    0.097,    0.096,    0.088,    0.094,    0.109,    0.097,
        32,2020091406,   -0.003,   -0.007,   -0.006,    0.021,   -0.017,   -0.005,   -0.010,   -0.008,    0.018,   -0.030,    0.091,    0.079,    0.090,    0.116,    0.090,    0.091,    0.079,    0.090,    0.114,    0.090,
        32,2020091400,   -0.016,   -0.001,   -0.021,   -0.017,    0.007,   -0.019,   -0.002,   -0.024,   -0.021,    0.006,    0.092,    0.089,    0.093,    0.084,    0.092,    0.092,    0.089,    0.093,    0.083,    0.092,
        32,2020091318,    0.000,   -0.007,   -0.002,    0.024,    0.018,   -0.003,   -0.009,   -0.006,    0.022,    0.014,    0.088,    0.077,    0.089,    0.103,    0.101,    0.088,    0.077,    0.089,    0.101,    0.101,
        32,2020091312,   -0.009,    0.010,   -0.019,    0.020,    0.006,   -0.011,    0.008,   -0.020,    0.016,   -0.006,    0.097,    0.086,    0.096,    0.111,    0.110,    0.097,    0.087,    0.096,    0.110,    0.110,
        32,2020091306,   -0.006,    0.004,   -0.011,   -0.001,    0.029,   -0.008,    0.002,   -0.013,   -0.006,    0.029,    0.089,    0.079,    0.089,    0.110,    0.116,    0.089,    0.079,    0.089,    0.109,    0.116,
        32,2020091300,   -0.016,    0.003,   -0.021,   -0.025,   -0.001,   -0.019,    0.001,   -0.023,   -0.030,    0.002,    0.094,    0.083,    0.097,    0.087,    0.128,    0.094,    0.084,    0.097,    0.087,    0.128,
        32,2020091218,    0.001,   -0.004,   -0.001,    0.024,    0.027,    0.000,   -0.005,   -0.002,    0.022,    0.029,    0.091,    0.074,    0.094,    0.109,    0.110,    0.091,    0.074,    0.094,    0.108,    0.110,
        32,2020091212,   -0.009,    0.011,   -0.017,    0.014,   -0.029,   -0.011,    0.008,   -0.019,    0.012,   -0.031,    0.097,    0.086,    0.094,    0.123,    0.069,    0.097,    0.087,    0.094,    0.121,    0.069,
        32,2020091206,   -0.007,    0.003,   -0.010,   -0.020,   -0.002,   -0.009,   -0.000,   -0.011,   -0.024,   -0.005,    0.091,    0.081,    0.092,    0.109,    0.094,    0.091,    0.081,    0.092,    0.109,    0.094,
        32,2020091200,   -0.009,   -0.003,   -0.012,   -0.001,    0.045,   -0.012,   -0.005,   -0.014,   -0.004,    0.059,    0.093,    0.081,    0.093,    0.109,    0.109,    0.093,    0.081,    0.093,    0.109,    0.109,
        32,2020091118,   -0.001,   -0.005,   -0.003,    0.023,   -0.023,   -0.002,   -0.006,   -0.005,    0.023,   -0.026,    0.090,    0.075,    0.093,    0.108,    0.086,    0.090,    0.075,    0.093,    0.107,    0.086,
        32,2020091112,   -0.006,    0.004,   -0.012,    0.017,    0.002,   -0.007,    0.002,   -0.013,    0.014,    0.004,    0.093,    0.089,    0.089,    0.117,    0.073,    0.093,    0.090,    0.089,    0.116,    0.073,
        32,2020091106,   -0.014,   -0.008,   -0.016,   -0.020,   -0.003,   -0.016,   -0.010,   -0.017,   -0.023,   -0.012,    0.089,    0.079,    0.091,    0.097,    0.109,    0.089,    0.080,    0.091,    0.095,    0.109,
        32,2020091100,   -0.005,   -0.012,   -0.005,    0.012,   -0.043,   -0.007,   -0.013,   -0.007,    0.007,   -0.045,    0.090,    0.081,    0.089,    0.112,    0.070,    0.090,    0.080,    0.089,    0.109,    0.070,
        32,2020091018,   -0.003,   -0.003,   -0.008,    0.028,    0.030,   -0.004,   -0.005,   -0.010,    0.026,    0.026,    0.089,    0.082,    0.085,    0.112,    0.135,    0.089,    0.081,    0.085,    0.111,    0.135,
        32,2020091012,   -0.006,   -0.000,   -0.009,    0.003,    0.036,   -0.007,   -0.002,   -0.010,   -0.002,    0.036,    0.091,    0.086,    0.088,    0.116,    0.106,    0.091,    0.087,    0.088,    0.115,    0.106,
        32,2020091006,   -0.014,   -0.003,   -0.018,   -0.018,    0.035,   -0.016,   -0.005,   -0.020,   -0.021,    0.027,    0.087,    0.082,    0.087,    0.096,    0.128,    0.087,    0.082,    0.087,    0.095,    0.128,
        32,2020091000,   -0.006,   -0.007,   -0.008,    0.008,   -0.013,   -0.008,   -0.008,   -0.010,    0.005,   -0.014,    0.088,    0.083,    0.087,    0.107,    0.053,    0.088,    0.082,    0.087,    0.105,    0.053,
        32,2020090918,   -0.002,   -0.003,   -0.008,    0.025,    0.037,   -0.004,   -0.004,   -0.009,    0.024,    0.028,    0.085,    0.084,    0.083,    0.095,    0.104,    0.085,    0.083,    0.083,    0.094,    0.104,
        32,2020090912,   -0.007,   -0.002,   -0.010,    0.001,    0.046,   -0.009,   -0.005,   -0.012,   -0.001,    0.043,    0.090,    0.084,    0.088,    0.108,    0.098,    0.090,    0.085,    0.088,    0.108,    0.098,
        32,2020090906,   -0.009,   -0.005,   -0.009,   -0.012,    0.019,   -0.010,   -0.007,   -0.010,   -0.016,    0.028,    0.085,    0.080,    0.086,    0.088,    0.100,    0.085,    0.080,    0.086,    0.088,    0.100,
        32,2020090900,   -0.009,    0.003,   -0.013,   -0.007,    0.056,   -0.011,    0.002,   -0.015,   -0.012,    0.054,    0.087,    0.084,    0.086,    0.097,    0.107,    0.087,    0.083,    0.086,    0.096,    0.107,
        32,2020090818,   -0.003,   -0.007,   -0.005,    0.012,    0.053,   -0.005,   -0.009,   -0.006,    0.009,    0.055,    0.086,    0.079,    0.087,    0.091,    0.108,    0.086,    0.080,    0.087,    0.090,    0.108,
        32,2020090812,   -0.010,    0.001,   -0.014,    0.000,   -0.034,   -0.011,   -0.001,   -0.016,   -0.005,   -0.035,    0.088,    0.084,    0.085,    0.106,    0.056,    0.088,    0.084,    0.085,    0.106,    0.056,
        32,2020090806,   -0.010,    0.001,   -0.014,   -0.018,    0.041,   -0.011,   -0.001,   -0.014,   -0.021,    0.040,    0.088,    0.082,    0.088,    0.100,    0.087,    0.088,    0.082,    0.088,    0.097,    0.087,
        32,2020090800,   -0.012,    0.001,   -0.014,   -0.025,    0.050,   -0.014,   -0.001,   -0.015,   -0.031,    0.050,    0.083,    0.079,    0.084,    0.081,    0.197,    0.083,    0.079,    0.084,    0.080,    0.197,
        32,2020090718,   -0.008,   -0.010,   -0.008,    0.001,    0.010,   -0.008,   -0.012,   -0.008,   -0.003,    0.009,    0.087,    0.078,    0.088,    0.100,    0.102,    0.087,    0.078,    0.088,    0.098,    0.102,
        32,2020090712,   -0.005,    0.010,   -0.011,    0.009,   -0.009,   -0.005,    0.009,   -0.011,    0.006,   -0.008,    0.088,    0.087,    0.084,    0.104,    0.088,    0.088,    0.087,    0.084,    0.104,    0.088,
        32,2020090706,   -0.015,   -0.009,   -0.015,   -0.025,    0.012,   -0.016,   -0.011,   -0.016,   -0.032,    0.010,    0.089,    0.078,    0.091,    0.104,    0.085,    0.089,    0.078,    0.091,    0.104,    0.085,
        32,2020090700,   -0.009,   -0.004,   -0.010,   -0.009,   -0.001,   -0.010,   -0.005,   -0.011,   -0.016,   -0.002,    0.085,    0.078,    0.087,    0.081,    0.074,    0.085,    0.078,    0.087,    0.079,    0.074,
        32,2020090618,   -0.007,   -0.015,   -0.005,   -0.002,    0.018,   -0.009,   -0.017,   -0.006,   -0.007,    0.017,    0.087,    0.077,    0.090,    0.098,    0.098,    0.087,    0.076,    0.090,    0.096,    0.098,
        32,2020090612,   -0.004,    0.005,   -0.008,    0.011,    0.110,   -0.005,    0.004,   -0.008,    0.006,    0.098,    0.087,    0.083,    0.085,    0.100,    0.097,    0.087,    0.084,    0.085,    0.098,    0.097,
        32,2020090606,   -0.014,   -0.013,   -0.013,   -0.017,    0.014,   -0.015,   -0.015,   -0.014,   -0.023,    0.012,    0.091,    0.079,    0.094,    0.108,    0.096,    0.091,    0.079,    0.094,    0.108,    0.096,
        32,2020090600,   -0.013,   -0.011,   -0.014,   -0.009,    0.002,   -0.015,   -0.011,   -0.015,   -0.016,    0.002,    0.084,    0.077,    0.086,    0.079,    0.073,    0.084,    0.077,    0.086,    0.078,    0.073,
        32,2020090518,   -0.004,   -0.013,   -0.003,    0.009,   -0.010,   -0.005,   -0.014,   -0.004,    0.006,   -0.010,    0.088,    0.077,    0.089,    0.105,    0.097,    0.088,    0.077,    0.089,    0.103,    0.097,
        32,2020090512,   -0.007,   -0.000,   -0.014,    0.023,    0.002,   -0.008,   -0.001,   -0.014,    0.021,    0.001,    0.090,    0.079,    0.089,    0.106,    0.100,    0.090,    0.080,    0.089,    0.104,    0.100,
        32,2020090506,   -0.013,   -0.012,   -0.015,    0.000,    0.011,   -0.014,   -0.013,   -0.016,   -0.006,    0.010,    0.093,    0.078,    0.095,    0.113,    0.110,    0.093,    0.078,    0.095,    0.112,    0.110,
        32,2020090500,   -0.019,   -0.015,   -0.022,   -0.002,   -0.014,   -0.020,   -0.014,   -0.023,   -0.007,   -0.017,    0.088,    0.078,    0.091,    0.093,    0.078,    0.088,    0.078,    0.091,    0.092,    0.078,
        32,2020090418,    0.000,   -0.006,   -0.005,    0.043,    0.044,   -0.000,   -0.007,   -0.005,    0.041,    0.044,    0.094,    0.086,    0.091,    0.118,    0.095,    0.094,    0.087,    0.091,    0.116,    0.095,
        32,2020090412,   -0.011,   -0.005,   -0.020,    0.037,    0.005,   -0.011,   -0.006,   -0.019,    0.034,    0.005,    0.094,    0.078,    0.091,    0.134,    0.153,    0.094,    0.078,    0.091,    0.130,    0.153,
        32,2020090406,   -0.016,   -0.015,   -0.020,    0.005,   -0.003,   -0.017,   -0.017,   -0.020,   -0.004,   -0.005,    0.097,    0.084,    0.095,    0.133,    0.106,    0.097,    0.084,    0.095,    0.133,    0.106,
        32,2020090400,   -0.015,   -0.008,   -0.020,    0.012,    0.049,   -0.016,   -0.009,   -0.021,    0.007,    0.048,    0.092,    0.082,    0.092,    0.112,    0.116,    0.092,    0.082,    0.092,    0.110,    0.116,
        32,2020090318,   -0.005,   -0.015,   -0.013,    0.060,   -0.005,   -0.006,   -0.017,   -0.013,    0.056,   -0.008,    0.097,    0.082,    0.093,    0.126,    0.094,    0.097,    0.082,    0.093,    0.122,    0.094,
        32,2020090312,   -0.007,   -0.003,   -0.017,    0.051,    0.008,   -0.007,   -0.003,   -0.016,    0.047,    0.010,    0.098,    0.082,    0.091,    0.144,    0.097,    0.098,    0.082,    0.091,    0.139,    0.097,
        32,2020090306,   -0.019,   -0.016,   -0.022,   -0.011,    0.005,   -0.020,   -0.017,   -0.022,   -0.018,   -0.001,    0.093,    0.086,    0.090,    0.125,    0.124,    0.093,    0.086,    0.090,    0.123,    0.124,
        32,2020090300,   -0.011,   -0.006,   -0.018,    0.029,    0.068,   -0.011,   -0.006,   -0.018,    0.028,    0.067,    0.094,    0.084,    0.091,    0.128,    0.113,    0.094,    0.084,    0.091,    0.122,    0.113,
        32,2020090218,   -0.008,   -0.023,   -0.012,    0.052,    0.017,   -0.009,   -0.024,   -0.012,    0.048,    0.017,    0.095,    0.081,    0.089,    0.133,    0.118,    0.095,    0.080,    0.089,    0.130,    0.118,
        32,2020090212,   -0.004,    0.005,   -0.014,    0.043,    0.046,   -0.003,    0.005,   -0.012,    0.038,    0.045,    0.096,    0.085,    0.091,    0.127,    0.132,    0.096,    0.085,    0.091,    0.124,    0.132,
        32,2020090206,   -0.025,   -0.016,   -0.026,   -0.044,    0.002,   -0.026,   -0.019,   -0.025,   -0.050,    0.001,    0.088,    0.083,    0.090,    0.082,    0.104,    0.088,    0.083,    0.090,    0.084,    0.104,
        32,2020090200,   -0.008,   -0.008,   -0.015,    0.032,    0.032,   -0.007,   -0.008,   -0.012,    0.028,    0.032,    0.092,    0.081,    0.089,    0.120,    0.114,    0.092,    0.080,    0.089,    0.118,    0.114,
        32,2020090118,   -0.010,   -0.020,   -0.011,    0.019,   -0.018,   -0.011,   -0.021,   -0.010,    0.013,   -0.019,    0.095,    0.079,    0.094,    0.123,    0.109,    0.095,    0.079,    0.094,    0.124,    0.109,
        32,2020090112,   -0.006,    0.000,   -0.013,    0.030,    0.060,   -0.006,   -0.001,   -0.012,    0.025,    0.058,    0.092,    0.086,    0.090,    0.109,    0.087,    0.092,    0.086,    0.090,    0.109,    0.087,
        32,2020090106,   -0.020,   -0.011,   -0.023,   -0.033,    0.045,   -0.022,   -0.013,   -0.023,   -0.042,    0.047,    0.092,    0.083,    0.095,    0.089,    0.130,    0.092,    0.083,    0.095,    0.090,    0.130,
        32,2020090100,   -0.008,   -0.018,   -0.011,    0.023,    0.039,   -0.007,   -0.019,   -0.008,    0.020,    0.038,    0.092,    0.079,    0.093,    0.106,    0.103,    0.092,    0.079,    0.093,    0.103,    0.103,
        32,2020083118,   -0.011,   -0.014,   -0.014,    0.014,   -0.011,   -0.011,   -0.015,   -0.012,    0.009,   -0.014,    0.093,    0.080,    0.094,    0.110,    0.108,    0.093,    0.081,    0.094,    0.110,    0.108,
        32,2020083112,   -0.010,   -0.005,   -0.016,    0.020,    0.004,   -0.009,   -0.006,   -0.014,    0.014,    0.004,    0.090,    0.086,    0.089,    0.090,    0.065,    0.090,    0.086,    0.089,    0.090,    0.065,
        32,2020083106,   -0.020,   -0.009,   -0.025,   -0.014,    0.076,   -0.022,   -0.010,   -0.027,   -0.019,    0.074,    0.091,    0.082,    0.095,    0.088,    0.080,    0.091,    0.082,    0.095,    0.087,    0.080,
        32,2020083100,   -0.011,   -0.020,   -0.010,    0.006,    0.038,   -0.011,   -0.021,   -0.010,    0.000,    0.054,    0.092,    0.081,    0.094,    0.103,    0.087,    0.092,    0.081,    0.094,    0.102,    0.087,
        32,2020083018,   -0.007,   -0.002,   -0.012,    0.005,   -0.005,   -0.009,   -0.004,   -0.013,   -0.001,   -0.005,    0.089,    0.084,    0.090,    0.091,    0.096,    0.089,    0.083,    0.090,    0.089,    0.096,
        32,2020083012,   -0.010,   -0.005,   -0.017,    0.025,    0.021,   -0.011,   -0.006,   -0.018,    0.023,    0.022,    0.088,    0.084,    0.090,    0.077,    0.063,    0.088,    0.084,    0.090,    0.076,    0.063,
        32,2020083006,   -0.016,   -0.007,   -0.024,    0.009,    0.023,   -0.017,   -0.008,   -0.024,    0.006,    0.016,    0.091,    0.082,    0.092,    0.104,    0.101,    0.091,    0.082,    0.092,    0.100,    0.101,
        32,2020083000,   -0.014,   -0.008,   -0.017,   -0.008,    0.021,   -0.016,   -0.009,   -0.019,   -0.016,    0.022,    0.090,    0.082,    0.093,    0.090,    0.081,    0.090,    0.082,    0.093,    0.087,    0.081,
