       139,2020092000,    0.012,    0.009,    0.011,    0.045, -999.000,    0.014,    0.009,    0.013,    0.048, -999.000,    0.015,    0.011,    0.014,    0.019, -999.000,    0.015,    0.013,    0.014,    0.015, -999.000,
       139,2020091918,    0.017,    0.014,    0.016,    0.053,    0.008,    0.020,    0.015,    0.019,    0.055,    0.008,    0.021,    0.019,    0.019,    0.024,    0.004,    0.021,    0.019,    0.019,    0.023,    0.004,
       139,2020091912,    0.012,    0.011,    0.010,    0.049,    0.067,    0.013,    0.013,    0.013,    0.053, -999.000,    0.017,    0.018,    0.015,    0.018, -999.000,    0.017,    0.016,    0.015,    0.018, -999.000,
       139,2020091906,    0.019,    0.018,    0.018,    0.048,    0.033,    0.022,    0.016,    0.023,    0.050,    0.024,    0.024,    0.024,    0.022,    0.018,    0.017,    0.024,    0.027,    0.022,    0.016,    0.017,
       139,2020091900,    0.011,    0.008,    0.010,    0.046, -999.000,    0.012,    0.009,    0.011,    0.050, -999.000,    0.015,    0.011,    0.015,    0.020, -999.000,    0.015,    0.008,    0.015,    0.016, -999.000,
       139,2020091818,    0.022,    0.019,    0.021,    0.053,    0.044,    0.026,    0.019,    0.026,    0.058,    0.089,    0.025,    0.025,    0.024,    0.025,    0.003,    0.025,    0.025,    0.024,    0.023,    0.003,
       139,2020091812,    0.013,    0.011,    0.011,    0.056, -999.000,    0.014,    0.013,    0.012,    0.058, -999.000,    0.017,    0.016,    0.014,    0.020, -999.000,    0.017,    0.014,    0.014,    0.020, -999.000,
       139,2020091806,    0.017,    0.015,    0.017,    0.044,    0.021,    0.020,    0.016,    0.021,    0.046,    0.121,    0.022,    0.022,    0.022,    0.013,    0.029,    0.022,    0.021,    0.022,    0.010,    0.029,
       139,2020091800,    0.012,    0.009,    0.011,    0.046, -999.000,    0.014,    0.009,    0.014,    0.055, -999.000,    0.017,    0.010,    0.017,    0.021, -999.000,    0.017,    0.011,    0.017,    0.017, -999.000,
       139,2020091718,    0.020,    0.015,    0.018,    0.058, -999.000,    0.022,    0.015,    0.024,    0.060, -999.000,    0.024,    0.017,    0.024,    0.022, -999.000,    0.024,    0.018,    0.024,    0.020, -999.000,
       139,2020091712,    0.012,    0.013,    0.010,    0.054, -999.000,    0.013,    0.015,    0.011,    0.055, -999.000,    0.017,    0.018,    0.014,    0.018, -999.000,    0.017,    0.021,    0.014,    0.020, -999.000,
       139,2020091706,    0.019,    0.014,    0.019,    0.051,    0.021,    0.021,    0.014,    0.023,    0.047,    0.002,    0.021,    0.017,    0.022,    0.018,    0.029,    0.021,    0.016,    0.022,    0.017,    0.029,
       139,2020091700,    0.012,    0.008,    0.011,    0.053, -999.000,    0.013,    0.008,    0.012,    0.063, -999.000,    0.016,    0.011,    0.014,    0.020, -999.000,    0.016,    0.014,    0.014,    0.020, -999.000,
       139,2020091618,    0.017,    0.016,    0.016,    0.047,    0.043,    0.021,    0.015,    0.020,    0.063,    0.037,    0.022,    0.019,    0.021,    0.023,    0.015,    0.022,    0.019,    0.021,    0.018,    0.015,
       139,2020091612,    0.013,    0.015,    0.012,    0.048, -999.000,    0.014,    0.016,    0.013,    0.052,    0.020,    0.017,    0.019,    0.015,    0.023, -999.000,    0.017,    0.018,    0.015,    0.018, -999.000,
       139,2020091606,    0.020,    0.015,    0.020,    0.047,    0.070,    0.022,    0.013,    0.023,    0.046,    0.068,    0.023,    0.019,    0.021,    0.019,    0.050,    0.023,    0.024,    0.021,    0.018,    0.050,
       139,2020091600,    0.013,    0.010,    0.012,    0.049,    0.072,    0.014,    0.010,    0.013,    0.061,    0.075,    0.016,    0.012,    0.015,    0.023, -999.000,    0.016,    0.013,    0.015,    0.022, -999.000,
       139,2020091518,    0.018,    0.013,    0.016,    0.058, -999.000,    0.022,    0.014,    0.021,    0.066, -999.000,    0.022,    0.018,    0.019,    0.025, -999.000,    0.022,    0.019,    0.019,    0.023, -999.000,
       139,2020091512,    0.015,    0.014,    0.012,    0.058,    0.034,    0.016,    0.015,    0.014,    0.068,    0.008,    0.019,    0.017,    0.016,    0.023, -999.000,    0.019,    0.017,    0.016,    0.023, -999.000,
       139,2020091506,    0.020,    0.014,    0.019,    0.057,    0.020,    0.021,    0.013,    0.022,    0.060,    0.007,    0.023,    0.019,    0.020,    0.025,    0.018,    0.023,    0.020,    0.020,    0.025,    0.018,
       139,2020091500,    0.014,    0.013,    0.013,    0.042, -999.000,    0.016,    0.014,    0.015,    0.047, -999.000,    0.017,    0.018,    0.017,    0.024, -999.000,    0.017,    0.017,    0.017,    0.022, -999.000,
       139,2020091418,    0.020,    0.018,    0.018,    0.061,    0.005,    0.024,    0.021,    0.021,    0.070,    0.043,    0.025,    0.026,    0.022,    0.025, -999.000,    0.025,    0.024,    0.022,    0.026, -999.000,
       139,2020091412,    0.017,    0.016,    0.016,    0.062, -999.000,    0.018,    0.015,    0.017,    0.067, -999.000,    0.022,    0.021,    0.020,    0.025, -999.000,    0.022,    0.023,    0.020,    0.024, -999.000,
       139,2020091406,    0.018,    0.015,    0.017,    0.058, -999.000,    0.020,    0.015,    0.020,    0.058,    0.047,    0.023,    0.024,    0.020,    0.023, -999.000,    0.023,    0.024,    0.020,    0.023, -999.000,
       139,2020091400,    0.013,    0.011,    0.012,    0.055,    0.050,    0.016,    0.011,    0.016,    0.064,    0.043,    0.018,    0.011,    0.017,    0.019, -999.000,    0.018,    0.011,    0.017,    0.018, -999.000,
       139,2020091318,    0.023,    0.017,    0.022,    0.056,    0.018,    0.026,    0.016,    0.026,    0.068,    0.070,    0.026,    0.019,    0.026,    0.024,    0.008,    0.026,    0.021,    0.026,    0.023,    0.008,
       139,2020091312,    0.015,    0.015,    0.013,    0.060,    0.002,    0.017,    0.017,    0.016,    0.064,    0.002,    0.020,    0.021,    0.017,    0.023, -999.000,    0.020,    0.020,    0.017,    0.023, -999.000,
       139,2020091306,    0.020,    0.014,    0.020,    0.064, -999.000,    0.023,    0.016,    0.024,    0.060, -999.000,    0.026,    0.025,    0.025,    0.023, -999.000,    0.026,    0.021,    0.025,    0.024, -999.000,
       139,2020091300,    0.014,    0.012,    0.013,    0.053, -999.000,    0.016,    0.011,    0.015,    0.061, -999.000,    0.020,    0.014,    0.018,    0.026, -999.000,    0.020,    0.017,    0.018,    0.021, -999.000,
       139,2020091218,    0.025,    0.022,    0.023,    0.068,    0.023,    0.027,    0.021,    0.027,    0.060,    0.128,    0.028,    0.025,    0.026,    0.029, -999.000,    0.028,    0.029,    0.026,    0.020, -999.000,
       139,2020091212,    0.014,    0.015,    0.012,    0.062,    0.008,    0.016,    0.015,    0.015,    0.064, -999.000,    0.020,    0.022,    0.017,    0.027, -999.000,    0.020,    0.022,    0.017,    0.022, -999.000,
       139,2020091206,    0.021,    0.019,    0.021,    0.060,    0.021,    0.024,    0.018,    0.025,    0.056,    0.013,    0.025,    0.025,    0.024,    0.018,    0.013,    0.025,    0.025,    0.024,    0.018,    0.013,
       139,2020091200,    0.014,    0.011,    0.012,    0.058,    0.008,    0.016,    0.013,    0.015,    0.059,    0.086,    0.020,    0.024,    0.018,    0.030, -999.000,    0.020,    0.018,    0.018,    0.027, -999.000,
       139,2020091118,    0.024,    0.017,    0.024,    0.066, -999.000,    0.030,    0.018,    0.032,    0.074,    0.023,    0.028,    0.023,    0.028,    0.026, -999.000,    0.028,    0.022,    0.028,    0.021, -999.000,
       139,2020091112,    0.015,    0.015,    0.013,    0.065,    0.027,    0.017,    0.019,    0.015,    0.066,    0.017,    0.020,    0.026,    0.016,    0.025,    0.013,    0.020,    0.021,    0.016,    0.021,    0.013,
       139,2020091106,    0.026,    0.017,    0.027,    0.064,    0.018,    0.028,    0.014,    0.031,    0.068,    0.035,    0.029,    0.020,    0.029,    0.025, -999.000,    0.029,    0.024,    0.029,    0.023, -999.000,
       139,2020091100,    0.015,    0.011,    0.014,    0.066, -999.000,    0.017,    0.011,    0.016,    0.061, -999.000,    0.021,    0.013,    0.019,    0.025, -999.000,    0.021,    0.014,    0.019,    0.022, -999.000,
       139,2020091018,    0.025,    0.016,    0.024,    0.064,    0.074,    0.030,    0.013,    0.030,    0.071,    0.054,    0.028,    0.018,    0.027,    0.024,    0.095,    0.028,    0.022,    0.027,    0.023,    0.095,
       139,2020091012,    0.017,    0.018,    0.015,    0.066,    0.003,    0.019,    0.018,    0.017,    0.070,    0.002,    0.023,    0.024,    0.020,    0.026,    0.004,    0.023,    0.024,    0.020,    0.025,    0.004,
       139,2020091006,    0.026,    0.018,    0.027,    0.049,    0.091,    0.029,    0.016,    0.032,    0.061,    0.089,    0.028,    0.021,    0.029,    0.021, -999.000,    0.028,    0.025,    0.029,    0.020, -999.000,
       139,2020091000,    0.016,    0.015,    0.015,    0.063,    0.004,    0.019,    0.014,    0.019,    0.068, -999.000,    0.021,    0.018,    0.020,    0.027, -999.000,    0.021,    0.022,    0.020,    0.022, -999.000,
       139,2020090918,    0.024,    0.017,    0.022,    0.067,    0.100,    0.026,    0.017,    0.026,    0.068,    0.082,    0.028,    0.022,    0.026,    0.026,    0.020,    0.028,    0.023,    0.026,    0.026,    0.020,
       139,2020090912,    0.019,    0.017,    0.017,    0.066, -999.000,    0.021,    0.019,    0.020,    0.070, -999.000,    0.025,    0.022,    0.024,    0.023, -999.000,    0.025,    0.022,    0.024,    0.020, -999.000,
       139,2020090906,    0.023,    0.017,    0.024,    0.061,    0.073,    0.027,    0.018,    0.028,    0.063,    0.080,    0.027,    0.023,    0.027,    0.023,    0.037,    0.027,    0.022,    0.027,    0.023,    0.037,
       139,2020090900,    0.017,    0.014,    0.016,    0.065,    0.014,    0.020,    0.016,    0.020,    0.066,    0.168,    0.023,    0.019,    0.022,    0.021, -999.000,    0.023,    0.019,    0.022,    0.021, -999.000,
       139,2020090818,    0.026,    0.022,    0.025,    0.066, -999.000,    0.030,    0.019,    0.030,    0.079, -999.000,    0.030,    0.025,    0.029,    0.023, -999.000,    0.030,    0.031,    0.029,    0.019, -999.000,
       139,2020090812,    0.018,    0.019,    0.015,    0.064, -999.000,    0.019,    0.020,    0.017,    0.071, -999.000,    0.024,    0.026,    0.021,    0.022, -999.000,    0.024,    0.025,    0.021,    0.020, -999.000,
       139,2020090806,    0.026,    0.021,    0.026,    0.073,    0.000,    0.029,    0.019,    0.031,    0.075,    0.000,    0.033,    0.028,    0.033,    0.023, -999.000,    0.033,    0.029,    0.033,    0.021, -999.000,
       139,2020090800,    0.016,    0.016,    0.014,    0.072,    0.052,    0.018,    0.015,    0.018,    0.071,    0.070,    0.022,    0.018,    0.019,    0.029, -999.000,    0.022,    0.022,    0.019,    0.029, -999.000,
       139,2020090718,    0.030,    0.018,    0.031,    0.082, -999.000,    0.034,    0.017,    0.036,    0.082, -999.000,    0.036,    0.023,    0.036,    0.026, -999.000,    0.036,    0.027,    0.036,    0.027, -999.000,
       139,2020090712,    0.018,    0.019,    0.015,    0.076, -999.000,    0.020,    0.020,    0.017,    0.079, -999.000,    0.024,    0.026,    0.020,    0.023, -999.000,    0.024,    0.027,    0.020,    0.024, -999.000,
       139,2020090706,    0.025,    0.016,    0.027,    0.056,    0.053,    0.027,    0.014,    0.032,    0.066,    0.035,    0.030,    0.018,    0.032,    0.022,    0.048,    0.030,    0.022,    0.032,    0.024,    0.048,
       139,2020090700,    0.019,    0.013,    0.018,    0.070, -999.000,    0.022,    0.014,    0.021,    0.076, -999.000,    0.026,    0.019,    0.024,    0.030, -999.000,    0.026,    0.023,    0.024,    0.027, -999.000,
       139,2020090618,    0.030,    0.018,    0.030,    0.085,    0.020,    0.034,    0.020,    0.035,    0.091, -999.000,    0.034,    0.027,    0.032,    0.026, -999.000,    0.034,    0.027,    0.032,    0.030, -999.000,
       139,2020090612,    0.019,    0.014,    0.016,    0.076,    0.028,    0.019,    0.017,    0.017,    0.078,    0.025,    0.027,    0.027,    0.022,    0.027, -999.000,    0.027,    0.025,    0.022,    0.027, -999.000,
       139,2020090606,    0.026,    0.015,    0.028,    0.070, -999.000,    0.030,    0.016,    0.034,    0.067,    0.146,    0.030,    0.022,    0.030,    0.032, -999.000,    0.030,    0.021,    0.030,    0.031, -999.000,
       139,2020090600,    0.018,    0.013,    0.017,    0.063,    0.040,    0.019,    0.014,    0.018,    0.065,    0.039,    0.024,    0.022,    0.022,    0.028, -999.000,    0.024,    0.024,    0.022,    0.020, -999.000,
       139,2020090518,    0.027,    0.019,    0.026,    0.083, -999.000,    0.030,    0.018,    0.031,    0.089, -999.000,    0.030,    0.024,    0.029,    0.029, -999.000,    0.030,    0.025,    0.029,    0.032, -999.000,
       139,2020090512,    0.020,    0.019,    0.017,    0.069,    0.021,    0.023,    0.021,    0.021,    0.077,    0.005,    0.026,    0.029,    0.024,    0.030,    0.025,    0.026,    0.025,    0.024,    0.025,    0.025,
       139,2020090506,    0.025,    0.015,    0.026,    0.074,    0.021,    0.030,    0.016,    0.033,    0.076,    0.021,    0.029,    0.025,    0.029,    0.026, -999.000,    0.029,    0.024,    0.029,    0.026, -999.000,
       139,2020090500,    0.018,    0.017,    0.017,    0.079, -999.000,    0.022,    0.019,    0.020,    0.083, -999.000,    0.026,    0.024,    0.024,    0.033, -999.000,    0.026,    0.022,    0.024,    0.033, -999.000,
       139,2020090418,    0.025,    0.018,    0.023,    0.096, -999.000,    0.029,    0.019,    0.027,    0.094, -999.000,    0.030,    0.023,    0.027,    0.030, -999.000,    0.030,    0.023,    0.027,    0.027, -999.000,
       139,2020090412,    0.021,    0.021,    0.018,    0.086,    0.000,    0.023,    0.021,    0.020,    0.088, -999.000,    0.028,    0.030,    0.024,    0.031, -999.000,    0.028,    0.028,    0.024,    0.034, -999.000,
       139,2020090406,    0.027,    0.022,    0.027,    0.076,    0.052,    0.032,    0.021,    0.035,    0.073,    0.040,    0.034,    0.028,    0.034,    0.031, -999.000,    0.034,    0.033,    0.034,    0.029, -999.000,
       139,2020090400,    0.021,    0.017,    0.020,    0.079,    0.129,    0.024,    0.018,    0.022,    0.096, -999.000,    0.028,    0.026,    0.026,    0.041, -999.000,    0.028,    0.027,    0.026,    0.034, -999.000,
       139,2020090318,    0.025,    0.023,    0.023,    0.095,    0.042,    0.030,    0.020,    0.028,    0.101,    0.055,    0.032,    0.024,    0.029,    0.039,    0.044,    0.032,    0.031,    0.029,    0.036,    0.044,
       139,2020090312,    0.023,    0.022,    0.020,    0.094,    0.023,    0.026,    0.025,    0.023,    0.088, -999.000,    0.031,    0.033,    0.026,    0.040,    0.005,    0.031,    0.033,    0.026,    0.040,    0.005,
       139,2020090306,    0.026,    0.023,    0.025,    0.080,    0.027,    0.030,    0.021,    0.030,    0.079,    0.106,    0.035,    0.030,    0.033,    0.037, -999.000,    0.035,    0.035,    0.033,    0.035, -999.000,
       139,2020090300,    0.022,    0.013,    0.020,    0.085,    0.085,    0.025,    0.013,    0.024,    0.093, -999.000,    0.031,    0.017,    0.029,    0.039,    0.086,    0.031,    0.018,    0.029,    0.038,    0.086,
       139,2020090218,    0.032,    0.027,    0.029,    0.090,    0.035,    0.039,    0.026,    0.037,    0.103,    0.032,    0.037,    0.032,    0.033,    0.038,    0.041,    0.037,    0.034,    0.033,    0.035,    0.041,
       139,2020090212,    0.022,    0.020,    0.018,    0.095, -999.000,    0.024,    0.026,    0.020,    0.092, -999.000,    0.030,    0.035,    0.025,    0.030, -999.000,    0.030,    0.028,    0.025,    0.026, -999.000,
       139,2020090206,    0.028,    0.022,    0.028,    0.065,    0.092,    0.031,    0.022,    0.032,    0.074,    0.127,    0.036,    0.030,    0.036,    0.036,    0.084,    0.036,    0.029,    0.036,    0.033,    0.084,
       139,2020090200,    0.023,    0.017,    0.021,    0.087, -999.000,    0.027,    0.017,    0.024,    0.089, -999.000,    0.031,    0.022,    0.028,    0.040, -999.000,    0.031,    0.022,    0.028,    0.040, -999.000,
       139,2020090118,    0.040,    0.032,    0.037,    0.099,    0.055,    0.043,    0.030,    0.041,    0.108,    0.011,    0.044,    0.036,    0.040,    0.032,    0.061,    0.044,    0.044,    0.040,    0.033,    0.061,
       139,2020090112,    0.022,    0.031,    0.018,    0.081,    0.011,    0.025,    0.031,    0.020,    0.093,    0.024,    0.031,    0.037,    0.026,    0.033, -999.000,    0.031,    0.041,    0.026,    0.032, -999.000,
       139,2020090106,    0.033,    0.023,    0.033,    0.083,    0.058,    0.037,    0.023,    0.041,    0.080,    0.051,    0.036,    0.029,    0.035,    0.029, -999.000,    0.036,    0.031,    0.035,    0.025, -999.000,
       139,2020090100,    0.018,    0.019,    0.016,    0.066, -999.000,    0.020,    0.020,    0.017,    0.073, -999.000,    0.026,    0.026,    0.023,    0.046, -999.000,    0.026,    0.029,    0.023,    0.036, -999.000,
       139,2020083118,    0.030,    0.029,    0.026,    0.092,    0.015,    0.034,    0.029,    0.031,    0.093,    0.030,    0.038,    0.037,    0.034,    0.042,    0.001,    0.038,    0.042,    0.034,    0.036,    0.001,
       139,2020083112,    0.025,    0.033,    0.021,    0.070,    0.037,    0.029,    0.033,    0.024,    0.078,    0.035,    0.032,    0.043,    0.026,    0.037,    0.031,    0.032,    0.041,    0.026,    0.036,    0.031,
       139,2020083106,    0.029,    0.021,    0.030,    0.073,    0.156,    0.032,    0.021,    0.035,    0.066,    0.154,    0.033,    0.028,    0.033,    0.028, -999.000,    0.033,    0.028,    0.033,    0.035, -999.000,
       139,2020083100,    0.021,    0.020,    0.019,    0.063,    0.045,    0.023,    0.020,    0.021,    0.075,    0.044,    0.028,    0.024,    0.027,    0.045, -999.000,    0.028,    0.027,    0.027,    0.037, -999.000,
       139,2020083018,    0.032,    0.026,    0.029,    0.090,    0.074,    0.037,    0.031,    0.034,    0.101, -999.000,    0.039,    0.039,    0.037,    0.039,    0.012,    0.039,    0.033,    0.037,    0.039,    0.012,
       139,2020083012,    0.024,    0.027,    0.018,    0.090, -999.000,    0.027,    0.026,    0.024,    0.088, -999.000,    0.033,    0.028,    0.027,    0.042, -999.000,    0.033,    0.031,    0.027,    0.038, -999.000,
       139,2020083006,    0.032,    0.020,    0.031,    0.074,    0.053,    0.034,    0.020,    0.038,    0.080,    0.006,    0.039,    0.028,    0.038,    0.043,    0.068,    0.039,    0.029,    0.038,    0.041,    0.068,
       139,2020083000,    0.024,    0.084,    0.022, -999.000,    0.048,    0.026,    0.070,    0.025, -999.000,    0.054,    0.033,    0.041,    0.031, -999.000, -999.000,    0.033,    0.054,    0.031, -999.000, -999.000,
