       279,2020092000,   -0.131,   -0.091,   -0.146,    0.174, -999.000,   -0.144,   -0.076,   -0.166,    0.198, -999.000,    0.132,    0.135,    0.121,    0.117, -999.000,    0.132,    0.131,    0.121,    0.104, -999.000,
       279,2020091918,   -0.140,   -0.119,   -0.161,    0.283,    0.093,   -0.150,   -0.100,   -0.184,    0.287,   -0.029,    0.160,    0.142,    0.139,    0.116,    0.180,    0.160,    0.147,    0.139,    0.123,    0.180,
       279,2020091912,   -0.141,   -0.148,   -0.151,    0.252,   -0.226,   -0.150,   -0.141,   -0.161,    0.246,   -0.245,    0.126,    0.097,    0.115,    0.132,    0.017,    0.126,    0.091,    0.115,    0.103,    0.017,
       279,2020091906,   -0.122,   -0.081,   -0.146,    0.240,   -0.084,   -0.138,   -0.076,   -0.169,    0.249,   -0.124,    0.163,    0.158,    0.146,    0.096,    0.242,    0.163,    0.161,    0.146,    0.092,    0.242,
       279,2020091900,   -0.131,   -0.074,   -0.144,    0.195, -999.000,   -0.145,   -0.085,   -0.162,    0.209, -999.000,    0.131,    0.134,    0.122,    0.101, -999.000,    0.131,    0.137,    0.122,    0.075, -999.000,
       279,2020091818,   -0.161,   -0.124,   -0.185,    0.282,   -0.258,   -0.158,   -0.096,   -0.199,    0.302,   -0.265,    0.142,    0.140,    0.113,    0.121,    0.018,    0.142,    0.141,    0.113,    0.118,    0.018,
       279,2020091812,   -0.139,   -0.131,   -0.156,    0.304,   -0.219,   -0.151,   -0.138,   -0.168,    0.323,   -0.215,    0.134,    0.101,    0.110,    0.124, -999.000,    0.134,    0.107,    0.110,    0.117, -999.000,
       279,2020091806,   -0.134,   -0.077,   -0.163,    0.225,   -0.167,   -0.144,   -0.072,   -0.180,    0.246,   -0.257,    0.151,    0.156,    0.129,    0.106,    0.167,    0.151,    0.159,    0.129,    0.089,    0.167,
       279,2020091800,   -0.144,   -0.096,   -0.158,    0.199, -999.000,   -0.149,   -0.087,   -0.171,    0.280, -999.000,    0.128,    0.127,    0.115,    0.112, -999.000,    0.128,    0.129,    0.115,    0.101, -999.000,
       279,2020091718,   -0.140,   -0.087,   -0.178,    0.295, -999.000,   -0.146,   -0.074,   -0.191,    0.330, -999.000,    0.157,    0.154,    0.115,    0.108, -999.000,    0.157,    0.158,    0.115,    0.119, -999.000,
       279,2020091712,   -0.136,   -0.145,   -0.147,    0.288,   -0.205,   -0.147,   -0.153,   -0.158,    0.278,   -0.209,    0.138,    0.090,    0.124,    0.108,    0.004,    0.138,    0.099,    0.124,    0.099,    0.004,
       279,2020091706,   -0.141,   -0.061,   -0.176,    0.271,   -0.196,   -0.146,   -0.062,   -0.190,    0.274,   -0.129,    0.151,    0.157,    0.123,    0.088,    0.114,    0.151,    0.160,    0.123,    0.082,    0.114,
       279,2020091700,   -0.136,   -0.121,   -0.146,    0.268,   -0.210,   -0.148,   -0.125,   -0.162,    0.296, -999.000,    0.141,    0.116,    0.130,    0.097,    0.016,    0.141,    0.123,    0.130,    0.084,    0.016,
       279,2020091618,   -0.147,   -0.099,   -0.174,    0.225,   -0.088,   -0.147,   -0.080,   -0.189,    0.307,   -0.154,    0.139,    0.145,    0.109,    0.094,    0.269,    0.139,    0.150,    0.109,    0.097,    0.269,
       279,2020091612,   -0.143,   -0.155,   -0.152,    0.264,   -0.179,   -0.146,   -0.142,   -0.159,    0.294,   -0.121,    0.130,    0.098,    0.120,    0.087,    0.077,    0.130,    0.093,    0.120,    0.073,    0.077,
       279,2020091606,   -0.132,   -0.046,   -0.167,    0.252,   -0.271,   -0.141,   -0.058,   -0.182,    0.252,   -0.248,    0.159,    0.163,    0.129,    0.078,    0.028,    0.159,    0.171,    0.129,    0.084,    0.028,
       279,2020091600,   -0.124,   -0.124,   -0.132,    0.237,   -0.304,   -0.135,   -0.108,   -0.152,    0.274,   -0.309,    0.141,    0.125,    0.134,    0.108, -999.000,    0.141,    0.120,    0.134,    0.100, -999.000,
       279,2020091518,   -0.142,   -0.113,   -0.167,    0.260,   -0.256,   -0.147,   -0.100,   -0.185,    0.300,   -0.263,    0.143,    0.130,    0.115,    0.103, -999.000,    0.143,    0.128,    0.115,    0.103, -999.000,
       279,2020091512,   -0.127,   -0.147,   -0.138,    0.286,   -0.010,   -0.140,   -0.147,   -0.152,    0.316,    0.044,    0.146,    0.089,    0.134,    0.087,    0.233,    0.146,    0.096,    0.134,    0.092,    0.233,
       279,2020091506,   -0.113,   -0.068,   -0.149,    0.267,   -0.050,   -0.130,   -0.069,   -0.172,    0.264,    0.150,    0.170,    0.142,    0.145,    0.123,    0.277,    0.170,    0.155,    0.145,    0.118,    0.277,
       279,2020091500,   -0.128,   -0.101,   -0.138,    0.176,   -0.185,   -0.145,   -0.106,   -0.161,    0.209,   -0.186,    0.137,    0.121,    0.132,    0.104, -999.000,    0.137,    0.125,    0.132,    0.101, -999.000,
       279,2020091418,   -0.134,   -0.116,   -0.158,    0.277,   -0.211,   -0.141,   -0.104,   -0.178,    0.296,   -0.251,    0.150,    0.137,    0.122,    0.111,    0.055,    0.150,    0.139,    0.122,    0.117,    0.055,
       279,2020091412,   -0.132,   -0.145,   -0.137,    0.262,   -0.141,   -0.139,   -0.138,   -0.152,    0.288,   -0.142,    0.139,    0.097,    0.136,    0.101,    0.026,    0.139,    0.101,    0.136,    0.100,    0.026,
       279,2020091406,   -0.113,   -0.052,   -0.138,    0.244,   -0.263,   -0.124,   -0.052,   -0.156,    0.229,   -0.264,    0.155,    0.141,    0.138,    0.115, -999.000,    0.155,    0.147,    0.138,    0.110, -999.000,
       279,2020091400,   -0.131,   -0.059,   -0.146,    0.164,   -0.048,   -0.141,   -0.069,   -0.162,    0.227,    0.085,    0.123,    0.128,    0.111,    0.099, -999.000,    0.123,    0.132,    0.111,    0.088, -999.000,
       279,2020091318,   -0.110,   -0.082,   -0.134,    0.230,   -0.209,   -0.121,   -0.081,   -0.156,    0.291,   -0.215,    0.168,    0.141,    0.153,    0.125,    0.045,    0.168,    0.154,    0.153,    0.131,    0.045,
       279,2020091312,   -0.126,   -0.131,   -0.139,    0.283,   -0.209,   -0.137,   -0.128,   -0.154,    0.281,   -0.209,    0.140,    0.116,    0.126,    0.112, -999.000,    0.140,    0.109,    0.126,    0.101, -999.000,
       279,2020091306,   -0.115,   -0.048,   -0.147,    0.236,   -0.170,   -0.128,   -0.052,   -0.166,    0.214, -999.000,    0.156,    0.140,    0.134,    0.151, -999.000,    0.156,    0.148,    0.134,    0.147, -999.000,
       279,2020091300,   -0.135,   -0.093,   -0.149,    0.176, -999.000,   -0.146,   -0.079,   -0.166,    0.195, -999.000,    0.128,    0.128,    0.115,    0.128, -999.000,    0.128,    0.133,    0.115,    0.095, -999.000,
       279,2020091218,   -0.120,   -0.111,   -0.136,    0.286,   -0.223,   -0.126,   -0.096,   -0.157,    0.290,   -0.234,    0.165,    0.136,    0.154,    0.120,    0.014,    0.165,    0.140,    0.154,    0.136,    0.014,
       279,2020091212,   -0.140,   -0.147,   -0.148,    0.274,   -0.131,   -0.151,   -0.149,   -0.160,    0.245, -999.000,    0.121,    0.087,    0.109,    0.143, -999.000,    0.121,    0.094,    0.109,    0.127, -999.000,
       279,2020091206,   -0.109,   -0.044,   -0.138,    0.225,   -0.020,   -0.128,   -0.060,   -0.167,    0.230,    0.052,    0.164,    0.153,    0.149,    0.135,    0.237,    0.164,    0.161,    0.149,    0.136,    0.237,
       279,2020091200,   -0.139,   -0.103,   -0.151,    0.202,   -0.110,   -0.150,   -0.103,   -0.165,    0.204,   -0.256,    0.125,    0.124,    0.110,    0.143,    0.258,    0.125,    0.126,    0.110,    0.125,    0.258,
       279,2020091118,   -0.142,   -0.105,   -0.163,    0.286,   -0.267,   -0.152,   -0.099,   -0.187,    0.332,    0.188,    0.150,    0.131,    0.133,    0.101, -999.000,    0.150,    0.135,    0.133,    0.122, -999.000,
       279,2020091112,   -0.119,   -0.130,   -0.130,    0.252,    0.067,   -0.134,   -0.136,   -0.146,    0.272,   -0.102,    0.139,    0.112,    0.126,    0.114,    0.275,    0.139,    0.119,    0.126,    0.116,    0.275,
       279,2020091106,   -0.125,   -0.048,   -0.151,    0.216,   -0.054,   -0.144,   -0.070,   -0.174,    0.253,   -0.054,    0.157,    0.146,    0.141,    0.150,    0.248,    0.157,    0.164,    0.141,    0.145,    0.248,
       279,2020091100,   -0.133,   -0.070,   -0.150,    0.205, -999.000,   -0.144,   -0.075,   -0.165,    0.198, -999.000,    0.128,    0.128,    0.111,    0.115, -999.000,    0.128,    0.141,    0.111,    0.101, -999.000,
       279,2020091018,   -0.147,   -0.115,   -0.166,    0.251,   -0.121,   -0.148,   -0.109,   -0.180,    0.286,   -0.148,    0.149,    0.124,    0.134,    0.098,    0.192,    0.149,    0.132,    0.134,    0.105,    0.192,
       279,2020091012,   -0.144,   -0.136,   -0.158,    0.279,   -0.101,   -0.150,   -0.131,   -0.169,    0.286,   -0.120,    0.128,    0.112,    0.112,    0.122,    0.035,    0.128,    0.111,    0.112,    0.102,    0.035,
       279,2020091006,   -0.140,   -0.079,   -0.167,    0.206,   -0.297,   -0.152,   -0.088,   -0.187,    0.212,   -0.274,    0.150,    0.142,    0.135,    0.114,    0.033,    0.150,    0.151,    0.135,    0.106,    0.033,
       279,2020091000,   -0.135,   -0.081,   -0.150,    0.207,    0.169,   -0.144,   -0.071,   -0.169,    0.234, -999.000,    0.133,    0.135,    0.122,    0.107, -999.000,    0.133,    0.137,    0.122,    0.105, -999.000,
       279,2020090918,   -0.129,   -0.113,   -0.150,    0.279,   -0.239,   -0.138,   -0.095,   -0.169,    0.291,   -0.225,    0.159,    0.138,    0.140,    0.101,    0.047,    0.159,    0.138,    0.140,    0.086,    0.047,
       279,2020090912,   -0.148,   -0.137,   -0.164,    0.274,   -0.219,   -0.152,   -0.134,   -0.170,    0.267,   -0.222,    0.128,    0.106,    0.112,    0.143, -999.000,    0.128,    0.100,    0.112,    0.124, -999.000,
       279,2020090906,   -0.129,   -0.074,   -0.150,    0.216,   -0.175,   -0.139,   -0.086,   -0.167,    0.212,   -0.240,    0.152,    0.154,    0.137,    0.115,    0.165,    0.152,    0.160,    0.137,    0.108,    0.165,
       279,2020090900,   -0.142,   -0.081,   -0.158,    0.182,   -0.204,   -0.151,   -0.092,   -0.171,    0.195,   -0.203,    0.131,    0.131,    0.118,    0.098,    0.070,    0.131,    0.138,    0.118,    0.106,    0.070,
       279,2020090818,   -0.137,   -0.116,   -0.151,    0.202,   -0.239,   -0.144,   -0.102,   -0.175,    0.259,   -0.239,    0.149,    0.135,    0.142,    0.112, -999.000,    0.149,    0.136,    0.142,    0.103, -999.000,
       279,2020090812,   -0.140,   -0.131,   -0.157,    0.232,   -0.062,   -0.145,   -0.132,   -0.165,    0.266,   -0.064,    0.129,    0.104,    0.110,    0.114, -999.000,    0.129,    0.114,    0.110,    0.100, -999.000,
       279,2020090806,   -0.128,   -0.078,   -0.150,    0.204,   -0.157,   -0.136,   -0.087,   -0.162,    0.218,   -0.176,    0.143,    0.142,    0.128,    0.135,    0.085,    0.143,    0.152,    0.128,    0.120,    0.085,
       279,2020090800,   -0.140,   -0.090,   -0.156,    0.191,   -0.247,   -0.150,   -0.094,   -0.167,    0.196,   -0.229,    0.127,    0.121,    0.112,    0.117, -999.000,    0.127,    0.133,    0.112,    0.119, -999.000,
       279,2020090718,   -0.140,   -0.123,   -0.156,    0.276,   -0.246,   -0.147,   -0.117,   -0.170,    0.277,   -0.240,    0.152,    0.114,    0.142,    0.102, -999.000,    0.152,    0.123,    0.142,    0.112, -999.000,
       279,2020090712,   -0.140,   -0.141,   -0.152,    0.248, -999.000,   -0.149,   -0.132,   -0.166,    0.280, -999.000,    0.126,    0.106,    0.112,    0.107, -999.000,    0.126,    0.102,    0.112,    0.111, -999.000,
       279,2020090706,   -0.131,   -0.074,   -0.154,    0.141,   -0.161,   -0.135,   -0.066,   -0.168,    0.181,   -0.133,    0.147,    0.139,    0.139,    0.112,    0.156,    0.147,    0.141,    0.139,    0.089,    0.156,
       279,2020090700,   -0.143,   -0.117,   -0.159,    0.191,   -0.252,   -0.154,   -0.115,   -0.174,    0.234,   -0.244,    0.133,    0.116,    0.119,    0.121,    0.015,    0.133,    0.121,    0.119,    0.122,    0.015,
       279,2020090618,   -0.140,   -0.111,   -0.169,    0.280,    0.202,   -0.149,   -0.104,   -0.185,    0.300,   -0.266,    0.159,    0.136,    0.136,    0.096, -999.000,    0.159,    0.139,    0.136,    0.105, -999.000,
       279,2020090612,   -0.129,   -0.133,   -0.146,    0.249,   -0.088,   -0.146,   -0.137,   -0.161,    0.236,   -0.089,    0.143,    0.108,    0.124,    0.131, -999.000,    0.143,    0.117,    0.124,    0.111, -999.000,
       279,2020090606,   -0.142,   -0.078,   -0.171,    0.187,   -0.249,   -0.148,   -0.074,   -0.185,    0.183,   -0.247,    0.147,    0.137,    0.131,    0.150, -999.000,    0.147,    0.143,    0.131,    0.143, -999.000,
       279,2020090600,   -0.122,   -0.113,   -0.135,    0.165,    0.102,   -0.129,   -0.100,   -0.145,    0.176,    0.262,    0.137,    0.124,    0.129,    0.140,    0.227,    0.137,    0.117,    0.129,    0.107,    0.227,
       279,2020090518,   -0.140,   -0.088,   -0.167,    0.242,    0.056,   -0.146,   -0.087,   -0.182,    0.266,   -0.202,    0.150,    0.136,    0.129,    0.109, -999.000,    0.150,    0.142,    0.129,    0.117, -999.000,
       279,2020090512,   -0.134,   -0.136,   -0.147,    0.220,    0.199,   -0.143,   -0.140,   -0.157,    0.245,    0.115,    0.132,    0.101,    0.120,    0.125,    0.126,    0.132,    0.099,    0.120,    0.112,    0.126,
       279,2020090506,   -0.142,   -0.080,   -0.169,    0.190,   -0.127,   -0.153,   -0.083,   -0.186,    0.191,   -0.000,    0.146,    0.141,    0.128,    0.125,    0.259,    0.146,    0.149,    0.128,    0.107,    0.259,
       279,2020090500,   -0.136,   -0.109,   -0.147,    0.198, -999.000,   -0.141,   -0.104,   -0.163,    0.248, -999.000,    0.134,    0.128,    0.125,    0.108, -999.000,    0.134,    0.132,    0.125,    0.117, -999.000,
       279,2020090418,   -0.134,   -0.109,   -0.155,    0.287,   -0.219,   -0.141,   -0.105,   -0.176,    0.304,   -0.218,    0.148,    0.134,    0.128,    0.090,    0.016,    0.148,    0.137,    0.128,    0.110,    0.016,
       279,2020090412,   -0.124,   -0.140,   -0.133,    0.260,   -0.094,   -0.131,   -0.132,   -0.147,    0.267,   -0.233,    0.143,    0.108,    0.134,    0.111,    0.204,    0.143,    0.106,    0.134,    0.137,    0.204,
       279,2020090406,   -0.145,   -0.106,   -0.164,    0.161,   -0.166,   -0.149,   -0.092,   -0.182,    0.184,   -0.110,    0.141,    0.142,    0.130,    0.135,    0.168,    0.141,    0.140,    0.130,    0.122,    0.168,
       279,2020090400,   -0.135,   -0.107,   -0.147,    0.172,   -0.217,   -0.142,   -0.104,   -0.166,    0.261,   -0.216,    0.138,    0.125,    0.130,    0.141, -999.000,    0.138,    0.132,    0.130,    0.134, -999.000,
       279,2020090318,   -0.135,   -0.114,   -0.153,    0.274,   -0.048,   -0.134,   -0.112,   -0.165,    0.287,   -0.050,    0.147,    0.138,    0.128,    0.122,    0.236,    0.147,    0.145,    0.128,    0.118,    0.236,
       279,2020090312,   -0.134,   -0.143,   -0.145,    0.286,   -0.003,   -0.140,   -0.138,   -0.157,    0.277,   -0.221,    0.145,    0.106,    0.131,    0.136,    0.237,    0.145,    0.109,    0.131,    0.151,    0.237,
       279,2020090306,   -0.134,   -0.106,   -0.150,    0.175,   -0.137,   -0.136,   -0.097,   -0.167,    0.202,   -0.139,    0.145,    0.132,    0.138,    0.143,    0.154,    0.145,    0.134,    0.138,    0.177,    0.154,
       279,2020090300,   -0.129,   -0.106,   -0.144,    0.233,   -0.204,   -0.137,   -0.103,   -0.162,    0.266, -999.000,    0.146,    0.120,    0.132,    0.126,    0.062,    0.146,    0.130,    0.132,    0.144,    0.062,
       279,2020090218,   -0.139,   -0.120,   -0.168,    0.266,   -0.152,   -0.134,   -0.115,   -0.181,    0.315,   -0.152,    0.155,    0.137,    0.125,    0.093,    0.161,    0.155,    0.143,    0.125,    0.122,    0.161,
       279,2020090212,   -0.115,   -0.122,   -0.131,    0.287, -999.000,   -0.130,   -0.134,   -0.148,    0.287, -999.000,    0.153,    0.110,    0.136,    0.089, -999.000,    0.153,    0.121,    0.136,    0.086, -999.000,
       279,2020090206,   -0.130,   -0.101,   -0.147,    0.138,   -0.159,   -0.137,   -0.102,   -0.163,    0.179,   -0.177,    0.143,    0.136,    0.136,    0.114,    0.140,    0.143,    0.143,    0.136,    0.080,    0.140,
       279,2020090200,   -0.124,   -0.106,   -0.139,    0.251,   -0.105,   -0.132,   -0.111,   -0.156,    0.247, -999.000,    0.151,    0.113,    0.139,    0.085, -999.000,    0.151,    0.121,    0.139,    0.086, -999.000,
       279,2020090118,   -0.144,   -0.133,   -0.170,    0.260,   -0.045,   -0.140,   -0.125,   -0.180,    0.272,   -0.168,    0.144,    0.127,    0.116,    0.079,    0.217,    0.144,    0.124,    0.116,    0.082,    0.217,
       279,2020090112,   -0.125,   -0.156,   -0.128,    0.213,   -0.152,   -0.135,   -0.153,   -0.145,    0.243,   -0.137,    0.137,    0.098,    0.133,    0.088,    0.064,    0.137,    0.097,    0.133,    0.075,    0.064,
       279,2020090106,   -0.142,   -0.086,   -0.171,    0.198,   -0.232,   -0.148,   -0.091,   -0.182,    0.215,   -0.235,    0.140,    0.135,    0.118,    0.086,    0.016,    0.140,    0.142,    0.118,    0.079,    0.016,
       279,2020090100,   -0.105,   -0.121,   -0.111,    0.190,   -0.201,   -0.122,   -0.127,   -0.138,    0.222,   -0.202,    0.142,    0.120,    0.138,    0.083,    0.074,    0.142,    0.126,    0.138,    0.076,    0.074,
       279,2020083118,   -0.136,   -0.115,   -0.159,    0.229,   -0.053,   -0.137,   -0.111,   -0.168,    0.247,   -0.105,    0.132,    0.130,    0.105,    0.080,    0.169,    0.132,    0.134,    0.105,    0.069,    0.169,
       279,2020083112,   -0.115,   -0.139,   -0.123,    0.231,    0.205,   -0.127,   -0.139,   -0.141,    0.235,    0.141,    0.144,    0.114,    0.135,    0.079,    0.028,    0.144,    0.118,    0.135,    0.069,    0.028,
       279,2020083106,   -0.128,   -0.070,   -0.153,    0.236,   -0.239,   -0.131,   -0.064,   -0.164,    0.216,   -0.225,    0.137,    0.131,    0.119,    0.081, -999.000,    0.137,    0.136,    0.119,    0.082, -999.000,
       279,2020083100,   -0.114,   -0.097,   -0.127,    0.186,   -0.047,   -0.117,   -0.092,   -0.139,    0.208,   -0.048,    0.136,    0.135,    0.126,    0.081,    0.278,    0.136,    0.133,    0.126,    0.063,    0.278,
       279,2020083018,   -0.133,   -0.106,   -0.157,    0.239,   -0.139,   -0.129,   -0.091,   -0.165,    0.245,   -0.228,    0.132,    0.134,    0.104,    0.089,    0.194,    0.132,    0.132,    0.104,    0.096,    0.194,
       279,2020083012,   -0.105,   -0.115,   -0.121,    0.237, -999.000,   -0.118,   -0.122,   -0.136,    0.242, -999.000,    0.143,    0.111,    0.127,    0.081, -999.000,    0.143,    0.123,    0.127,    0.081, -999.000,
       279,2020083006,   -0.098,   -0.061,   -0.142,    0.208,   -0.097,   -0.116,   -0.065,   -0.155,    0.209,   -0.091,    0.148,    0.125,    0.117,    0.093,    0.098,    0.148,    0.133,    0.117,    0.095,    0.098,
       279,2020083000,   -0.105,   -0.059,   -0.137,    0.154,   -0.027,   -0.110,   -0.058,   -0.148,    0.156,   -0.062,    0.130,    0.122,    0.108,    0.062,    0.181,    0.130,    0.128,    0.108,    0.058,    0.181,
