       215,2020092000,    0.016,    0.014,    0.015,    0.041, -999.000,    0.019,    0.015,    0.019,    0.041, -999.000,    0.022,    0.021,    0.022,    0.005, -999.000,    0.022,    0.020,    0.022,    0.005, -999.000,
       215,2020091918,    0.030,    0.026,    0.031,    0.041,    0.012,    0.038,    0.026,    0.040,    0.042,    0.032,    0.041,    0.045,    0.042,    0.008,    0.012,    0.041,    0.040,    0.042,    0.008,    0.012,
       215,2020091912,    0.018,    0.024,    0.016,    0.043, -999.000,    0.022,    0.027,    0.019,    0.042, -999.000,    0.027,    0.039,    0.024,    0.006, -999.000,    0.027,    0.039,    0.024,    0.004, -999.000,
       215,2020091906,    0.028,    0.019,    0.029,    0.041,    0.119,    0.036,    0.021,    0.039,    0.040,    0.107,    0.035,    0.032,    0.035,    0.006,    0.167,    0.035,    0.030,    0.035,    0.005,    0.167,
       215,2020091900,    0.017,    0.018,    0.016,    0.042, -999.000,    0.020,    0.016,    0.019,    0.042, -999.000,    0.025,    0.021,    0.025,    0.005, -999.000,    0.025,    0.027,    0.025,    0.004, -999.000,
       215,2020091818,    0.028,    0.024,    0.028,    0.040,    0.010,    0.035,    0.022,    0.038,    0.041,    0.069,    0.039,    0.033,    0.039,    0.008, -999.000,    0.039,    0.041,    0.039,    0.008, -999.000,
       215,2020091812,    0.018,    0.023,    0.017,    0.043,    0.024,    0.023,    0.030,    0.021,    0.042,    0.023,    0.030,    0.046,    0.027,    0.005, -999.000,    0.030,    0.040,    0.027,    0.004, -999.000,
       215,2020091806,    0.027,    0.020,    0.029,    0.040,    0.090,    0.037,    0.025,    0.041,    0.040, -999.000,    0.038,    0.037,    0.041,    0.006, -999.000,    0.038,    0.030,    0.041,    0.006, -999.000,
       215,2020091800,    0.018,    0.015,    0.018,    0.040, -999.000,    0.020,    0.019,    0.020,    0.041, -999.000,    0.027,    0.025,    0.027,    0.006, -999.000,    0.027,    0.027,    0.027,    0.005, -999.000,
       215,2020091718,    0.025,    0.027,    0.023,    0.043,    0.010,    0.032,    0.021,    0.034,    0.042,    0.204,    0.036,    0.031,    0.035,    0.007, -999.000,    0.036,    0.042,    0.035,    0.005, -999.000,
       215,2020091712,    0.023,    0.029,    0.020,    0.043,    0.064,    0.026,    0.027,    0.025,    0.042,    0.061,    0.031,    0.037,    0.028,    0.005, -999.000,    0.031,    0.044,    0.028,    0.004, -999.000,
       215,2020091706,    0.024,    0.021,    0.024,    0.042,    0.016,    0.031,    0.021,    0.034,    0.042, -999.000,    0.035,    0.032,    0.036,    0.006, -999.000,    0.035,    0.031,    0.036,    0.006, -999.000,
       215,2020091700,    0.019,    0.020,    0.018,    0.041, -999.000,    0.022,    0.020,    0.021,    0.042,    0.154,    0.027,    0.028,    0.027,    0.007, -999.000,    0.027,    0.021,    0.027,    0.006, -999.000,
       215,2020091618,    0.031,    0.027,    0.031,    0.041, -999.000,    0.038,    0.026,    0.041,    0.041, -999.000,    0.041,    0.040,    0.041,    0.008, -999.000,    0.041,    0.047,    0.041,    0.006, -999.000,
       215,2020091612,    0.022,    0.028,    0.020,    0.041,    0.204,    0.026,    0.033,    0.024,    0.040, -999.000,    0.035,    0.045,    0.032,    0.009, -999.000,    0.035,    0.046,    0.032,    0.007, -999.000,
       215,2020091606,    0.026,    0.018,    0.028,    0.039,    0.047,    0.032,    0.021,    0.035,    0.041, -999.000,    0.034,    0.036,    0.036,    0.007,    0.063,    0.034,    0.031,    0.036,    0.007,    0.063,
       215,2020091600,    0.017,    0.018,    0.017,    0.040,    0.046,    0.021,    0.018,    0.021,    0.044,    0.042,    0.026,    0.029,    0.025,    0.004, -999.000,    0.026,    0.031,    0.025,    0.007, -999.000,
       215,2020091518,    0.031,    0.021,    0.032,    0.042,    0.123,    0.036,    0.026,    0.039,    0.045,    0.128,    0.038,    0.041,    0.039,    0.005,    0.152,    0.038,    0.036,    0.039,    0.005,    0.152,
       215,2020091512,    0.020,    0.024,    0.018,    0.042, -999.000,    0.023,    0.027,    0.021,    0.043, -999.000,    0.030,    0.041,    0.028,    0.007, -999.000,    0.030,    0.038,    0.028,    0.007, -999.000,
       215,2020091506,    0.024,    0.018,    0.025,    0.042, -999.000,    0.032,    0.020,    0.036,    0.041,    0.156,    0.032,    0.031,    0.034,    0.008, -999.000,    0.032,    0.027,    0.034,    0.008, -999.000,
       215,2020091500,    0.017,    0.019,    0.016,    0.041, -999.000,    0.021,    0.019,    0.021,    0.041, -999.000,    0.024,    0.030,    0.023,    0.008, -999.000,    0.024,    0.029,    0.023,    0.008, -999.000,
       215,2020091418,    0.033,    0.028,    0.034,    0.041,    0.034,    0.040,    0.030,    0.043,    0.042,    0.036,    0.043,    0.048,    0.042,    0.007, -999.000,    0.043,    0.048,    0.042,    0.007, -999.000,
       215,2020091412,    0.018,    0.024,    0.017,    0.042, -999.000,    0.021,    0.022,    0.020,    0.043,    0.033,    0.025,    0.029,    0.024,    0.004, -999.000,    0.025,    0.031,    0.024,    0.004, -999.000,
       215,2020091406,    0.027,    0.019,    0.028,    0.038,    0.085,    0.034,    0.022,    0.037,    0.039,    0.039,    0.034,    0.035,    0.033,    0.009,    0.132,    0.034,    0.035,    0.033,    0.009,    0.132,
       215,2020091400,    0.017,    0.017,    0.017,    0.042, -999.000,    0.020,    0.018,    0.020,    0.042, -999.000,    0.023,    0.029,    0.022,    0.005, -999.000,    0.023,    0.025,    0.022,    0.004, -999.000,
       215,2020091318,    0.024,    0.021,    0.024,    0.040,    0.041,    0.032,    0.024,    0.033,    0.041,    0.028,    0.032,    0.039,    0.032,    0.007,    0.011,    0.032,    0.037,    0.032,    0.005,    0.011,
       215,2020091312,    0.023,    0.021,    0.022,    0.041, -999.000,    0.028,    0.029,    0.027,    0.042, -999.000,    0.031,    0.042,    0.031,    0.006, -999.000,    0.031,    0.035,    0.031,    0.005, -999.000,
       215,2020091306,    0.026,    0.018,    0.028,    0.040, -999.000,    0.034,    0.021,    0.039,    0.041, -999.000,    0.035,    0.037,    0.036,    0.005, -999.000,    0.035,    0.034,    0.036,    0.005, -999.000,
       215,2020091300,    0.017,    0.013,    0.017,    0.039, -999.000,    0.019,    0.014,    0.019,    0.038, -999.000,    0.023,    0.018,    0.024,    0.009, -999.000,    0.023,    0.015,    0.024,    0.008, -999.000,
       215,2020091218,    0.027,    0.030,    0.026,    0.042,    0.052,    0.031,    0.023,    0.032,    0.043,    0.059,    0.041,    0.039,    0.037,    0.007,    0.067,    0.041,    0.057,    0.037,    0.007,    0.067,
       215,2020091212,    0.020,    0.019,    0.020,    0.039,    0.025,    0.025,    0.022,    0.025,    0.038,    0.024,    0.031,    0.038,    0.029,    0.009,    0.011,    0.031,    0.036,    0.029,    0.006,    0.011,
       215,2020091206,    0.027,    0.017,    0.029,    0.040,    0.132,    0.034,    0.022,    0.038,    0.038,    0.082,    0.038,    0.040,    0.039,    0.006,    0.005,    0.038,    0.036,    0.039,    0.005,    0.005,
       215,2020091200,    0.019,    0.015,    0.019,    0.042, -999.000,    0.023,    0.015,    0.023,    0.042, -999.000,    0.029,    0.020,    0.030,    0.006, -999.000,    0.029,    0.019,    0.030,    0.007, -999.000,
       215,2020091118,    0.028,    0.025,    0.029,    0.040,    0.009,    0.036,    0.028,    0.038,    0.042,    0.022,    0.037,    0.042,    0.037,    0.006, -999.000,    0.037,    0.043,    0.037,    0.008, -999.000,
       215,2020091112,    0.019,    0.021,    0.018,    0.041,    0.021,    0.023,    0.023,    0.023,    0.041,    0.034,    0.028,    0.035,    0.027,    0.006,    0.019,    0.028,    0.034,    0.027,    0.005,    0.019,
       215,2020091106,    0.031,    0.017,    0.035,    0.039,    0.006,    0.039,    0.022,    0.044,    0.038,    0.011,    0.041,    0.042,    0.044,    0.006, -999.000,    0.041,    0.031,    0.044,    0.006, -999.000,
       215,2020091100,    0.017,    0.012,    0.017,    0.040, -999.000,    0.021,    0.013,    0.022,    0.041, -999.000,    0.024,    0.016,    0.025,    0.006, -999.000,    0.024,    0.014,    0.025,    0.006, -999.000,
       215,2020091018,    0.039,    0.029,    0.041,    0.040,    0.020,    0.047,    0.029,    0.053,    0.042,    0.069,    0.049,    0.047,    0.050,    0.006,    0.006,    0.049,    0.050,    0.050,    0.007,    0.006,
       215,2020091012,    0.019,    0.020,    0.018,    0.041, -999.000,    0.024,    0.027,    0.022,    0.041, -999.000,    0.032,    0.048,    0.030,    0.010, -999.000,    0.032,    0.042,    0.030,    0.008, -999.000,
       215,2020091006,    0.034,    0.019,    0.038,    0.040,    0.000,    0.042,    0.024,    0.049,    0.038,    0.011,    0.047,    0.043,    0.051,    0.010, -999.000,    0.047,    0.035,    0.051,    0.007, -999.000,
       215,2020091000,    0.019,    0.015,    0.019,    0.042, -999.000,    0.022,    0.016,    0.022,    0.041, -999.000,    0.030,    0.025,    0.031,    0.008, -999.000,    0.030,    0.026,    0.031,    0.007, -999.000,
       215,2020090918,    0.036,    0.025,    0.039,    0.041,    0.025,    0.044,    0.025,    0.050,    0.044,    0.029,    0.046,    0.039,    0.048,    0.008,    0.006,    0.046,    0.041,    0.048,    0.008,    0.006,
       215,2020090912,    0.019,    0.022,    0.018,    0.044, -999.000,    0.025,    0.029,    0.024,    0.044, -999.000,    0.027,    0.042,    0.025,    0.005, -999.000,    0.027,    0.036,    0.025,    0.005, -999.000,
       215,2020090906,    0.036,    0.025,    0.040,    0.043,    0.062,    0.045,    0.029,    0.050,    0.043,    0.073,    0.047,    0.046,    0.047,    0.006, -999.000,    0.047,    0.045,    0.047,    0.005, -999.000,
       215,2020090900,    0.019,    0.021,    0.018,    0.044, -999.000,    0.024,    0.023,    0.023,    0.043,    0.004,    0.029,    0.030,    0.029,    0.007, -999.000,    0.029,    0.030,    0.029,    0.006, -999.000,
       215,2020090818,    0.032,    0.025,    0.033,    0.044,    0.066,    0.039,    0.024,    0.043,    0.046, -999.000,    0.046,    0.040,    0.046,    0.005, -999.000,    0.046,    0.047,    0.046,    0.006, -999.000,
       215,2020090812,    0.023,    0.031,    0.020,    0.046,    0.043,    0.027,    0.031,    0.025,    0.045,    0.043,    0.033,    0.045,    0.031,    0.004, -999.000,    0.033,    0.040,    0.031,    0.004, -999.000,
       215,2020090806,    0.033,    0.017,    0.036,    0.046,    0.046,    0.040,    0.019,    0.046,    0.045,    0.047,    0.042,    0.031,    0.045,    0.007,    0.016,    0.042,    0.027,    0.045,    0.005,    0.016,
       215,2020090800,    0.021,    0.026,    0.019,    0.045,    0.019,    0.025,    0.026,    0.024,    0.045,    0.018,    0.031,    0.036,    0.031,    0.008, -999.000,    0.031,    0.033,    0.031,    0.009, -999.000,
       215,2020090718,    0.030,    0.023,    0.031,    0.045,    0.049,    0.037,    0.024,    0.040,    0.044, -999.000,    0.038,    0.041,    0.039,    0.008, -999.000,    0.038,    0.038,    0.039,    0.007, -999.000,
       215,2020090712,    0.023,    0.029,    0.020,    0.048, -999.000,    0.027,    0.032,    0.026,    0.047, -999.000,    0.034,    0.046,    0.029,    0.005, -999.000,    0.034,    0.049,    0.029,    0.004, -999.000,
       215,2020090706,    0.033,    0.020,    0.036,    0.045,    0.113,    0.040,    0.020,    0.047,    0.042,    0.134,    0.041,    0.043,    0.042,    0.005, -999.000,    0.041,    0.038,    0.042,    0.005, -999.000,
       215,2020090700,    0.022,    0.023,    0.021,    0.047,    0.010,    0.026,    0.027,    0.025,    0.045, -999.000,    0.032,    0.035,    0.033,    0.007, -999.000,    0.032,    0.030,    0.033,    0.005, -999.000,
       215,2020090618,    0.032,    0.032,    0.031,    0.046, -999.000,    0.039,    0.031,    0.041,    0.046, -999.000,    0.041,    0.049,    0.039,    0.006, -999.000,    0.041,    0.056,    0.039,    0.007, -999.000,
       215,2020090612,    0.024,    0.021,    0.023,    0.047, -999.000,    0.029,    0.023,    0.030,    0.047, -999.000,    0.038,    0.039,    0.038,    0.006, -999.000,    0.038,    0.039,    0.038,    0.006, -999.000,
       215,2020090606,    0.028,    0.017,    0.030,    0.046, -999.000,    0.034,    0.024,    0.038,    0.046,    0.013,    0.038,    0.044,    0.040,    0.005, -999.000,    0.038,    0.033,    0.040,    0.005, -999.000,
       215,2020090600,    0.020,    0.022,    0.019,    0.046,    0.024,    0.025,    0.023,    0.024,    0.046, -999.000,    0.029,    0.028,    0.029,    0.004,    0.005,    0.029,    0.028,    0.029,    0.004,    0.005,
       215,2020090518,    0.032,    0.024,    0.033,    0.046,    0.076,    0.042,    0.029,    0.046,    0.046, -999.000,    0.042,    0.044,    0.044,    0.008, -999.000,    0.042,    0.039,    0.044,    0.007, -999.000,
       215,2020090512,    0.021,    0.021,    0.020,    0.046,    0.002,    0.023,    0.021,    0.023,    0.047,    0.004,    0.031,    0.032,    0.030,    0.005, -999.000,    0.031,    0.036,    0.030,    0.005, -999.000,
       215,2020090506,    0.031,    0.021,    0.034,    0.043,    0.012,    0.037,    0.023,    0.042,    0.047, -999.000,    0.044,    0.040,    0.047,    0.004, -999.000,    0.044,    0.035,    0.047,    0.007, -999.000,
       215,2020090500,    0.022,    0.020,    0.022,    0.046, -999.000,    0.027,    0.020,    0.027,    0.046,    0.047,    0.034,    0.033,    0.034,    0.007, -999.000,    0.034,    0.035,    0.034,    0.005, -999.000,
       215,2020090418,    0.035,    0.027,    0.037,    0.046,    0.007,    0.041,    0.032,    0.043,    0.047,    0.031,    0.044,    0.046,    0.046,    0.008, -999.000,    0.044,    0.040,    0.046,    0.007, -999.000,
       215,2020090412,    0.021,    0.030,    0.019,    0.048,    0.009,    0.025,    0.032,    0.023,    0.048, -999.000,    0.034,    0.051,    0.029,    0.005, -999.000,    0.034,    0.053,    0.029,    0.006, -999.000,
       215,2020090406,    0.029,    0.018,    0.033,    0.044,    0.029,    0.039,    0.022,    0.045,    0.046,    0.096,    0.044,    0.034,    0.047,    0.008, -999.000,    0.044,    0.029,    0.047,    0.006, -999.000,
       215,2020090400,    0.019,    0.022,    0.018,    0.047,    0.024,    0.023,    0.019,    0.022,    0.049, -999.000,    0.030,    0.035,    0.028,    0.006, -999.000,    0.030,    0.045,    0.028,    0.005, -999.000,
       215,2020090318,    0.032,    0.028,    0.033,    0.045,    0.034,    0.042,    0.037,    0.043,    0.047,    0.035,    0.043,    0.054,    0.044,    0.010, -999.000,    0.043,    0.044,    0.044,    0.009, -999.000,
       215,2020090312,    0.023,    0.030,    0.021,    0.046,    0.010,    0.029,    0.035,    0.026,    0.046,    0.009,    0.036,    0.053,    0.031,    0.007, -999.000,    0.036,    0.056,    0.031,    0.006, -999.000,
       215,2020090306,    0.029,    0.020,    0.031,    0.044,    0.070,    0.035,    0.022,    0.039,    0.043,    0.056,    0.041,    0.040,    0.043,    0.011,    0.056,    0.041,    0.034,    0.043,    0.008,    0.056,
       215,2020090300,    0.021,    0.022,    0.020,    0.045, -999.000,    0.022,    0.018,    0.021,    0.046, -999.000,    0.032,    0.024,    0.032,    0.009, -999.000,    0.032,    0.032,    0.032,    0.007, -999.000,
       215,2020090218,    0.027,    0.020,    0.028,    0.046,    0.035,    0.034,    0.021,    0.037,    0.046,    0.016,    0.036,    0.032,    0.037,    0.010, -999.000,    0.036,    0.030,    0.037,    0.007, -999.000,
       215,2020090212,    0.022,    0.026,    0.020,    0.045,    0.020,    0.026,    0.028,    0.024,    0.045, -999.000,    0.034,    0.043,    0.032,    0.006,    0.019,    0.034,    0.041,    0.032,    0.008,    0.019,
       215,2020090206,    0.027,    0.017,    0.030,    0.043,    0.015,    0.034,    0.021,    0.038,    0.043,    0.017,    0.037,    0.040,    0.037,    0.007, -999.000,    0.037,    0.033,    0.037,    0.006, -999.000,
       215,2020090200,    0.020,    0.019,    0.020,    0.042, -999.000,    0.021,    0.018,    0.021,    0.041, -999.000,    0.032,    0.027,    0.033,    0.012, -999.000,    0.032,    0.031,    0.033,    0.008, -999.000,
       215,2020090118,    0.030,    0.026,    0.030,    0.046, -999.000,    0.036,    0.032,    0.037,    0.048, -999.000,    0.040,    0.048,    0.040,    0.006, -999.000,    0.040,    0.040,    0.040,    0.007, -999.000,
       215,2020090112,    0.024,    0.033,    0.021,    0.043, -999.000,    0.028,    0.033,    0.026,    0.043,    0.007,    0.040,    0.054,    0.036,    0.008, -999.000,    0.040,    0.055,    0.036,    0.007, -999.000,
       215,2020090106,    0.033,    0.020,    0.036,    0.041, -999.000,    0.040,    0.021,    0.046,    0.042,    0.174,    0.045,    0.031,    0.048,    0.009, -999.000,    0.045,    0.034,    0.048,    0.011, -999.000,
       215,2020090100,    0.020,    0.026,    0.019,    0.044,    0.000,    0.023,    0.023,    0.022,    0.046,    0.002,    0.035,    0.034,    0.033,    0.010, -999.000,    0.035,    0.046,    0.033,    0.009, -999.000,
       215,2020083118,    0.032,    0.040,    0.029,    0.044, -999.000,    0.038,    0.042,    0.037,    0.045, -999.000,    0.044,    0.056,    0.039,    0.010, -999.000,    0.044,    0.062,    0.039,    0.008, -999.000,
       215,2020083112,    0.023,    0.039,    0.019,    0.045,    0.008,    0.025,    0.039,    0.021,    0.041,    0.013,    0.038,    0.054,    0.032,    0.012, -999.000,    0.038,    0.060,    0.032,    0.009, -999.000,
       215,2020083106,    0.026,    0.019,    0.028,    0.043, -999.000,    0.033,    0.023,    0.036,    0.044,    0.177,    0.039,    0.035,    0.041,    0.009, -999.000,    0.039,    0.033,    0.041,    0.008, -999.000,
       215,2020083100,    0.018,    0.019,    0.017,    0.041, -999.000,    0.022,    0.022,    0.021,    0.041,    0.011,    0.026,    0.033,    0.026,    0.012, -999.000,    0.026,    0.023,    0.026,    0.009, -999.000,
       215,2020083018,    0.031,    0.025,    0.032,    0.044,    0.066,    0.039,    0.028,    0.042,    0.045,    0.072,    0.037,    0.035,    0.037,    0.009,    0.091,    0.037,    0.037,    0.037,    0.008,    0.091,
       215,2020083012,    0.020,    0.026,    0.018,    0.042, -999.000,    0.023,    0.032,    0.021,    0.041,    0.000,    0.028,    0.044,    0.028,    0.011, -999.000,    0.028,    0.034,    0.028,    0.009, -999.000,
       215,2020083006,    0.025,    0.038,    0.024, -999.000, -999.000,    0.036,    0.053,    0.035, -999.000,    0.277,    0.038,    0.054,    0.035, -999.000, -999.000,    0.038,    0.060,    0.035, -999.000, -999.000,
       215,2020083000,    0.019, -999.000,    0.019, -999.000, -999.000,    0.023, -999.000,    0.023, -999.000, -999.000,    0.027, -999.000,    0.027, -999.000, -999.000,    0.027, -999.000,    0.027, -999.000, -999.000,
