       310,2020092000,    0.030,    0.030,    0.030,    0.032,    0.023,    0.030,    0.030,    0.030,    0.032,    0.023,    0.021,    0.022,    0.021,    0.022,    0.036,    0.021,    0.022,    0.021,    0.021,    0.036,
       310,2020091918,    0.031,    0.029,    0.032,    0.030,    0.027,    0.031,    0.029,    0.033,    0.030,    0.028,    0.022,    0.022,    0.022,    0.023,    0.021,    0.022,    0.022,    0.022,    0.023,    0.021,
       310,2020091912,    0.031,    0.032,    0.032,    0.027,    0.036,    0.032,    0.031,    0.032,    0.027,    0.036,    0.023,    0.023,    0.023,    0.023,    0.024,    0.023,    0.023,    0.023,    0.023,    0.024,
       310,2020091906,    0.030,    0.030,    0.030,    0.030,    0.032,    0.030,    0.030,    0.031,    0.030,    0.035,    0.022,    0.022,    0.022,    0.022,    0.030,    0.022,    0.022,    0.022,    0.022,    0.030,
       310,2020091900,    0.029,    0.029,    0.030,    0.028,    0.040,    0.030,    0.029,    0.030,    0.029,    0.040,    0.022,    0.022,    0.022,    0.022,    0.024,    0.022,    0.022,    0.022,    0.022,    0.024,
       310,2020091818,    0.030,    0.029,    0.030,    0.026,    0.027,    0.030,    0.029,    0.030,    0.026,    0.028,    0.022,    0.022,    0.022,    0.021,    0.023,    0.022,    0.022,    0.022,    0.021,    0.023,
       310,2020091812,    0.029,    0.029,    0.029,    0.030,    0.034,    0.029,    0.029,    0.030,    0.030,    0.034,    0.022,    0.021,    0.022,    0.022,    0.043,    0.022,    0.021,    0.022,    0.022,    0.043,
       310,2020091806,    0.028,    0.029,    0.028,    0.029,    0.039,    0.028,    0.028,    0.028,    0.030,    0.038,    0.021,    0.021,    0.021,    0.021,    0.029,    0.021,    0.022,    0.021,    0.021,    0.029,
       310,2020091800,    0.028,    0.028,    0.028,    0.029,    0.059,    0.028,    0.027,    0.029,    0.029,    0.059,    0.021,    0.021,    0.020,    0.021,    0.004,    0.021,    0.021,    0.020,    0.021,    0.004,
       310,2020091718,    0.028,    0.029,    0.028,    0.026,    0.036,    0.028,    0.029,    0.028,    0.026,    0.040,    0.021,    0.021,    0.021,    0.020,    0.029,    0.021,    0.021,    0.021,    0.020,    0.029,
       310,2020091712,    0.029,    0.029,    0.029,    0.028,    0.044,    0.029,    0.029,    0.030,    0.027,    0.043,    0.021,    0.021,    0.021,    0.020,    0.024,    0.021,    0.021,    0.021,    0.021,    0.024,
       310,2020091706,    0.028,    0.026,    0.028,    0.028,    0.033,    0.028,    0.027,    0.028,    0.028,    0.032,    0.021,    0.021,    0.021,    0.021,    0.025,    0.021,    0.021,    0.021,    0.021,    0.025,
       310,2020091700,    0.029,    0.030,    0.029,    0.033,    0.045,    0.029,    0.030,    0.029,    0.032,    0.043,    0.021,    0.021,    0.021,    0.021,    0.030,    0.021,    0.021,    0.021,    0.021,    0.030,
       310,2020091618,    0.028,    0.028,    0.029,    0.030,    0.042,    0.028,    0.027,    0.029,    0.030,    0.037,    0.021,    0.021,    0.021,    0.022,    0.023,    0.021,    0.021,    0.021,    0.021,    0.023,
       310,2020091612,    0.031,    0.030,    0.032,    0.028,    0.040,    0.031,    0.030,    0.032,    0.027,    0.040,    0.023,    0.023,    0.023,    0.022,    0.029,    0.023,    0.023,    0.023,    0.022,    0.029,
       310,2020091606,    0.031,    0.030,    0.031,    0.031,    0.039,    0.031,    0.029,    0.031,    0.032,    0.037,    0.023,    0.023,    0.022,    0.023,    0.025,    0.023,    0.023,    0.022,    0.023,    0.025,
       310,2020091600,    0.031,    0.032,    0.030,    0.032,    0.042,    0.031,    0.032,    0.030,    0.031,    0.042,    0.022,    0.022,    0.022,    0.022,    0.016,    0.022,    0.022,    0.022,    0.023,    0.016,
       310,2020091518,    0.030,    0.027,    0.032,    0.030,    0.033,    0.030,    0.027,    0.032,    0.030,    0.032,    0.022,    0.021,    0.022,    0.022,    0.028,    0.022,    0.021,    0.022,    0.022,    0.028,
       310,2020091512,    0.032,    0.033,    0.032,    0.028,    0.037,    0.032,    0.033,    0.032,    0.028,    0.046,    0.023,    0.023,    0.023,    0.022,    0.027,    0.023,    0.023,    0.023,    0.023,    0.027,
       310,2020091506,    0.032,    0.030,    0.032,    0.032,    0.041,    0.031,    0.030,    0.032,    0.031,    0.038,    0.023,    0.023,    0.023,    0.024,    0.030,    0.023,    0.023,    0.023,    0.024,    0.030,
       310,2020091500,    0.033,    0.034,    0.032,    0.034,    0.064,    0.033,    0.034,    0.033,    0.034,    0.070,    0.024,    0.023,    0.024,    0.025,    0.014,    0.024,    0.023,    0.024,    0.025,    0.014,
       310,2020091418,    0.032,    0.031,    0.033,    0.032,    0.036,    0.032,    0.030,    0.034,    0.033,    0.029,    0.023,    0.023,    0.023,    0.024,    0.026,    0.023,    0.023,    0.023,    0.024,    0.026,
       310,2020091412,    0.033,    0.033,    0.033,    0.034,    0.063,    0.034,    0.034,    0.034,    0.033,    0.054,    0.024,    0.025,    0.024,    0.025,    0.015,    0.024,    0.025,    0.024,    0.026,    0.015,
       310,2020091406,    0.032,    0.030,    0.032,    0.035,    0.038,    0.032,    0.031,    0.032,    0.036,    0.038,    0.023,    0.024,    0.023,    0.023,    0.023,    0.023,    0.024,    0.023,    0.023,    0.023,
       310,2020091400,    0.032,    0.032,    0.032,    0.031,    0.046,    0.033,    0.033,    0.033,    0.031,    0.045,    0.023,    0.024,    0.023,    0.024,    0.037,    0.023,    0.024,    0.023,    0.024,    0.037,
       310,2020091318,    0.031,    0.030,    0.032,    0.031,    0.049,    0.031,    0.030,    0.032,    0.030,    0.048,    0.023,    0.023,    0.023,    0.023,    0.020,    0.023,    0.023,    0.023,    0.024,    0.020,
       310,2020091312,    0.032,    0.031,    0.032,    0.030,    0.048,    0.032,    0.031,    0.033,    0.029,    0.050,    0.023,    0.023,    0.023,    0.023,    0.026,    0.023,    0.023,    0.023,    0.023,    0.026,
       310,2020091306,    0.030,    0.031,    0.030,    0.033,    0.041,    0.030,    0.030,    0.030,    0.033,    0.034,    0.022,    0.022,    0.022,    0.022,    0.025,    0.022,    0.022,    0.022,    0.022,    0.025,
       310,2020091300,    0.029,    0.028,    0.029,    0.032,    0.049,    0.029,    0.028,    0.029,    0.032,    0.051,    0.021,    0.021,    0.021,    0.022,    0.020,    0.021,    0.021,    0.021,    0.022,    0.020,
       310,2020091218,    0.028,    0.028,    0.028,    0.028,    0.029,    0.028,    0.028,    0.028,    0.028,    0.032,    0.021,    0.021,    0.021,    0.021,    0.027,    0.021,    0.021,    0.021,    0.021,    0.027,
       310,2020091212,    0.029,    0.027,    0.030,    0.029,    0.043,    0.029,    0.028,    0.030,    0.029,    0.043,    0.021,    0.021,    0.021,    0.022,    0.022,    0.021,    0.021,    0.021,    0.022,    0.022,
       310,2020091206,    0.028,    0.029,    0.028,    0.028,    0.036,    0.028,    0.029,    0.028,    0.028,    0.032,    0.020,    0.021,    0.020,    0.021,    0.017,    0.020,    0.021,    0.020,    0.021,    0.017,
       310,2020091200,    0.029,    0.030,    0.029,    0.032, -999.000,    0.029,    0.030,    0.029,    0.032, -999.000,    0.021,    0.021,    0.021,    0.022, -999.000,    0.021,    0.021,    0.021,    0.022, -999.000,
       310,2020091118,    0.029,    0.029,    0.029,    0.029,    0.032,    0.029,    0.029,    0.029,    0.029,    0.031,    0.021,    0.021,    0.021,    0.021,    0.020,    0.021,    0.021,    0.021,    0.021,    0.020,
       310,2020091112,    0.032,    0.030,    0.032,    0.031,    0.056,    0.032,    0.030,    0.032,    0.031,    0.048,    0.023,    0.023,    0.023,    0.023,    0.022,    0.023,    0.023,    0.023,    0.023,    0.022,
       310,2020091106,    0.031,    0.031,    0.031,    0.032,    0.028,    0.031,    0.030,    0.031,    0.032,    0.036,    0.022,    0.022,    0.022,    0.023,    0.024,    0.022,    0.022,    0.022,    0.023,    0.024,
       310,2020091100,    0.031,    0.033,    0.030,    0.033,    0.046,    0.031,    0.033,    0.031,    0.033,    0.046,    0.022,    0.023,    0.022,    0.023,    0.033,    0.022,    0.023,    0.022,    0.023,    0.033,
       310,2020091018,    0.030,    0.028,    0.031,    0.028,    0.051,    0.030,    0.028,    0.031,    0.028,    0.049,    0.022,    0.021,    0.022,    0.022,    0.022,    0.022,    0.021,    0.022,    0.023,    0.022,
       310,2020091012,    0.032,    0.032,    0.032,    0.027,    0.054,    0.032,    0.032,    0.032,    0.027,    0.054,    0.023,    0.023,    0.023,    0.023,    0.017,    0.023,    0.023,    0.023,    0.023,    0.017,
       310,2020091006,    0.032,    0.030,    0.032,    0.036,    0.051,    0.032,    0.030,    0.032,    0.035,    0.049,    0.023,    0.023,    0.023,    0.022,    0.020,    0.023,    0.023,    0.023,    0.022,    0.020,
       310,2020091000,    0.031,    0.033,    0.031,    0.031,    0.046,    0.031,    0.033,    0.031,    0.031,    0.044,    0.023,    0.023,    0.022,    0.023,    0.025,    0.023,    0.023,    0.022,    0.023,    0.025,
       310,2020090918,    0.030,    0.028,    0.032,    0.028,    0.036,    0.030,    0.027,    0.032,    0.028,    0.037,    0.022,    0.022,    0.022,    0.023,    0.025,    0.022,    0.022,    0.022,    0.023,    0.025,
       310,2020090912,    0.031,    0.033,    0.031,    0.028,    0.040,    0.032,    0.033,    0.031,    0.028,    0.044,    0.023,    0.023,    0.023,    0.023,    0.026,    0.023,    0.023,    0.023,    0.023,    0.026,
       310,2020090906,    0.031,    0.030,    0.031,    0.035,    0.027,    0.031,    0.030,    0.031,    0.036,    0.026,    0.022,    0.023,    0.022,    0.023,    0.025,    0.022,    0.023,    0.022,    0.024,    0.025,
       310,2020090900,    0.031,    0.031,    0.031,    0.033,    0.035,    0.031,    0.031,    0.031,    0.032,    0.043,    0.022,    0.023,    0.022,    0.022,    0.031,    0.022,    0.023,    0.022,    0.022,    0.031,
       310,2020090818,    0.031,    0.030,    0.032,    0.032,    0.026,    0.032,    0.030,    0.032,    0.031,    0.025,    0.023,    0.023,    0.023,    0.023,    0.022,    0.023,    0.023,    0.023,    0.023,    0.022,
       310,2020090812,    0.032,    0.031,    0.032,    0.031,    0.047,    0.032,    0.031,    0.032,    0.032,    0.049,    0.023,    0.023,    0.023,    0.023,    0.023,    0.023,    0.023,    0.023,    0.023,    0.023,
       310,2020090806,    0.030,    0.029,    0.030,    0.031,    0.036,    0.030,    0.029,    0.030,    0.031,    0.033,    0.022,    0.022,    0.022,    0.022,    0.025,    0.022,    0.022,    0.022,    0.022,    0.025,
       310,2020090800,    0.030,    0.029,    0.030,    0.032,    0.005,    0.030,    0.029,    0.031,    0.032,    0.005,    0.022,    0.022,    0.022,    0.022,    0.006,    0.022,    0.022,    0.022,    0.022,    0.006,
       310,2020090718,    0.030,    0.030,    0.030,    0.028,    0.039,    0.030,    0.029,    0.030,    0.027,    0.037,    0.021,    0.021,    0.021,    0.021,    0.022,    0.021,    0.021,    0.021,    0.022,    0.022,
       310,2020090712,    0.028,    0.028,    0.028,    0.028,    0.054,    0.028,    0.028,    0.029,    0.029,    0.045,    0.021,    0.021,    0.021,    0.022,    0.013,    0.021,    0.021,    0.021,    0.022,    0.013,
       310,2020090706,    0.029,    0.029,    0.029,    0.031,    0.048,    0.029,    0.029,    0.029,    0.031,    0.040,    0.021,    0.021,    0.021,    0.022,    0.016,    0.021,    0.021,    0.021,    0.022,    0.016,
       310,2020090700,    0.029,    0.030,    0.028,    0.033,    0.042,    0.029,    0.030,    0.029,    0.033,    0.043,    0.022,    0.021,    0.021,    0.021,    0.022,    0.022,    0.021,    0.021,    0.021,    0.022,
       310,2020090618,    0.031,    0.030,    0.031,    0.030,    0.046,    0.031,    0.031,    0.031,    0.030,    0.049,    0.023,    0.023,    0.023,    0.022,    0.023,    0.023,    0.023,    0.023,    0.022,    0.023,
       310,2020090612,    0.031,    0.031,    0.032,    0.029,    0.042,    0.032,    0.031,    0.032,    0.029,    0.043,    0.023,    0.023,    0.023,    0.023,    0.028,    0.023,    0.023,    0.023,    0.022,    0.028,
       310,2020090606,    0.032,    0.031,    0.032,    0.035,    0.018,    0.032,    0.030,    0.032,    0.035,    0.022,    0.023,    0.023,    0.023,    0.023,    0.013,    0.023,    0.023,    0.023,    0.023,    0.013,
       310,2020090600,    0.031,    0.033,    0.030,    0.032,    0.051,    0.031,    0.032,    0.030,    0.032,    0.053,    0.022,    0.023,    0.022,    0.023,    0.023,    0.022,    0.023,    0.022,    0.023,    0.023,
       310,2020090518,    0.030,    0.029,    0.030,    0.032,    0.044,    0.030,    0.029,    0.031,    0.032,    0.046,    0.022,    0.022,    0.023,    0.023,    0.025,    0.022,    0.022,    0.023,    0.023,    0.025,
       310,2020090512,    0.031,    0.032,    0.031,    0.028,    0.043,    0.031,    0.031,    0.031,    0.027,    0.041,    0.022,    0.023,    0.022,    0.021,    0.025,    0.022,    0.023,    0.022,    0.021,    0.025,
       310,2020090506,    0.031,    0.030,    0.032,    0.035,    0.040,    0.031,    0.029,    0.032,    0.034,    0.042,    0.023,    0.023,    0.023,    0.023,    0.027,    0.023,    0.023,    0.023,    0.023,    0.027,
       310,2020090500,    0.032,    0.033,    0.031,    0.033,    0.039,    0.032,    0.033,    0.031,    0.032,    0.039,    0.023,    0.023,    0.023,    0.023,    0.026,    0.023,    0.023,    0.023,    0.023,    0.026,
       310,2020090418,    0.029,    0.028,    0.030,    0.028,    0.028,    0.029,    0.028,    0.030,    0.028,    0.033,    0.022,    0.022,    0.022,    0.022,    0.028,    0.022,    0.022,    0.022,    0.023,    0.028,
       310,2020090412,    0.031,    0.033,    0.030,    0.031,    0.022,    0.031,    0.033,    0.031,    0.031,    0.022,    0.023,    0.023,    0.023,    0.022,    0.027,    0.023,    0.023,    0.023,    0.023,    0.027,
       310,2020090406,    0.031,    0.031,    0.030,    0.036,    0.036,    0.031,    0.032,    0.031,    0.036,    0.029,    0.023,    0.023,    0.022,    0.024,    0.027,    0.023,    0.023,    0.022,    0.024,    0.027,
       310,2020090400,    0.031,    0.032,    0.031,    0.034,    0.051,    0.031,    0.032,    0.031,    0.033,    0.051,    0.023,    0.023,    0.023,    0.023,    0.028,    0.023,    0.023,    0.023,    0.023,    0.028,
       310,2020090318,    0.031,    0.028,    0.032,    0.027,    0.031,    0.031,    0.028,    0.033,    0.027,    0.030,    0.023,    0.023,    0.023,    0.023,    0.020,    0.023,    0.022,    0.023,    0.023,    0.020,
       310,2020090312,    0.032,    0.032,    0.032,    0.033,    0.050,    0.033,    0.032,    0.033,    0.033,    0.050,    0.023,    0.023,    0.023,    0.024,    0.026,    0.023,    0.023,    0.023,    0.025,    0.026,
       310,2020090306,    0.031,    0.030,    0.031,    0.038,    0.038,    0.031,    0.030,    0.031,    0.037,    0.038,    0.022,    0.023,    0.022,    0.022,    0.024,    0.022,    0.023,    0.022,    0.022,    0.024,
       310,2020090300,    0.032,    0.031,    0.032,    0.034,    0.038,    0.032,    0.031,    0.032,    0.033,    0.035,    0.023,    0.023,    0.023,    0.024,    0.030,    0.023,    0.023,    0.023,    0.023,    0.030,
       310,2020090218,    0.032,    0.032,    0.032,    0.029,    0.038,    0.032,    0.032,    0.032,    0.030,    0.038,    0.023,    0.024,    0.023,    0.023,    0.019,    0.023,    0.024,    0.023,    0.023,    0.019,
       310,2020090212,    0.032,    0.031,    0.033,    0.028,    0.043,    0.032,    0.031,    0.033,    0.028,    0.042,    0.024,    0.023,    0.024,    0.023,    0.024,    0.024,    0.023,    0.024,    0.023,    0.024,
       310,2020090206,    0.030,    0.030,    0.030,    0.035,    0.047,    0.031,    0.031,    0.030,    0.034,    0.045,    0.023,    0.023,    0.023,    0.024,    0.025,    0.023,    0.023,    0.023,    0.024,    0.025,
       310,2020090200,    0.031,    0.029,    0.031,    0.035,    0.047,    0.031,    0.029,    0.031,    0.034,    0.047,    0.022,    0.022,    0.022,    0.022,    0.021,    0.022,    0.022,    0.022,    0.022,    0.021,
       310,2020090118,    0.032,    0.032,    0.031,    0.033,    0.031,    0.032,    0.033,    0.032,    0.032,    0.032,    0.023,    0.023,    0.023,    0.023,    0.024,    0.023,    0.023,    0.023,    0.022,    0.024,
       310,2020090112,    0.031,    0.030,    0.032,    0.029,    0.039,    0.031,    0.030,    0.032,    0.029,    0.042,    0.023,    0.022,    0.023,    0.022,    0.025,    0.023,    0.023,    0.023,    0.022,    0.025,
       310,2020090106,    0.031,    0.029,    0.032,    0.032,    0.049,    0.031,    0.029,    0.032,    0.032,    0.052,    0.022,    0.022,    0.023,    0.023,    0.009,    0.022,    0.022,    0.023,    0.023,    0.009,
       310,2020090100,    0.030,    0.031,    0.029,    0.033,    0.046,    0.030,    0.031,    0.029,    0.034,    0.037,    0.022,    0.022,    0.022,    0.021,    0.026,    0.022,    0.022,    0.022,    0.021,    0.026,
       310,2020083118,    0.029,    0.028,    0.030,    0.028,    0.043,    0.029,    0.028,    0.030,    0.029,    0.043,    0.022,    0.022,    0.022,    0.021,    0.021,    0.022,    0.022,    0.022,    0.021,    0.021,
       310,2020083112,    0.029,    0.029,    0.029,    0.029,    0.032,    0.029,    0.029,    0.030,    0.028,    0.035,    0.021,    0.022,    0.021,    0.022,    0.026,    0.021,    0.022,    0.021,    0.022,    0.026,
       310,2020083106,    0.029,    0.029,    0.028,    0.029,    0.052,    0.029,    0.029,    0.029,    0.030,    0.050,    0.021,    0.021,    0.021,    0.022,    0.019,    0.021,    0.021,    0.021,    0.022,    0.019,
       310,2020083100,    0.029,    0.031,    0.028,    0.032,    0.047,    0.029,    0.030,    0.029,    0.031,    0.050,    0.021,    0.021,    0.021,    0.022,    0.011,    0.021,    0.022,    0.021,    0.022,    0.011,
       310,2020083018,    0.029,    0.027,    0.030,    0.031,    0.045,    0.029,    0.027,    0.030,    0.030,    0.043,    0.022,    0.022,    0.022,    0.023,    0.033,    0.022,    0.022,    0.022,    0.023,    0.033,
       310,2020083012,    0.030,    0.031,    0.030,    0.030,    0.050,    0.031,    0.031,    0.030,    0.031,    0.050,    0.022,    0.022,    0.022,    0.022,    0.018,    0.022,    0.022,    0.022,    0.022,    0.018,
       310,2020083006,    0.030,    0.029,    0.030,    0.032,    0.033,    0.030,    0.029,    0.030,    0.034,    0.025,    0.022,    0.022,    0.022,    0.022,    0.023,    0.022,    0.022,    0.022,    0.022,    0.023,
       310,2020083000,    0.031,    0.031,    0.031,    0.031,    0.055,    0.031,    0.031,    0.031,    0.031,    0.054,    0.022,    0.022,    0.022,    0.022,    0.011,    0.022,    0.022,    0.022,    0.022,    0.011,
