       410,2020092000,    0.068,    0.082,    0.063,    0.065, -999.000,    0.072,    0.081,    0.068,    0.065, -999.000,    0.080,    0.085,    0.077,    0.082, -999.000,    0.080,    0.085,    0.077,    0.080, -999.000,
       410,2020091918,    0.075,    0.066,    0.077,    0.098, -999.000,    0.073,    0.065,    0.077,    0.083, -999.000,    0.084,    0.080,    0.084,    0.088, -999.000,    0.084,    0.081,    0.084,    0.090, -999.000,
       410,2020091912,    0.071,    0.081,    0.068,    0.059, -999.000,    0.074,    0.080,    0.073,    0.033, -999.000,    0.083,    0.088,    0.081,    0.053, -999.000,    0.083,    0.088,    0.081,    0.082, -999.000,
       410,2020091906,    0.071,    0.093,    0.061,    0.079,    0.030,    0.077,    0.096,    0.066,    0.111,    0.040,    0.083,    0.094,    0.075,    0.104,    0.045,    0.083,    0.096,    0.075,    0.090,    0.045,
       410,2020091900,    0.068,    0.078,    0.061,    0.068, -999.000,    0.069,    0.083,    0.056,    0.077, -999.000,    0.083,    0.091,    0.080,    0.083, -999.000,    0.083,    0.088,    0.080,    0.079, -999.000,
       410,2020091818,    0.071,    0.072,    0.069,    0.099,    0.029,    0.077,    0.075,    0.077,    0.084,    0.133,    0.084,    0.084,    0.083,    0.102,    0.020,    0.084,    0.082,    0.083,    0.098,    0.020,
       410,2020091812,    0.084,    0.107,    0.077,    0.078, -999.000,    0.090,    0.098,    0.088,    0.079, -999.000,    0.091,    0.097,    0.087,    0.095, -999.000,    0.091,    0.096,    0.087,    0.100, -999.000,
       410,2020091806,    0.082,    0.085,    0.082,    0.053,    0.241,    0.089,    0.093,    0.087,    0.064, -999.000,    0.086,    0.092,    0.085,    0.084, -999.000,    0.086,    0.090,    0.085,    0.074, -999.000,
       410,2020091800,    0.076,    0.077,    0.075,    0.068, -999.000,    0.076,    0.077,    0.072,    0.096, -999.000,    0.085,    0.084,    0.088,    0.087, -999.000,    0.085,    0.082,    0.088,    0.084, -999.000,
       410,2020091718,    0.073,    0.067,    0.082,    0.048, -999.000,    0.079,    0.072,    0.087,    0.047, -999.000,    0.085,    0.081,    0.088,    0.061, -999.000,    0.085,    0.080,    0.088,    0.076, -999.000,
       410,2020091712,    0.085,    0.101,    0.080,    0.082, -999.000,    0.081,    0.092,    0.077,    0.064, -999.000,    0.090,    0.094,    0.088,    0.079, -999.000,    0.090,    0.096,    0.088,    0.088, -999.000,
       410,2020091706,    0.073,    0.079,    0.069,    0.074, -999.000,    0.078,    0.085,    0.073,    0.085, -999.000,    0.085,    0.092,    0.082,    0.103, -999.000,    0.085,    0.088,    0.082,    0.087, -999.000,
       410,2020091700,    0.074,    0.064,    0.074,    0.108, -999.000,    0.071,    0.064,    0.074,    0.062, -999.000,    0.088,    0.086,    0.086,    0.077, -999.000,    0.088,    0.087,    0.086,    0.106, -999.000,
       410,2020091618,    0.067,    0.058,    0.077,    0.058,    0.042,    0.071,    0.067,    0.070,    0.103,    0.027,    0.080,    0.079,    0.086,    0.111,    0.021,    0.080,    0.070,    0.086,    0.084,    0.021,
       410,2020091612,    0.072,    0.088,    0.066,    0.091, -999.000,    0.076,    0.085,    0.072,    0.080, -999.000,    0.087,    0.093,    0.083,    0.110, -999.000,    0.087,    0.095,    0.083,    0.092, -999.000,
       410,2020091606,    0.084,    0.084,    0.085,    0.062,    0.270,    0.087,    0.084,    0.089,    0.083,    0.270,    0.089,    0.087,    0.090,    0.099, -999.000,    0.089,    0.089,    0.090,    0.073, -999.000,
       410,2020091600,    0.069,    0.062,    0.071,    0.075,    0.043,    0.074,    0.062,    0.080,    0.079,    0.043,    0.083,    0.081,    0.083,    0.093, -999.000,    0.083,    0.080,    0.083,    0.090, -999.000,
       410,2020091518,    0.068,    0.077,    0.062,    0.071, -999.000,    0.078,    0.082,    0.073,    0.083, -999.000,    0.087,    0.094,    0.083,    0.105, -999.000,    0.087,    0.090,    0.083,    0.093, -999.000,
       410,2020091512,    0.071,    0.070,    0.072,    0.073, -999.000,    0.079,    0.071,    0.083,    0.070,    0.231,    0.083,    0.076,    0.084,    0.093, -999.000,    0.083,    0.078,    0.084,    0.085, -999.000,
       410,2020091506,    0.074,    0.093,    0.059,    0.068, -999.000,    0.085,    0.103,    0.072,    0.062, -999.000,    0.090,    0.098,    0.081,    0.075, -999.000,    0.090,    0.098,    0.081,    0.080, -999.000,
       410,2020091500,    0.075,    0.069,    0.073,    0.128, -999.000,    0.075,    0.074,    0.073,    0.100, -999.000,    0.087,    0.089,    0.084,    0.096, -999.000,    0.087,    0.084,    0.084,    0.112, -999.000,
       410,2020091418,    0.069,    0.066,    0.070,    0.075,    0.148,    0.068,    0.073,    0.063,    0.079,    0.002,    0.085,    0.090,    0.088,    0.092, -999.000,    0.085,    0.081,    0.088,    0.085, -999.000,
       410,2020091412,    0.075,    0.061,    0.081,    0.046, -999.000,    0.082,    0.072,    0.086,    0.095, -999.000,    0.087,    0.087,    0.089,    0.092, -999.000,    0.087,    0.081,    0.089,    0.067, -999.000,
       410,2020091406,    0.075,    0.086,    0.070,    0.075, -999.000,    0.080,    0.089,    0.074,    0.110,    0.008,    0.091,    0.100,    0.088,    0.105, -999.000,    0.091,    0.097,    0.088,    0.090, -999.000,
       410,2020091400,    0.075,    0.077,    0.072,    0.072,    0.269,    0.073,    0.079,    0.069,    0.054,    0.135,    0.084,    0.091,    0.081,    0.068, -999.000,    0.084,    0.089,    0.081,    0.079, -999.000,
       410,2020091318,    0.082,    0.096,    0.074,    0.086,    0.295,    0.087,    0.092,    0.084,    0.085,    0.295,    0.093,    0.097,    0.089,    0.089, -999.000,    0.093,    0.100,    0.089,    0.085, -999.000,
       410,2020091312,    0.083,    0.084,    0.085,    0.058, -999.000,    0.084,    0.076,    0.089,    0.075, -999.000,    0.092,    0.087,    0.092,    0.090, -999.000,    0.092,    0.095,    0.092,    0.076, -999.000,
       410,2020091306,    0.076,    0.092,    0.065,    0.105, -999.000,    0.082,    0.099,    0.072,    0.083, -999.000,    0.089,    0.099,    0.083,    0.092, -999.000,    0.089,    0.095,    0.083,    0.093, -999.000,
       410,2020091300,    0.082,    0.095,    0.070,    0.092, -999.000,    0.080,    0.085,    0.070,    0.105, -999.000,    0.096,    0.093,    0.094,    0.100, -999.000,    0.096,    0.098,    0.094,    0.096, -999.000,
       410,2020091218,    0.079,    0.084,    0.079,    0.063,    0.001,    0.082,    0.083,    0.080,    0.101, -999.000,    0.091,    0.092,    0.089,    0.099, -999.000,    0.091,    0.096,    0.089,    0.094, -999.000,
       410,2020091212,    0.085,    0.096,    0.079,    0.076, -999.000,    0.089,    0.097,    0.085,    0.080, -999.000,    0.091,    0.097,    0.088,    0.101, -999.000,    0.091,    0.097,    0.088,    0.091, -999.000,
       410,2020091206,    0.087,    0.099,    0.082,    0.056,    0.056,    0.086,    0.097,    0.081,    0.061,    0.081,    0.096,    0.102,    0.092,    0.087,    0.086,    0.096,    0.102,    0.092,    0.085,    0.086,
       410,2020091200,    0.080,    0.081,    0.077,    0.106,    0.114,    0.076,    0.073,    0.076,    0.091,    0.145,    0.090,    0.094,    0.089,    0.096, -999.000,    0.090,    0.090,    0.089,    0.096, -999.000,
       410,2020091118,    0.085,    0.068,    0.100,    0.065, -999.000,    0.084,    0.068,    0.097,    0.088, -999.000,    0.094,    0.084,    0.101,    0.088, -999.000,    0.094,    0.083,    0.101,    0.077, -999.000,
       410,2020091112,    0.084,    0.089,    0.084,    0.059,    0.006,    0.092,    0.100,    0.089,    0.070, -999.000,    0.098,    0.107,    0.097,    0.087, -999.000,    0.098,    0.104,    0.097,    0.073, -999.000,
       410,2020091106,    0.087,    0.100,    0.079,    0.048,    0.115,    0.091,    0.109,    0.079,    0.059,    0.115,    0.094,    0.100,    0.091,    0.095, -999.000,    0.094,    0.096,    0.091,    0.086, -999.000,
       410,2020091100,    0.085,    0.080,    0.090,    0.060, -999.000,    0.088,    0.074,    0.096,    0.092, -999.000,    0.095,    0.095,    0.097,    0.089, -999.000,    0.095,    0.095,    0.097,    0.076, -999.000,
       410,2020091018,    0.072,    0.092,    0.062,    0.062, -999.000,    0.079,    0.088,    0.074,    0.073, -999.000,    0.091,    0.101,    0.082,    0.087, -999.000,    0.091,    0.104,    0.082,    0.075, -999.000,
       410,2020091012,    0.078,    0.098,    0.072,    0.075,    0.302,    0.087,    0.093,    0.085,    0.069,    0.302,    0.095,    0.097,    0.092,    0.092, -999.000,    0.095,    0.098,    0.092,    0.107, -999.000,
       410,2020091006,    0.092,    0.103,    0.081,    0.109, -999.000,    0.101,    0.114,    0.087,    0.122, -999.000,    0.100,    0.108,    0.095,    0.131, -999.000,    0.100,    0.104,    0.095,    0.117, -999.000,
       410,2020091000,    0.076,    0.082,    0.072,    0.092, -999.000,    0.081,    0.079,    0.080,    0.097, -999.000,    0.096,    0.094,    0.095,    0.117, -999.000,    0.096,    0.095,    0.095,    0.109, -999.000,
       410,2020090918,    0.086,    0.085,    0.079,    0.119,    0.114,    0.085,    0.082,    0.085,    0.105,    0.206,    0.095,    0.094,    0.090,    0.105,    0.131,    0.095,    0.096,    0.090,    0.111,    0.131,
       410,2020090912,    0.088,    0.073,    0.096,    0.063, -999.000,    0.090,    0.075,    0.098,    0.074, -999.000,    0.097,    0.093,    0.099,    0.112, -999.000,    0.097,    0.090,    0.099,    0.093, -999.000,
       410,2020090906,    0.089,    0.089,    0.086,    0.124, -999.000,    0.087,    0.092,    0.083,    0.111, -999.000,    0.101,    0.101,    0.102,    0.104, -999.000,    0.101,    0.098,    0.102,    0.105, -999.000,
       410,2020090900,    0.087,    0.096,    0.081,    0.102, -999.000,    0.084,    0.101,    0.074,    0.073,    0.260,    0.101,    0.105,    0.099,    0.081, -999.000,    0.101,    0.103,    0.099,    0.112, -999.000,
       410,2020090818,    0.087,    0.089,    0.083,    0.135, -999.000,    0.086,    0.087,    0.083,    0.113, -999.000,    0.101,    0.097,    0.100,    0.116, -999.000,    0.101,    0.101,    0.100,    0.108, -999.000,
       410,2020090812,    0.081,    0.093,    0.078,    0.064, -999.000,    0.081,    0.093,    0.076,    0.063, -999.000,    0.092,    0.100,    0.089,    0.097, -999.000,    0.092,    0.100,    0.089,    0.085, -999.000,
       410,2020090806,    0.087,    0.101,    0.082,    0.055,    0.109,    0.093,    0.101,    0.089,    0.068,    0.109,    0.101,    0.110,    0.098,    0.108, -999.000,    0.101,    0.106,    0.098,    0.088, -999.000,
       410,2020090800,    0.090,    0.113,    0.068,    0.100,    0.001,    0.095,    0.111,    0.075,    0.115,    0.159,    0.099,    0.110,    0.085,    0.105, -999.000,    0.099,    0.108,    0.085,    0.099, -999.000,
       410,2020090718,    0.081,    0.085,    0.078,    0.080, -999.000,    0.090,    0.100,    0.086,    0.082, -999.000,    0.099,    0.108,    0.100,    0.095, -999.000,    0.099,    0.099,    0.100,    0.090, -999.000,
       410,2020090712,    0.095,    0.100,    0.093,    0.087, -999.000,    0.098,    0.102,    0.097,    0.076, -999.000,    0.100,    0.106,    0.098,    0.094, -999.000,    0.100,    0.106,    0.098,    0.106, -999.000,
       410,2020090706,    0.091,    0.110,    0.080,    0.055,    0.320,    0.095,    0.106,    0.089,    0.056,    0.225,    0.100,    0.104,    0.094,    0.060, -999.000,    0.100,    0.106,    0.094,    0.075, -999.000,
       410,2020090700,    0.076,    0.080,    0.076,    0.061, -999.000,    0.074,    0.076,    0.070,    0.082, -999.000,    0.093,    0.099,    0.088,    0.092, -999.000,    0.093,    0.103,    0.088,    0.084, -999.000,
       410,2020090618,    0.077,    0.091,    0.071,    0.049,    0.270,    0.085,    0.096,    0.079,    0.077, -999.000,    0.095,    0.102,    0.093,    0.103, -999.000,    0.095,    0.098,    0.093,    0.081, -999.000,
       410,2020090612,    0.090,    0.106,    0.087,    0.068, -999.000,    0.091,    0.105,    0.086,    0.079, -999.000,    0.101,    0.109,    0.099,    0.105, -999.000,    0.101,    0.107,    0.099,    0.096, -999.000,
       410,2020090606,    0.093,    0.111,    0.081,    0.071, -999.000,    0.098,    0.111,    0.087,    0.108, -999.000,    0.103,    0.111,    0.097,    0.128, -999.000,    0.103,    0.111,    0.097,    0.089, -999.000,
       410,2020090600,    0.094,    0.085,    0.102,    0.076,    0.000,    0.093,    0.086,    0.099,    0.083,    0.000,    0.103,    0.106,    0.104,    0.102, -999.000,    0.103,    0.101,    0.104,    0.102, -999.000,
       410,2020090518,    0.094,    0.101,    0.085,    0.106, -999.000,    0.094,    0.100,    0.091,    0.067, -999.000,    0.106,    0.102,    0.107,    0.098, -999.000,    0.106,    0.102,    0.107,    0.120, -999.000,
       410,2020090512,    0.085,    0.101,    0.082,    0.067,    0.038,    0.095,    0.099,    0.095,    0.069, -999.000,    0.101,    0.105,    0.100,    0.088, -999.000,    0.101,    0.107,    0.100,    0.077, -999.000,
       410,2020090506,    0.107,    0.115,    0.101,    0.082,    0.212,    0.112,    0.123,    0.106,    0.073,    0.212,    0.115,    0.117,    0.114,    0.114, -999.000,    0.115,    0.117,    0.114,    0.095, -999.000,
       410,2020090500,    0.080,    0.070,    0.082,    0.119, -999.000,    0.078,    0.072,    0.078,    0.112, -999.000,    0.102,    0.096,    0.104,    0.117, -999.000,    0.102,    0.093,    0.104,    0.112, -999.000,
       410,2020090418,    0.094,    0.098,    0.092,    0.079, -999.000,    0.106,    0.106,    0.106,    0.100, -999.000,    0.107,    0.112,    0.105,    0.104, -999.000,    0.107,    0.112,    0.105,    0.095, -999.000,
       410,2020090412,    0.090,    0.077,    0.096,    0.083, -999.000,    0.097,    0.086,    0.100,    0.128, -999.000,    0.105,    0.104,    0.106,    0.122, -999.000,    0.105,    0.101,    0.106,    0.105, -999.000,
       410,2020090406,    0.090,    0.091,    0.089,    0.101, -999.000,    0.099,    0.114,    0.083,    0.126, -999.000,    0.105,    0.116,    0.104,    0.111, -999.000,    0.105,    0.107,    0.104,    0.106, -999.000,
       410,2020090400,    0.084,    0.090,    0.078,    0.115,    0.339,    0.086,    0.092,    0.077,    0.142, -999.000,    0.097,    0.105,    0.096,    0.100, -999.000,    0.097,    0.098,    0.096,    0.096, -999.000,
       410,2020090318,    0.097,    0.094,    0.098,    0.100, -999.000,    0.093,    0.091,    0.094,    0.095,    0.006,    0.110,    0.104,    0.112,    0.107, -999.000,    0.110,    0.107,    0.112,    0.110, -999.000,
       410,2020090312,    0.087,    0.089,    0.086,    0.093,    0.061,    0.097,    0.102,    0.093,    0.112, -999.000,    0.103,    0.109,    0.103,    0.120, -999.000,    0.103,    0.104,    0.103,    0.110, -999.000,
       410,2020090306,    0.099,    0.120,    0.089,    0.087,    0.000,    0.106,    0.121,    0.094,    0.127,    0.000,    0.109,    0.117,    0.103,    0.119, -999.000,    0.109,    0.119,    0.103,    0.104, -999.000,
       410,2020090300,    0.096,    0.098,    0.096,    0.090,    0.020,    0.103,    0.106,    0.101,    0.098, -999.000,    0.110,    0.115,    0.111,    0.102, -999.000,    0.110,    0.110,    0.111,    0.112, -999.000,
       410,2020090218,    0.102,    0.110,    0.092,    0.116,    0.188,    0.103,    0.108,    0.101,    0.085,    0.188,    0.111,    0.115,    0.105,    0.101,    0.234,    0.111,    0.117,    0.105,    0.114,    0.234,
       410,2020090212,    0.090,    0.093,    0.093,    0.055, -999.000,    0.101,    0.105,    0.105,    0.052, -999.000,    0.106,    0.119,    0.105,    0.088, -999.000,    0.106,    0.109,    0.105,    0.099, -999.000,
       410,2020090206,    0.097,    0.113,    0.089,    0.082,    0.237,    0.100,    0.123,    0.087,    0.118,    0.116,    0.111,    0.123,    0.106,    0.116,    0.171,    0.111,    0.120,    0.106,    0.083,    0.171,
       410,2020090200,    0.086,    0.111,    0.073,    0.071, -999.000,    0.094,    0.116,    0.077,    0.084, -999.000,    0.105,    0.120,    0.098,    0.106, -999.000,    0.105,    0.116,    0.098,    0.085, -999.000,
       410,2020090118,    0.101,    0.106,    0.097,    0.103,    0.002,    0.106,    0.119,    0.102,    0.078, -999.000,    0.112,    0.121,    0.109,    0.102, -999.000,    0.112,    0.112,    0.109,    0.127, -999.000,
       410,2020090112,    0.101,    0.108,    0.097,    0.121,    0.383,    0.102,    0.124,    0.096,    0.070,    0.383,    0.118,    0.126,    0.116,    0.092, -999.000,    0.118,    0.118,    0.116,    0.131, -999.000,
       410,2020090106,    0.089,    0.381,    0.087,    0.192, -999.000,    0.099,    0.381,    0.097,    0.236, -999.000,    0.108, -999.000,    0.106,    0.140, -999.000,    0.108, -999.000,    0.106,    0.138, -999.000,
       410,2020090100,    0.089, -999.000,    0.089, -999.000, -999.000,    0.093, -999.000,    0.093,    0.087, -999.000,    0.109, -999.000,    0.109,    0.118, -999.000,    0.109, -999.000,    0.109, -999.000, -999.000,
       410,2020083118,    0.082, -999.000,    0.082, -999.000, -999.000,    0.098, -999.000,    0.098, -999.000, -999.000,    0.106, -999.000,    0.106, -999.000, -999.000,    0.106, -999.000,    0.106, -999.000, -999.000,
       410,2020083112,    0.103, -999.000,    0.102,    0.393, -999.000,    0.105, -999.000,    0.105,    0.185, -999.000,    0.124, -999.000,    0.124,    0.262, -999.000,    0.124, -999.000,    0.124, -999.000, -999.000,
       410,2020083106,    0.105, -999.000,    0.104,    0.198, -999.000,    0.107, -999.000,    0.106,    0.195, -999.000,    0.121, -999.000,    0.121,    0.276, -999.000,    0.121, -999.000,    0.121,    0.195, -999.000,
       410,2020083100,    0.104,    0.380,    0.104, -999.000, -999.000,    0.106,    0.380,    0.104,    0.164, -999.000,    0.119, -999.000,    0.118,    0.065, -999.000,    0.119, -999.000,    0.118, -999.000, -999.000,
       410,2020083018,    0.100, -999.000,    0.100,    0.170, -999.000,    0.100, -999.000,    0.101,    0.064, -999.000,    0.110, -999.000,    0.110,    0.092, -999.000,    0.110, -999.000,    0.110, -999.000, -999.000,
       410,2020083012,    0.102, -999.000,    0.102,    0.199, -999.000,    0.109, -999.000,    0.108,    0.241, -999.000,    0.120, -999.000,    0.120,    0.107, -999.000,    0.120, -999.000,    0.120,    0.122, -999.000,
       410,2020083006,    0.091, -999.000,    0.090,    0.165, -999.000,    0.097, -999.000,    0.097,    0.056, -999.000,    0.115, -999.000,    0.115,    0.078, -999.000,    0.115, -999.000,    0.115,    0.124, -999.000,
       410,2020083000,    0.097, -999.000,    0.097,    0.336, -999.000,    0.111, -999.000,    0.111, -999.000, -999.000,    0.114, -999.000,    0.113, -999.000, -999.000,    0.114, -999.000,    0.113, -999.000, -999.000,
