       144,2020092000,   -0.051,   -0.055,   -0.050,   -0.063, -999.000,   -0.053,   -0.053,   -0.053,   -0.070, -999.000,    0.041,    0.043,    0.041,    0.041, -999.000,    0.041,    0.045,    0.041,    0.042, -999.000,
       144,2020091918,   -0.052,   -0.051,   -0.053,   -0.053,   -0.086,   -0.056,   -0.059,   -0.055,   -0.049,   -0.083,    0.042,    0.043,    0.042,    0.042,    0.039,    0.042,    0.042,    0.042,    0.043,    0.039,
       144,2020091912,   -0.050,   -0.050,   -0.051,   -0.037, -999.000,   -0.052,   -0.053,   -0.053,   -0.039, -999.000,    0.040,    0.043,    0.040,    0.035, -999.000,    0.040,    0.042,    0.040,    0.034, -999.000,
       144,2020091906,   -0.050,   -0.055,   -0.048,   -0.057,   -0.102,   -0.054,   -0.059,   -0.053,   -0.063,   -0.102,    0.040,    0.042,    0.040,    0.043,    0.011,    0.040,    0.042,    0.040,    0.042,    0.011,
       144,2020091900,   -0.052,   -0.056,   -0.052,   -0.054, -999.000,   -0.053,   -0.051,   -0.052,   -0.061, -999.000,    0.041,    0.039,    0.041,    0.041, -999.000,    0.041,    0.042,    0.041,    0.037, -999.000,
       144,2020091818,   -0.052,   -0.056,   -0.051,   -0.039,   -0.104,   -0.055,   -0.056,   -0.054,   -0.051,   -0.103,    0.041,    0.041,    0.041,    0.038, -999.000,    0.041,    0.041,    0.041,    0.035, -999.000,
       144,2020091812,   -0.049,   -0.053,   -0.048,   -0.055,   -0.124,   -0.051,   -0.053,   -0.050,   -0.061,   -0.124,    0.041,    0.040,    0.040,    0.045, -999.000,    0.041,    0.041,    0.040,    0.045, -999.000,
       144,2020091806,   -0.048,   -0.049,   -0.047,   -0.047,   -0.121,   -0.049,   -0.051,   -0.048,   -0.050, -999.000,    0.041,    0.040,    0.041,    0.044, -999.000,    0.041,    0.041,    0.041,    0.043, -999.000,
       144,2020091800,   -0.050,   -0.055,   -0.049,   -0.053, -999.000,   -0.053,   -0.055,   -0.052,   -0.060, -999.000,    0.041,    0.040,    0.041,    0.048, -999.000,    0.041,    0.040,    0.041,    0.046, -999.000,
       144,2020091718,   -0.050,   -0.047,   -0.051,   -0.049,   -0.101,   -0.051,   -0.049,   -0.051,   -0.049,   -0.124,    0.040,    0.038,    0.040,    0.041, -999.000,    0.040,    0.037,    0.040,    0.041, -999.000,
       144,2020091712,   -0.049,   -0.045,   -0.050,   -0.029,   -0.124,   -0.052,   -0.051,   -0.053,   -0.044,   -0.124,    0.040,    0.041,    0.041,    0.037, -999.000,    0.040,    0.038,    0.041,    0.031, -999.000,
       144,2020091706,   -0.049,   -0.047,   -0.049,   -0.046,   -0.124,   -0.050,   -0.051,   -0.050,   -0.055, -999.000,    0.040,    0.041,    0.041,    0.043, -999.000,    0.040,    0.038,    0.041,    0.043, -999.000,
       144,2020091700,   -0.048,   -0.053,   -0.047,   -0.062, -999.000,   -0.053,   -0.055,   -0.052,   -0.070,   -0.124,    0.040,    0.043,    0.040,    0.040, -999.000,    0.040,    0.044,    0.040,    0.041, -999.000,
       144,2020091618,   -0.050,   -0.055,   -0.048,   -0.060, -999.000,   -0.051,   -0.052,   -0.051,   -0.062, -999.000,    0.039,    0.040,    0.039,    0.041, -999.000,    0.039,    0.041,    0.039,    0.041, -999.000,
       144,2020091612,   -0.051,   -0.047,   -0.053,   -0.041, -999.000,   -0.054,   -0.051,   -0.055,   -0.042, -999.000,    0.041,    0.041,    0.041,    0.039, -999.000,    0.041,    0.040,    0.041,    0.036, -999.000,
       144,2020091606,   -0.050,   -0.049,   -0.050,   -0.052,   -0.066,   -0.052,   -0.055,   -0.050,   -0.062, -999.000,    0.040,    0.041,    0.040,    0.041,    0.055,    0.040,    0.042,    0.040,    0.044,    0.055,
       144,2020091600,   -0.049,   -0.056,   -0.048,   -0.049, -999.000,   -0.053,   -0.055,   -0.052,   -0.063,   -0.059,    0.039,    0.041,    0.039,    0.045, -999.000,    0.039,    0.042,    0.039,    0.045, -999.000,
       144,2020091518,   -0.049,   -0.049,   -0.049,   -0.051,   -0.110,   -0.052,   -0.050,   -0.052,   -0.061,   -0.110,    0.040,    0.040,    0.039,    0.041,    0.003,    0.040,    0.041,    0.039,    0.040,    0.003,
       144,2020091512,   -0.051,   -0.058,   -0.050,   -0.042, -999.000,   -0.053,   -0.058,   -0.052,   -0.050, -999.000,    0.041,    0.042,    0.040,    0.041, -999.000,    0.041,    0.041,    0.040,    0.039, -999.000,
       144,2020091506,   -0.052,   -0.053,   -0.052,   -0.041, -999.000,   -0.055,   -0.058,   -0.054,   -0.041,   -0.075,    0.040,    0.040,    0.040,    0.034, -999.000,    0.040,    0.040,    0.040,    0.034, -999.000,
       144,2020091500,   -0.050,   -0.054,   -0.049,   -0.066, -999.000,   -0.052,   -0.054,   -0.052,   -0.071, -999.000,    0.040,    0.040,    0.039,    0.044, -999.000,    0.040,    0.042,    0.039,    0.045, -999.000,
       144,2020091418,   -0.050,   -0.048,   -0.051,   -0.053,   -0.008,   -0.055,   -0.051,   -0.056,   -0.056,   -0.008,    0.041,    0.042,    0.041,    0.042, -999.000,    0.041,    0.042,    0.041,    0.044, -999.000,
       144,2020091412,   -0.048,   -0.054,   -0.047,   -0.059, -999.000,   -0.051,   -0.053,   -0.051,   -0.058,   -0.123,    0.040,    0.042,    0.040,    0.040, -999.000,    0.040,    0.042,    0.040,    0.042, -999.000,
       144,2020091406,   -0.053,   -0.059,   -0.051,   -0.071,   -0.054,   -0.055,   -0.061,   -0.053,   -0.068,   -0.035,    0.041,    0.043,    0.040,    0.040,    0.060,    0.041,    0.042,    0.040,    0.034,    0.060,
       144,2020091400,   -0.049,   -0.056,   -0.048,   -0.051, -999.000,   -0.054,   -0.057,   -0.053,   -0.049, -999.000,    0.040,    0.043,    0.040,    0.042, -999.000,    0.040,    0.043,    0.040,    0.042, -999.000,
       144,2020091318,   -0.050,   -0.055,   -0.049,   -0.055,   -0.067,   -0.052,   -0.060,   -0.050,   -0.049,   -0.062,    0.039,    0.041,    0.040,    0.036,    0.079,    0.039,    0.039,    0.040,    0.037,    0.079,
       144,2020091312,   -0.052,   -0.051,   -0.052,   -0.043, -999.000,   -0.053,   -0.050,   -0.054,   -0.035, -999.000,    0.040,    0.039,    0.040,    0.036, -999.000,    0.040,    0.037,    0.040,    0.041, -999.000,
       144,2020091306,   -0.055,   -0.064,   -0.052,   -0.056, -999.000,   -0.056,   -0.059,   -0.054,   -0.056, -999.000,    0.041,    0.040,    0.041,    0.045, -999.000,    0.041,    0.040,    0.041,    0.040, -999.000,
       144,2020091300,   -0.050,   -0.045,   -0.051,   -0.048, -999.000,   -0.052,   -0.047,   -0.053,   -0.055, -999.000,    0.040,    0.036,    0.040,    0.042, -999.000,    0.040,    0.035,    0.040,    0.038, -999.000,
       144,2020091218,   -0.050,   -0.055,   -0.049,   -0.052,   -0.042,   -0.052,   -0.056,   -0.051,   -0.057,   -0.062,    0.040,    0.040,    0.041,    0.041,    0.031,    0.040,    0.042,    0.041,    0.035,    0.031,
       144,2020091212,   -0.051,   -0.051,   -0.051,   -0.055,   -0.084,   -0.054,   -0.053,   -0.054,   -0.057,   -0.083,    0.040,    0.040,    0.040,    0.043,    0.056,    0.040,    0.039,    0.040,    0.047,    0.056,
       144,2020091206,   -0.050,   -0.058,   -0.048,   -0.051,   -0.051,   -0.053,   -0.065,   -0.050,   -0.047,   -0.074,    0.040,    0.041,    0.040,    0.036, -999.000,    0.040,    0.040,    0.040,    0.042, -999.000,
       144,2020091200,   -0.051,   -0.053,   -0.050,   -0.060, -999.000,   -0.055,   -0.054,   -0.055,   -0.060, -999.000,    0.040,    0.042,    0.040,    0.045, -999.000,    0.040,    0.042,    0.040,    0.045, -999.000,
       144,2020091118,   -0.049,   -0.054,   -0.048,   -0.057,   -0.044,   -0.051,   -0.057,   -0.050,   -0.059,   -0.057,    0.040,    0.040,    0.040,    0.045, -999.000,    0.040,    0.040,    0.040,    0.041, -999.000,
       144,2020091112,   -0.046,   -0.048,   -0.045,   -0.047,   -0.068,   -0.049,   -0.050,   -0.049,   -0.048,   -0.013,    0.039,    0.040,    0.039,    0.040,    0.077,    0.039,    0.040,    0.039,    0.040,    0.077,
       144,2020091106,   -0.052,   -0.056,   -0.051,   -0.045,   -0.048,   -0.054,   -0.058,   -0.052,   -0.061,   -0.000,    0.039,    0.042,    0.039,    0.040, -999.000,    0.039,    0.040,    0.039,    0.036, -999.000,
       144,2020091100,   -0.049,   -0.057,   -0.048,   -0.055, -999.000,   -0.054,   -0.057,   -0.054,   -0.040, -999.000,    0.039,    0.042,    0.038,    0.040, -999.000,    0.039,    0.044,    0.038,    0.044, -999.000,
       144,2020091018,   -0.052,   -0.054,   -0.051,   -0.062,   -0.036,   -0.052,   -0.053,   -0.051,   -0.064,   -0.072,    0.040,    0.040,    0.040,    0.041,    0.051,    0.040,    0.040,    0.040,    0.043,    0.051,
       144,2020091012,   -0.050,   -0.054,   -0.050,   -0.044, -999.000,   -0.052,   -0.053,   -0.051,   -0.049, -999.000,    0.040,    0.040,    0.040,    0.043, -999.000,    0.040,    0.040,    0.040,    0.037, -999.000,
       144,2020091006,   -0.052,   -0.057,   -0.050,   -0.053,   -0.123,   -0.054,   -0.061,   -0.051,   -0.066,   -0.098,    0.041,    0.042,    0.040,    0.043, -999.000,    0.041,    0.043,    0.040,    0.044, -999.000,
       144,2020091000,   -0.049,   -0.059,   -0.048,   -0.057, -999.000,   -0.051,   -0.057,   -0.050,   -0.054, -999.000,    0.040,    0.042,    0.039,    0.042, -999.000,    0.040,    0.041,    0.039,    0.036, -999.000,
       144,2020090918,   -0.048,   -0.052,   -0.047,   -0.045,   -0.061,   -0.051,   -0.052,   -0.051,   -0.055,   -0.118,    0.040,    0.040,    0.040,    0.042,    0.081,    0.040,    0.042,    0.040,    0.039,    0.081,
       144,2020090912,   -0.049,   -0.064,   -0.046,   -0.043, -999.000,   -0.051,   -0.061,   -0.048,   -0.047, -999.000,    0.040,    0.041,    0.040,    0.039, -999.000,    0.040,    0.040,    0.040,    0.039, -999.000,
       144,2020090906,   -0.051,   -0.052,   -0.050,   -0.054,   -0.093,   -0.054,   -0.056,   -0.053,   -0.064,   -0.048,    0.040,    0.041,    0.039,    0.042, -999.000,    0.040,    0.040,    0.039,    0.045, -999.000,
       144,2020090900,   -0.049,   -0.055,   -0.048,   -0.056, -999.000,   -0.053,   -0.053,   -0.053,   -0.046,   -0.122,    0.039,    0.038,    0.039,    0.039, -999.000,    0.039,    0.040,    0.039,    0.042, -999.000,
       144,2020090818,   -0.049,   -0.051,   -0.048,   -0.061,   -0.007,   -0.052,   -0.049,   -0.053,   -0.059, -999.000,    0.039,    0.039,    0.039,    0.044, -999.000,    0.039,    0.039,    0.039,    0.044, -999.000,
       144,2020090812,   -0.047,   -0.048,   -0.047,   -0.034,   -0.050,   -0.051,   -0.052,   -0.051,   -0.061,   -0.079,    0.040,    0.041,    0.041,    0.042, -999.000,    0.040,    0.040,    0.041,    0.032, -999.000,
       144,2020090806,   -0.048,   -0.052,   -0.048,   -0.035,   -0.029,   -0.052,   -0.057,   -0.051,   -0.048,   -0.029,    0.040,    0.042,    0.040,    0.045,    0.016,    0.040,    0.041,    0.040,    0.038,    0.016,
       144,2020090800,   -0.050,   -0.046,   -0.050,   -0.052,   -0.000,   -0.053,   -0.048,   -0.055,   -0.052,   -0.000,    0.040,    0.040,    0.040,    0.047, -999.000,    0.040,    0.040,    0.040,    0.045, -999.000,
       144,2020090718,   -0.048,   -0.057,   -0.046,   -0.056,   -0.030,   -0.050,   -0.055,   -0.048,   -0.060, -999.000,    0.040,    0.041,    0.039,    0.044, -999.000,    0.040,    0.041,    0.039,    0.043, -999.000,
       144,2020090712,   -0.047,   -0.052,   -0.046,   -0.042, -999.000,   -0.049,   -0.051,   -0.049,   -0.047, -999.000,    0.039,    0.039,    0.039,    0.043, -999.000,    0.039,    0.040,    0.039,    0.044, -999.000,
       144,2020090706,   -0.050,   -0.056,   -0.048,   -0.055,   -0.053,   -0.053,   -0.062,   -0.049,   -0.073,   -0.035,    0.040,    0.041,    0.040,    0.043, -999.000,    0.040,    0.041,    0.040,    0.043, -999.000,
       144,2020090700,   -0.048,   -0.057,   -0.046,   -0.058,   -0.075,   -0.051,   -0.057,   -0.050,   -0.049, -999.000,    0.041,    0.040,    0.041,    0.039, -999.000,    0.041,    0.041,    0.041,    0.042, -999.000,
       144,2020090618,   -0.049,   -0.056,   -0.047,   -0.054, -999.000,   -0.052,   -0.054,   -0.051,   -0.061, -999.000,    0.040,    0.040,    0.040,    0.040, -999.000,    0.040,    0.041,    0.040,    0.033, -999.000,
       144,2020090612,   -0.049,   -0.047,   -0.049,   -0.046, -999.000,   -0.052,   -0.046,   -0.054,   -0.044, -999.000,    0.041,    0.040,    0.041,    0.039, -999.000,    0.041,    0.043,    0.041,    0.034, -999.000,
       144,2020090606,   -0.050,   -0.057,   -0.047,   -0.066, -999.000,   -0.052,   -0.059,   -0.049,   -0.069,   -0.004,    0.040,    0.040,    0.040,    0.036, -999.000,    0.040,    0.040,    0.040,    0.037, -999.000,
       144,2020090600,   -0.050,   -0.058,   -0.049,   -0.049,   -0.119,   -0.052,   -0.057,   -0.051,   -0.053, -999.000,    0.041,    0.042,    0.040,    0.038,    0.005,    0.041,    0.043,    0.040,    0.044,    0.005,
       144,2020090518,   -0.050,   -0.053,   -0.048,   -0.059,   -0.123,   -0.055,   -0.060,   -0.052,   -0.066, -999.000,    0.041,    0.041,    0.041,    0.042, -999.000,    0.041,    0.041,    0.041,    0.042, -999.000,
       144,2020090512,   -0.051,   -0.053,   -0.051,   -0.035,   -0.041,   -0.052,   -0.052,   -0.052,   -0.055,   -0.041,    0.040,    0.041,    0.041,    0.037, -999.000,    0.040,    0.042,    0.041,    0.029, -999.000,
       144,2020090506,   -0.051,   -0.055,   -0.049,   -0.060,   -0.015,   -0.050,   -0.055,   -0.048,   -0.059, -999.000,    0.041,    0.041,    0.040,    0.046, -999.000,    0.041,    0.042,    0.040,    0.043, -999.000,
       144,2020090500,   -0.051,   -0.060,   -0.049,   -0.076, -999.000,   -0.051,   -0.056,   -0.050,   -0.065,   -0.035,    0.041,    0.039,    0.041,    0.043, -999.000,    0.041,    0.040,    0.041,    0.038, -999.000,
       144,2020090418,   -0.050,   -0.049,   -0.050,   -0.060,   -0.104,   -0.051,   -0.050,   -0.051,   -0.061,   -0.057,    0.040,    0.042,    0.040,    0.042, -999.000,    0.040,    0.041,    0.040,    0.041, -999.000,
       144,2020090412,   -0.049,   -0.053,   -0.048,   -0.050,   -0.002,   -0.051,   -0.057,   -0.050,   -0.057, -999.000,    0.041,    0.041,    0.041,    0.041, -999.000,    0.041,    0.041,    0.041,    0.040, -999.000,
       144,2020090406,   -0.054,   -0.060,   -0.051,   -0.078,   -0.019,   -0.054,   -0.059,   -0.053,   -0.050,   -0.027,    0.041,    0.039,    0.041,    0.041, -999.000,    0.041,    0.039,    0.041,    0.042, -999.000,
       144,2020090400,   -0.049,   -0.048,   -0.049,   -0.055,   -0.003,   -0.051,   -0.046,   -0.052,   -0.059, -999.000,    0.040,    0.042,    0.040,    0.038, -999.000,    0.040,    0.041,    0.040,    0.040, -999.000,
       144,2020090318,   -0.051,   -0.046,   -0.052,   -0.048,   -0.042,   -0.054,   -0.051,   -0.056,   -0.041,   -0.042,    0.040,    0.040,    0.041,    0.036, -999.000,    0.040,    0.039,    0.041,    0.039, -999.000,
       144,2020090312,   -0.050,   -0.047,   -0.050,   -0.063,   -0.123,   -0.052,   -0.049,   -0.053,   -0.062,   -0.122,    0.039,    0.040,    0.039,    0.041, -999.000,    0.039,    0.039,    0.039,    0.040, -999.000,
       144,2020090306,   -0.052,   -0.056,   -0.051,   -0.057,   -0.042,   -0.053,   -0.055,   -0.051,   -0.067,   -0.062,    0.040,    0.041,    0.040,    0.041,    0.032,    0.040,    0.042,    0.040,    0.043,    0.032,
       144,2020090300,   -0.048,   -0.050,   -0.047,   -0.048, -999.000,   -0.050,   -0.049,   -0.050,   -0.054, -999.000,    0.040,    0.039,    0.039,    0.039, -999.000,    0.040,    0.041,    0.039,    0.041, -999.000,
       144,2020090218,   -0.050,   -0.056,   -0.048,   -0.045,   -0.119,   -0.052,   -0.057,   -0.051,   -0.053,   -0.093,    0.040,    0.041,    0.040,    0.039, -999.000,    0.040,    0.044,    0.040,    0.035, -999.000,
       144,2020090212,   -0.052,   -0.052,   -0.053,   -0.049,   -0.087,   -0.052,   -0.052,   -0.053,   -0.037, -999.000,    0.040,    0.039,    0.041,    0.040,    0.002,    0.040,    0.038,    0.041,    0.039,    0.002,
       144,2020090206,   -0.048,   -0.055,   -0.045,   -0.054,   -0.123,   -0.051,   -0.059,   -0.049,   -0.055,   -0.123,    0.041,    0.041,    0.040,    0.045, -999.000,    0.041,    0.041,    0.040,    0.045, -999.000,
       144,2020090200,   -0.051,   -0.049,   -0.051,   -0.053, -999.000,   -0.052,   -0.051,   -0.053,   -0.055, -999.000,    0.041,    0.040,    0.041,    0.042, -999.000,    0.041,    0.039,    0.041,    0.046, -999.000,
       144,2020090118,   -0.048,   -0.049,   -0.048,   -0.055, -999.000,   -0.050,   -0.056,   -0.049,   -0.047, -999.000,    0.040,    0.042,    0.039,    0.039, -999.000,    0.040,    0.041,    0.039,    0.041, -999.000,
       144,2020090112,   -0.050,   -0.046,   -0.051,   -0.041, -999.000,   -0.051,   -0.051,   -0.051,   -0.049,   -0.079,    0.040,    0.038,    0.041,    0.043, -999.000,    0.040,    0.037,    0.041,    0.041, -999.000,
       144,2020090106,   -0.052,   -0.056,   -0.049,   -0.070, -999.000,   -0.053,   -0.056,   -0.050,   -0.088,   -0.114,    0.041,    0.040,    0.041,    0.040, -999.000,    0.041,    0.039,    0.041,    0.041, -999.000,
       144,2020090100,   -0.046,   -0.045,   -0.046,   -0.051,   -0.110,   -0.048,   -0.047,   -0.048,   -0.053,   -0.111,    0.039,    0.042,    0.039,    0.037, -999.000,    0.039,    0.039,    0.039,    0.038, -999.000,
       144,2020083118,   -0.047,   -0.053,   -0.045,   -0.040, -999.000,   -0.048,   -0.056,   -0.046,   -0.047, -999.000,    0.039,    0.039,    0.039,    0.038, -999.000,    0.039,    0.039,    0.039,    0.034, -999.000,
       144,2020083112,   -0.048,   -0.047,   -0.048,   -0.055,   -0.114,   -0.052,   -0.045,   -0.053,   -0.071,   -0.099,    0.040,    0.037,    0.040,    0.042, -999.000,    0.040,    0.037,    0.040,    0.046, -999.000,
       144,2020083106,   -0.049,   -0.055,   -0.047,   -0.049, -999.000,   -0.051,   -0.055,   -0.049,   -0.066,   -0.121,    0.040,    0.042,    0.039,    0.040, -999.000,    0.040,    0.042,    0.039,    0.043, -999.000,
       144,2020083100,   -0.049,   -0.059,   -0.048,   -0.046, -999.000,   -0.052,   -0.063,   -0.050,   -0.057,   -0.119,    0.039,    0.041,    0.039,    0.041, -999.000,    0.039,    0.040,    0.039,    0.038, -999.000,
       144,2020083018,   -0.046,   -0.045,   -0.046,   -0.045,   -0.044,   -0.050,   -0.047,   -0.051,   -0.044,   -0.044,    0.038,    0.040,    0.038,    0.036,    0.043,    0.038,    0.039,    0.038,    0.035,    0.043,
       144,2020083012,   -0.048,   -0.056,   -0.046,   -0.060, -999.000,   -0.051,   -0.056,   -0.049,   -0.066,   -0.117,    0.040,    0.040,    0.040,    0.038, -999.000,    0.040,    0.039,    0.040,    0.040, -999.000,
       144,2020083006,   -0.049,   -0.052,   -0.048,   -0.043, -999.000,   -0.051,   -0.053,   -0.049,   -0.068,   -0.115,    0.040,    0.040,    0.040,    0.036, -999.000,    0.040,    0.041,    0.040,    0.036, -999.000,
       144,2020083000,   -0.049,   -0.034,   -0.049, -999.000,   -0.114,   -0.052,   -0.057,   -0.052, -999.000, -999.000,    0.039,    0.041,    0.039, -999.000, -999.000,    0.039,    0.033,    0.039, -999.000, -999.000,
