       300,2020092000,   -0.044,   -0.044,   -0.044,   -0.044,   -0.044,   -0.044,   -0.044,   -0.044,   -0.044,   -0.044,    0.000,    0.000,    0.000,    0.000, -999.000,    0.000,    0.000,    0.000,    0.000, -999.000,
       300,2020091918,   -0.045,   -0.045,   -0.045,   -0.045,   -0.045,   -0.045,   -0.045,   -0.045,   -0.045,   -0.045, -999.000, -999.000, -999.000,    0.000, -999.000, -999.000, -999.000, -999.000,    0.000, -999.000,
       300,2020091912,   -0.044,   -0.044,   -0.044,   -0.044,   -0.044,   -0.044,   -0.044,   -0.044,   -0.044,   -0.044,    0.000,    0.000,    0.000,    0.000,    0.000,    0.000,    0.000,    0.000,    0.000,    0.000,
       300,2020091906,   -0.044,   -0.044,   -0.044,   -0.044,   -0.044,   -0.044,   -0.044,   -0.044,   -0.044,   -0.044, -999.000, -999.000,    0.000, -999.000,    0.000, -999.000, -999.000,    0.000, -999.000,    0.000,
       300,2020091900,   -0.043,   -0.043,   -0.043,   -0.043,   -0.043,   -0.043,   -0.043,   -0.043,   -0.043,   -0.043, -999.000, -999.000, -999.000,    0.000,    0.000, -999.000, -999.000, -999.000,    0.000,    0.000,
       300,2020091818,   -0.043,   -0.043,   -0.043,   -0.043,   -0.043,   -0.043,   -0.043,   -0.043,   -0.043,   -0.043,    0.000, -999.000,    0.000,    0.000,    0.000,    0.000,    0.000,    0.000,    0.000,    0.000,
       300,2020091812,   -0.043,   -0.043,   -0.043,   -0.043,   -0.043,   -0.043,   -0.043,   -0.043,   -0.043,   -0.043,    0.000, -999.000,    0.000, -999.000, -999.000,    0.000,    0.000,    0.000,    0.000, -999.000,
       300,2020091806,   -0.043,   -0.043,   -0.043,   -0.043,   -0.043,   -0.043,   -0.043,   -0.043,   -0.043,   -0.043,    0.000, -999.000,    0.000, -999.000,    0.000,    0.000, -999.000,    0.000, -999.000,    0.000,
       300,2020091800,   -0.040,   -0.040,   -0.040,   -0.040,   -0.040,   -0.040,   -0.040,   -0.040,   -0.040,   -0.040,    0.000, -999.000,    0.000,    0.000, -999.000,    0.000, -999.000,    0.000, -999.000, -999.000,
       300,2020091718,   -0.043,   -0.043,   -0.043,   -0.043,   -0.043,   -0.043,   -0.043,   -0.043,   -0.043,   -0.043,    0.000,    0.000,    0.000,    0.000, -999.000,    0.000,    0.000,    0.000,    0.000, -999.000,
       300,2020091712,   -0.042,   -0.042,   -0.042,   -0.042,   -0.042,   -0.042,   -0.042,   -0.042,   -0.042,   -0.042, -999.000, -999.000, -999.000,    0.000, -999.000, -999.000, -999.000, -999.000,    0.000, -999.000,
       300,2020091706,   -0.043,   -0.043,   -0.043,   -0.043,   -0.043,   -0.043,   -0.043,   -0.043,   -0.043,   -0.043, -999.000,    0.000, -999.000,    0.000,    0.000, -999.000,    0.000, -999.000,    0.000,    0.000,
       300,2020091700,   -0.042,   -0.042,   -0.042,   -0.042,   -0.042,   -0.042,   -0.042,   -0.042,   -0.042,   -0.042, -999.000,    0.000, -999.000,    0.000, -999.000, -999.000,    0.000, -999.000,    0.000, -999.000,
       300,2020091618,   -0.044,   -0.044,   -0.044,   -0.044,   -0.044,   -0.044,   -0.044,   -0.044,   -0.044,   -0.044, -999.000, -999.000, -999.000, -999.000, -999.000, -999.000, -999.000, -999.000, -999.000, -999.000,
       300,2020091612,   -0.042,   -0.042,   -0.042,   -0.042,   -0.042,   -0.042,   -0.042,   -0.042,   -0.042,   -0.042, -999.000,    0.000,    0.000, -999.000, -999.000, -999.000,    0.000,    0.000,    0.000, -999.000,
       300,2020091606,   -0.044,   -0.044,   -0.044,   -0.044,   -0.044,   -0.044,   -0.044,   -0.044,   -0.044,   -0.044,    0.000,    0.000,    0.000, -999.000, -999.000,    0.000, -999.000,    0.000, -999.000, -999.000,
       300,2020091600,   -0.041,   -0.041,   -0.041,   -0.041,   -0.041,   -0.041,   -0.041,   -0.041,   -0.041,   -0.041,    0.000,    0.000,    0.000,    0.000, -999.000,    0.000,    0.000,    0.000,    0.000, -999.000,
       300,2020091518,   -0.041,   -0.041,   -0.041,   -0.041,   -0.041,   -0.041,   -0.041,   -0.041,   -0.041,   -0.041,    0.000, -999.000,    0.000,    0.000, -999.000,    0.000, -999.000,    0.000,    0.000, -999.000,
       300,2020091512,   -0.041,   -0.041,   -0.041,   -0.041,   -0.041,   -0.041,   -0.041,   -0.041,   -0.041,   -0.041,    0.000, -999.000, -999.000, -999.000, -999.000,    0.000, -999.000, -999.000, -999.000, -999.000,
       300,2020091506,   -0.044,   -0.044,   -0.044,   -0.044,   -0.044,   -0.044,   -0.044,   -0.044,   -0.044,   -0.044,    0.000,    0.000,    0.000, -999.000, -999.000,    0.000,    0.000,    0.000, -999.000, -999.000,
       300,2020091500,   -0.043,   -0.043,   -0.043,   -0.043,   -0.043,   -0.043,   -0.043,   -0.043,   -0.043,   -0.043, -999.000,    0.000, -999.000, -999.000, -999.000, -999.000,    0.000, -999.000, -999.000, -999.000,
       300,2020091418,   -0.044,   -0.044,   -0.044,   -0.044,   -0.044,   -0.044,   -0.044,   -0.044,   -0.044,   -0.044, -999.000,    0.000, -999.000, -999.000, -999.000, -999.000,    0.000, -999.000, -999.000, -999.000,
       300,2020091412,   -0.042,   -0.042,   -0.042,   -0.042,   -0.042,   -0.042,   -0.042,   -0.042,   -0.042,   -0.042,    0.000, -999.000,    0.000, -999.000, -999.000,    0.000, -999.000,    0.000, -999.000, -999.000,
       300,2020091406,   -0.044,   -0.044,   -0.044,   -0.044,   -0.044,   -0.044,   -0.044,   -0.044,   -0.044,   -0.044,    0.000,    0.000,    0.000, -999.000, -999.000,    0.000,    0.000,    0.000, -999.000, -999.000,
       300,2020091400,   -0.042,   -0.042,   -0.042,   -0.042,   -0.042,   -0.042,   -0.042,   -0.042,   -0.042,   -0.042,    0.000,    0.000,    0.000,    0.000, -999.000,    0.000,    0.000,    0.000, -999.000, -999.000,
       300,2020091318,   -0.043,   -0.043,   -0.043,   -0.043,   -0.043,   -0.043,   -0.043,   -0.043,   -0.043,   -0.043, -999.000, -999.000, -999.000,    0.000, -999.000, -999.000, -999.000, -999.000, -999.000, -999.000,
       300,2020091312,   -0.044,   -0.044,   -0.044,   -0.044,   -0.044,   -0.044,   -0.044,   -0.044,   -0.044,   -0.044,    0.000,    0.000,    0.000, -999.000,    0.000,    0.000,    0.000,    0.000,    0.000,    0.000,
       300,2020091306,   -0.046,   -0.046,   -0.046,   -0.046,   -0.046,   -0.046,   -0.046,   -0.046,   -0.046,   -0.046, -999.000, -999.000, -999.000, -999.000, -999.000, -999.000, -999.000, -999.000, -999.000, -999.000,
       300,2020091300,   -0.043,   -0.043,   -0.043,   -0.043,   -0.043,   -0.043,   -0.043,   -0.043,   -0.043,   -0.043, -999.000, -999.000, -999.000, -999.000, -999.000, -999.000,    0.000, -999.000, -999.000, -999.000,
       300,2020091218,   -0.044,   -0.044,   -0.044,   -0.044,   -0.044,   -0.044,   -0.044,   -0.044,   -0.044,   -0.044,    0.000,    0.000,    0.000, -999.000, -999.000,    0.000, -999.000,    0.000, -999.000, -999.000,
       300,2020091212,   -0.044,   -0.044,   -0.044,   -0.044,   -0.044,   -0.044,   -0.044,   -0.044,   -0.044,   -0.044, -999.000, -999.000, -999.000, -999.000, -999.000, -999.000, -999.000, -999.000, -999.000, -999.000,
       300,2020091206,   -0.046,   -0.046,   -0.046,   -0.046,   -0.046,   -0.046,   -0.046,   -0.046,   -0.046,   -0.046, -999.000, -999.000, -999.000,    0.000, -999.000, -999.000,    0.000, -999.000, -999.000, -999.000,
       300,2020091200,   -0.043,   -0.043,   -0.043,   -0.043, -999.000,   -0.043,   -0.043,   -0.043,   -0.043, -999.000,    0.000,    0.000,    0.000,    0.000, -999.000,    0.000,    0.000,    0.000, -999.000, -999.000,
       300,2020091118,   -0.042,   -0.042,   -0.042,   -0.042,   -0.042,   -0.042,   -0.042,   -0.042,   -0.042,   -0.042, -999.000, -999.000, -999.000, -999.000,    0.000, -999.000, -999.000, -999.000, -999.000,    0.000,
       300,2020091112,   -0.043,   -0.043,   -0.043,   -0.043,   -0.043,   -0.043,   -0.043,   -0.043,   -0.043,   -0.043,    0.000,    0.000,    0.000, -999.000, -999.000,    0.000, -999.000,    0.000,    0.000, -999.000,
       300,2020091106,   -0.044,   -0.044,   -0.044,   -0.044,   -0.044,   -0.044,   -0.044,   -0.044,   -0.044,   -0.044, -999.000,    0.000, -999.000,    0.000, -999.000, -999.000,    0.000, -999.000,    0.000, -999.000,
       300,2020091100,   -0.042,   -0.042,   -0.042,   -0.042, -999.000,   -0.042,   -0.042,   -0.042,   -0.042,   -0.042, -999.000,    0.000, -999.000, -999.000, -999.000, -999.000,    0.000, -999.000,    0.000, -999.000,
       300,2020091018,   -0.043,   -0.043,   -0.043,   -0.043,   -0.043,   -0.043,   -0.043,   -0.043,   -0.043,   -0.043, -999.000, -999.000, -999.000, -999.000, -999.000, -999.000, -999.000, -999.000, -999.000, -999.000,
       300,2020091012,   -0.042,   -0.042,   -0.042,   -0.042,   -0.042,   -0.042,   -0.042,   -0.042,   -0.042,   -0.042, -999.000, -999.000, -999.000, -999.000, -999.000, -999.000, -999.000, -999.000, -999.000, -999.000,
       300,2020091006,   -0.044,   -0.044,   -0.044,   -0.044,   -0.044,   -0.044,   -0.044,   -0.044,   -0.044,   -0.044, -999.000, -999.000, -999.000,    0.000,    0.000, -999.000, -999.000, -999.000, -999.000,    0.000,
       300,2020091000,   -0.043,   -0.043,   -0.043,   -0.043,   -0.043,   -0.043,   -0.043,   -0.043,   -0.043,   -0.043, -999.000,    0.000, -999.000,    0.000, -999.000, -999.000,    0.000, -999.000, -999.000, -999.000,
       300,2020090918,   -0.043,   -0.043,   -0.043,   -0.043,   -0.043,   -0.043,   -0.043,   -0.043,   -0.043,   -0.043,    0.000, -999.000,    0.000,    0.000,    0.000,    0.000, -999.000,    0.000,    0.000,    0.000,
       300,2020090912,   -0.043,   -0.043,   -0.043,   -0.043,   -0.043,   -0.043,   -0.043,   -0.043,   -0.043,   -0.043,    0.000, -999.000,    0.000, -999.000, -999.000,    0.000, -999.000,    0.000,    0.000, -999.000,
       300,2020090906,   -0.043,   -0.043,   -0.043,   -0.043,   -0.043,   -0.043,   -0.043,   -0.043,   -0.043,   -0.043, -999.000, -999.000, -999.000, -999.000, -999.000, -999.000, -999.000, -999.000, -999.000, -999.000,
       300,2020090900,   -0.042,   -0.042,   -0.042,   -0.042,   -0.042,   -0.042,   -0.042,   -0.042,   -0.042,   -0.042, -999.000,    0.000, -999.000, -999.000, -999.000, -999.000,    0.000, -999.000,    0.000, -999.000,
       300,2020090818,   -0.041,   -0.041,   -0.041,   -0.041,   -0.041,   -0.041,   -0.041,   -0.041,   -0.041,   -0.041, -999.000, -999.000, -999.000, -999.000,    0.000, -999.000, -999.000, -999.000, -999.000,    0.000,
       300,2020090812,   -0.041,   -0.041,   -0.041,   -0.041,   -0.041,   -0.041,   -0.041,   -0.041,   -0.041,   -0.041, -999.000,    0.000, -999.000,    0.000, -999.000, -999.000,    0.000, -999.000,    0.000, -999.000,
       300,2020090806,   -0.042,   -0.042,   -0.042,   -0.042,   -0.042,   -0.042,   -0.042,   -0.042,   -0.042,   -0.042, -999.000, -999.000,    0.000,    0.000,    0.000, -999.000, -999.000,    0.000,    0.000,    0.000,
       300,2020090800,   -0.041,   -0.041,   -0.041,   -0.041,   -0.041,   -0.041,   -0.041,   -0.041,   -0.041,   -0.041,    0.000,    0.000,    0.000, -999.000, -999.000,    0.000,    0.000,    0.000, -999.000, -999.000,
       300,2020090718,   -0.041,   -0.041,   -0.041,   -0.041,   -0.041,   -0.041,   -0.041,   -0.041,   -0.041,   -0.041, -999.000,    0.000, -999.000,    0.000, -999.000, -999.000,    0.000, -999.000,    0.000, -999.000,
       300,2020090712,   -0.041,   -0.041,   -0.041,   -0.041,   -0.041,   -0.041,   -0.041,   -0.041,   -0.041,   -0.041,    0.000, -999.000,    0.000,    0.000, -999.000,    0.000, -999.000,    0.000,    0.000, -999.000,
       300,2020090706,   -0.041,   -0.041,   -0.041,   -0.041,   -0.041,   -0.041,   -0.041,   -0.041,   -0.041,   -0.041,    0.000, -999.000, -999.000,    0.000,    0.000,    0.000, -999.000, -999.000,    0.000,    0.000,
       300,2020090700,   -0.040,   -0.040,   -0.040,   -0.040,   -0.040,   -0.040,   -0.040,   -0.040,   -0.040,   -0.040,    0.000, -999.000,    0.000, -999.000, -999.000,    0.000, -999.000,    0.000, -999.000, -999.000,
       300,2020090618,   -0.041,   -0.041,   -0.041,   -0.041,   -0.041,   -0.041,   -0.041,   -0.041,   -0.041,   -0.041,    0.000,    0.000,    0.000, -999.000, -999.000,    0.000,    0.000,    0.000, -999.000, -999.000,
       300,2020090612,   -0.041,   -0.041,   -0.041,   -0.041,   -0.041,   -0.041,   -0.041,   -0.041,   -0.041,   -0.041,    0.000,    0.000,    0.000, -999.000,    0.000,    0.000,    0.000,    0.000,    0.000,    0.000,
       300,2020090606,   -0.042,   -0.042,   -0.042,   -0.042,   -0.042,   -0.042,   -0.042,   -0.042,   -0.042,   -0.042,    0.000,    0.000,    0.000, -999.000, -999.000,    0.000,    0.000,    0.000, -999.000, -999.000,
       300,2020090600,   -0.041,   -0.041,   -0.041,   -0.041,   -0.041,   -0.041,   -0.041,   -0.041,   -0.041,   -0.041,    0.000, -999.000,    0.000, -999.000,    0.000,    0.000,    0.000,    0.000, -999.000,    0.000,
       300,2020090518,   -0.040,   -0.040,   -0.040,   -0.040,   -0.040,   -0.040,   -0.040,   -0.040,   -0.040,   -0.040,    0.000,    0.000,    0.000, -999.000, -999.000,    0.000,    0.000,    0.000, -999.000, -999.000,
       300,2020090512,   -0.039,   -0.039,   -0.039,   -0.039,   -0.039,   -0.039,   -0.039,   -0.039,   -0.039,   -0.039, -999.000, -999.000, -999.000,    0.000, -999.000, -999.000, -999.000, -999.000,    0.000, -999.000,
       300,2020090506,   -0.039,   -0.039,   -0.039,   -0.039,   -0.039,   -0.039,   -0.039,   -0.039,   -0.039,   -0.039, -999.000,    0.000, -999.000,    0.000, -999.000, -999.000,    0.000, -999.000, -999.000, -999.000,
       300,2020090500,   -0.039,   -0.039,   -0.039,   -0.039,   -0.039,   -0.039,   -0.039,   -0.039,   -0.039,   -0.039,    0.000,    0.000, -999.000,    0.000, -999.000,    0.000,    0.000, -999.000,    0.000, -999.000,
       300,2020090418,   -0.039,   -0.039,   -0.039,   -0.039,   -0.039,   -0.039,   -0.039,   -0.039,   -0.039,   -0.039, -999.000,    0.000, -999.000, -999.000, -999.000, -999.000,    0.000, -999.000, -999.000, -999.000,
       300,2020090412,   -0.038,   -0.038,   -0.038,   -0.038,   -0.038,   -0.038,   -0.038,   -0.038,   -0.038,   -0.038, -999.000,    0.000, -999.000, -999.000, -999.000, -999.000,    0.000, -999.000,    0.000, -999.000,
       300,2020090406,   -0.039,   -0.039,   -0.039,   -0.039,   -0.039,   -0.039,   -0.039,   -0.039,   -0.039,   -0.039,    0.000,    0.000,    0.000,    0.000, -999.000,    0.000,    0.000,    0.000,    0.000, -999.000,
       300,2020090400,   -0.039,   -0.039,   -0.039,   -0.039,   -0.039,   -0.039,   -0.039,   -0.039,   -0.039,   -0.039, -999.000,    0.000,    0.000,    0.000, -999.000, -999.000, -999.000,    0.000, -999.000, -999.000,
       300,2020090318,   -0.039,   -0.039,   -0.039,   -0.039,   -0.039,   -0.039,   -0.039,   -0.039,   -0.039,   -0.039, -999.000, -999.000, -999.000, -999.000, -999.000, -999.000, -999.000, -999.000, -999.000, -999.000,
       300,2020090312,   -0.039,   -0.039,   -0.039,   -0.039,   -0.039,   -0.039,   -0.039,   -0.039,   -0.039,   -0.039, -999.000, -999.000, -999.000, -999.000, -999.000, -999.000, -999.000, -999.000,    0.000, -999.000,
       300,2020090306,   -0.040,   -0.040,   -0.040,   -0.040,   -0.040,   -0.040,   -0.040,   -0.040,   -0.040,   -0.040,    0.000,    0.000, -999.000,    0.000, -999.000,    0.000,    0.000, -999.000,    0.000, -999.000,
       300,2020090300,   -0.038,   -0.038,   -0.038,   -0.038,   -0.038,   -0.038,   -0.038,   -0.038,   -0.038,   -0.038, -999.000,    0.000, -999.000,    0.000,    0.000, -999.000,    0.000, -999.000,    0.000,    0.000,
       300,2020090218,   -0.037,   -0.037,   -0.037,   -0.037,   -0.037,   -0.037,   -0.037,   -0.037,   -0.037,   -0.037,    0.000, -999.000,    0.000, -999.000, -999.000,    0.000, -999.000,    0.000,    0.000, -999.000,
       300,2020090212,   -0.036,   -0.036,   -0.036,   -0.036,   -0.036,   -0.036,   -0.036,   -0.036,   -0.036,   -0.036,    0.000, -999.000,    0.000, -999.000, -999.000,    0.000, -999.000,    0.000,    0.000, -999.000,
       300,2020090206,   -0.035,   -0.035,   -0.035,   -0.035,   -0.035,   -0.035,   -0.035,   -0.035,   -0.035,   -0.035, -999.000,    0.000, -999.000,    0.000, -999.000, -999.000,    0.000, -999.000,    0.000, -999.000,
       300,2020090200,   -0.035,   -0.035,   -0.035,   -0.035,   -0.035,   -0.035,   -0.035,   -0.035,   -0.035,   -0.035,    0.000,    0.000,    0.000, -999.000, -999.000,    0.000,    0.000,    0.000, -999.000, -999.000,
       300,2020090118,   -0.034,   -0.034,   -0.034,   -0.034,   -0.034,   -0.034,   -0.034,   -0.034,   -0.034,   -0.034, -999.000,    0.000, -999.000, -999.000, -999.000, -999.000,    0.000, -999.000, -999.000, -999.000,
       300,2020090112,   -0.034,   -0.034,   -0.034,   -0.034,   -0.034,   -0.034,   -0.034,   -0.034,   -0.034,   -0.034,    0.000,    0.000,    0.000, -999.000, -999.000,    0.000,    0.000,    0.000,    0.000, -999.000,
       300,2020090106,   -0.034,   -0.034,   -0.034,   -0.034,   -0.034,   -0.034,   -0.034,   -0.034,   -0.034,   -0.034, -999.000, -999.000, -999.000, -999.000, -999.000, -999.000, -999.000, -999.000,    0.000, -999.000,
       300,2020090100,   -0.034,   -0.034,   -0.034,   -0.034,   -0.034,   -0.034,   -0.034,   -0.034,   -0.034,   -0.034,    0.000, -999.000,    0.000,    0.000,    0.000,    0.000,    0.000,    0.000, -999.000,    0.000,
       300,2020083118,   -0.034,   -0.034,   -0.034,   -0.034,   -0.034,   -0.034,   -0.034,   -0.034,   -0.034,   -0.034, -999.000, -999.000, -999.000,    0.000,    0.000, -999.000, -999.000, -999.000, -999.000,    0.000,
       300,2020083112,   -0.037,   -0.037,   -0.037,   -0.037,   -0.037,   -0.037,   -0.037,   -0.037,   -0.037,   -0.037, -999.000,    0.000, -999.000,    0.000,    0.000, -999.000,    0.000, -999.000,    0.000,    0.000,
       300,2020083106,   -0.040,   -0.040,   -0.040,   -0.040,   -0.040,   -0.040,   -0.040,   -0.040,   -0.040,   -0.040,    0.000,    0.000,    0.000,    0.000, -999.000,    0.000,    0.000,    0.000, -999.000, -999.000,
       300,2020083100,   -0.040,   -0.040,   -0.040,   -0.040,   -0.040,   -0.040,   -0.040,   -0.040,   -0.040,   -0.040, -999.000,    0.000, -999.000,    0.000, -999.000, -999.000, -999.000, -999.000, -999.000, -999.000,
       300,2020083018,   -0.041,   -0.041,   -0.041,   -0.041,   -0.041,   -0.041,   -0.041,   -0.041,   -0.041,   -0.041,    0.000, -999.000,    0.000,    0.000, -999.000,    0.000, -999.000,    0.000, -999.000, -999.000,
       300,2020083012,   -0.041,   -0.041,   -0.041,   -0.041,   -0.041,   -0.041,   -0.041,   -0.041,   -0.041,   -0.041,    0.000, -999.000,    0.000,    0.000, -999.000,    0.000, -999.000,    0.000,    0.000, -999.000,
       300,2020083006,   -0.041,   -0.041,   -0.041,   -0.041,   -0.041,   -0.041,   -0.041,   -0.041,   -0.041,   -0.041, -999.000,    0.000, -999.000, -999.000, -999.000, -999.000,    0.000, -999.000, -999.000, -999.000,
       300,2020083000,   -0.041,   -0.041,   -0.041,   -0.041,   -0.041,   -0.041,   -0.041,   -0.041,   -0.041,   -0.041, -999.000,    0.000, -999.000, -999.000, -999.000, -999.000,    0.000, -999.000, -999.000, -999.000,
