       298,2020092000,   -0.429,   -0.429,   -0.429,   -0.429,   -0.429,   -0.429,   -0.429,   -0.429,   -0.429,   -0.429, -999.000, -999.000, -999.000,    0.000,    0.000, -999.000, -999.000, -999.000,    0.000,    0.000,
       298,2020091918,   -0.429,   -0.429,   -0.429,   -0.429,   -0.429,   -0.429,   -0.429,   -0.429,   -0.429,   -0.429,    0.000,    0.000,    0.000,    0.000,    0.000,    0.000,    0.000,    0.000,    0.000,    0.000,
       298,2020091912,   -0.427,   -0.427,   -0.427,   -0.427,   -0.427,   -0.427,   -0.427,   -0.427,   -0.427,   -0.427,    0.001,    0.000,    0.001, -999.000, -999.000,    0.001,    0.000,    0.001, -999.000, -999.000,
       298,2020091906,   -0.429,   -0.429,   -0.429,   -0.429,   -0.429,   -0.429,   -0.429,   -0.429,   -0.429,   -0.429,    0.000, -999.000,    0.000, -999.000, -999.000,    0.000, -999.000,    0.000, -999.000, -999.000,
       298,2020091900,   -0.429,   -0.429,   -0.429,   -0.429,   -0.429,   -0.429,   -0.429,   -0.429,   -0.429,   -0.429, -999.000,    0.000, -999.000, -999.000, -999.000, -999.000,    0.000, -999.000, -999.000, -999.000,
       298,2020091818,   -0.429,   -0.429,   -0.429,   -0.429,   -0.429,   -0.429,   -0.429,   -0.429,   -0.429,   -0.429,    0.001,    0.000,    0.001, -999.000, -999.000,    0.001,    0.000,    0.001, -999.000, -999.000,
       298,2020091812,   -0.428,   -0.428,   -0.428,   -0.428,   -0.428,   -0.428,   -0.428,   -0.428,   -0.428,   -0.428, -999.000, -999.000, -999.000,    0.000, -999.000, -999.000,    0.000, -999.000,    0.000, -999.000,
       298,2020091806,   -0.426,   -0.426,   -0.426,   -0.426,   -0.426,   -0.426,   -0.426,   -0.426,   -0.426,   -0.426,    0.000,    0.000,    0.001, -999.000, -999.000,    0.000,    0.000,    0.001, -999.000, -999.000,
       298,2020091800,   -0.426,   -0.426,   -0.426,   -0.426,   -0.426,   -0.426,   -0.426,   -0.426,   -0.426,   -0.426, -999.000, -999.000, -999.000,    0.000, -999.000, -999.000, -999.000, -999.000, -999.000, -999.000,
       298,2020091718,   -0.427,   -0.427,   -0.427,   -0.427,   -0.427,   -0.427,   -0.427,   -0.427,   -0.427,   -0.427,    0.001, -999.000,    0.001, -999.000, -999.000,    0.001, -999.000,    0.001, -999.000, -999.000,
       298,2020091712,   -0.427,   -0.427,   -0.427,   -0.427,   -0.427,   -0.427,   -0.427,   -0.427,   -0.427,   -0.427, -999.000, -999.000, -999.000,    0.000, -999.000, -999.000, -999.000, -999.000,    0.000, -999.000,
       298,2020091706,   -0.429,   -0.429,   -0.429,   -0.429,   -0.429,   -0.429,   -0.429,   -0.429,   -0.429,   -0.429, -999.000, -999.000, -999.000,    0.000,    0.000, -999.000, -999.000, -999.000,    0.000,    0.000,
       298,2020091700,   -0.428,   -0.428,   -0.428,   -0.428,   -0.428,   -0.428,   -0.428,   -0.428,   -0.428,   -0.428,    0.000,    0.000,    0.001, -999.000,    0.000,    0.000,    0.000,    0.001,    0.000,    0.000,
       298,2020091618,   -0.426,   -0.426,   -0.426,   -0.426,   -0.426,   -0.426,   -0.426,   -0.426,   -0.426,   -0.426,    0.000, -999.000, -999.000,    0.000,    0.000,    0.000, -999.000, -999.000,    0.000,    0.000,
       298,2020091612,   -0.424,   -0.424,   -0.424,   -0.424,   -0.424,   -0.424,   -0.424,   -0.424,   -0.424,   -0.424,    0.001, -999.000,    0.001, -999.000, -999.000,    0.001, -999.000,    0.001, -999.000, -999.000,
       298,2020091606,   -0.425,   -0.425,   -0.425,   -0.425,   -0.425,   -0.425,   -0.425,   -0.425,   -0.425,   -0.425, -999.000,    0.000, -999.000, -999.000, -999.000, -999.000,    0.000, -999.000, -999.000, -999.000,
       298,2020091600,   -0.426,   -0.426,   -0.426,   -0.426,   -0.426,   -0.426,   -0.426,   -0.426,   -0.426,   -0.426,    0.000,    0.001,    0.001, -999.000, -999.000,    0.000,    0.001,    0.001, -999.000, -999.000,
       298,2020091518,   -0.427,   -0.427,   -0.427,   -0.427,   -0.427,   -0.427,   -0.427,   -0.427,   -0.427,   -0.427, -999.000,    0.000, -999.000,    0.000, -999.000, -999.000,    0.000, -999.000,    0.000, -999.000,
       298,2020091512,   -0.428,   -0.428,   -0.428,   -0.428,   -0.428,   -0.428,   -0.428,   -0.428,   -0.428,   -0.428, -999.000, -999.000, -999.000, -999.000, -999.000, -999.000, -999.000, -999.000, -999.000, -999.000,
       298,2020091506,   -0.428,   -0.428,   -0.428,   -0.428,   -0.428,   -0.428,   -0.428,   -0.428,   -0.428,   -0.428, -999.000, -999.000, -999.000, -999.000, -999.000, -999.000, -999.000, -999.000, -999.000, -999.000,
       298,2020091500,   -0.427,   -0.427,   -0.427,   -0.427,   -0.427,   -0.427,   -0.427,   -0.427,   -0.427,   -0.427, -999.000, -999.000, -999.000,    0.000, -999.000, -999.000, -999.000, -999.000, -999.000, -999.000,
       298,2020091418,   -0.427,   -0.427,   -0.427,   -0.427,   -0.427,   -0.427,   -0.427,   -0.427,   -0.427,   -0.427,    0.001, -999.000, -999.000, -999.000, -999.000,    0.001, -999.000, -999.000, -999.000, -999.000,
       298,2020091412,   -0.429,   -0.429,   -0.429,   -0.429,   -0.429,   -0.429,   -0.429,   -0.429,   -0.429,   -0.429,    0.001, -999.000,    0.001, -999.000,    0.000,    0.001, -999.000,    0.001, -999.000,    0.000,
       298,2020091406,   -0.429,   -0.429,   -0.429,   -0.429,   -0.429,   -0.429,   -0.429,   -0.429,   -0.429,   -0.429, -999.000, -999.000, -999.000, -999.000, -999.000, -999.000, -999.000, -999.000, -999.000, -999.000,
       298,2020091400,   -0.428,   -0.428,   -0.428,   -0.428,   -0.428,   -0.428,   -0.428,   -0.428,   -0.428,   -0.428,    0.000, -999.000,    0.001, -999.000, -999.000,    0.000, -999.000,    0.001, -999.000, -999.000,
       298,2020091318,   -0.428,   -0.428,   -0.428,   -0.428,   -0.428,   -0.428,   -0.428,   -0.428,   -0.428,   -0.428,    0.001,    0.000,    0.000, -999.000,    0.000,    0.001, -999.000,    0.000, -999.000,    0.000,
       298,2020091312,   -0.427,   -0.427,   -0.427,   -0.427,   -0.427,   -0.427,   -0.427,   -0.427,   -0.427,   -0.427,    0.001, -999.000,    0.001,    0.000, -999.000,    0.001, -999.000,    0.001,    0.000, -999.000,
       298,2020091306,   -0.429,   -0.429,   -0.429,   -0.429,   -0.429,   -0.429,   -0.429,   -0.429,   -0.429,   -0.429, -999.000,    0.001,    0.000,    0.000,    0.000, -999.000,    0.000,    0.000, -999.000,    0.000,
       298,2020091300,   -0.432,   -0.432,   -0.432,   -0.432,   -0.432,   -0.432,   -0.432,   -0.432,   -0.432,   -0.432, -999.000, -999.000, -999.000,    0.000, -999.000, -999.000, -999.000, -999.000,    0.000, -999.000,
       298,2020091218,   -0.434,   -0.434,   -0.434,   -0.434,   -0.434,   -0.434,   -0.434,   -0.434,   -0.434,   -0.434,    0.000, -999.000, -999.000, -999.000, -999.000,    0.000, -999.000, -999.000, -999.000, -999.000,
       298,2020091212,   -0.434,   -0.434,   -0.434,   -0.434,   -0.434,   -0.434,   -0.434,   -0.434,   -0.434,   -0.434,    0.000,    0.000,    0.000,    0.000, -999.000,    0.000, -999.000,    0.000, -999.000, -999.000,
       298,2020091206,   -0.438,   -0.438,   -0.438,   -0.438,   -0.438,   -0.438,   -0.438,   -0.438,   -0.438,   -0.438,    0.001,    0.000,    0.001, -999.000, -999.000,    0.001,    0.000,    0.001, -999.000, -999.000,
       298,2020091200,   -0.436,   -0.436,   -0.436,   -0.436,   -0.436,   -0.436,   -0.436,   -0.436,   -0.436,   -0.436,    0.001, -999.000,    0.001, -999.000, -999.000,    0.001, -999.000,    0.001, -999.000, -999.000,
       298,2020091118,   -0.436,   -0.436,   -0.436,   -0.436,   -0.436,   -0.436,   -0.436,   -0.436,   -0.436,   -0.436,    0.001, -999.000,    0.000, -999.000, -999.000,    0.001, -999.000,    0.000, -999.000, -999.000,
       298,2020091112,   -0.430,   -0.430,   -0.430,   -0.430,   -0.430,   -0.430,   -0.430,   -0.430,   -0.430,   -0.430, -999.000,    0.000, -999.000, -999.000, -999.000, -999.000,    0.000, -999.000, -999.000, -999.000,
       298,2020091106,   -0.432,   -0.432,   -0.432,   -0.432,   -0.432,   -0.432,   -0.432,   -0.432,   -0.432,   -0.432, -999.000, -999.000, -999.000,    0.000,    0.000, -999.000, -999.000, -999.000,    0.000,    0.000,
       298,2020091100,   -0.428,   -0.428,   -0.428,   -0.428,   -0.428,   -0.428,   -0.428,   -0.428,   -0.428,   -0.428, -999.000, -999.000, -999.000, -999.000, -999.000, -999.000, -999.000, -999.000, -999.000, -999.000,
       298,2020091018,   -0.429,   -0.429,   -0.429,   -0.429,   -0.429,   -0.429,   -0.429,   -0.429,   -0.429,   -0.429,    0.001,    0.000,    0.001, -999.000, -999.000,    0.001,    0.000,    0.001, -999.000, -999.000,
       298,2020091012,   -0.428,   -0.428,   -0.428,   -0.428,   -0.428,   -0.428,   -0.428,   -0.428,   -0.428,   -0.428, -999.000,    0.000,    0.000,    0.000, -999.000, -999.000,    0.000,    0.000,    0.000, -999.000,
       298,2020091006,   -0.429,   -0.429,   -0.429,   -0.429,   -0.429,   -0.429,   -0.429,   -0.429,   -0.429,   -0.429,    0.001, -999.000, -999.000, -999.000, -999.000,    0.001, -999.000, -999.000, -999.000, -999.000,
       298,2020091000,   -0.428,   -0.428,   -0.428,   -0.428,   -0.428,   -0.428,   -0.428,   -0.428,   -0.428,   -0.428,    0.001, -999.000,    0.000, -999.000, -999.000,    0.001, -999.000,    0.000, -999.000, -999.000,
       298,2020090918,   -0.428,   -0.428,   -0.428,   -0.428,   -0.428,   -0.428,   -0.428,   -0.428,   -0.428,   -0.428,    0.001, -999.000, -999.000, -999.000, -999.000,    0.001, -999.000, -999.000, -999.000, -999.000,
       298,2020090912,   -0.429,   -0.429,   -0.429,   -0.429,   -0.429,   -0.429,   -0.429,   -0.429,   -0.429,   -0.429, -999.000, -999.000, -999.000,    0.000, -999.000, -999.000, -999.000, -999.000,    0.000, -999.000,
       298,2020090906,   -0.429,   -0.429,   -0.429,   -0.429,   -0.429,   -0.429,   -0.429,   -0.429,   -0.429,   -0.429, -999.000, -999.000, -999.000, -999.000, -999.000, -999.000, -999.000, -999.000, -999.000, -999.000,
       298,2020090900,   -0.428,   -0.428,   -0.428,   -0.428,   -0.428,   -0.428,   -0.428,   -0.428,   -0.428,   -0.428, -999.000,    0.000, -999.000,    0.000, -999.000, -999.000,    0.000, -999.000,    0.000, -999.000,
       298,2020090818,   -0.427,   -0.427,   -0.427,   -0.427,   -0.427,   -0.427,   -0.427,   -0.427,   -0.427,   -0.427,    0.000,    0.001,    0.000,    0.000,    0.000,    0.000,    0.000,    0.000,    0.000,    0.000,
       298,2020090812,   -0.426,   -0.426,   -0.426,   -0.426,   -0.426,   -0.426,   -0.426,   -0.426,   -0.426,   -0.426, -999.000,    0.000, -999.000, -999.000, -999.000, -999.000,    0.000, -999.000, -999.000, -999.000,
       298,2020090806,   -0.428,   -0.428,   -0.428,   -0.428,   -0.428,   -0.428,   -0.428,   -0.428,   -0.428,   -0.428,    0.000,    0.000,    0.001, -999.000, -999.000,    0.000,    0.000,    0.001, -999.000, -999.000,
       298,2020090800,   -0.426,   -0.426,   -0.426,   -0.426,   -0.426,   -0.426,   -0.426,   -0.426,   -0.426,   -0.426, -999.000, -999.000, -999.000, -999.000, -999.000, -999.000, -999.000, -999.000,    0.000, -999.000,
       298,2020090718,   -0.428,   -0.428,   -0.428,   -0.428,   -0.428,   -0.428,   -0.428,   -0.428,   -0.428,   -0.428, -999.000, -999.000, -999.000,    0.000,    0.000, -999.000,    0.000, -999.000,    0.000,    0.000,
       298,2020090712,   -0.429,   -0.429,   -0.429,   -0.429,   -0.429,   -0.429,   -0.429,   -0.429,   -0.429,   -0.429, -999.000, -999.000, -999.000,    0.000,    0.000, -999.000, -999.000, -999.000,    0.000,    0.000,
       298,2020090706,   -0.429,   -0.429,   -0.429,   -0.429,   -0.429,   -0.429,   -0.429,   -0.429,   -0.429,   -0.429,    0.001, -999.000,    0.001, -999.000, -999.000,    0.001, -999.000,    0.001, -999.000, -999.000,
       298,2020090700,   -0.428,   -0.428,   -0.428,   -0.428,   -0.428,   -0.428,   -0.428,   -0.428,   -0.428,   -0.428,    0.001,    0.000,    0.000,    0.000, -999.000,    0.001,    0.000,    0.000,    0.000, -999.000,
       298,2020090618,   -0.426,   -0.426,   -0.426,   -0.426,   -0.426,   -0.426,   -0.426,   -0.426,   -0.426,   -0.426,    0.001, -999.000, -999.000,    0.000, -999.000,    0.001, -999.000, -999.000,    0.000, -999.000,
       298,2020090612,   -0.423,   -0.423,   -0.423,   -0.423,   -0.423,   -0.423,   -0.423,   -0.423,   -0.423,   -0.423,    0.000, -999.000,    0.000, -999.000, -999.000,    0.000,    0.000,    0.000, -999.000, -999.000,
       298,2020090606,   -0.426,   -0.426,   -0.426,   -0.426,   -0.426,   -0.426,   -0.426,   -0.426,   -0.426,   -0.426, -999.000, -999.000, -999.000, -999.000,    0.000, -999.000, -999.000, -999.000, -999.000,    0.000,
       298,2020090600,   -0.425,   -0.425,   -0.425,   -0.425,   -0.425,   -0.425,   -0.425,   -0.425,   -0.425,   -0.425,    0.000,    0.001,    0.001, -999.000, -999.000,    0.000,    0.000,    0.001,    0.000, -999.000,
       298,2020090518,   -0.425,   -0.425,   -0.425,   -0.425,   -0.425,   -0.425,   -0.425,   -0.425,   -0.425,   -0.425,    0.000, -999.000,    0.000, -999.000, -999.000,    0.000, -999.000,    0.000, -999.000, -999.000,
       298,2020090512,   -0.422,   -0.422,   -0.422,   -0.422,   -0.422,   -0.422,   -0.422,   -0.422,   -0.422,   -0.422, -999.000, -999.000, -999.000, -999.000, -999.000, -999.000,    0.000, -999.000, -999.000, -999.000,
       298,2020090506,   -0.425,   -0.425,   -0.425,   -0.425,   -0.425,   -0.425,   -0.425,   -0.425,   -0.425,   -0.425,    0.000,    0.001,    0.001, -999.000, -999.000,    0.000,    0.000,    0.001,    0.000, -999.000,
       298,2020090500,   -0.422,   -0.422,   -0.422,   -0.422,   -0.422,   -0.422,   -0.422,   -0.422,   -0.422,   -0.422,    0.001,    0.000,    0.000,    0.000, -999.000,    0.001, -999.000,    0.000,    0.000, -999.000,
       298,2020090418,   -0.421,   -0.421,   -0.421,   -0.421,   -0.421,   -0.421,   -0.421,   -0.421,   -0.421,   -0.421,    0.001, -999.000,    0.001, -999.000,    0.000,    0.001, -999.000,    0.001, -999.000,    0.000,
       298,2020090412,   -0.421,   -0.421,   -0.421,   -0.421,   -0.421,   -0.421,   -0.421,   -0.421,   -0.421,   -0.421, -999.000,    0.000, -999.000,    0.000,    0.000, -999.000,    0.000, -999.000, -999.000,    0.000,
       298,2020090406,   -0.424,   -0.424,   -0.424,   -0.424,   -0.424,   -0.424,   -0.424,   -0.424,   -0.424,   -0.424,    0.000, -999.000,    0.001, -999.000,    0.000,    0.000, -999.000,    0.001, -999.000,    0.000,
       298,2020090400,   -0.426,   -0.426,   -0.426,   -0.426,   -0.426,   -0.426,   -0.426,   -0.426,   -0.426,   -0.426,    0.001,    0.001,    0.001,    0.000, -999.000,    0.001,    0.000,    0.001,    0.000, -999.000,
       298,2020090318,   -0.424,   -0.424,   -0.424,   -0.424,   -0.424,   -0.424,   -0.424,   -0.424,   -0.424,   -0.424,    0.001,    0.000,    0.001, -999.000,    0.000,    0.001,    0.000,    0.001, -999.000,    0.000,
       298,2020090312,   -0.424,   -0.424,   -0.424,   -0.424,   -0.424,   -0.424,   -0.424,   -0.424,   -0.424,   -0.424,    0.001,    0.000,    0.001, -999.000, -999.000,    0.001, -999.000,    0.001,    0.000, -999.000,
       298,2020090306,   -0.423,   -0.423,   -0.423,   -0.423,   -0.423,   -0.423,   -0.423,   -0.423,   -0.423,   -0.423, -999.000, -999.000, -999.000, -999.000, -999.000, -999.000, -999.000, -999.000, -999.000, -999.000,
       298,2020090300,   -0.425,   -0.425,   -0.425,   -0.425,   -0.425,   -0.425,   -0.425,   -0.425,   -0.425,   -0.425, -999.000, -999.000, -999.000, -999.000, -999.000, -999.000, -999.000, -999.000, -999.000, -999.000,
       298,2020090218,   -0.423,   -0.423,   -0.423,   -0.423,   -0.423,   -0.423,   -0.423,   -0.423,   -0.423,   -0.423,    0.001, -999.000,    0.001, -999.000, -999.000,    0.001, -999.000,    0.001, -999.000, -999.000,
       298,2020090212,   -0.424,   -0.424,   -0.424,   -0.424,   -0.424,   -0.424,   -0.424,   -0.424,   -0.424,   -0.424,    0.001,    0.000,    0.001, -999.000, -999.000,    0.001,    0.000,    0.001, -999.000, -999.000,
       298,2020090206,   -0.423,   -0.423,   -0.423,   -0.423,   -0.423,   -0.423,   -0.423,   -0.423,   -0.423,   -0.423, -999.000, -999.000, -999.000, -999.000,    0.000, -999.000, -999.000, -999.000, -999.000,    0.000,
       298,2020090200,   -0.423,   -0.423,   -0.423,   -0.423,   -0.423,   -0.423,   -0.423,   -0.423,   -0.423,   -0.423,    0.001,    0.000,    0.001, -999.000,    0.000,    0.001,    0.000,    0.001, -999.000,    0.000,
       298,2020090118,   -0.422,   -0.422,   -0.422,   -0.422,   -0.422,   -0.422,   -0.422,   -0.422,   -0.422,   -0.422, -999.000, -999.000, -999.000,    0.000, -999.000, -999.000, -999.000, -999.000,    0.000, -999.000,
       298,2020090112,   -0.423,   -0.423,   -0.423,   -0.423,   -0.423,   -0.423,   -0.423,   -0.423,   -0.423,   -0.423, -999.000, -999.000, -999.000, -999.000, -999.000, -999.000, -999.000, -999.000, -999.000, -999.000,
       298,2020090106,   -0.425,   -0.425,   -0.425,   -0.425,   -0.425,   -0.425,   -0.425,   -0.425,   -0.425,   -0.425,    0.001, -999.000,    0.001, -999.000,    0.000,    0.001, -999.000,    0.001, -999.000,    0.000,
       298,2020090100,   -0.425,   -0.425,   -0.425,   -0.425,   -0.425,   -0.425,   -0.425,   -0.425,   -0.425,   -0.425, -999.000, -999.000, -999.000, -999.000, -999.000, -999.000, -999.000, -999.000, -999.000, -999.000,
       298,2020083118,   -0.424,   -0.424,   -0.424,   -0.424,   -0.424,   -0.424,   -0.424,   -0.424,   -0.424,   -0.424, -999.000,    0.001,    0.000,    0.000, -999.000, -999.000,    0.001,    0.000,    0.000, -999.000,
       298,2020083112,   -0.425,   -0.425,   -0.425,   -0.425,   -0.425,   -0.425,   -0.425,   -0.425,   -0.425,   -0.425, -999.000,    0.000, -999.000, -999.000, -999.000, -999.000,    0.000, -999.000, -999.000, -999.000,
       298,2020083106,   -0.427,   -0.427,   -0.427,   -0.427,   -0.427,   -0.427,   -0.427,   -0.427,   -0.427,   -0.427, -999.000, -999.000, -999.000, -999.000, -999.000, -999.000, -999.000, -999.000, -999.000, -999.000,
       298,2020083100,   -0.429,   -0.429,   -0.429,   -0.429,   -0.429,   -0.429,   -0.429,   -0.429,   -0.429,   -0.429, -999.000,    0.000, -999.000,    0.000, -999.000, -999.000,    0.000, -999.000,    0.000, -999.000,
       298,2020083018,   -0.428,   -0.428,   -0.428,   -0.428,   -0.428,   -0.428,   -0.428,   -0.428,   -0.428,   -0.428, -999.000, -999.000, -999.000, -999.000, -999.000, -999.000, -999.000, -999.000, -999.000, -999.000,
       298,2020083012,   -0.430,   -0.430,   -0.430,   -0.430,   -0.430,   -0.430,   -0.430,   -0.430,   -0.430,   -0.430,    0.001,    0.000,    0.000, -999.000, -999.000,    0.001,    0.000,    0.000, -999.000, -999.000,
       298,2020083006,   -0.431,   -0.431,   -0.431,   -0.431,   -0.431,   -0.431,   -0.431,   -0.431,   -0.431,   -0.431, -999.000,    0.000, -999.000, -999.000, -999.000, -999.000,    0.000, -999.000,    0.000, -999.000,
       298,2020083000,   -0.430,   -0.430,   -0.430,   -0.430,   -0.430,   -0.430,   -0.430,   -0.430,   -0.430,   -0.430, -999.000,    0.001, -999.000,    0.000,    0.000, -999.000,    0.001, -999.000,    0.000,    0.000,
