       381,2020092000,    0.034,    0.034,    0.034,    0.032,    0.026,    0.033,    0.034,    0.033,    0.033,    0.026,    0.035,    0.035,    0.034,    0.034,    0.051,    0.035,    0.035,    0.034,    0.034,    0.051,
       381,2020091918,    0.034,    0.031,    0.035,    0.031,    0.025,    0.034,    0.031,    0.036,    0.031,    0.026,    0.035,    0.033,    0.035,    0.035,    0.029,    0.035,    0.033,    0.035,    0.035,    0.029,
       381,2020091912,    0.032,    0.033,    0.032,    0.027,    0.043,    0.033,    0.033,    0.033,    0.027,    0.038,    0.034,    0.035,    0.034,    0.033,    0.038,    0.034,    0.035,    0.034,    0.033,    0.038,
       381,2020091906,    0.032,    0.032,    0.033,    0.030,    0.056,    0.033,    0.032,    0.033,    0.030,    0.056,    0.034,    0.034,    0.034,    0.034,    0.043,    0.034,    0.034,    0.034,    0.033,    0.043,
       381,2020091900,    0.033,    0.033,    0.034,    0.032,    0.059,    0.034,    0.033,    0.034,    0.032,    0.059,    0.035,    0.036,    0.035,    0.035,    0.042,    0.035,    0.036,    0.035,    0.035,    0.042,
       381,2020091818,    0.034,    0.033,    0.035,    0.030,    0.037,    0.034,    0.033,    0.035,    0.031,    0.037,    0.035,    0.035,    0.035,    0.034,    0.037,    0.035,    0.035,    0.035,    0.034,    0.037,
       381,2020091812,    0.034,    0.034,    0.034,    0.033,    0.054,    0.034,    0.033,    0.034,    0.034,    0.054,    0.036,    0.035,    0.036,    0.036,    0.076,    0.036,    0.035,    0.036,    0.036,    0.076,
       381,2020091806,    0.033,    0.034,    0.032,    0.036,    0.057,    0.033,    0.034,    0.032,    0.035,    0.057,    0.035,    0.035,    0.035,    0.036,    0.047,    0.035,    0.036,    0.035,    0.037,    0.047,
       381,2020091800,    0.035,    0.034,    0.035,    0.035,    0.099,    0.035,    0.034,    0.035,    0.035,    0.099,    0.036,    0.036,    0.036,    0.037,    0.013,    0.036,    0.036,    0.036,    0.037,    0.013,
       381,2020091718,    0.034,    0.035,    0.034,    0.032,    0.058,    0.034,    0.035,    0.034,    0.032,    0.067,    0.036,    0.036,    0.036,    0.035,    0.054,    0.036,    0.037,    0.036,    0.035,    0.054,
       381,2020091712,    0.035,    0.035,    0.036,    0.032,    0.062,    0.036,    0.035,    0.036,    0.032,    0.062,    0.037,    0.037,    0.037,    0.036,    0.041,    0.037,    0.037,    0.037,    0.036,    0.041,
       381,2020091706,    0.035,    0.034,    0.035,    0.035,    0.063,    0.035,    0.034,    0.035,    0.036,    0.055,    0.037,    0.037,    0.037,    0.037,    0.044,    0.037,    0.037,    0.037,    0.037,    0.044,
       381,2020091700,    0.034,    0.035,    0.034,    0.039,    0.064,    0.035,    0.035,    0.034,    0.038,    0.070,    0.036,    0.036,    0.035,    0.037,    0.046,    0.036,    0.036,    0.035,    0.037,    0.046,
       381,2020091618,    0.033,    0.032,    0.033,    0.034,    0.050,    0.033,    0.032,    0.033,    0.035,    0.051,    0.035,    0.035,    0.035,    0.036,    0.042,    0.035,    0.035,    0.035,    0.036,    0.042,
       381,2020091612,    0.034,    0.032,    0.034,    0.028,    0.054,    0.033,    0.032,    0.034,    0.027,    0.054,    0.036,    0.035,    0.036,    0.033,    0.047,    0.036,    0.035,    0.036,    0.034,    0.047,
       381,2020091606,    0.034,    0.033,    0.034,    0.033,    0.055,    0.033,    0.032,    0.034,    0.033,    0.051,    0.035,    0.035,    0.035,    0.036,    0.040,    0.035,    0.036,    0.035,    0.036,    0.040,
       381,2020091600,    0.035,    0.037,    0.034,    0.036,    0.059,    0.035,    0.037,    0.034,    0.036,    0.067,    0.036,    0.036,    0.035,    0.037,    0.044,    0.036,    0.036,    0.035,    0.037,    0.044,
       381,2020091518,    0.033,    0.028,    0.035,    0.032,    0.048,    0.033,    0.028,    0.035,    0.032,    0.040,    0.034,    0.033,    0.035,    0.034,    0.046,    0.034,    0.033,    0.035,    0.034,    0.046,
       381,2020091512,    0.034,    0.037,    0.034,    0.029,    0.070,    0.034,    0.037,    0.034,    0.029,    0.070,    0.035,    0.036,    0.035,    0.034,    0.045,    0.035,    0.036,    0.035,    0.035,    0.045,
       381,2020091506,    0.034,    0.032,    0.034,    0.035,    0.062,    0.033,    0.032,    0.034,    0.035,    0.056,    0.035,    0.035,    0.035,    0.037,    0.048,    0.035,    0.035,    0.035,    0.036,    0.048,
       381,2020091500,    0.034,    0.036,    0.034,    0.037,    0.094,    0.035,    0.036,    0.034,    0.037,    0.106,    0.035,    0.035,    0.035,    0.037,    0.029,    0.035,    0.035,    0.035,    0.037,    0.029,
       381,2020091418,    0.034,    0.031,    0.036,    0.032,    0.047,    0.034,    0.031,    0.036,    0.033,    0.043,    0.035,    0.034,    0.036,    0.035,    0.045,    0.035,    0.034,    0.036,    0.036,    0.045,
       381,2020091412,    0.034,    0.035,    0.033,    0.036,    0.065,    0.034,    0.035,    0.034,    0.035,    0.065,    0.035,    0.036,    0.034,    0.037,    0.043,    0.035,    0.036,    0.034,    0.037,    0.043,
       381,2020091406,    0.032,    0.031,    0.033,    0.034,    0.045,    0.032,    0.031,    0.033,    0.035,    0.040,    0.034,    0.034,    0.034,    0.035,    0.037,    0.034,    0.034,    0.034,    0.034,    0.037,
       381,2020091400,    0.033,    0.033,    0.034,    0.031,    0.047,    0.034,    0.034,    0.034,    0.030,    0.031,    0.035,    0.035,    0.035,    0.034,    0.056,    0.035,    0.035,    0.035,    0.034,    0.056,
       381,2020091318,    0.032,    0.031,    0.032,    0.029,    0.051,    0.032,    0.031,    0.032,    0.029,    0.051,    0.033,    0.033,    0.033,    0.033,    0.036,    0.033,    0.033,    0.033,    0.033,    0.036,
       381,2020091312,    0.033,    0.032,    0.033,    0.027,    0.065,    0.033,    0.032,    0.034,    0.027,    0.065,    0.034,    0.034,    0.034,    0.033,    0.039,    0.034,    0.034,    0.034,    0.033,    0.039,
       381,2020091306,    0.034,    0.035,    0.033,    0.035,    0.066,    0.034,    0.035,    0.033,    0.036,    0.066,    0.035,    0.035,    0.035,    0.036,    0.044,    0.035,    0.035,    0.035,    0.036,    0.044,
       381,2020091300,    0.033,    0.032,    0.033,    0.035,    0.066,    0.034,    0.032,    0.034,    0.036,    0.064,    0.035,    0.035,    0.035,    0.037,    0.042,    0.035,    0.035,    0.035,    0.036,    0.042,
       381,2020091218,    0.033,    0.033,    0.033,    0.033,    0.047,    0.033,    0.033,    0.033,    0.033,    0.047,    0.035,    0.035,    0.035,    0.035,    0.047,    0.035,    0.035,    0.035,    0.035,    0.047,
       381,2020091212,    0.033,    0.032,    0.034,    0.032,    0.054,    0.033,    0.032,    0.034,    0.032,    0.054,    0.035,    0.035,    0.035,    0.035,    0.048,    0.035,    0.035,    0.035,    0.035,    0.048,
       381,2020091206,    0.033,    0.034,    0.032,    0.031,    0.048,    0.033,    0.035,    0.032,    0.031,    0.048,    0.034,    0.035,    0.034,    0.034,    0.034,    0.034,    0.035,    0.034,    0.034,    0.034,
       381,2020091200,    0.034,    0.035,    0.033,    0.037,    0.000,    0.034,    0.035,    0.034,    0.037,    0.000,    0.035,    0.036,    0.034,    0.036, -999.000,    0.035,    0.035,    0.034,    0.036, -999.000,
       381,2020091118,    0.032,    0.031,    0.033,    0.032,    0.038,    0.033,    0.032,    0.033,    0.033,    0.038,    0.034,    0.034,    0.034,    0.034,    0.038,    0.034,    0.034,    0.034,    0.034,    0.038,
       381,2020091112,    0.033,    0.031,    0.034,    0.031,    0.078,    0.033,    0.031,    0.034,    0.030,    0.061,    0.034,    0.034,    0.034,    0.034,    0.041,    0.034,    0.034,    0.034,    0.034,    0.041,
       381,2020091106,    0.033,    0.034,    0.033,    0.033,    0.039,    0.033,    0.034,    0.033,    0.033,    0.047,    0.034,    0.035,    0.034,    0.035,    0.042,    0.034,    0.035,    0.034,    0.035,    0.042,
       381,2020091100,    0.032,    0.036,    0.031,    0.035,    0.065,    0.033,    0.035,    0.032,    0.036,    0.065,    0.034,    0.035,    0.033,    0.034,    0.044,    0.034,    0.035,    0.033,    0.034,    0.044,
       381,2020091018,    0.033,    0.031,    0.035,    0.033,    0.077,    0.033,    0.031,    0.035,    0.033,    0.077,    0.035,    0.034,    0.035,    0.036,    0.039,    0.035,    0.034,    0.035,    0.036,    0.039,
       381,2020091012,    0.033,    0.034,    0.034,    0.029,    0.068,    0.033,    0.034,    0.034,    0.029,    0.068,    0.035,    0.035,    0.035,    0.035,    0.038,    0.035,    0.035,    0.035,    0.035,    0.038,
       381,2020091006,    0.035,    0.033,    0.036,    0.035,    0.068,    0.035,    0.033,    0.035,    0.035,    0.068,    0.035,    0.035,    0.035,    0.035,    0.040,    0.035,    0.035,    0.035,    0.035,    0.040,
       381,2020091000,    0.034,    0.037,    0.033,    0.034,    0.054,    0.034,    0.037,    0.033,    0.035,    0.054,    0.036,    0.036,    0.035,    0.035,    0.039,    0.036,    0.037,    0.035,    0.035,    0.039,
       381,2020090918,    0.035,    0.031,    0.037,    0.032,    0.049,    0.035,    0.030,    0.037,    0.032,    0.049,    0.037,    0.035,    0.037,    0.037,    0.048,    0.037,    0.035,    0.037,    0.037,    0.048,
       381,2020090912,    0.035,    0.038,    0.034,    0.031,    0.063,    0.035,    0.038,    0.035,    0.031,    0.063,    0.036,    0.038,    0.036,    0.036,    0.047,    0.036,    0.038,    0.036,    0.036,    0.047,
       381,2020090906,    0.034,    0.035,    0.034,    0.041,    0.031,    0.035,    0.035,    0.034,    0.041,    0.028,    0.036,    0.036,    0.035,    0.039,    0.041,    0.036,    0.036,    0.035,    0.039,    0.041,
       381,2020090900,    0.035,    0.036,    0.034,    0.034,    0.065,    0.035,    0.036,    0.035,    0.034,    0.058,    0.036,    0.037,    0.035,    0.036,    0.058,    0.036,    0.037,    0.035,    0.036,    0.058,
       381,2020090818,    0.033,    0.032,    0.034,    0.034,    0.030,    0.034,    0.032,    0.035,    0.035,    0.034,    0.035,    0.034,    0.035,    0.035,    0.037,    0.035,    0.034,    0.035,    0.035,    0.037,
       381,2020090812,    0.034,    0.034,    0.034,    0.033,    0.052,    0.034,    0.034,    0.034,    0.033,    0.052,    0.035,    0.036,    0.035,    0.035,    0.043,    0.035,    0.036,    0.035,    0.035,    0.043,
       381,2020090806,    0.033,    0.032,    0.033,    0.034,    0.048,    0.033,    0.032,    0.033,    0.034,    0.049,    0.035,    0.035,    0.035,    0.036,    0.043,    0.035,    0.035,    0.035,    0.036,    0.043,
       381,2020090800,    0.033,    0.033,    0.033,    0.034,    0.036,    0.033,    0.033,    0.034,    0.035,    0.028,    0.035,    0.035,    0.035,    0.037,    0.061,    0.035,    0.035,    0.035,    0.037,    0.061,
       381,2020090718,    0.033,    0.034,    0.033,    0.031,    0.033,    0.033,    0.034,    0.033,    0.031,    0.036,    0.034,    0.035,    0.034,    0.034,    0.036,    0.034,    0.034,    0.034,    0.034,    0.036,
       381,2020090712,    0.033,    0.032,    0.033,    0.032,    0.067,    0.033,    0.032,    0.033,    0.033,    0.064,    0.035,    0.034,    0.035,    0.036,    0.041,    0.035,    0.034,    0.035,    0.036,    0.041,
       381,2020090706,    0.032,    0.034,    0.031,    0.032,    0.056,    0.032,    0.034,    0.032,    0.032,    0.051,    0.034,    0.035,    0.034,    0.035,    0.036,    0.034,    0.035,    0.034,    0.034,    0.036,
       381,2020090700,    0.034,    0.035,    0.033,    0.038,    0.058,    0.034,    0.035,    0.033,    0.037,    0.057,    0.036,    0.036,    0.035,    0.035,    0.041,    0.036,    0.036,    0.035,    0.036,    0.041,
       381,2020090618,    0.033,    0.034,    0.032,    0.032,    0.046,    0.033,    0.034,    0.033,    0.032,    0.046,    0.035,    0.035,    0.035,    0.034,    0.040,    0.035,    0.035,    0.035,    0.034,    0.040,
       381,2020090612,    0.032,    0.031,    0.033,    0.029,    0.049,    0.032,    0.031,    0.033,    0.030,    0.049,    0.034,    0.034,    0.034,    0.033,    0.036,    0.034,    0.034,    0.034,    0.033,    0.036,
       381,2020090606,    0.032,    0.031,    0.032,    0.033,    0.007,    0.032,    0.031,    0.033,    0.033,    0.018,    0.033,    0.033,    0.034,    0.034,    0.011,    0.033,    0.033,    0.034,    0.034,    0.011,
       381,2020090600,    0.033,    0.036,    0.032,    0.035,    0.076,    0.033,    0.036,    0.032,    0.035,    0.076,    0.034,    0.035,    0.034,    0.035,    0.042,    0.034,    0.035,    0.034,    0.035,    0.042,
       381,2020090518,    0.032,    0.031,    0.032,    0.035,    0.073,    0.033,    0.031,    0.033,    0.036,    0.076,    0.034,    0.033,    0.034,    0.035,    0.040,    0.034,    0.033,    0.034,    0.035,    0.040,
       381,2020090512,    0.033,    0.033,    0.033,    0.028,    0.051,    0.033,    0.033,    0.033,    0.029,    0.051,    0.034,    0.034,    0.034,    0.032,    0.041,    0.034,    0.034,    0.034,    0.032,    0.041,
       381,2020090506,    0.033,    0.031,    0.033,    0.036,    0.055,    0.033,    0.031,    0.034,    0.036,    0.051,    0.035,    0.034,    0.034,    0.035,    0.047,    0.035,    0.034,    0.034,    0.035,    0.047,
       381,2020090500,    0.033,    0.036,    0.033,    0.034,    0.043,    0.034,    0.036,    0.033,    0.034,    0.043,    0.035,    0.035,    0.035,    0.035,    0.052,    0.035,    0.035,    0.035,    0.035,    0.052,
       381,2020090418,    0.032,    0.030,    0.032,    0.032,    0.033,    0.032,    0.030,    0.033,    0.031,    0.040,    0.034,    0.033,    0.034,    0.034,    0.044,    0.034,    0.033,    0.034,    0.034,    0.044,
       381,2020090412,    0.032,    0.036,    0.031,    0.031,    0.008,    0.032,    0.036,    0.032,    0.032,    0.008,    0.034,    0.034,    0.033,    0.033,    0.014,    0.034,    0.034,    0.033,    0.033,    0.014,
       381,2020090406,    0.031,    0.032,    0.030,    0.037,    0.051,    0.031,    0.032,    0.031,    0.037,    0.038,    0.033,    0.033,    0.032,    0.036,    0.043,    0.033,    0.033,    0.032,    0.036,    0.043,
       381,2020090400,    0.032,    0.033,    0.031,    0.032,    0.069,    0.032,    0.033,    0.032,    0.032,    0.069,    0.033,    0.034,    0.033,    0.034,    0.043,    0.033,    0.034,    0.033,    0.034,    0.043,
       381,2020090318,    0.031,    0.028,    0.033,    0.028,    0.032,    0.032,    0.028,    0.034,    0.028,    0.034,    0.033,    0.032,    0.034,    0.033,    0.029,    0.033,    0.032,    0.034,    0.033,    0.029,
       381,2020090312,    0.033,    0.034,    0.033,    0.035,    0.079,    0.033,    0.034,    0.033,    0.035,    0.079,    0.034,    0.035,    0.033,    0.036,    0.024,    0.034,    0.035,    0.033,    0.036,    0.024,
       381,2020090306,    0.032,    0.032,    0.032,    0.037,    0.039,    0.032,    0.032,    0.032,    0.037,    0.038,    0.034,    0.034,    0.033,    0.034,    0.040,    0.034,    0.034,    0.033,    0.034,    0.040,
       381,2020090300,    0.032,    0.031,    0.032,    0.031,    0.032,    0.032,    0.031,    0.033,    0.031,    0.032,    0.034,    0.034,    0.034,    0.034,    0.036,    0.034,    0.034,    0.034,    0.033,    0.036,
       381,2020090218,    0.033,    0.034,    0.032,    0.031,    0.044,    0.033,    0.034,    0.033,    0.030,    0.042,    0.034,    0.035,    0.034,    0.034,    0.038,    0.034,    0.035,    0.034,    0.034,    0.038,
       381,2020090212,    0.033,    0.032,    0.033,    0.030,    0.048,    0.033,    0.032,    0.034,    0.029,    0.048,    0.034,    0.034,    0.034,    0.034,    0.034,    0.034,    0.034,    0.034,    0.034,    0.034,
       381,2020090206,    0.031,    0.032,    0.030,    0.032,    0.056,    0.031,    0.032,    0.031,    0.032,    0.056,    0.033,    0.033,    0.033,    0.035,    0.044,    0.033,    0.033,    0.033,    0.035,    0.044,
       381,2020090200,    0.032,    0.029,    0.032,    0.038,    0.059,    0.032,    0.029,    0.033,    0.036,    0.059,    0.033,    0.032,    0.033,    0.034,    0.040,    0.033,    0.032,    0.033,    0.035,    0.040,
       381,2020090118,    0.031,    0.032,    0.030,    0.031,    0.031,    0.031,    0.032,    0.031,    0.030,    0.036,    0.032,    0.032,    0.032,    0.032,    0.032,    0.032,    0.032,    0.032,    0.032,    0.032,
       381,2020090112,    0.031,    0.030,    0.031,    0.029,    0.038,    0.031,    0.030,    0.031,    0.029,    0.044,    0.031,    0.031,    0.031,    0.031,    0.042,    0.031,    0.031,    0.031,    0.031,    0.042,
       381,2020090106,    0.030,    0.028,    0.031,    0.030,    0.027,    0.030,    0.028,    0.031,    0.029,    0.036,    0.031,    0.030,    0.031,    0.031,    0.022,    0.031,    0.030,    0.031,    0.032,    0.022,
       381,2020090100,    0.031,    0.032,    0.031,    0.035,    0.047,    0.032,    0.032,    0.031,    0.035,    0.042,    0.033,    0.033,    0.032,    0.033,    0.041,    0.033,    0.033,    0.032,    0.033,    0.041,
       381,2020083118,    0.030,    0.030,    0.030,    0.028,    0.051,    0.030,    0.030,    0.030,    0.028,    0.049,    0.032,    0.032,    0.033,    0.031,    0.036,    0.032,    0.032,    0.033,    0.031,    0.036,
       381,2020083112,    0.030,    0.030,    0.030,    0.029,    0.043,    0.030,    0.030,    0.031,    0.028,    0.045,    0.032,    0.032,    0.032,    0.032,    0.036,    0.032,    0.032,    0.032,    0.032,    0.036,
       381,2020083106,    0.030,    0.030,    0.030,    0.030,    0.069,    0.030,    0.030,    0.030,    0.030,    0.067,    0.032,    0.033,    0.032,    0.032,    0.035,    0.032,    0.033,    0.032,    0.032,    0.035,
       381,2020083100,    0.031,    0.033,    0.030,    0.032,    0.058,    0.031,    0.033,    0.030,    0.031,    0.066,    0.032,    0.033,    0.032,    0.034,    0.032,    0.032,    0.033,    0.032,    0.034,    0.032,
       381,2020083018,    0.030,    0.027,    0.031,    0.031,    0.052,    0.030,    0.028,    0.031,    0.031,    0.052,    0.032,    0.032,    0.033,    0.033,    0.040,    0.032,    0.032,    0.033,    0.033,    0.040,
       381,2020083012,    0.032,    0.033,    0.031,    0.032,    0.055,    0.031,    0.032,    0.031,    0.032,    0.055,    0.032,    0.033,    0.032,    0.033,    0.037,    0.032,    0.033,    0.032,    0.033,    0.037,
       381,2020083006,    0.032,    0.031,    0.032,    0.035,    0.030,    0.032,    0.032,    0.032,    0.035,    0.040,    0.033,    0.034,    0.033,    0.035,    0.039,    0.033,    0.034,    0.033,    0.034,    0.039,
       381,2020083000,    0.033,    0.034,    0.033,    0.033,    0.071,    0.034,    0.034,    0.033,    0.032,    0.068,    0.034,    0.034,    0.034,    0.035,    0.026,    0.034,    0.034,    0.034,    0.034,    0.026,
