         8,2020092000,   -0.055,   -0.033,   -0.060,   -0.053,   -0.037,   -0.053,   -0.032,   -0.059,   -0.054,   -0.041,    0.075,    0.041,    0.084,    0.010,    0.025,    0.075,    0.040,    0.084,    0.010,    0.025,
         8,2020091918,   -0.031,   -0.026,   -0.029,   -0.054,   -0.028,   -0.029,   -0.022,   -0.027,   -0.054,   -0.030,    0.046,    0.026,    0.051,    0.008,    0.013,    0.046,    0.032,    0.051,    0.008,    0.013,
         8,2020091912,   -0.051,   -0.047,   -0.052,   -0.055,   -0.042,   -0.051,   -0.049,   -0.051,   -0.055,   -0.027,    0.070,    0.076,    0.074,    0.007,    0.051,    0.070,    0.075,    0.074,    0.006,    0.051,
         8,2020091906,   -0.030,   -0.036,   -0.027,   -0.054,   -0.023,   -0.029,   -0.036,   -0.026,   -0.055,   -0.017,    0.045,    0.052,    0.044,    0.010,    0.013,    0.045,    0.056,    0.044,    0.010,    0.013,
         8,2020091900,   -0.054,   -0.040,   -0.057,   -0.054,   -0.041,   -0.051,   -0.033,   -0.055,   -0.054,   -0.040,    0.071,    0.047,    0.077,    0.008,    0.050,    0.071,    0.066,    0.077,    0.008,    0.050,
         8,2020091818,   -0.030,   -0.023,   -0.029,   -0.053,   -0.019,   -0.028,   -0.025,   -0.026,   -0.053,   -0.019,    0.047,    0.040,    0.051,    0.010,    0.015,    0.047,    0.033,    0.051,    0.010,    0.015,
         8,2020091812,   -0.050,   -0.039,   -0.052,   -0.054,   -0.024,   -0.050,   -0.042,   -0.051,   -0.054,   -0.022,    0.069,    0.056,    0.076,    0.006,    0.019,    0.069,    0.054,    0.076,    0.007,    0.019,
         8,2020091806,   -0.032,   -0.026,   -0.030,   -0.053,   -0.064,   -0.029,   -0.024,   -0.027,   -0.053,   -0.027,    0.049,    0.034,    0.051,    0.008,    0.135,    0.049,    0.041,    0.051,    0.009,    0.135,
         8,2020091800,   -0.049,   -0.039,   -0.050,   -0.052,   -0.062,   -0.047,   -0.038,   -0.047,   -0.052,   -0.060,    0.067,    0.046,    0.076,    0.009,    0.065,    0.067,    0.048,    0.076,    0.009,    0.065,
         8,2020091718,   -0.032,   -0.024,   -0.030,   -0.053,   -0.025,   -0.029,   -0.023,   -0.027,   -0.053,   -0.026,    0.046,    0.039,    0.049,    0.007,    0.017,    0.046,    0.040,    0.049,    0.007,    0.017,
         8,2020091712,   -0.038,   -0.035,   -0.037,   -0.051,   -0.026,   -0.038,   -0.034,   -0.037,   -0.051,   -0.022,    0.053,    0.050,    0.056,    0.007,    0.015,    0.053,    0.056,    0.056,    0.007,    0.015,
         8,2020091706,   -0.032,   -0.021,   -0.032,   -0.051,   -0.022,   -0.031,   -0.020,   -0.031,   -0.052,   -0.012,    0.048,    0.031,    0.052,    0.008,    0.024,    0.048,    0.033,    0.052,    0.008,    0.024,
         8,2020091700,   -0.043,   -0.036,   -0.045,   -0.048,   -0.030,   -0.041,   -0.032,   -0.042,   -0.048,   -0.031,    0.058,    0.044,    0.065,    0.009,    0.012,    0.058,    0.044,    0.065,    0.010,    0.012,
         8,2020091618,   -0.035,   -0.035,   -0.033,   -0.051,   -0.038,   -0.033,   -0.029,   -0.031,   -0.051,   -0.037,    0.052,    0.047,    0.053,    0.008,    0.025,    0.052,    0.061,    0.053,    0.008,    0.025,
         8,2020091612,   -0.043,   -0.033,   -0.045,   -0.051,   -0.020,   -0.042,   -0.033,   -0.043,   -0.052,   -0.025,    0.064,    0.052,    0.069,    0.006,    0.019,    0.064,    0.054,    0.069,    0.007,    0.019,
         8,2020091606,   -0.034,   -0.023,   -0.035,   -0.053,   -0.022,   -0.032,   -0.023,   -0.032,   -0.053,   -0.018,    0.051,    0.048,    0.054,    0.007,    0.020,    0.051,    0.045,    0.054,    0.007,    0.020,
         8,2020091600,   -0.040,   -0.060,   -0.038,   -0.052,   -0.033,   -0.039,   -0.048,   -0.036,   -0.053,   -0.037,    0.054,    0.048,    0.054,    0.007, -999.000,    0.054,    0.080,    0.054,    0.008, -999.000,
         8,2020091518,   -0.031,   -0.028,   -0.028,   -0.050,   -0.030,   -0.028,   -0.028,   -0.026,   -0.050,   -0.027,    0.044,    0.048,    0.045,    0.009,    0.028,    0.044,    0.051,    0.045,    0.008,    0.028,
         8,2020091512,   -0.041,   -0.033,   -0.041,   -0.052,   -0.028,   -0.039,   -0.026,   -0.041,   -0.052,   -0.031,    0.058,    0.043,    0.061,    0.007,    0.017,    0.058,    0.059,    0.061,    0.007,    0.017,
         8,2020091506,   -0.038,   -0.037,   -0.037,   -0.052,   -0.044,   -0.037,   -0.030,   -0.036,   -0.053, -999.000,    0.057,    0.050,    0.061,    0.009, -999.000,    0.057,    0.058,    0.061,    0.009, -999.000,
         8,2020091500,   -0.044,   -0.034,   -0.045,   -0.051,   -0.029,   -0.043,   -0.034,   -0.044,   -0.051,   -0.028,    0.057,    0.051,    0.063,    0.009,    0.022,    0.057,    0.045,    0.063,    0.010,    0.022,
         8,2020091418,   -0.034,   -0.024,   -0.033,   -0.054,   -0.026,   -0.032,   -0.023,   -0.032,   -0.054,   -0.025,    0.051,    0.035,    0.055,    0.007,    0.018,    0.051,    0.041,    0.055,    0.007,    0.018,
         8,2020091412,   -0.046,   -0.031,   -0.048,   -0.054,   -0.056,   -0.044,   -0.033,   -0.045,   -0.054,   -0.026,    0.062,    0.051,    0.067,    0.009,    0.113,    0.062,    0.051,    0.067,    0.009,    0.113,
         8,2020091406,   -0.030,   -0.029,   -0.028,   -0.054,   -0.020,   -0.029,   -0.025,   -0.027,   -0.054,   -0.019,    0.043,    0.037,    0.045,    0.008,    0.015,    0.043,    0.042,    0.045,    0.008,    0.015,
         8,2020091400,   -0.049,   -0.033,   -0.052,   -0.056,   -0.030,   -0.045,   -0.032,   -0.047,   -0.056,   -0.030,    0.070,    0.051,    0.076,    0.007,    0.015,    0.070,    0.057,    0.076,    0.007,    0.015,
         8,2020091318,   -0.033,   -0.024,   -0.032,   -0.054,   -0.030,   -0.032,   -0.024,   -0.032,   -0.054,   -0.033,    0.049,    0.037,    0.053,    0.007,    0.019,    0.049,    0.041,    0.053,    0.007,    0.019,
         8,2020091312,   -0.044,   -0.037,   -0.045,   -0.055,   -0.047,   -0.044,   -0.030,   -0.045,   -0.055,   -0.057,    0.062,    0.049,    0.065,    0.009,    0.013,    0.062,    0.062,    0.065,    0.009,    0.013,
         8,2020091306,   -0.036,   -0.036,   -0.035,   -0.055,   -0.037,   -0.033,   -0.030,   -0.031,   -0.056,   -0.032,    0.062,    0.050,    0.061,    0.008,    0.038,    0.062,    0.075,    0.061,    0.009,    0.038,
         8,2020091300,   -0.048,   -0.029,   -0.051,   -0.055,   -0.024,   -0.046,   -0.026,   -0.049,   -0.055,   -0.023,    0.063,    0.034,    0.069,    0.009,    0.014,    0.063,    0.047,    0.069,    0.009,    0.014,
         8,2020091218,   -0.032,   -0.028,   -0.030,   -0.056,   -0.028,   -0.029,   -0.025,   -0.027,   -0.056,   -0.034,    0.053,    0.053,    0.053,    0.008,    0.018,    0.053,    0.062,    0.053,    0.008,    0.018,
         8,2020091212,   -0.051,   -0.034,   -0.054,   -0.056,   -0.048,   -0.051,   -0.036,   -0.053,   -0.056,   -0.056,    0.072,    0.051,    0.079,    0.007,    0.067,    0.072,    0.057,    0.079,    0.007,    0.067,
         8,2020091206,   -0.030,   -0.024,   -0.029,   -0.054,   -0.021,   -0.029,   -0.021,   -0.028,   -0.054,   -0.023,    0.049,    0.038,    0.052,    0.009,    0.017,    0.049,    0.048,    0.052,    0.008,    0.017,
         8,2020091200,   -0.054,   -0.034,   -0.059,   -0.052,   -0.026,   -0.052,   -0.031,   -0.056,   -0.054,   -0.025,    0.074,    0.057,    0.079,    0.009,    0.013,    0.074,    0.065,    0.079,    0.010,    0.013,
         8,2020091118,   -0.032,   -0.025,   -0.031,   -0.055,   -0.040,   -0.031,   -0.025,   -0.030,   -0.056,   -0.034,    0.046,    0.042,    0.048,    0.007,    0.028,    0.046,    0.047,    0.048,    0.007,    0.028,
         8,2020091112,   -0.051,   -0.035,   -0.055,   -0.052,   -0.034,   -0.052,   -0.035,   -0.056,   -0.051,   -0.034,    0.074,    0.061,    0.081,    0.009,    0.030,    0.074,    0.055,    0.081,    0.009,    0.030,
         8,2020091106,   -0.032,   -0.024,   -0.032,   -0.054,   -0.025,   -0.031,   -0.023,   -0.031,   -0.054,   -0.028,    0.045,    0.045,    0.048,    0.008,    0.011,    0.045,    0.045,    0.048,    0.007,    0.011,
         8,2020091100,   -0.063,   -0.039,   -0.070,   -0.052,   -0.022,   -0.060,   -0.031,   -0.068,   -0.054,   -0.020,    0.088,    0.049,    0.097,    0.009,    0.015,    0.088,    0.063,    0.097,    0.009,    0.015,
         8,2020091018,   -0.034,   -0.021,   -0.036,   -0.055,   -0.018,   -0.033,   -0.020,   -0.033,   -0.055,   -0.019,    0.052,    0.022,    0.059,    0.007,    0.018,    0.052,    0.023,    0.059,    0.007,    0.018,
         8,2020091012,   -0.055,   -0.041,   -0.059,   -0.053,   -0.040,   -0.052,   -0.031,   -0.057,   -0.053,   -0.042,    0.077,    0.058,    0.080,    0.008,    0.072,    0.077,    0.074,    0.080,    0.009,    0.072,
         8,2020091006,   -0.033,   -0.027,   -0.032,   -0.054,   -0.032,   -0.030,   -0.025,   -0.030,   -0.054,   -0.029,    0.047,    0.032,    0.050,    0.009,    0.017,    0.047,    0.038,    0.050,    0.010,    0.017,
         8,2020091000,   -0.056,   -0.035,   -0.061,   -0.053,   -0.030,   -0.054,   -0.032,   -0.059,   -0.054,   -0.030,    0.076,    0.050,    0.084,    0.009,    0.014,    0.076,    0.055,    0.084,    0.009,    0.014,
         8,2020090918,   -0.032,   -0.028,   -0.032,   -0.055,   -0.017,   -0.031,   -0.028,   -0.030,   -0.055,   -0.026,    0.050,    0.051,    0.053,    0.008,    0.020,    0.050,    0.049,    0.053,    0.008,    0.020,
         8,2020090912,   -0.054,   -0.037,   -0.058,   -0.052,   -0.029,   -0.051,   -0.031,   -0.055,   -0.053,   -0.030,    0.078,    0.055,    0.085,    0.010,    0.011,    0.078,    0.062,    0.085,    0.010,    0.011,
         8,2020090906,   -0.028,   -0.031,   -0.025,   -0.052,   -0.021,   -0.028,   -0.030,   -0.026,   -0.052,   -0.018,    0.043,    0.043,    0.043,    0.011,    0.018,    0.043,    0.046,    0.043,    0.011,    0.018,
         8,2020090900,   -0.054,   -0.034,   -0.058,   -0.052,   -0.024,   -0.048,   -0.035,   -0.050,   -0.053,   -0.022,    0.077,    0.058,    0.082,    0.006,    0.015,    0.077,    0.064,    0.082,    0.008,    0.015,
         8,2020090818,   -0.034,   -0.026,   -0.035,   -0.052,   -0.038,   -0.034,   -0.029,   -0.033,   -0.052,   -0.021,    0.056,    0.051,    0.060,    0.008,    0.060,    0.056,    0.048,    0.060,    0.008,    0.060,
         8,2020090812,   -0.045,   -0.031,   -0.047,   -0.052,   -0.060,   -0.044,   -0.034,   -0.045,   -0.052,   -0.047,    0.067,    0.063,    0.070,    0.007,    0.074,    0.067,    0.060,    0.070,    0.007,    0.074,
         8,2020090806,   -0.032,   -0.028,   -0.030,   -0.053,   -0.024,   -0.031,   -0.030,   -0.029,   -0.053,   -0.057,    0.050,    0.050,    0.052,    0.006,    0.019,    0.050,    0.048,    0.052,    0.006,    0.019,
         8,2020090800,   -0.047,   -0.029,   -0.050,   -0.053,   -0.017,   -0.045,   -0.026,   -0.048,   -0.052,   -0.023,    0.064,    0.050,    0.068,    0.007,    0.013,    0.064,    0.056,    0.068,    0.006,    0.013,
         8,2020090718,   -0.032,   -0.031,   -0.030,   -0.053,   -0.020,   -0.030,   -0.029,   -0.028,   -0.054,   -0.018,    0.050,    0.049,    0.051,    0.006,    0.015,    0.050,    0.057,    0.051,    0.007,    0.015,
         8,2020090712,   -0.050,   -0.030,   -0.054,   -0.051,   -0.021,   -0.047,   -0.029,   -0.051,   -0.051,   -0.026,    0.070,    0.049,    0.076,    0.006,    0.016,    0.070,    0.052,    0.076,    0.006,    0.016,
         8,2020090706,   -0.032,   -0.026,   -0.032,   -0.052,   -0.023,   -0.030,   -0.026,   -0.030,   -0.052,   -0.023,    0.049,    0.042,    0.052,    0.008,    0.019,    0.049,    0.044,    0.052,    0.008,    0.019,
         8,2020090700,   -0.051,   -0.027,   -0.057,   -0.053,   -0.020,   -0.053,   -0.024,   -0.060,   -0.053,   -0.029,    0.069,    0.039,    0.076,    0.009,    0.016,    0.069,    0.047,    0.076,    0.009,    0.016,
         8,2020090618,   -0.032,   -0.019,   -0.033,   -0.054,   -0.040,   -0.031,   -0.022,   -0.031,   -0.054,   -0.059,    0.046,    0.034,    0.051,    0.007,    0.078,    0.046,    0.028,    0.051,    0.008,    0.078,
         8,2020090612,   -0.049,   -0.034,   -0.053,   -0.050,   -0.028,   -0.046,   -0.029,   -0.050,   -0.050,   -0.051,    0.069,    0.052,    0.074,    0.008,    0.021,    0.069,    0.060,    0.074,    0.008,    0.021,
         8,2020090606,   -0.031,   -0.018,   -0.031,   -0.053,   -0.036,   -0.031,   -0.020,   -0.031,   -0.053,   -0.041,    0.046,    0.028,    0.052,    0.007,    0.033,    0.046,    0.019,    0.052,    0.006,    0.033,
         8,2020090600,   -0.050,   -0.025,   -0.057,   -0.053,   -0.033,   -0.049,   -0.026,   -0.055,   -0.053,   -0.030,    0.070,    0.043,    0.078,    0.008,    0.012,    0.070,    0.042,    0.078,    0.007,    0.012,
         8,2020090518,   -0.030,   -0.022,   -0.029,   -0.051,   -0.038,   -0.029,   -0.020,   -0.027,   -0.051,   -0.038,    0.043,    0.030,    0.046,    0.006,    0.035,    0.043,    0.039,    0.046,    0.007,    0.035,
         8,2020090512,   -0.042,   -0.032,   -0.045,   -0.049,   -0.028,   -0.041,   -0.030,   -0.043,   -0.048,   -0.033,    0.059,    0.049,    0.062,    0.008,    0.020,    0.059,    0.055,    0.062,    0.008,    0.020,
         8,2020090506,   -0.031,   -0.034,   -0.028,   -0.051,   -0.022,   -0.029,   -0.029,   -0.027,   -0.051,   -0.023,    0.045,    0.044,    0.046,    0.005,    0.025,    0.045,    0.051,    0.046,    0.005,    0.025,
         8,2020090500,   -0.045,   -0.035,   -0.046,   -0.052,   -0.041,   -0.042,   -0.031,   -0.044,   -0.052,   -0.023,    0.063,    0.051,    0.067,    0.006,    0.061,    0.063,    0.058,    0.067,    0.006,    0.061,
         8,2020090418,   -0.028,   -0.022,   -0.028,   -0.050,   -0.027,   -0.028,   -0.022,   -0.027,   -0.050,   -0.027,    0.045,    0.041,    0.048,    0.007,    0.020,    0.045,    0.042,    0.048,    0.007,    0.020,
         8,2020090412,   -0.051,   -0.053,   -0.050,   -0.050,   -0.032,   -0.049,   -0.046,   -0.049,   -0.050,   -0.029,    0.064,    0.064,    0.068,    0.007,    0.006,    0.064,    0.072,    0.068,    0.007,    0.006,
         8,2020090406,   -0.033,   -0.039,   -0.030,   -0.051,   -0.013,   -0.033,   -0.036,   -0.030,   -0.052,   -0.012,    0.051,    0.057,    0.048,    0.008,    0.013,    0.051,    0.068,    0.048,    0.008,    0.013,
         8,2020090400,   -0.044,   -0.028,   -0.047,   -0.052,   -0.036,   -0.044,   -0.027,   -0.046,   -0.052,   -0.051,    0.067,    0.047,    0.073,    0.008,    0.032,    0.067,    0.052,    0.073,    0.007,    0.032,
         8,2020090318,   -0.033,   -0.031,   -0.032,   -0.051,   -0.025,   -0.031,   -0.026,   -0.030,   -0.051,   -0.027,    0.050,    0.048,    0.050,    0.009,    0.018,    0.050,    0.058,    0.050,    0.008,    0.018,
         8,2020090312,   -0.042,   -0.033,   -0.042,   -0.051,   -0.043,   -0.042,   -0.040,   -0.042,   -0.051,   -0.050,    0.063,    0.066,    0.067,    0.007,    0.055,    0.063,    0.062,    0.067,    0.008,    0.055,
         8,2020090306,   -0.035,   -0.024,   -0.036,   -0.052,   -0.023,   -0.035,   -0.029,   -0.035,   -0.051,   -0.018,    0.049,    0.049,    0.052,    0.011,    0.018,    0.049,    0.044,    0.052,    0.011,    0.018,
         8,2020090300,   -0.045,   -0.038,   -0.046,   -0.053,   -0.025,   -0.045,   -0.034,   -0.046,   -0.053,   -0.038,    0.065,    0.062,    0.069,    0.008,    0.013,    0.065,    0.069,    0.069,    0.009,    0.013,
         8,2020090218,   -0.030,   -0.019,   -0.030,   -0.052,   -0.032,   -0.029,   -0.020,   -0.028,   -0.053,   -0.029,    0.049,    0.042,    0.053,    0.009,    0.025,    0.049,    0.038,    0.053,    0.009,    0.025,
         8,2020090212,   -0.041,   -0.032,   -0.042,   -0.050,   -0.023,   -0.041,   -0.031,   -0.043,   -0.051,   -0.025,    0.061,    0.053,    0.064,    0.008,    0.020,    0.061,    0.058,    0.064,    0.009,    0.020,
         8,2020090206,   -0.031,   -0.022,   -0.031,   -0.050,   -0.018,   -0.030,   -0.018,   -0.030,   -0.051,   -0.012,    0.046,    0.036,    0.048,    0.010,    0.020,    0.046,    0.043,    0.048,    0.011,    0.020,
         8,2020090200,   -0.053,   -0.040,   -0.055,   -0.054,   -0.026,   -0.051,   -0.036,   -0.054,   -0.053,   -0.036,    0.073,    0.062,    0.078,    0.010,    0.014,    0.073,    0.066,    0.078,    0.009,    0.014,
         8,2020090118,   -0.034,   -0.028,   -0.033,   -0.053,   -0.020,   -0.033,   -0.026,   -0.032,   -0.054,   -0.019,    0.054,    0.053,    0.056,    0.008,    0.018,    0.054,    0.060,    0.056,    0.009,    0.018,
         8,2020090112,   -0.051,   -0.050,   -0.051,   -0.053,   -0.058,   -0.049,   -0.042,   -0.049,   -0.053,   -0.084,    0.073,    0.070,    0.075,    0.009,    0.090,    0.073,    0.082,    0.075,    0.009,    0.090,
         8,2020090106,   -0.033,   -0.026,   -0.032,   -0.053,   -0.013,   -0.031,   -0.027,   -0.029,   -0.054,   -0.016,    0.052,    0.044,    0.056,    0.011,    0.014,    0.052,    0.047,    0.056,    0.011,    0.014,
         8,2020090100,   -0.052,   -0.043,   -0.054,   -0.054,   -0.074,   -0.051,   -0.038,   -0.054,   -0.053,   -0.073,    0.073,    0.057,    0.078,    0.010,    0.091,    0.073,    0.071,    0.078,    0.009,    0.091,
         8,2020083118,   -0.030,   -0.021,   -0.030,   -0.051,   -0.016,   -0.029,   -0.025,   -0.029,   -0.052,   -0.012,    0.046,    0.045,    0.049,    0.011,    0.015,    0.046,    0.037,    0.049,    0.010,    0.015,
         8,2020083112,   -0.043,   -0.033,   -0.045,   -0.052,   -0.069,   -0.043,   -0.031,   -0.045,   -0.053,   -0.048,    0.063,    0.048,    0.068,    0.010,    0.065,    0.063,    0.052,    0.068,    0.010,    0.065,
         8,2020083106,   -0.031,   -0.033,   -0.028,   -0.056,   -0.021,   -0.030,   -0.033,   -0.027,   -0.056,   -0.051,    0.044,    0.051,    0.044,    0.007,    0.017,    0.044,    0.051,    0.044,    0.006,    0.017,
         8,2020083100,   -0.046,   -0.044,   -0.046,   -0.053,   -0.042,   -0.043,   -0.043,   -0.042,   -0.054,   -0.038,    0.066,    0.060,    0.070,    0.010,    0.069,    0.066,    0.068,    0.070,    0.010,    0.069,
         8,2020083018,   -0.032,   -0.032,   -0.030,   -0.051,   -0.014,   -0.031,   -0.031,   -0.029,   -0.053,   -0.016,    0.048,    0.049,    0.048,    0.011,    0.012,    0.048,    0.054,    0.048,    0.011,    0.012,
         8,2020083012,   -0.047,   -0.036,   -0.049,   -0.055,   -0.053,   -0.048,   -0.040,   -0.049,   -0.055,   -0.041,    0.064,    0.058,    0.070,    0.009,    0.033,    0.064,    0.056,    0.070,    0.009,    0.033,
         8,2020083006,   -0.031,   -0.032,   -0.029,   -0.052,   -0.023,   -0.030,   -0.032,   -0.027,   -0.052,   -0.022,    0.049,    0.054,    0.051,    0.013,    0.014,    0.049,    0.049,    0.051,    0.013,    0.014,
         8,2020083000,   -0.048,   -0.037,   -0.049,   -0.053,   -0.079,   -0.045,   -0.033,   -0.047,   -0.054,   -0.064,    0.067,    0.046,    0.073,    0.012,    0.096,    0.067,    0.056,    0.073,    0.012,    0.096,
