         3,2020092000,    0.019,    0.000,    0.000,    0.237,    0.000,    0.015,    0.000,    0.000,    0.195,    0.000,    0.238,    0.001, -999.000,    0.708, -999.000,    0.238,    0.000, -999.000,    0.820, -999.000,
         3,2020091918,    0.048,   -0.000,    0.000,    0.502, -999.000,    0.035,   -0.000,    0.000,    0.390, -999.000,    0.469,    0.000, -999.000,    1.140, -999.000,    0.469,    0.000, -999.000,    1.441, -999.000,
         3,2020091912,    0.016,    0.000,    0.000,    0.213,    0.000,    0.023,    0.000,    0.000,    0.295,    0.000,    0.232,    0.000, -999.000,    0.989,    0.000,    0.232,    0.000, -999.000,    0.832,    0.000,
         3,2020091906,    0.011,   -0.000,    0.000,    0.117, -999.000,    0.011,   -0.000,    0.000,    0.122, -999.000,    0.103,    0.000, -999.000,    0.321, -999.000,    0.103,    0.000, -999.000,    0.324, -999.000,
         3,2020091900,    0.019,    0.000,    0.000,    0.211,    0.000,    0.017,    0.000,    0.000,    0.197,    0.000,    0.237,    0.000, -999.000,    0.666, -999.000,    0.237,    0.000, -999.000,    0.760, -999.000,
         3,2020091818,    0.036,   -0.000,    0.000,    0.410,    0.000,    0.027,    0.000,    0.000,    0.328,    0.000,    0.354,    0.000, -999.000,    0.962, -999.000,    0.354,    0.000, -999.000,    1.124, -999.000,
         3,2020091812,    0.015,    0.000,    0.000,    0.177,    0.000,    0.018,    0.000,    0.000,    0.215,    0.000,    0.212,    0.000, -999.000,    0.799,    0.001,    0.212,    0.000, -999.000,    0.698,    0.001,
         3,2020091806,    0.006,   -0.000,    0.000,    0.062,    0.000,    0.007,   -0.000,    0.000,    0.077,    0.000,    0.065,    0.000, -999.000,    0.283,    0.000,    0.065,    0.000, -999.000,    0.208,    0.000,
         3,2020091800,    0.021,    0.000,    0.000,    0.229,   -0.000,    0.015,    0.000,    0.000,    0.164,   -0.000,    0.274,    0.000, -999.000,    0.623,    0.000,    0.274,    0.000, -999.000,    0.878,    0.000,
         3,2020091718,    0.024,    0.000,    0.000,    0.288,    0.000,    0.021,    0.000,    0.000,    0.272,    0.000,    0.266,    0.000, -999.000,    0.829, -999.000,    0.266, -999.000, -999.000,    0.876, -999.000,
         3,2020091712,    0.019,    0.000,    0.000,    0.239,    0.000,    0.024,    0.000,    0.000,    0.314,    0.000,    0.226,    0.000, -999.000,    0.941, -999.000,    0.226,    0.000, -999.000,    0.777, -999.000,
         3,2020091706,    0.008,   -0.000,    0.000,    0.101,    0.000,    0.004,   -0.000,    0.000,    0.056,    0.000,    0.133,    0.000, -999.000,    0.199, -999.000,    0.133,    0.000, -999.000,    0.460, -999.000,
         3,2020091700,    0.014,    0.000,    0.000,    0.163,    0.000,    0.012,    0.000,    0.000,    0.146,    0.000,    0.207,    0.006, -999.000,    0.669,    0.000,    0.207,    0.007, -999.000,    0.688,    0.000,
         3,2020091618,    0.028,    0.000,    0.000,    0.350,    0.000,    0.020,    0.000,    0.000,    0.259,    0.000,    0.335,    0.000, -999.000,    0.852, -999.000,    0.335,    0.000, -999.000,    1.132, -999.000,
         3,2020091612,    0.033,    0.000,    0.000,    0.380,    0.005,    0.028,    0.000,    0.000,    0.344,    0.003,    0.372,    0.000, -999.000,    1.093,    0.014,    0.372,    0.000, -999.000,    1.215,    0.014,
         3,2020091606,    0.013,    0.000,    0.000,    0.164, -999.000,    0.011,    0.000,    0.000,    0.153, -999.000,    0.169,    0.000, -999.000,    0.581, -999.000,    0.169,    0.000, -999.000,    0.585, -999.000,
         3,2020091600,    0.021,    0.000,    0.000,    0.238,    0.000,    0.026,    0.000,    0.000,    0.309,    0.000,    0.249,    0.001, -999.000,    0.939,    0.000,    0.249,    0.001, -999.000,    0.807,    0.000,
         3,2020091518,    0.020,    0.000,    0.000,    0.241,    0.000,    0.015,    0.000,    0.000,    0.192,    0.000,    0.263,    0.001, -999.000,    0.721, -999.000,    0.263,    0.001, -999.000,    0.879, -999.000,
         3,2020091512,    0.010,   -0.000,    0.000,    0.132,    0.000,    0.019,    0.000,    0.000,    0.252,    0.000,    0.131,    0.000, -999.000,    0.847,    0.001,    0.131,    0.000, -999.000,    0.450,    0.001,
         3,2020091506,    0.007,   -0.000,    0.000,    0.093,    0.000,    0.006,   -0.000,    0.000,    0.083,    0.000,    0.111,    0.000, -999.000,    0.384, -999.000,    0.111,    0.000, -999.000,    0.389, -999.000,
         3,2020091500,    0.016,    0.000,    0.000,    0.200,    0.000,    0.014,    0.000,    0.000,    0.170,    0.000,    0.214,    0.000, -999.000,    0.608, -999.000,    0.214,    0.000, -999.000,    0.728, -999.000,
         3,2020091418,    0.020,    0.000,    0.000,    0.251,    0.000,    0.009,    0.000,    0.000,    0.121,    0.000,    0.257,    0.006, -999.000,    0.450, -999.000,    0.257,    0.000, -999.000,    0.876, -999.000,
         3,2020091412,    0.022,   -0.000,    0.000,    0.319,    0.000,    0.019,   -0.000,    0.000,    0.311,    0.000,    0.296,    0.000, -999.000,    1.042, -999.000,    0.296,    0.000, -999.000,    1.087, -999.000,
         3,2020091406,    0.008,    0.000,    0.000,    0.104, -999.000,    0.011,    0.000,    0.000,    0.145, -999.000,    0.117,    0.000, -999.000,    0.496, -999.000,    0.117,    0.000, -999.000,    0.424, -999.000,
         3,2020091400,    0.015,    0.000,    0.000,    0.209,    0.000,    0.014,    0.000,    0.000,    0.199,    0.000,    0.204,    0.000, -999.000,    0.589, -999.000,    0.204,    0.000, -999.000,    0.725, -999.000,
         3,2020091318,    0.017,    0.000,    0.000,    0.204,    0.000,    0.019,    0.000,    0.000,    0.237,    0.000,    0.197,    0.000, -999.000,    0.745, -999.000,    0.197,    0.000, -999.000,    0.653, -999.000,
         3,2020091312,    0.011,    0.000,    0.000,    0.179,    0.000,    0.015,    0.000,    0.000,    0.245,    0.000,    0.178,    0.000, -999.000,    0.865, -999.000,    0.178,    0.000, -999.000,    0.692, -999.000,
         3,2020091306,    0.020,    0.000,    0.000,    0.245,    0.000,    0.020,    0.000,    0.000,    0.258,    0.000,    0.239, -999.000, -999.000,    0.875, -999.000,    0.239, -999.000, -999.000,    0.807, -999.000,
         3,2020091300,    0.022,    0.000,    0.000,    0.296,    0.000,    0.016,    0.000,    0.000,    0.212,    0.000,    0.299,    0.000, -999.000,    0.819,    0.000,    0.299,    0.000, -999.000,    1.051,    0.000,
         3,2020091218,    0.016,    0.000,    0.000,    0.172,    0.000,    0.016,    0.000,    0.000,    0.175,    0.000,    0.252,    0.000, -999.000,    0.761, -999.000,    0.252, -999.000, -999.000,    0.803, -999.000,
         3,2020091212,    0.022,   -0.000,    0.000,    0.342,    0.000,    0.026,   -0.000,    0.000,    0.436,    0.000,    0.306,    0.000, -999.000,    1.284, -999.000,    0.306,    0.000, -999.000,    1.167, -999.000,
         3,2020091206,    0.015,   -0.000,    0.000,    0.158,    0.000,    0.014,    0.000,    0.000,    0.158,    0.000,    0.177,    0.000, -999.000,    0.554, -999.000,    0.177,    0.000, -999.000,    0.561, -999.000,
         3,2020091200,    0.011,    0.000,    0.000,    0.178,    0.000,    0.014,    0.000,    0.000,    0.239,    0.000,    0.157,    0.000, -999.000,    0.717,    0.000,    0.157,    0.000, -999.000,    0.609,    0.000,
         3,2020091118,    0.036,    0.000,    0.000,    0.370,    0.000,    0.040,    0.000,    0.000,    0.424,    0.000,    0.339,    0.000, -999.000,    1.177,    0.000,    0.339,    0.000, -999.000,    1.033,    0.000,
         3,2020091112,    0.023,    0.000,    0.000,    0.341,    0.000,    0.022,    0.000,    0.000,    0.334,    0.000,    0.252,    0.000, -999.000,    0.887, -999.000,    0.252,    0.000, -999.000,    0.917, -999.000,
         3,2020091106,    0.021,   -0.000,    0.000,    0.248, -999.000,    0.022,   -0.000,    0.000,    0.256, -999.000,    0.241,    0.000, -999.000,    0.739, -999.000,    0.241,    0.000, -999.000,    0.800, -999.000,
         3,2020091100,    0.014,    0.000,    0.000,    0.228,    0.000,    0.016,    0.000,    0.000,    0.246,    0.000,    0.178,    0.003, -999.000,    0.684, -999.000,    0.178,    0.000, -999.000,    0.686, -999.000,
         3,2020091018,    0.029,   -0.000,    0.000,    0.314,    0.001,    0.032,    0.000,    0.000,    0.343,    0.001,    0.319,    0.000, -999.000,    0.993,    0.002,    0.319,    0.000, -999.000,    1.007,    0.002,
         3,2020091012,    0.018,    0.000,    0.000,    0.263,    0.000,    0.016,    0.000,    0.000,    0.239,    0.000,    0.246,    0.010, -999.000,    0.666, -999.000,    0.246,    0.000, -999.000,    0.903, -999.000,
         3,2020091006,    0.016,   -0.000,    0.000,    0.194,   -0.000,    0.017,   -0.000,    0.000,    0.216,   -0.000,    0.188,    0.000, -999.000,    0.786,    0.000,    0.188,    0.000, -999.000,    0.620,    0.000,
         3,2020091000,    0.013,    0.000,    0.000,    0.146,    0.000,    0.013,    0.000,    0.000,    0.152,    0.000,    0.153,    0.000, -999.000,    0.548, -999.000,    0.153,    0.000, -999.000,    0.497, -999.000,
         3,2020090918,    0.022,    0.000,    0.000,    0.276, -999.000,    0.022,   -0.000,    0.000,    0.287,    0.000,    0.242,    0.000, -999.000,    0.843, -999.000,    0.242,    0.001, -999.000,    0.823, -999.000,
         3,2020090912,    0.014,    0.000,    0.000,    0.204,    0.000,    0.017,    0.000,    0.000,    0.249,    0.000,    0.164,    0.007, -999.000,    0.689, -999.000,    0.164,    0.005, -999.000,    0.593, -999.000,
         3,2020090906,    0.007,    0.000,    0.000,    0.093,    0.000,    0.006,   -0.000,    0.000,    0.084,    0.000,    0.087,    0.000, -999.000,    0.259, -999.000,    0.087,    0.000, -999.000,    0.299, -999.000,
         3,2020090900,    0.016,    0.000,    0.000,    0.188,    0.000,    0.013,    0.000,    0.000,    0.166,    0.000,    0.228,    0.000, -999.000,    0.675, -999.000,    0.228,    0.000, -999.000,    0.764, -999.000,
         3,2020090818,    0.018,    0.000,    0.000,    0.224,    0.000,    0.012,    0.000,    0.000,    0.167,    0.000,    0.237,    0.000, -999.000,    0.536,    0.000,    0.237,    0.000, -999.000,    0.801,    0.000,
         3,2020090812,    0.017,    0.000,    0.000,    0.245,    0.000,    0.019,    0.000,    0.000,    0.286,    0.000,    0.231,    0.000, -999.000,    0.892, -999.000,    0.231,    0.000, -999.000,    0.854, -999.000,
         3,2020090806,    0.008,   -0.000,    0.000,    0.092,    0.000,    0.008,   -0.000,    0.000,    0.092,    0.000,    0.130,    0.000, -999.000,    0.394, -999.000,    0.130,    0.000, -999.000,    0.434, -999.000,
         3,2020090800,    0.018,    0.000,    0.000,    0.213,    0.000,    0.008,    0.000,    0.000,    0.103,    0.000,    0.255,    0.000, -999.000,    0.477, -999.000,    0.255,    0.000, -999.000,    0.855, -999.000,
         3,2020090718,    0.031,    0.000,    0.000,    0.410,    0.000,    0.016,    0.000,    0.000,    0.249,    0.000,    0.364,    0.000, -999.000,    0.954, -999.000,    0.364,    0.000, -999.000,    1.278, -999.000,
         3,2020090712,    0.022,    0.000,    0.000,    0.279,    0.000,    0.012,    0.000,    0.000,    0.163,    0.000,    0.271,    0.000, -999.000,    0.608, -999.000,    0.271,    0.000, -999.000,    0.926, -999.000,
         3,2020090706,    0.011,    0.000,    0.000,    0.147,    0.000,    0.011,    0.000,    0.000,    0.145,    0.000,    0.187,    0.000, -999.000,    0.627, -999.000,    0.187,    0.000, -999.000,    0.657, -999.000,
         3,2020090700,    0.017,    0.000,    0.000,    0.185,    0.000,    0.019,    0.000,    0.000,    0.218,    0.000,    0.273,    0.000, -999.000,    0.965, -999.000,    0.273,    0.000, -999.000,    0.887, -999.000,
         3,2020090618,    0.034,    0.000,    0.000,    0.404, -999.000,    0.018,    0.000,    0.000,    0.245, -999.000,    0.392,    0.000, -999.000,    0.882, -999.000,    0.392,    0.000, -999.000,    1.297, -999.000,
         3,2020090612,    0.021,    0.000,    0.000,    0.235, -999.000,    0.015,    0.000,    0.000,    0.186, -999.000,    0.263,    0.000, -999.000,    0.698, -999.000,    0.263,    0.000, -999.000,    0.848, -999.000,
         3,2020090606,    0.008,    0.000,    0.000,    0.090,    0.000,    0.006,   -0.000,    0.000,    0.077,    0.000,    0.106,    0.000, -999.000,    0.283, -999.000,    0.106,    0.000, -999.000,    0.342, -999.000,
         3,2020090600,    0.039,    0.000,    0.000,    0.413,    0.000,    0.020,    0.000,    0.000,    0.227,    0.000,    0.402,    0.000, -999.000,    0.854, -999.000,    0.402,    0.000, -999.000,    1.244, -999.000,
         3,2020090518,    0.030,   -0.000,    0.000,    0.340,    0.000,    0.020,   -0.000,    0.000,    0.259,    0.000,    0.366,    0.000, -999.000,    0.980,    0.000,    0.366,    0.000, -999.000,    1.200,    0.000,
         3,2020090512,    0.027,    0.000,    0.000,    0.386,    0.000,    0.010,    0.000,    0.000,    0.141,    0.000,    0.357,    0.000, -999.000,    0.718, -999.000,    0.357,    0.000, -999.000,    1.297, -999.000,
         3,2020090506,    0.009,    0.000,    0.000,    0.109,    0.000,    0.007,    0.000,    0.000,    0.095,    0.000,    0.132,    0.000, -999.000,    0.355, -999.000,    0.132,    0.000, -999.000,    0.449, -999.000,
         3,2020090500,    0.013,    0.000,    0.000,    0.155,    0.000,    0.010,    0.000,    0.000,    0.122,    0.000,    0.214,    0.000, -999.000,    0.439, -999.000,    0.214,    0.000, -999.000,    0.717, -999.000,
         3,2020090418,    0.025,    0.000,    0.000,    0.234, -999.000,    0.021,    0.000,    0.000,    0.210,    0.000,    0.288,    0.000, -999.000,    0.780, -999.000,    0.288,    0.000, -999.000,    0.853, -999.000,
         3,2020090412,    0.015,    0.000,    0.000,    0.203,    0.000,    0.016,   -0.000,    0.000,    0.226,    0.000,    0.227,    0.000, -999.000,    0.948, -999.000,    0.227,    0.000, -999.000,    0.818, -999.000,
         3,2020090406,    0.021,   -0.000,    0.000,    0.231,    0.000,    0.019,   -0.000,    0.000,    0.226,    0.000,    0.262,    0.000, -999.000,    0.759, -999.000,    0.262,    0.000, -999.000,    0.842, -999.000,
         3,2020090400,    0.029,    0.000,    0.000,    0.444,    0.000,    0.025,    0.000,    0.000,    0.374,    0.000,    0.342,    0.000, -999.000,    1.102, -999.000,    0.342,    0.000, -999.000,    1.278, -999.000,
         3,2020090318,    0.038,    0.000,    0.000,    0.416,    0.000,    0.038,    0.000,    0.000,    0.422,    0.000,    0.403,    0.000, -999.000,    1.215, -999.000,    0.403,    0.000, -999.000,    1.276, -999.000,
         3,2020090312,    0.009,    0.000,    0.000,    0.125,    0.000,    0.009,    0.000,    0.000,    0.126,    0.000,    0.147,    0.000, -999.000,    0.516, -999.000,    0.147,    0.000, -999.000,    0.539, -999.000,
         3,2020090306,    0.018,   -0.000,    0.000,    0.225,    0.000,    0.012,    0.000,    0.000,    0.153,    0.000,    0.228, -999.000, -999.000,    0.513, -999.000,    0.228,    0.000, -999.000,    0.772, -999.000,
         3,2020090300,    0.023,    0.000,    0.000,    0.319,    0.003,    0.025,    0.000,    0.000,    0.379,    0.000,    0.269,    0.003, -999.000,    1.040,    0.006,    0.269,    0.002, -999.000,    0.964,    0.006,
         3,2020090218,    0.032,    0.001,    0.000,    0.345,    0.000,    0.036,    0.000,    0.000,    0.393,    0.000,    0.351,    0.000, -999.000,    1.035, -999.000,    0.351,    0.014, -999.000,    1.114, -999.000,
         3,2020090212,    0.003,    0.000,    0.000,    0.043,    0.000,    0.002,    0.000,    0.000,    0.035,    0.000,    0.072,    0.001, -999.000,    0.271, -999.000,    0.072,    0.001, -999.000,    0.271, -999.000,
         3,2020090206,    0.015,    0.000,    0.000,    0.181,    0.000,    0.020,    0.000,    0.000,    0.247,    0.000,    0.223,    0.000, -999.000,    0.939, -999.000,    0.223,    0.000, -999.000,    0.751, -999.000,
         3,2020090200,    0.046,   -0.000,    0.000,    0.637,    0.000,    0.047,    0.000,    0.000,    0.611,    0.000,    0.425,    0.000, -999.000,    1.338,    0.000,    0.425,    0.000, -999.000,    1.463,    0.000,
         3,2020090118,    0.036,    0.000,    0.000,    0.432,    0.000,    0.035,    0.000,    0.000,    0.428,    0.000,    0.416,    0.000, -999.000,    1.244, -999.000,    0.416,    0.001, -999.000,    1.387, -999.000,
         3,2020090112,    0.018,   -0.000,    0.000,    0.292,    0.000,    0.017,   -0.000,    0.000,    0.280,    0.000,    0.238,    0.000, -999.000,    0.913, -999.000,    0.238,    0.000, -999.000,    0.918, -999.000,
         3,2020090106,    0.019,   -0.000,    0.000,    0.237,    0.000,    0.012,   -0.000,    0.000,    0.164,    0.000,    0.277,    0.000, -999.000,    0.658, -999.000,    0.277,    0.000, -999.000,    0.963, -999.000,
         3,2020090100,    0.057,    0.000,    0.000,    0.754,    0.000,    0.055,    0.000,    0.000,    0.691,    0.000,    0.559,    0.000, -999.000,    1.750, -999.000,    0.559,    0.000, -999.000,    1.912, -999.000,
         3,2020083118,    0.038,   -0.000,    0.000,    0.503,    0.000,    0.034,   -0.000,    0.000,    0.452,    0.000,    0.412,    0.000, -999.000,    1.305, -999.000,    0.412,    0.000, -999.000,    1.412, -999.000,
         3,2020083112,    0.018,    0.000,    0.000,    0.255,    0.000,    0.017,    0.000,    0.000,    0.252, -999.000,    0.241,    0.000, -999.000,    0.813, -999.000,    0.241,    0.000, -999.000,    0.865, -999.000,
         3,2020083106,    0.018,   -0.000,    0.000,    0.232,    0.000,    0.010,   -0.000,    0.000,    0.140,    0.000,    0.259,    0.000, -999.000,    0.621, -999.000,    0.259,    0.000, -999.000,    0.896, -999.000,
         3,2020083100,    0.045,    0.000,    0.000,    0.551,    0.000,    0.036,    0.000,    0.000,    0.463,    0.000,    0.449,    0.001, -999.000,    1.346, -999.000,    0.449,    0.000, -999.000,    1.490, -999.000,
         3,2020083018,    0.051,    0.000,    0.000,    0.684,    0.000,    0.025,    0.000,    0.000,    0.388,    0.000,    0.505,    0.000, -999.000,    1.217, -999.000,    0.505,    0.000, -999.000,    1.737, -999.000,
         3,2020083012,    0.019,    0.000,    0.000,    0.273,    0.000,    0.014,    0.000,    0.000,    0.215,    0.000,    0.312,    0.001, -999.000,    0.868, -999.000,    0.312,    0.000, -999.000,    1.170, -999.000,
         3,2020083006,    0.021,    0.000,    0.000,    0.308,    0.000,    0.016,    0.000,    0.000,    0.246,    0.000,    0.231,    0.000, -999.000,    0.695, -999.000,    0.231,    0.000, -999.000,    0.841, -999.000,
         3,2020083000,    0.041,    0.000,    0.000,    0.653,    0.000,    0.032,    0.000,    0.000,    0.528,    0.000,    0.439,    0.000, -999.000,    1.256, -999.000,    0.439,    0.000, -999.000,    1.640, -999.000,
