         1,2020092000,    0.000,    0.012,   -0.002,    0.003,    0.001,    0.000,    0.009,   -0.002,    0.003,    0.012,    0.048,    0.046,    0.048,    0.043,    0.084,    0.048,    0.048,    0.048,    0.047,    0.084,
         1,2020091918,    0.001,    0.001,    0.001,    0.004,   -0.034,    0.002,    0.002,    0.001,    0.006,   -0.016,    0.049,    0.051,    0.048,    0.049,    0.061,    0.049,    0.050,    0.048,    0.049,    0.061,
         1,2020091912,    0.002,   -0.009,    0.004,    0.003,   -0.070,    0.003,   -0.005,    0.004,    0.002,   -0.071,    0.047,    0.050,    0.047,    0.048,    0.005,    0.047,    0.048,    0.047,    0.048,    0.005,
         1,2020091906,    0.002,   -0.000,    0.002,    0.010,    0.065,    0.002,    0.001,    0.002,    0.012,    0.073,    0.043,    0.050,    0.042,    0.047, -999.000,    0.043,    0.044,    0.042,    0.041, -999.000,
         1,2020091900,   -0.000,    0.007,   -0.001,    0.001,   -0.043,   -0.000,    0.007,   -0.002,    0.000,   -0.032,    0.042,    0.044,    0.042,    0.042,    0.052,    0.042,    0.044,    0.042,    0.042,    0.052,
         1,2020091818,    0.001,    0.003,    0.001,    0.001,   -0.049,    0.001,    0.002,    0.001,   -0.001,   -0.057,    0.042,    0.044,    0.042,    0.045,    0.009,    0.042,    0.044,    0.042,    0.044,    0.009,
         1,2020091812,    0.002,    0.001,    0.002,    0.001,   -0.000,    0.003,    0.002,    0.003,    0.002,    0.013,    0.034,    0.044,    0.034,    0.043,    0.075,    0.034,    0.036,    0.034,    0.035,    0.075,
         1,2020091806,    0.000,    0.001,   -0.001,    0.008,   -0.016,    0.001,    0.001,   -0.000,    0.009,   -0.007,    0.032,    0.037,    0.031,    0.035,    0.045,    0.032,    0.034,    0.031,    0.032,    0.045,
         1,2020091800,    0.001,    0.002,    0.000,    0.003,    0.044,    0.001,    0.002,    0.000,    0.002,    0.043,    0.032,    0.033,    0.032,    0.032,    0.010,    0.032,    0.034,    0.032,    0.033,    0.010,
         1,2020091718,    0.000,   -0.000,   -0.000,    0.004,   -0.020,    0.000,   -0.002,    0.000,    0.003,   -0.019,    0.034,    0.034,    0.034,    0.032,    0.042,    0.034,    0.034,    0.034,    0.033,    0.042,
         1,2020091712,    0.002,    0.003,    0.001,    0.008,    0.007,    0.002,    0.004,    0.002,    0.008,    0.014,    0.032,    0.033,    0.032,    0.034,    0.047,    0.032,    0.032,    0.032,    0.033,    0.047,
         1,2020091706,    0.002,    0.001,    0.001,    0.011,    0.047,    0.002,    0.001,    0.001,    0.012,    0.049,    0.031,    0.034,    0.031,    0.031,    0.001,    0.031,    0.033,    0.031,    0.030,    0.001,
         1,2020091700,    0.001,    0.001,    0.001,    0.003,   -0.050,    0.001,   -0.000,    0.001,    0.003,   -0.014,    0.032,    0.032,    0.032,    0.032, -999.000,    0.032,    0.033,    0.032,    0.033, -999.000,
         1,2020091618,    0.002,    0.000,    0.002,    0.007,    0.039,    0.002,    0.001,    0.002,    0.006,    0.033,    0.042,    0.034,    0.042,    0.032,    0.045,    0.042,    0.045,    0.042,    0.041,    0.045,
         1,2020091612,    0.001,    0.004,   -0.000,    0.009,    0.005,    0.002,    0.004,    0.000,    0.010,    0.004,    0.039,    0.043,    0.039,    0.040,    0.060,    0.039,    0.041,    0.039,    0.038,    0.060,
         1,2020091606,    0.001,    0.001,    0.000,    0.007,   -0.000,    0.002,    0.003,    0.000,    0.008,    0.015,    0.032,    0.041,    0.032,    0.039,    0.054,    0.032,    0.034,    0.032,    0.032,    0.054,
         1,2020091600,    0.001,   -0.002,    0.001,    0.005,    0.051,    0.001,   -0.002,    0.001,    0.004,    0.014,    0.036,    0.033,    0.036,    0.031,    0.007,    0.036,    0.038,    0.036,    0.036,    0.007,
         1,2020091518,    0.001,   -0.001,    0.001,    0.005,   -0.044,    0.001,   -0.000,    0.001,    0.006,   -0.041,    0.039,    0.037,    0.039,    0.036,    0.031,    0.039,    0.039,    0.039,    0.039,    0.031,
         1,2020091512,    0.004,   -0.001,    0.004,    0.008,    0.020,    0.003,    0.000,    0.002,    0.008,    0.002,    0.039,    0.042,    0.039,    0.039,    0.069,    0.039,    0.041,    0.039,    0.039,    0.069,
         1,2020091506,    0.001,    0.002,   -0.000,    0.009,   -0.022,    0.001,    0.004,    0.000,    0.009,    0.019,    0.043,    0.040,    0.043,    0.038,    0.061,    0.043,    0.043,    0.043,    0.041,    0.061,
         1,2020091500,    0.001,    0.009,   -0.001,    0.004,    0.018,    0.000,    0.007,   -0.001,    0.004,    0.018,    0.044,    0.044,    0.043,    0.042,    0.074,    0.044,    0.045,    0.043,    0.043,    0.074,
         1,2020091418,    0.001,    0.002,    0.000,    0.005,   -0.020,    0.001,    0.002,    0.000,    0.005,   -0.028,    0.046,    0.047,    0.046,    0.042,    0.056,    0.046,    0.049,    0.046,    0.044,    0.056,
         1,2020091412,    0.003,   -0.000,    0.004,    0.004,   -0.059,    0.004,    0.001,    0.004,    0.005,    0.001,    0.039,    0.050,    0.038,    0.047, -999.000,    0.039,    0.042,    0.038,    0.038, -999.000,
         1,2020091406,    0.001,    0.006,   -0.001,    0.008,   -0.000,    0.001,    0.006,   -0.000,    0.007,   -0.000,    0.045,    0.040,    0.045,    0.040,    0.099,    0.045,    0.046,    0.045,    0.048,    0.099,
         1,2020091400,    0.001,    0.008,   -0.001,    0.007,    0.020,    0.001,    0.011,   -0.001,    0.008,    0.021,    0.044,    0.047,    0.044,    0.046,    0.075,    0.044,    0.045,    0.044,    0.044,    0.075,
         1,2020091318,    0.002,    0.005,    0.002,    0.006,    0.005,    0.002,    0.002,    0.002,    0.006,    0.027,    0.040,    0.047,    0.040,    0.042,    0.057,    0.040,    0.043,    0.040,    0.038,    0.057,
         1,2020091312,    0.001,   -0.000,    0.001,    0.005,   -0.015,    0.002,   -0.001,    0.002,    0.005,   -0.001,    0.039,    0.043,    0.039,    0.042,    0.055,    0.039,    0.041,    0.039,    0.040,    0.055,
         1,2020091306,    0.001,    0.001,   -0.000,    0.015,    0.064,    0.001,    0.003,   -0.001,    0.014,    0.058,    0.042,    0.040,    0.042,    0.038, -999.000,    0.042,    0.043,    0.042,    0.040, -999.000,
         1,2020091300,    0.001,    0.004,    0.000,    0.005,    0.018,    0.001,    0.003,   -0.000,    0.005,    0.013,    0.038,    0.045,    0.038,    0.043,    0.055,    0.038,    0.040,    0.038,    0.039,    0.055,
         1,2020091218,    0.001,    0.001,    0.001,    0.004,   -0.020,    0.001,    0.000,    0.000,    0.006,   -0.021,    0.032,    0.040,    0.032,    0.037,    0.040,    0.032,    0.033,    0.032,    0.031,    0.040,
         1,2020091212,    0.000,    0.001,   -0.000,    0.003,   -0.008,    0.000,    0.002,   -0.000,    0.004,    0.001,    0.024,    0.033,    0.024,    0.032,    0.036,    0.024,    0.025,    0.024,    0.025,    0.036,
         1,2020091206,    0.001,    0.002,    0.000,    0.007,    0.034,    0.001,    0.001,    0.001,    0.007,    0.035,    0.023,    0.025,    0.023,    0.023,    0.002,    0.023,    0.024,    0.023,    0.022,    0.002,
         1,2020091200,    0.001,   -0.000,    0.000,    0.004,   -0.030,    0.000,   -0.001,    0.000,    0.005,   -0.016,    0.026,    0.024,    0.025,    0.022,    0.018,    0.026,    0.026,    0.025,    0.025,    0.018,
         1,2020091118,    0.001,   -0.001,    0.000,    0.003,    0.011,    0.001,    0.000,    0.001,    0.003,   -0.005,    0.024,    0.028,    0.024,    0.026,    0.035,    0.024,    0.025,    0.024,    0.023,    0.035,
         1,2020091112,    0.001,   -0.001,    0.001,    0.003,    0.027,    0.000,   -0.001,    0.001,    0.001,    0.014,    0.029,    0.025,    0.028,    0.024,    0.029,    0.029,    0.030,    0.028,    0.030,    0.029,
         1,2020091106,    0.001,    0.001,    0.000,    0.004,    0.037,    0.001,    0.001,    0.001,    0.004,    0.022,    0.024,    0.030,    0.024,    0.028, -999.000,    0.024,    0.025,    0.024,    0.023, -999.000,
         1,2020091100,   -0.000,   -0.001,   -0.000,    0.001,    0.011,   -0.000,   -0.000,   -0.000,    0.001,    0.011,    0.022,    0.025,    0.022,    0.024,    0.036,    0.022,    0.023,    0.022,    0.022,    0.036,
         1,2020091018,    0.002,    0.003,    0.001,    0.010,   -0.035,    0.001,    0.002,    0.001,    0.008,   -0.028,    0.028,    0.023,    0.027,    0.021, -999.000,    0.028,    0.028,    0.027,    0.026, -999.000,
         1,2020091012,    0.002,   -0.004,    0.003,    0.002,    0.019,    0.001,   -0.003,    0.002,    0.002,    0.013,    0.039,    0.029,    0.038,    0.027,    0.067,    0.039,    0.040,    0.038,    0.037,    0.067,
         1,2020091006,    0.002,    0.005,    0.000,    0.015, -999.000,    0.002,    0.003,    0.000,    0.014,    0.059,    0.043,    0.039,    0.043,    0.037, -999.000,    0.043,    0.042,    0.043,    0.040, -999.000,
         1,2020091000,    0.001,    0.008,   -0.001,    0.002,    0.024,   -0.000,    0.007,   -0.001,    0.001,   -0.000,    0.047,    0.042,    0.047,    0.044,    0.082,    0.047,    0.046,    0.047,    0.049,    0.082,
         1,2020090918,    0.002,    0.004,    0.000,    0.013,    0.026,    0.003,    0.003,    0.002,    0.011,   -0.000,    0.051,    0.049,    0.050,    0.047,    0.089,    0.051,    0.052,    0.050,    0.052,    0.089,
         1,2020090912,    0.002,   -0.004,    0.003,   -0.001,   -0.071,    0.003,   -0.005,    0.004,   -0.000,   -0.076,    0.047,    0.053,    0.046,    0.050,    0.001,    0.047,    0.049,    0.046,    0.046,    0.001,
         1,2020090906,    0.001,    0.004,   -0.001,    0.009,    0.068,    0.001,    0.006,   -0.001,    0.011,    0.072,    0.045,    0.049,    0.044,    0.048, -999.000,    0.045,    0.046,    0.044,    0.045, -999.000,
         1,2020090900,    0.002,    0.004,    0.000,    0.009,    0.035,    0.001,    0.006,   -0.000,    0.008,    0.012,    0.048,    0.046,    0.048,    0.044,    0.072,    0.048,    0.049,    0.048,    0.048,    0.072,
         1,2020090818,    0.001,    0.002,    0.000,    0.008,    0.007,    0.001,    0.001,    0.001,    0.008,    0.008,    0.047,    0.051,    0.046,    0.046,    0.074,    0.047,    0.050,    0.046,    0.045,    0.074,
         1,2020090812,    0.001,    0.001,    0.000,    0.007,    0.033,    0.002,    0.001,    0.001,    0.011,    0.041,    0.038,    0.048,    0.038,    0.046, -999.000,    0.038,    0.039,    0.038,    0.038, -999.000,
         1,2020090806,    0.002,    0.002,    0.000,    0.011,    0.061,    0.002,    0.004,    0.000,    0.010,    0.056,    0.042,    0.039,    0.041,    0.037, -999.000,    0.042,    0.042,    0.041,    0.041, -999.000,
         1,2020090800,    0.001,    0.003,    0.000,    0.002,    0.016,    0.001,    0.004,    0.000,    0.001,   -0.000,    0.033,    0.043,    0.032,    0.042,    0.057,    0.033,    0.034,    0.032,    0.033,    0.057,
         1,2020090718,    0.001,    0.000,    0.001,    0.009,    0.024,    0.001,   -0.001,    0.001,    0.009,    0.015,    0.036,    0.034,    0.036,    0.032,    0.049,    0.036,    0.037,    0.036,    0.035,    0.049,
         1,2020090712,    0.000,    0.000,   -0.000,    0.004,    0.022,    0.001,    0.001,    0.001,    0.004,    0.015,    0.035,    0.036,    0.035,    0.037,    0.051,    0.035,    0.035,    0.035,    0.037,    0.051,
         1,2020090706,    0.001,    0.000,    0.001,    0.007,    0.051,    0.002,    0.002,    0.001,    0.008,    0.051,    0.037,    0.037,    0.037,    0.034, -999.000,    0.037,    0.039,    0.037,    0.035, -999.000,
         1,2020090700,    0.000,   -0.002,   -0.000,    0.006,   -0.062,   -0.000,   -0.001,   -0.000,    0.005,   -0.056,    0.041,    0.039,    0.041,    0.035, -999.000,    0.041,    0.043,    0.041,    0.040, -999.000,
         1,2020090618,    0.003,    0.001,    0.002,    0.006,   -0.061,    0.002,    0.001,    0.002,    0.008,   -0.000,    0.040,    0.042,    0.040,    0.042, -999.000,    0.040,    0.041,    0.040,    0.041, -999.000,
         1,2020090612,    0.002,    0.001,    0.002,    0.006,   -0.000,    0.002,    0.003,    0.002,    0.004,   -0.000,    0.044,    0.043,    0.044,    0.040,    0.074,    0.044,    0.047,    0.044,    0.043,    0.074,
         1,2020090606,    0.002,    0.002,    0.000,    0.010, -999.000,    0.002,    0.002,    0.001,    0.008, -999.000,    0.040,    0.046,    0.040,    0.043, -999.000,    0.040,    0.042,    0.040,    0.039, -999.000,
         1,2020090600,    0.001,   -0.001,    0.001,    0.002,   -0.000,    0.001,   -0.001,    0.001,    0.001,    0.000,    0.044,    0.042,    0.043,    0.041,    0.095,    0.044,    0.045,    0.043,    0.045,    0.095,
         1,2020090518,    0.002,    0.002,    0.002,    0.006,    0.024,    0.002,    0.001,    0.001,    0.005,   -0.000,    0.047,    0.046,    0.047,    0.045,    0.084,    0.047,    0.048,    0.047,    0.048,    0.084,
         1,2020090512,    0.003,    0.000,    0.004,    0.006,   -0.040,    0.003,   -0.000,    0.003,    0.006,   -0.012,    0.048,    0.049,    0.048,    0.047,    0.064,    0.048,    0.050,    0.048,    0.049,    0.064,
         1,2020090506,    0.003,    0.003,    0.002,    0.011,   -0.028,    0.003,    0.005,    0.001,    0.011,    0.005,    0.043,    0.048,    0.043,    0.045,    0.049,    0.043,    0.043,    0.043,    0.041,    0.049,
         1,2020090500,   -0.000,    0.005,   -0.002,    0.007,    0.024,   -0.000,    0.008,   -0.002,    0.005,    0.033,    0.051,    0.046,    0.050,    0.044,    0.067,    0.051,    0.053,    0.050,    0.052,    0.067,
         1,2020090418,    0.001,    0.002,    0.000,    0.006,    0.018,    0.002,    0.002,    0.001,    0.005,    0.024,    0.049,    0.054,    0.048,    0.051,    0.066,    0.049,    0.052,    0.048,    0.050,    0.066,
         1,2020090412,    0.004,   -0.001,    0.005,    0.007,    0.038,    0.004,   -0.003,    0.005,    0.008,    0.024,    0.050,    0.053,    0.049,    0.048,    0.076,    0.050,    0.054,    0.049,    0.049,    0.076,
         1,2020090406,    0.002,    0.006,   -0.000,    0.008, -999.000,    0.002,    0.006,   -0.000,    0.007, -999.000,    0.051,    0.051,    0.051,    0.048, -999.000,    0.051,    0.052,    0.051,    0.051, -999.000,
         1,2020090400,    0.002,    0.010,    0.000,    0.009,    0.063,    0.002,    0.013,    0.000,    0.008,    0.077,    0.052,    0.054,    0.051,    0.051,    0.025,    0.052,    0.054,    0.051,    0.050,    0.025,
         1,2020090318,    0.002,   -0.001,   -0.000,    0.016,    0.036,    0.002,   -0.003,    0.001,    0.015,    0.035,    0.054,    0.055,    0.054,    0.052, -999.000,    0.054,    0.057,    0.054,    0.053, -999.000,
         1,2020090312,    0.002,    0.004,    0.001,    0.012,    0.075,    0.003,    0.001,    0.002,    0.013,    0.081,    0.050,    0.056,    0.049,    0.053,    0.002,    0.050,    0.052,    0.049,    0.050,    0.002,
         1,2020090306,    0.000,    0.001,   -0.001,    0.006,   -0.005,    0.000,    0.001,   -0.000,    0.005,   -0.005,    0.050,    0.052,    0.050,    0.049,    0.101,    0.050,    0.052,    0.050,    0.050,    0.101,
         1,2020090300,    0.001,   -0.001,   -0.000,    0.013,    0.025,   -0.000,   -0.005,   -0.001,    0.012,    0.038,    0.048,    0.052,    0.048,    0.048,    0.086,    0.048,    0.050,    0.048,    0.046,    0.086,
         1,2020090218,    0.000,    0.002,   -0.001,    0.005,   -0.071,    0.000,    0.003,   -0.000,    0.003,   -0.000,    0.047,    0.050,    0.047,    0.049, -999.000,    0.047,    0.048,    0.047,    0.046, -999.000,
         1,2020090212,    0.003,    0.003,    0.001,    0.016,    0.073,    0.002,    0.005,    0.001,    0.014,    0.051,    0.048,    0.047,    0.048,    0.046,    0.001,    0.048,    0.050,    0.048,    0.047,    0.001,
         1,2020090206,    0.001,    0.004,   -0.001,    0.008,    0.044,    0.002,    0.006,    0.000,    0.010,    0.040,    0.043,    0.050,    0.042,    0.047,    0.049,    0.043,    0.044,    0.042,    0.041,    0.049,
         1,2020090200,    0.001,   -0.006,    0.001,    0.012,   -0.064,    0.000,   -0.006,    0.001,    0.011,   -0.065,    0.042,    0.045,    0.042,    0.043, -999.000,    0.042,    0.044,    0.042,    0.042, -999.000,
         1,2020090118,    0.002,    0.002,    0.002,    0.005,   -0.020,    0.002,   -0.000,    0.002,    0.005,   -0.000,    0.039,    0.043,    0.039,    0.042,    0.070,    0.039,    0.040,    0.039,    0.040,    0.070,
         1,2020090112,    0.002,    0.003,    0.001,    0.013,    0.038,    0.002,    0.002,    0.001,    0.010,    0.014,    0.044,    0.041,    0.044,    0.039,    0.054,    0.044,    0.046,    0.044,    0.043,    0.054,
         1,2020090106,   -0.000,   -0.003,    0.000,    0.002,   -0.059,   -0.001,   -0.002,   -0.001,    0.002,   -0.019,    0.039,    0.047,    0.038,    0.044, -999.000,    0.039,    0.041,    0.038,    0.039, -999.000,
         1,2020090100,    0.001,    0.004,    0.000,    0.005,   -0.001,    0.001,    0.003,   -0.000,    0.006,    0.019,    0.039,    0.040,    0.039,    0.037,    0.068,    0.039,    0.040,    0.039,    0.039,    0.068,
         1,2020083118,    0.001,    0.001,    0.001,    0.006,    0.002,    0.001,    0.001,    0.001,    0.006,    0.016,    0.043,    0.042,    0.043,    0.038,    0.057,    0.043,    0.046,    0.043,    0.042,    0.057,
         1,2020083112,    0.003,   -0.001,    0.002,    0.013,    0.022,    0.002,   -0.001,    0.002,    0.015,    0.004,    0.042,    0.045,    0.041,    0.041,    0.060,    0.042,    0.044,    0.041,    0.040,    0.060,
         1,2020083106,    0.001,    0.001,    0.000,    0.007,    0.036,    0.001,    0.002,    0.001,    0.008,    0.026,    0.037,    0.044,    0.037,    0.038, -999.000,    0.037,    0.038,    0.037,    0.035, -999.000,
         1,2020083100,   -0.001,    0.009,   -0.002,    0.005,    0.029,    0.000,    0.008,   -0.001,    0.006,    0.012,    0.048,    0.039,    0.048,    0.037,    0.047,    0.048,    0.051,    0.048,    0.047,    0.047,
         1,2020083018,    0.003,    0.003,    0.003,    0.010,    0.072,    0.003,    0.002,    0.002,    0.008,    0.061,    0.055,    0.050,    0.055,    0.046,    0.024,    0.055,    0.058,    0.055,    0.055,    0.024,
         1,2020083012,    0.005,   -0.003,    0.005,    0.019,    0.016,    0.004,   -0.004,    0.004,    0.020,    0.037,    0.054,    0.060,    0.054,    0.055,    0.078,    0.054,    0.058,    0.054,    0.054,    0.078,
         1,2020083006,    0.003,    0.009,    0.001,    0.014,    0.037,    0.003,    0.011,    0.001,    0.012,    0.040,    0.052,    0.058,    0.051,    0.053,    0.046,    0.052,    0.056,    0.051,    0.051,    0.046,
         1,2020083000,    0.001,    0.003,    0.000,    0.008,    0.001,    0.001,    0.005,   -0.000,    0.009,   -0.019,    0.046,    0.053,    0.046,    0.050,    0.053,    0.046,    0.046,    0.046,    0.044,    0.053,
