         2,2020092000,    1.126,    1.126,    1.126,    1.126,    1.126,    1.126,    1.126,    1.126,    1.126,    1.126,    0.000, -999.000,    0.001, -999.000, -999.000,    0.000, -999.000,    0.001, -999.000, -999.000,
         2,2020091918,    1.128,    1.128,    1.128,    1.128,    1.128,    1.126,    1.126,    1.126,    1.126,    1.126, -999.000, -999.000, -999.000, -999.000, -999.000, -999.000,    0.000, -999.000, -999.000, -999.000,
         2,2020091912,    1.127,    1.127,    1.127,    1.127,    1.127,    1.128,    1.128,    1.128,    1.128,    1.128, -999.000, -999.000, -999.000, -999.000,    0.000, -999.000, -999.000, -999.000, -999.000,    0.000,
         2,2020091906,    1.124,    1.124,    1.124,    1.124,    1.124,    1.127,    1.127,    1.127,    1.127,    1.127,    0.001, -999.000,    0.001,    0.001, -999.000,    0.001,    0.000,    0.001, -999.000, -999.000,
         2,2020091900,    1.122,    1.122,    1.122,    1.122,    1.122,    1.124,    1.124,    1.124,    1.124,    1.124,    0.001,    0.001,    0.001, -999.000,    0.000,    0.001, -999.000,    0.001, -999.000,    0.000,
         2,2020091818,    1.119,    1.119,    1.119,    1.119,    1.119,    1.122,    1.122,    1.122,    1.122,    1.122,    0.001,    0.001, -999.000,    0.000, -999.000,    0.001,    0.001, -999.000, -999.000, -999.000,
         2,2020091812,    1.117,    1.117,    1.117,    1.117,    1.117,    1.119,    1.119,    1.119,    1.119,    1.119, -999.000,    0.001, -999.000, -999.000, -999.000, -999.000, -999.000, -999.000, -999.000, -999.000,
         2,2020091806,    1.119,    1.119,    1.119,    1.119,    1.119,    1.117,    1.117,    1.117,    1.117,    1.117,    0.001,    0.001, -999.000, -999.000,    0.000,    0.001, -999.000, -999.000, -999.000,    0.000,
         2,2020091800,    1.115,    1.115,    1.115,    1.115,    1.115,    1.119,    1.119,    1.119,    1.119,    1.119,    0.001, -999.000,    0.000, -999.000, -999.000,    0.001,    0.001,    0.000,    0.001, -999.000,
         2,2020091718,    1.119,    1.119,    1.119,    1.119,    1.119,    1.115,    1.115,    1.115,    1.115,    1.115,    0.001,    0.001,    0.001,    0.001, -999.000,    0.001,    0.001,    0.001, -999.000, -999.000,
         2,2020091712,    1.119,    1.119,    1.119,    1.119,    1.119,    1.119,    1.119,    1.119,    1.119,    1.119, -999.000, -999.000,    0.001, -999.000,    0.000, -999.000, -999.000,    0.001, -999.000,    0.000,
         2,2020091706,    1.118,    1.118,    1.118,    1.118,    1.118,    1.119,    1.119,    1.119,    1.119,    1.119,    0.001, -999.000,    0.001, -999.000, -999.000,    0.001, -999.000,    0.001, -999.000, -999.000,
         2,2020091700,    1.114,    1.114,    1.114,    1.114,    1.114,    1.118,    1.118,    1.118,    1.118,    1.118,    0.001, -999.000,    0.001, -999.000, -999.000,    0.001,    0.000,    0.001, -999.000, -999.000,
         2,2020091618,    1.117,    1.117,    1.117,    1.117,    1.117,    1.114,    1.114,    1.114,    1.114,    1.114,    0.002,    0.001, -999.000,    0.001,    0.000,    0.002, -999.000, -999.000,    0.001,    0.000,
         2,2020091612,    1.111,    1.111,    1.111,    1.111,    1.111,    1.117,    1.117,    1.117,    1.117,    1.117, -999.000,    0.001, -999.000, -999.000,    0.000, -999.000, -999.000, -999.000, -999.000,    0.000,
         2,2020091606,    1.099,    1.099,    1.099,    1.099,    1.099,    1.111,    1.111,    1.111,    1.111,    1.111,    0.001,    0.001, -999.000, -999.000, -999.000,    0.001, -999.000, -999.000, -999.000, -999.000,
         2,2020091600,    1.105,    1.105,    1.105,    1.105,    1.105,    1.099,    1.099,    1.099,    1.099,    1.099,    0.001, -999.000,    0.001, -999.000, -999.000,    0.001, -999.000,    0.001, -999.000, -999.000,
         2,2020091518,    1.106,    1.106,    1.106,    1.106,    1.106,    1.105,    1.105,    1.105,    1.105,    1.105, -999.000, -999.000, -999.000,    0.001, -999.000, -999.000, -999.000, -999.000,    0.001, -999.000,
         2,2020091512,    1.109,    1.109,    1.109,    1.109,    1.109,    1.106,    1.106,    1.106,    1.106,    1.106,    0.001, -999.000,    0.001,    0.001, -999.000,    0.001,    0.001,    0.001, -999.000, -999.000,
         2,2020091506,    1.106,    1.106,    1.106,    1.106,    1.106,    1.109,    1.109,    1.109,    1.109,    1.109, -999.000, -999.000,    0.000,    0.000, -999.000, -999.000,    0.000,    0.000, -999.000, -999.000,
         2,2020091500,    1.108,    1.108,    1.108,    1.108,    1.108,    1.106,    1.106,    1.106,    1.106,    1.106, -999.000, -999.000, -999.000, -999.000, -999.000, -999.000, -999.000, -999.000,    0.001, -999.000,
         2,2020091418,    1.106,    1.106,    1.106,    1.106,    1.106,    1.108,    1.108,    1.108,    1.108,    1.108, -999.000,    0.001, -999.000, -999.000,    0.000, -999.000, -999.000, -999.000, -999.000,    0.000,
         2,2020091412,    1.110,    1.110,    1.110,    1.110,    1.110,    1.106,    1.106,    1.106,    1.106,    1.106, -999.000, -999.000, -999.000, -999.000, -999.000, -999.000,    0.001, -999.000,    0.000, -999.000,
         2,2020091406,    1.108,    1.108,    1.108,    1.108,    1.108,    1.110,    1.110,    1.110,    1.110,    1.110,    0.001,    0.000,    0.001,    0.001, -999.000,    0.001, -999.000,    0.001,    0.001, -999.000,
         2,2020091400,    1.113,    1.113,    1.113,    1.113,    1.113,    1.108,    1.108,    1.108,    1.108,    1.108,    0.001,    0.001,    0.000, -999.000, -999.000,    0.001, -999.000,    0.000,    0.001, -999.000,
         2,2020091318,    1.111,    1.111,    1.111,    1.111,    1.111,    1.113,    1.113,    1.113,    1.113,    1.113,    0.001, -999.000,    0.001,    0.000, -999.000,    0.001, -999.000,    0.001, -999.000, -999.000,
         2,2020091312,    1.117,    1.117,    1.117,    1.117,    1.117,    1.111,    1.111,    1.111,    1.111,    1.111, -999.000, -999.000, -999.000, -999.000,    0.000, -999.000,    0.000, -999.000,    0.001,    0.000,
         2,2020091306,    1.116,    1.116,    1.116,    1.116,    1.116,    1.117,    1.117,    1.117,    1.117,    1.117,    0.000,    0.001,    0.001,    0.001, -999.000,    0.000, -999.000,    0.001,    0.001, -999.000,
         2,2020091300,    1.118,    1.118,    1.118,    1.118,    1.118,    1.116,    1.116,    1.116,    1.116,    1.116, -999.000, -999.000, -999.000, -999.000, -999.000, -999.000, -999.000, -999.000, -999.000, -999.000,
         2,2020091218,    1.120,    1.120,    1.120,    1.120,    1.120,    1.118,    1.118,    1.118,    1.118,    1.118,    0.001, -999.000,    0.001, -999.000,    0.001,    0.001,    0.001,    0.001,    0.001,    0.001,
         2,2020091212,    1.121,    1.121,    1.121,    1.121,    1.121,    1.120,    1.120,    1.120,    1.120,    1.120,    0.001,    0.000,    0.001,    0.001, -999.000,    0.001, -999.000,    0.001,    0.001, -999.000,
         2,2020091206,    1.121,    1.121,    1.121,    1.121,    1.121,    1.121,    1.121,    1.121,    1.121,    1.121, -999.000, -999.000, -999.000, -999.000, -999.000, -999.000,    0.001, -999.000,    0.001, -999.000,
         2,2020091200,    1.122,    1.122,    1.122,    1.122,    1.122,    1.121,    1.121,    1.121,    1.121,    1.121, -999.000,    0.000, -999.000,    0.001,    0.000, -999.000, -999.000, -999.000, -999.000,    0.000,
         2,2020091118,    1.130,    1.130,    1.130,    1.130,    1.130,    1.122,    1.122,    1.122,    1.122,    1.122,    0.001, -999.000,    0.001, -999.000, -999.000,    0.001, -999.000,    0.001, -999.000, -999.000,
         2,2020091112,    1.128,    1.128,    1.128,    1.128,    1.128,    1.130,    1.130,    1.130,    1.130,    1.130,    0.001, -999.000,    0.001, -999.000, -999.000,    0.001,    0.002,    0.001,    0.002, -999.000,
         2,2020091106,    1.129,    1.129,    1.129,    1.129,    1.129,    1.128,    1.128,    1.128,    1.128,    1.128, -999.000,    0.001,    0.001,    0.001, -999.000, -999.000,    0.001,    0.001,    0.001, -999.000,
         2,2020091100,    1.130,    1.130,    1.130,    1.130,    1.130,    1.129,    1.129,    1.129,    1.129,    1.129,    0.001,    0.001,    0.002,    0.001,    0.000,    0.001,    0.001,    0.002,    0.000,    0.000,
         2,2020091018,    1.139,    1.139,    1.139,    1.139,    1.139,    1.130,    1.130,    1.130,    1.130,    1.130,    0.001, -999.000, -999.000,    0.001,    0.001,    0.001, -999.000, -999.000, -999.000,    0.001,
         2,2020091012,    1.140,    1.140,    1.140,    1.140,    1.140,    1.139,    1.139,    1.139,    1.139,    1.139, -999.000, -999.000, -999.000, -999.000, -999.000, -999.000,    0.000, -999.000, -999.000, -999.000,
         2,2020091006,    1.139,    1.139,    1.139,    1.139,    1.139,    1.140,    1.140,    1.140,    1.140,    1.140,    0.001, -999.000,    0.001,    0.001,    0.000,    0.001, -999.000,    0.001, -999.000,    0.000,
         2,2020091000,    1.143,    1.143,    1.143,    1.143,    1.143,    1.139,    1.139,    1.139,    1.139,    1.139, -999.000, -999.000, -999.000,    0.001, -999.000, -999.000, -999.000, -999.000,    0.001, -999.000,
         2,2020090918,    1.143,    1.143,    1.143,    1.143,    1.143,    1.143,    1.143,    1.143,    1.143,    1.143, -999.000,    0.001,    0.001,    0.001, -999.000, -999.000,    0.000,    0.001, -999.000, -999.000,
         2,2020090912,    1.142,    1.142,    1.142,    1.142,    1.142,    1.143,    1.143,    1.143,    1.143,    1.143, -999.000, -999.000, -999.000,    0.001, -999.000, -999.000,    0.001, -999.000, -999.000, -999.000,
         2,2020090906,    1.140,    1.140,    1.140,    1.140,    1.140,    1.142,    1.142,    1.142,    1.142,    1.142, -999.000,    0.001, -999.000,    0.000, -999.000, -999.000, -999.000, -999.000,    0.001, -999.000,
         2,2020090900,    1.143,    1.143,    1.143,    1.143,    1.143,    1.140,    1.140,    1.140,    1.140,    1.140, -999.000, -999.000, -999.000, -999.000, -999.000, -999.000,    0.000, -999.000,    0.001, -999.000,
         2,2020090818,    1.140,    1.140,    1.140,    1.140,    1.140,    1.143,    1.143,    1.143,    1.143,    1.143,    0.001,    0.001, -999.000, -999.000, -999.000,    0.001, -999.000, -999.000, -999.000, -999.000,
         2,2020090812,    1.133,    1.133,    1.133,    1.133,    1.133,    1.140,    1.140,    1.140,    1.140,    1.140, -999.000, -999.000, -999.000,    0.001, -999.000, -999.000,    0.001, -999.000,    0.001, -999.000,
         2,2020090806,    1.128,    1.128,    1.128,    1.128,    1.128,    1.133,    1.133,    1.133,    1.133,    1.133,    0.001, -999.000,    0.001,    0.001,    0.000,    0.001, -999.000,    0.001,    0.001,    0.000,
         2,2020090800,    1.126,    1.126,    1.126,    1.126,    1.126,    1.128,    1.128,    1.128,    1.128,    1.128, -999.000, -999.000, -999.000,    0.001, -999.000, -999.000,    0.001, -999.000,    0.001, -999.000,
         2,2020090718,    1.125,    1.125,    1.125,    1.125,    1.125,    1.126,    1.126,    1.126,    1.126,    1.126,    0.001,    0.000,    0.001,    0.000, -999.000,    0.001, -999.000,    0.001, -999.000, -999.000,
         2,2020090712,    1.122,    1.122,    1.122,    1.122,    1.122,    1.125,    1.125,    1.125,    1.125,    1.125, -999.000, -999.000,    0.001, -999.000, -999.000, -999.000, -999.000,    0.001, -999.000, -999.000,
         2,2020090706,    1.123,    1.123,    1.123,    1.123,    1.123,    1.122,    1.122,    1.122,    1.122,    1.122, -999.000, -999.000, -999.000, -999.000, -999.000, -999.000,    0.001, -999.000, -999.000, -999.000,
         2,2020090700,    1.125,    1.125,    1.125,    1.125,    1.125,    1.123,    1.123,    1.123,    1.123,    1.123,    0.001,    0.000,    0.001,    0.001, -999.000,    0.001, -999.000,    0.001, -999.000, -999.000,
         2,2020090618,    1.127,    1.127,    1.127,    1.127,    1.127,    1.125,    1.125,    1.125,    1.125,    1.125, -999.000,    0.000,    0.001, -999.000, -999.000, -999.000,    0.000,    0.001, -999.000, -999.000,
         2,2020090612,    1.119,    1.119,    1.119,    1.119,    1.119,    1.127,    1.127,    1.127,    1.127,    1.127, -999.000, -999.000,    0.001, -999.000, -999.000, -999.000, -999.000,    0.001, -999.000, -999.000,
         2,2020090606,    1.112,    1.112,    1.112,    1.112,    1.112,    1.119,    1.119,    1.119,    1.119,    1.119, -999.000,    0.001, -999.000, -999.000, -999.000, -999.000,    0.000, -999.000, -999.000, -999.000,
         2,2020090600,    1.112,    1.112,    1.112,    1.112,    1.112,    1.112,    1.112,    1.112,    1.112,    1.112,    0.000,    0.001, -999.000, -999.000, -999.000,    0.000,    0.000, -999.000,    0.001, -999.000,
         2,2020090518,    1.113,    1.113,    1.113,    1.113,    1.113,    1.112,    1.112,    1.112,    1.112,    1.112,    0.001,    0.000,    0.001,    0.001, -999.000,    0.001,    0.001,    0.001,    0.001, -999.000,
         2,2020090512,    1.109,    1.109,    1.109,    1.109,    1.109,    1.113,    1.113,    1.113,    1.113,    1.113,    0.001,    0.000,    0.001, -999.000, -999.000,    0.001,    0.001,    0.001,    0.001, -999.000,
         2,2020090506,    1.104,    1.104,    1.104,    1.104,    1.104,    1.109,    1.109,    1.109,    1.109,    1.109, -999.000, -999.000,    0.001, -999.000, -999.000, -999.000, -999.000,    0.001,    0.000, -999.000,
         2,2020090500,    1.108,    1.108,    1.108,    1.108,    1.108,    1.104,    1.104,    1.104,    1.104,    1.104, -999.000, -999.000, -999.000, -999.000, -999.000, -999.000,    0.001, -999.000,    0.000, -999.000,
         2,2020090418,    1.106,    1.106,    1.106,    1.106,    1.106,    1.108,    1.108,    1.108,    1.108,    1.108,    0.001, -999.000,    0.000, -999.000, -999.000,    0.001, -999.000,    0.000,    0.000, -999.000,
         2,2020090412,    1.104,    1.104,    1.104,    1.104,    1.104,    1.106,    1.106,    1.106,    1.106,    1.106, -999.000, -999.000, -999.000,    0.001, -999.000, -999.000, -999.000, -999.000, -999.000, -999.000,
         2,2020090406,    1.104,    1.104,    1.104,    1.104,    1.104,    1.104,    1.104,    1.104,    1.104,    1.104, -999.000, -999.000, -999.000, -999.000, -999.000, -999.000,    0.001, -999.000, -999.000, -999.000,
         2,2020090400,    1.105,    1.105,    1.105,    1.105,    1.105,    1.104,    1.104,    1.104,    1.104,    1.104,    0.000,    0.001,    0.001, -999.000, -999.000,    0.000,    0.000,    0.001,    0.001, -999.000,
         2,2020090318,    1.107,    1.107,    1.107,    1.107,    1.107,    1.105,    1.105,    1.105,    1.105,    1.105,    0.001, -999.000,    0.001, -999.000,    0.000,    0.001,    0.000,    0.001,    0.001,    0.000,
         2,2020090312,    1.099,    1.099,    1.099,    1.099,    1.099,    1.107,    1.107,    1.107,    1.107,    1.107,    0.001,    0.000,    0.001,    0.001, -999.000,    0.001,    0.001,    0.001,    0.001, -999.000,
         2,2020090306,    1.094,    1.094,    1.094,    1.094,    1.094,    1.099,    1.099,    1.099,    1.099,    1.099,    0.001,    0.001,    0.001,    0.001, -999.000,    0.001,    0.001,    0.001,    0.001, -999.000,
         2,2020090300,    1.096,    1.096,    1.096,    1.096,    1.096,    1.094,    1.094,    1.094,    1.094,    1.094, -999.000,    0.001, -999.000,    0.001, -999.000, -999.000,    0.000, -999.000, -999.000, -999.000,
         2,2020090218,    1.097,    1.097,    1.097,    1.097,    1.097,    1.096,    1.096,    1.096,    1.096,    1.096,    0.001,    0.001,    0.001,    0.001, -999.000,    0.001,    0.001,    0.001,    0.000, -999.000,
         2,2020090212,    1.092,    1.092,    1.092,    1.092,    1.092,    1.097,    1.097,    1.097,    1.097,    1.097, -999.000,    0.001,    0.000,    0.001,    0.000, -999.000,    0.001,    0.000,    0.000,    0.000,
         2,2020090206,    1.086,    1.086,    1.086,    1.086,    1.086,    1.092,    1.092,    1.092,    1.092,    1.092,    0.001,    0.000,    0.001,    0.001,    0.000,    0.001,    0.000,    0.001, -999.000,    0.000,
         2,2020090200,    1.085,    1.085,    1.085,    1.085,    1.085,    1.086,    1.086,    1.086,    1.086,    1.086, -999.000,    0.001, -999.000,    0.001, -999.000, -999.000, -999.000, -999.000,    0.000, -999.000,
         2,2020090118,    1.085,    1.085,    1.085,    1.085,    1.085,    1.085,    1.085,    1.085,    1.085,    1.085,    0.001, -999.000,    0.001,    0.000, -999.000,    0.001,    0.001,    0.001,    0.000, -999.000,
         2,2020090112,    1.084,    1.084,    1.084,    1.084,    1.084,    1.085,    1.085,    1.085,    1.085,    1.085, -999.000,    0.000, -999.000,    0.001, -999.000, -999.000,    0.000, -999.000,    0.000, -999.000,
         2,2020090106,    1.080,    1.080,    1.080,    1.080,    1.080,    1.084,    1.084,    1.084,    1.084,    1.084, -999.000, -999.000, -999.000, -999.000, -999.000, -999.000, -999.000, -999.000,    0.001, -999.000,
         2,2020090100,    1.082,    1.082,    1.082,    1.082,    1.082,    1.080,    1.080,    1.080,    1.080,    1.080,    0.000,    0.001,    0.001,    0.001,    0.001,    0.000, -999.000,    0.001, -999.000,    0.001,
         2,2020083118,    1.093,    1.093,    1.093,    1.093,    1.093,    1.082,    1.082,    1.082,    1.082,    1.082, -999.000, -999.000, -999.000, -999.000, -999.000, -999.000,    0.001, -999.000,    0.001, -999.000,
         2,2020083112,    1.096,    1.096,    1.096,    1.096,    1.096,    1.093,    1.093,    1.093,    1.093,    1.093,    0.000, -999.000,    0.001,    0.001,    0.000,    0.000,    0.001,    0.001, -999.000,    0.000,
         2,2020083106,    1.101,    1.101,    1.101,    1.101,    1.101,    1.096,    1.096,    1.096,    1.096,    1.096,    0.002,    0.001,    0.001,    0.001, -999.000,    0.002,    0.001,    0.001,    0.001, -999.000,
         2,2020083100,    1.100,    1.100,    1.100,    1.100,    1.100,    1.101,    1.101,    1.101,    1.101,    1.101,    0.000,    0.001, -999.000, -999.000, -999.000,    0.000, -999.000, -999.000,    0.001, -999.000,
         2,2020083018,    1.099,    1.099,    1.099,    1.099,    1.099,    1.100,    1.100,    1.100,    1.100,    1.100,    0.001, -999.000, -999.000, -999.000,    0.000,    0.001, -999.000, -999.000,    0.001,    0.000,
         2,2020083012,    1.096,    1.096,    1.096,    1.096,    1.096,    1.099,    1.099,    1.099,    1.099,    1.099, -999.000,    0.000, -999.000,    0.001, -999.000, -999.000, -999.000, -999.000, -999.000, -999.000,
         2,2020083006,    1.098,    1.098,    1.098,    1.098,    1.098,    1.096,    1.096,    1.096,    1.096,    1.096, -999.000, -999.000,    0.000,    0.001, -999.000, -999.000,    0.001,    0.000, -999.000, -999.000,
         2,2020083000,    1.097,    1.097,    1.097,    1.097,    1.097,    1.098,    1.098,    1.098,    1.098,    1.098,    0.001, -999.000, -999.000,    0.000, -999.000,    0.001, -999.000, -999.000,    0.001, -999.000,
