         1,2020092000,    0.496, -999.000,    0.496, -999.000, -999.000,    0.496, -999.000,    0.496, -999.000, -999.000, -999.000, -999.000, -999.000, -999.000, -999.000, -999.000, -999.000, -999.000, -999.000, -999.000,
         1,2020091918,    0.511, -999.000,    0.511, -999.000, -999.000,    0.496, -999.000,    0.496, -999.000, -999.000, -999.000, -999.000, -999.000, -999.000, -999.000, -999.000, -999.000, -999.000, -999.000, -999.000,
         1,2020091906,    0.473, -999.000,    0.473, -999.000, -999.000,    0.511, -999.000,    0.511, -999.000, -999.000, -999.000, -999.000, -999.000, -999.000, -999.000, -999.000, -999.000, -999.000, -999.000, -999.000,
         1,2020091900,    0.584, -999.000,    0.584, -999.000, -999.000,    0.473, -999.000,    0.473, -999.000, -999.000, -999.000, -999.000, -999.000, -999.000, -999.000, -999.000, -999.000, -999.000, -999.000, -999.000,
         1,2020091718,    0.568, -999.000,    0.568, -999.000, -999.000,    0.584, -999.000,    0.584, -999.000, -999.000,    0.000, -999.000,    0.000, -999.000, -999.000,    0.000, -999.000,    0.000, -999.000, -999.000,
         1,2020091700,    0.605, -999.000,    0.605, -999.000, -999.000,    0.568, -999.000,    0.568, -999.000, -999.000,    0.000, -999.000,    0.000, -999.000, -999.000,    0.000, -999.000,    0.000, -999.000, -999.000,
         1,2020091612,    0.548, -999.000,    0.548, -999.000, -999.000,    0.605, -999.000,    0.605, -999.000, -999.000, -999.000, -999.000, -999.000, -999.000, -999.000, -999.000, -999.000, -999.000, -999.000, -999.000,
         1,2020091600,    0.561, -999.000,    0.561, -999.000, -999.000,    0.548, -999.000,    0.548, -999.000, -999.000, -999.000, -999.000, -999.000, -999.000, -999.000, -999.000, -999.000, -999.000, -999.000, -999.000,
         1,2020091500,    0.556, -999.000,    0.556, -999.000, -999.000,    0.561, -999.000,    0.561, -999.000, -999.000, -999.000, -999.000, -999.000, -999.000, -999.000, -999.000, -999.000, -999.000, -999.000, -999.000,
         1,2020091412,    0.540, -999.000,    0.540, -999.000, -999.000,    0.556, -999.000,    0.556, -999.000, -999.000, -999.000, -999.000, -999.000, -999.000, -999.000, -999.000, -999.000, -999.000, -999.000, -999.000,
         1,2020091406,    0.537, -999.000,    0.537, -999.000, -999.000,    0.540, -999.000,    0.540, -999.000, -999.000, -999.000, -999.000, -999.000, -999.000, -999.000, -999.000, -999.000, -999.000, -999.000, -999.000,
         1,2020091400,    0.537, -999.000,    0.537, -999.000, -999.000,    0.537, -999.000,    0.537, -999.000, -999.000,    0.001, -999.000,    0.001, -999.000, -999.000,    0.001, -999.000,    0.001, -999.000, -999.000,
         1,2020091312,    0.521, -999.000,    0.521, -999.000, -999.000,    0.537, -999.000,    0.537, -999.000, -999.000,    0.000, -999.000,    0.000, -999.000, -999.000,    0.000, -999.000,    0.000, -999.000, -999.000,
         1,2020091306,    0.539, -999.000,    0.539, -999.000, -999.000,    0.521, -999.000,    0.521, -999.000, -999.000, -999.000, -999.000, -999.000, -999.000, -999.000, -999.000, -999.000, -999.000, -999.000, -999.000,
         1,2020091300,    0.537, -999.000,    0.537, -999.000, -999.000,    0.539, -999.000,    0.539, -999.000, -999.000, -999.000, -999.000, -999.000, -999.000, -999.000, -999.000, -999.000, -999.000, -999.000, -999.000,
         1,2020091212,    0.535, -999.000,    0.535, -999.000, -999.000,    0.537, -999.000,    0.537, -999.000, -999.000,    0.001, -999.000,    0.001, -999.000, -999.000,    0.001, -999.000,    0.001, -999.000, -999.000,
         1,2020091200,    0.540, -999.000,    0.540, -999.000, -999.000,    0.535, -999.000,    0.535, -999.000, -999.000,    0.000, -999.000,    0.000, -999.000, -999.000,    0.000, -999.000,    0.000, -999.000, -999.000,
         1,2020091118,    0.532, -999.000,    0.532, -999.000, -999.000,    0.540, -999.000,    0.540, -999.000, -999.000, -999.000, -999.000, -999.000, -999.000, -999.000, -999.000, -999.000, -999.000, -999.000, -999.000,
         1,2020091112,    0.520, -999.000,    0.520, -999.000, -999.000,    0.532, -999.000,    0.532, -999.000, -999.000,    0.001, -999.000,    0.001, -999.000, -999.000,    0.001, -999.000,    0.001, -999.000, -999.000,
         1,2020091106,    0.525, -999.000,    0.525, -999.000, -999.000,    0.520, -999.000,    0.520, -999.000, -999.000,    0.000, -999.000,    0.000, -999.000, -999.000,    0.000, -999.000,    0.000, -999.000, -999.000,
         1,2020091100,    0.526, -999.000,    0.526, -999.000, -999.000,    0.525, -999.000,    0.525, -999.000, -999.000,    0.001, -999.000,    0.001, -999.000, -999.000,    0.001, -999.000,    0.001, -999.000, -999.000,
         1,2020091012,    0.507, -999.000,    0.507, -999.000, -999.000,    0.526, -999.000,    0.526, -999.000, -999.000,    0.000, -999.000,    0.000, -999.000, -999.000,    0.000, -999.000,    0.000, -999.000, -999.000,
         1,2020091006,    0.519, -999.000,    0.519, -999.000, -999.000,    0.507, -999.000,    0.507, -999.000, -999.000, -999.000, -999.000, -999.000, -999.000, -999.000, -999.000, -999.000, -999.000, -999.000, -999.000,
         1,2020091000,    0.545, -999.000,    0.545, -999.000, -999.000,    0.519, -999.000,    0.519, -999.000, -999.000,    0.001, -999.000,    0.001, -999.000, -999.000,    0.001, -999.000,    0.001, -999.000, -999.000,
         1,2020090900,    0.557, -999.000,    0.557, -999.000, -999.000,    0.545, -999.000,    0.545, -999.000, -999.000, -999.000, -999.000, -999.000, -999.000, -999.000, -999.000, -999.000, -999.000, -999.000, -999.000,
         1,2020090818,    0.539, -999.000,    0.539, -999.000, -999.000,    0.557, -999.000,    0.557, -999.000, -999.000,    0.001, -999.000,    0.001, -999.000, -999.000,    0.001, -999.000,    0.001, -999.000, -999.000,
         1,2020090812,    0.541, -999.000,    0.541, -999.000, -999.000,    0.539, -999.000,    0.539, -999.000, -999.000,    0.001, -999.000,    0.001, -999.000, -999.000,    0.001, -999.000,    0.001, -999.000, -999.000,
         1,2020090800,    0.540, -999.000,    0.540, -999.000, -999.000,    0.541, -999.000,    0.541, -999.000, -999.000,    0.000, -999.000,    0.000, -999.000, -999.000,    0.000, -999.000,    0.000, -999.000, -999.000,
         1,2020090718,    0.529, -999.000,    0.529, -999.000, -999.000,    0.540, -999.000,    0.540, -999.000, -999.000,    0.000, -999.000,    0.000, -999.000, -999.000,    0.000, -999.000,    0.000, -999.000, -999.000,
         1,2020090712,    0.533, -999.000,    0.533, -999.000, -999.000,    0.529, -999.000,    0.529, -999.000, -999.000, -999.000, -999.000, -999.000, -999.000, -999.000, -999.000, -999.000, -999.000, -999.000, -999.000,
         1,2020090706,    0.556, -999.000,    0.556, -999.000, -999.000,    0.533, -999.000,    0.533, -999.000, -999.000, -999.000, -999.000, -999.000, -999.000, -999.000, -999.000, -999.000, -999.000, -999.000, -999.000,
         1,2020090618,    0.553, -999.000,    0.553, -999.000, -999.000,    0.556, -999.000,    0.556, -999.000, -999.000, -999.000, -999.000, -999.000, -999.000, -999.000, -999.000, -999.000, -999.000, -999.000, -999.000,
         1,2020090606,    0.579, -999.000,    0.579, -999.000, -999.000,    0.553, -999.000,    0.553, -999.000, -999.000, -999.000, -999.000, -999.000, -999.000, -999.000, -999.000, -999.000, -999.000, -999.000, -999.000,
         1,2020090600,    0.584, -999.000,    0.584, -999.000, -999.000,    0.579, -999.000,    0.579, -999.000, -999.000, -999.000, -999.000, -999.000, -999.000, -999.000, -999.000, -999.000, -999.000, -999.000, -999.000,
         1,2020090518,    0.583, -999.000,    0.583, -999.000, -999.000,    0.584, -999.000,    0.584, -999.000, -999.000,    0.000, -999.000,    0.000, -999.000, -999.000,    0.000, -999.000,    0.000, -999.000, -999.000,
         1,2020090512,    0.585, -999.000,    0.585, -999.000, -999.000,    0.583, -999.000,    0.583, -999.000, -999.000, -999.000, -999.000, -999.000, -999.000, -999.000, -999.000, -999.000, -999.000, -999.000, -999.000,
         1,2020090418,    0.593, -999.000,    0.593, -999.000, -999.000,    0.585, -999.000,    0.585, -999.000, -999.000,    0.000, -999.000,    0.000, -999.000, -999.000,    0.000, -999.000,    0.000, -999.000, -999.000,
         1,2020090412,    0.579, -999.000,    0.579, -999.000, -999.000,    0.593, -999.000,    0.593, -999.000, -999.000, -999.000, -999.000, -999.000, -999.000, -999.000, -999.000, -999.000, -999.000, -999.000, -999.000,
         1,2020090406,    0.576, -999.000,    0.576, -999.000, -999.000,    0.579, -999.000,    0.579, -999.000, -999.000,    0.001, -999.000,    0.001, -999.000, -999.000,    0.001, -999.000,    0.001, -999.000, -999.000,
         1,2020090400,    0.588, -999.000,    0.588, -999.000, -999.000,    0.576, -999.000,    0.576, -999.000, -999.000, -999.000, -999.000, -999.000, -999.000, -999.000, -999.000, -999.000, -999.000, -999.000, -999.000,
         1,2020090306,    0.591, -999.000,    0.591, -999.000, -999.000,    0.588, -999.000,    0.588, -999.000, -999.000, -999.000, -999.000, -999.000, -999.000, -999.000, -999.000, -999.000, -999.000, -999.000, -999.000,
         1,2020090300,    0.587, -999.000,    0.587, -999.000, -999.000,    0.591, -999.000,    0.591, -999.000, -999.000,    0.000, -999.000,    0.000, -999.000, -999.000,    0.000, -999.000,    0.000, -999.000, -999.000,
         1,2020090218,    0.584, -999.000,    0.584, -999.000, -999.000,    0.587, -999.000,    0.587, -999.000, -999.000, -999.000, -999.000, -999.000, -999.000, -999.000, -999.000, -999.000, -999.000, -999.000, -999.000,
         1,2020090206,    0.588, -999.000,    0.588, -999.000, -999.000,    0.584, -999.000,    0.584, -999.000, -999.000,    0.000, -999.000,    0.000, -999.000, -999.000,    0.000, -999.000,    0.000, -999.000, -999.000,
         1,2020090200,    0.588, -999.000,    0.588, -999.000, -999.000,    0.588, -999.000,    0.588, -999.000, -999.000, -999.000, -999.000, -999.000, -999.000, -999.000, -999.000, -999.000, -999.000, -999.000, -999.000,
         1,2020090118,    0.582, -999.000,    0.582, -999.000, -999.000,    0.588, -999.000,    0.588, -999.000, -999.000,    0.001, -999.000,    0.001, -999.000, -999.000,    0.001, -999.000,    0.001, -999.000, -999.000,
         1,2020090112,    0.571, -999.000,    0.571, -999.000, -999.000,    0.582, -999.000,    0.582, -999.000, -999.000,    0.001, -999.000,    0.001, -999.000, -999.000,    0.001, -999.000,    0.001, -999.000, -999.000,
         1,2020090106,    0.582, -999.000,    0.582, -999.000, -999.000,    0.571, -999.000,    0.571, -999.000, -999.000, -999.000, -999.000, -999.000, -999.000, -999.000, -999.000, -999.000, -999.000, -999.000, -999.000,
         1,2020083118,    0.572, -999.000,    0.572, -999.000, -999.000,    0.582, -999.000,    0.582, -999.000, -999.000,    0.000, -999.000,    0.000, -999.000, -999.000,    0.000, -999.000,    0.000, -999.000, -999.000,
         1,2020083106,    0.588, -999.000,    0.588, -999.000, -999.000,    0.572, -999.000,    0.572, -999.000, -999.000, -999.000, -999.000, -999.000, -999.000, -999.000, -999.000, -999.000, -999.000, -999.000, -999.000,
         1,2020083100,    0.586, -999.000,    0.586, -999.000, -999.000,    0.588, -999.000,    0.588, -999.000, -999.000,    0.000, -999.000,    0.000, -999.000, -999.000,    0.000, -999.000,    0.000, -999.000, -999.000,
         1,2020083018,    0.584, -999.000,    0.584, -999.000, -999.000,    0.586, -999.000,    0.586, -999.000, -999.000,    0.000, -999.000,    0.000, -999.000, -999.000,    0.000, -999.000,    0.000, -999.000, -999.000,
         1,2020083012,    0.602, -999.000,    0.602, -999.000, -999.000,    0.584, -999.000,    0.584, -999.000, -999.000,    0.000, -999.000,    0.000, -999.000, -999.000,    0.000, -999.000,    0.000, -999.000, -999.000,
         1,2020083006,    0.579, -999.000,    0.579, -999.000, -999.000,    0.602, -999.000,    0.602, -999.000, -999.000,    0.000, -999.000,    0.000, -999.000, -999.000,    0.000, -999.000,    0.000, -999.000, -999.000,
