         1,2020092000,   -5.447, -999.000,   -5.447, -999.000, -999.000,   -5.447, -999.000,   -5.447, -999.000, -999.000,    4.326, -999.000,    4.326, -999.000, -999.000,    4.326, -999.000,    4.326, -999.000, -999.000,
         1,2020091918,   -5.541, -999.000,   -5.541, -999.000, -999.000,   -5.548, -999.000,   -5.548, -999.000, -999.000,    4.297, -999.000,    4.297, -999.000, -999.000,    4.297, -999.000,    4.297, -999.000, -999.000,
         1,2020091912,   -8.254, -999.000,   -8.254, -999.000, -999.000,   -8.226, -999.000,   -8.226, -999.000, -999.000,    4.718, -999.000,    4.718, -999.000, -999.000,    4.718, -999.000,    4.718, -999.000, -999.000,
         1,2020091906,   -6.935, -999.000,   -6.935, -999.000, -999.000,   -6.989, -999.000,   -6.989, -999.000, -999.000,    4.399, -999.000,    4.399, -999.000, -999.000,    4.399, -999.000,    4.399, -999.000, -999.000,
         1,2020091900,   -5.990, -999.000,   -5.990, -999.000, -999.000,   -5.954, -999.000,   -5.954, -999.000, -999.000,    4.336, -999.000,    4.336, -999.000, -999.000,    4.336, -999.000,    4.336, -999.000, -999.000,
         1,2020091818,   -5.523, -999.000,   -5.523, -999.000, -999.000,   -5.532, -999.000,   -5.532, -999.000, -999.000,    4.102, -999.000,    4.102, -999.000, -999.000,    4.102, -999.000,    4.102, -999.000, -999.000,
         1,2020091812,   -7.931, -999.000,   -7.931, -999.000, -999.000,   -7.919, -999.000,   -7.919, -999.000, -999.000,    4.466, -999.000,    4.466, -999.000, -999.000,    4.466, -999.000,    4.466, -999.000, -999.000,
         1,2020091806,   -6.622, -999.000,   -6.622, -999.000, -999.000,   -6.634, -999.000,   -6.634, -999.000, -999.000,    4.327, -999.000,    4.327, -999.000, -999.000,    4.327, -999.000,    4.327, -999.000, -999.000,
         1,2020091800,   -6.247, -999.000,   -6.247, -999.000, -999.000,   -6.237, -999.000,   -6.237, -999.000, -999.000,    4.329, -999.000,    4.329, -999.000, -999.000,    4.329, -999.000,    4.329, -999.000, -999.000,
         1,2020091718,   -6.039, -999.000,   -6.039, -999.000, -999.000,   -6.027, -999.000,   -6.027, -999.000, -999.000,    4.174, -999.000,    4.174, -999.000, -999.000,    4.174, -999.000,    4.174, -999.000, -999.000,
         1,2020091712,   -8.089, -999.000,   -8.089, -999.000, -999.000,   -8.059, -999.000,   -8.059, -999.000, -999.000,    4.600, -999.000,    4.600, -999.000, -999.000,    4.600, -999.000,    4.600, -999.000, -999.000,
         1,2020091706,   -6.904, -999.000,   -6.904, -999.000, -999.000,   -6.908, -999.000,   -6.908, -999.000, -999.000,    4.547, -999.000,    4.547, -999.000, -999.000,    4.547, -999.000,    4.547, -999.000, -999.000,
         1,2020091700,   -6.497, -999.000,   -6.497, -999.000, -999.000,   -6.515, -999.000,   -6.515, -999.000, -999.000,    4.507, -999.000,    4.507, -999.000, -999.000,    4.507, -999.000,    4.507, -999.000, -999.000,
         1,2020091618,   -6.303, -999.000,   -6.303, -999.000, -999.000,   -6.315, -999.000,   -6.315, -999.000, -999.000,    4.430, -999.000,    4.430, -999.000, -999.000,    4.430, -999.000,    4.430, -999.000, -999.000,
         1,2020091612,   -7.948, -999.000,   -7.948, -999.000, -999.000,   -7.932, -999.000,   -7.932, -999.000, -999.000,    4.580, -999.000,    4.580, -999.000, -999.000,    4.580, -999.000,    4.580, -999.000, -999.000,
         1,2020091606,   -7.312, -999.000,   -7.312, -999.000, -999.000,   -7.312, -999.000,   -7.312, -999.000, -999.000,    4.813, -999.000,    4.813, -999.000, -999.000,    4.813, -999.000,    4.813, -999.000, -999.000,
         1,2020091600,   -6.846, -999.000,   -6.846, -999.000, -999.000,   -6.839, -999.000,   -6.839, -999.000, -999.000,    4.747, -999.000,    4.747, -999.000, -999.000,    4.747, -999.000,    4.747, -999.000, -999.000,
         1,2020091518,   -6.243, -999.000,   -6.243, -999.000, -999.000,   -6.237, -999.000,   -6.237, -999.000, -999.000,    4.397, -999.000,    4.397, -999.000, -999.000,    4.397, -999.000,    4.397, -999.000, -999.000,
         1,2020091512,   -7.983, -999.000,   -7.983, -999.000, -999.000,   -7.958, -999.000,   -7.958, -999.000, -999.000,    4.611, -999.000,    4.611, -999.000, -999.000,    4.611, -999.000,    4.611, -999.000, -999.000,
         1,2020091506,   -7.544, -999.000,   -7.544, -999.000, -999.000,   -7.553, -999.000,   -7.553, -999.000, -999.000,    4.515, -999.000,    4.515, -999.000, -999.000,    4.515, -999.000,    4.515, -999.000, -999.000,
         1,2020091500,   -6.857, -999.000,   -6.857, -999.000, -999.000,   -6.857, -999.000,   -6.857, -999.000, -999.000,    4.602, -999.000,    4.602, -999.000, -999.000,    4.602, -999.000,    4.602, -999.000, -999.000,
         1,2020091418,   -6.613, -999.000,   -6.613, -999.000, -999.000,   -6.595, -999.000,   -6.595, -999.000, -999.000,    4.507, -999.000,    4.507, -999.000, -999.000,    4.507, -999.000,    4.507, -999.000, -999.000,
         1,2020091412,   -8.108, -999.000,   -8.108, -999.000, -999.000,   -8.064, -999.000,   -8.064, -999.000, -999.000,    4.482, -999.000,    4.482, -999.000, -999.000,    4.482, -999.000,    4.482, -999.000, -999.000,
         1,2020091406,   -7.788, -999.000,   -7.788, -999.000, -999.000,   -7.819, -999.000,   -7.819, -999.000, -999.000,    4.601, -999.000,    4.601, -999.000, -999.000,    4.601, -999.000,    4.601, -999.000, -999.000,
         1,2020091400,   -6.928, -999.000,   -6.928, -999.000, -999.000,   -6.924, -999.000,   -6.924, -999.000, -999.000,    4.542, -999.000,    4.542, -999.000, -999.000,    4.542, -999.000,    4.542, -999.000, -999.000,
         1,2020091318,   -6.207, -999.000,   -6.207, -999.000, -999.000,   -6.215, -999.000,   -6.215, -999.000, -999.000,    4.160, -999.000,    4.160, -999.000, -999.000,    4.160, -999.000,    4.160, -999.000, -999.000,
         1,2020091312,   -8.000, -999.000,   -8.000, -999.000, -999.000,   -7.994, -999.000,   -7.994, -999.000, -999.000,    4.307, -999.000,    4.307, -999.000, -999.000,    4.307, -999.000,    4.307, -999.000, -999.000,
         1,2020091306,   -7.381, -999.000,   -7.381, -999.000, -999.000,   -7.395, -999.000,   -7.395, -999.000, -999.000,    4.313, -999.000,    4.313, -999.000, -999.000,    4.313, -999.000,    4.313, -999.000, -999.000,
         1,2020091300,   -6.583, -999.000,   -6.583, -999.000, -999.000,   -6.558, -999.000,   -6.558, -999.000, -999.000,    4.245, -999.000,    4.245, -999.000, -999.000,    4.245, -999.000,    4.245, -999.000, -999.000,
         1,2020091218,   -6.717, -999.000,   -6.717, -999.000, -999.000,   -6.729, -999.000,   -6.729, -999.000, -999.000,    4.164, -999.000,    4.164, -999.000, -999.000,    4.164, -999.000,    4.164, -999.000, -999.000,
         1,2020091212,   -8.599, -999.000,   -8.599, -999.000, -999.000,   -8.618, -999.000,   -8.618, -999.000, -999.000,    4.292, -999.000,    4.292, -999.000, -999.000,    4.292, -999.000,    4.292, -999.000, -999.000,
         1,2020091206,   -7.536, -999.000,   -7.536, -999.000, -999.000,   -7.563, -999.000,   -7.563, -999.000, -999.000,    4.274, -999.000,    4.274, -999.000, -999.000,    4.274, -999.000,    4.274, -999.000, -999.000,
         1,2020091200,   -6.502, -999.000,   -6.502, -999.000, -999.000,   -6.530, -999.000,   -6.530, -999.000, -999.000,    4.136, -999.000,    4.136, -999.000, -999.000,    4.136, -999.000,    4.136, -999.000, -999.000,
         1,2020091118,   -6.223, -999.000,   -6.223, -999.000, -999.000,   -6.254, -999.000,   -6.254, -999.000, -999.000,    4.180, -999.000,    4.180, -999.000, -999.000,    4.180, -999.000,    4.180, -999.000, -999.000,
         1,2020091112,   -8.520, -999.000,   -8.520, -999.000, -999.000,   -8.551, -999.000,   -8.551, -999.000, -999.000,    4.558, -999.000,    4.558, -999.000, -999.000,    4.558, -999.000,    4.558, -999.000, -999.000,
         1,2020091106,   -7.650, -999.000,   -7.650, -999.000, -999.000,   -7.621, -999.000,   -7.621, -999.000, -999.000,    4.432, -999.000,    4.432, -999.000, -999.000,    4.432, -999.000,    4.432, -999.000, -999.000,
         1,2020091100,   -6.476, -999.000,   -6.476, -999.000, -999.000,   -6.425, -999.000,   -6.425, -999.000, -999.000,    4.294, -999.000,    4.294, -999.000, -999.000,    4.294, -999.000,    4.294, -999.000, -999.000,
         1,2020091018,   -5.887, -999.000,   -5.887, -999.000, -999.000,   -5.906, -999.000,   -5.906, -999.000, -999.000,    4.008, -999.000,    4.008, -999.000, -999.000,    4.008, -999.000,    4.008, -999.000, -999.000,
         1,2020091012,   -8.346, -999.000,   -8.346, -999.000, -999.000,   -8.308, -999.000,   -8.308, -999.000, -999.000,    4.429, -999.000,    4.429, -999.000, -999.000,    4.429, -999.000,    4.429, -999.000, -999.000,
         1,2020091006,   -8.100, -999.000,   -8.100, -999.000, -999.000,   -8.117, -999.000,   -8.117, -999.000, -999.000,    4.385, -999.000,    4.385, -999.000, -999.000,    4.385, -999.000,    4.385, -999.000, -999.000,
         1,2020091000,   -7.096, -999.000,   -7.096, -999.000, -999.000,   -7.091, -999.000,   -7.091, -999.000, -999.000,    4.287, -999.000,    4.287, -999.000, -999.000,    4.287, -999.000,    4.287, -999.000, -999.000,
         1,2020090918,   -6.690, -999.000,   -6.690, -999.000, -999.000,   -6.699, -999.000,   -6.699, -999.000, -999.000,    3.858, -999.000,    3.858, -999.000, -999.000,    3.858, -999.000,    3.858, -999.000, -999.000,
         1,2020090912,   -8.668, -999.000,   -8.668, -999.000, -999.000,   -8.621, -999.000,   -8.621, -999.000, -999.000,    4.251, -999.000,    4.251, -999.000, -999.000,    4.251, -999.000,    4.251, -999.000, -999.000,
         1,2020090906,   -7.629, -999.000,   -7.629, -999.000, -999.000,   -7.616, -999.000,   -7.616, -999.000, -999.000,    4.317, -999.000,    4.317, -999.000, -999.000,    4.317, -999.000,    4.317, -999.000, -999.000,
         1,2020090900,   -7.218, -999.000,   -7.218, -999.000, -999.000,   -7.191, -999.000,   -7.191, -999.000, -999.000,    4.366, -999.000,    4.366, -999.000, -999.000,    4.366, -999.000,    4.366, -999.000, -999.000,
         1,2020090818,   -6.433, -999.000,   -6.433, -999.000, -999.000,   -6.479, -999.000,   -6.479, -999.000, -999.000,    4.235, -999.000,    4.235, -999.000, -999.000,    4.235, -999.000,    4.235, -999.000, -999.000,
         1,2020090812,   -8.429, -999.000,   -8.429, -999.000, -999.000,   -8.387, -999.000,   -8.387, -999.000, -999.000,    4.422, -999.000,    4.422, -999.000, -999.000,    4.422, -999.000,    4.422, -999.000, -999.000,
         1,2020090806,   -7.243, -999.000,   -7.243, -999.000, -999.000,   -7.250, -999.000,   -7.250, -999.000, -999.000,    4.498, -999.000,    4.498, -999.000, -999.000,    4.498, -999.000,    4.498, -999.000, -999.000,
         1,2020090800,   -6.593, -999.000,   -6.593, -999.000, -999.000,   -6.596, -999.000,   -6.596, -999.000, -999.000,    4.098, -999.000,    4.098, -999.000, -999.000,    4.098, -999.000,    4.098, -999.000, -999.000,
         1,2020090718,   -6.003, -999.000,   -6.003, -999.000, -999.000,   -5.991, -999.000,   -5.991, -999.000, -999.000,    4.045, -999.000,    4.045, -999.000, -999.000,    4.045, -999.000,    4.045, -999.000, -999.000,
         1,2020090712,   -8.206, -999.000,   -8.206, -999.000, -999.000,   -8.160, -999.000,   -8.160, -999.000, -999.000,    4.403, -999.000,    4.403, -999.000, -999.000,    4.403, -999.000,    4.403, -999.000, -999.000,
         1,2020090706,   -7.551, -999.000,   -7.551, -999.000, -999.000,   -7.562, -999.000,   -7.562, -999.000, -999.000,    4.386, -999.000,    4.386, -999.000, -999.000,    4.386, -999.000,    4.386, -999.000, -999.000,
         1,2020090700,   -7.053, -999.000,   -7.053, -999.000, -999.000,   -7.060, -999.000,   -7.060, -999.000, -999.000,    4.308, -999.000,    4.308, -999.000, -999.000,    4.308, -999.000,    4.308, -999.000, -999.000,
         1,2020090618,   -6.942, -999.000,   -6.942, -999.000, -999.000,   -6.967, -999.000,   -6.967, -999.000, -999.000,    4.238, -999.000,    4.238, -999.000, -999.000,    4.238, -999.000,    4.238, -999.000, -999.000,
         1,2020090612,   -8.792, -999.000,   -8.792, -999.000, -999.000,   -8.732, -999.000,   -8.732, -999.000, -999.000,    4.527, -999.000,    4.527, -999.000, -999.000,    4.527, -999.000,    4.527, -999.000, -999.000,
         1,2020090606,   -8.174, -999.000,   -8.174, -999.000, -999.000,   -8.168, -999.000,   -8.168, -999.000, -999.000,    4.304, -999.000,    4.304, -999.000, -999.000,    4.304, -999.000,    4.304, -999.000, -999.000,
         1,2020090600,   -7.530, -999.000,   -7.530, -999.000, -999.000,   -7.533, -999.000,   -7.533, -999.000, -999.000,    4.180, -999.000,    4.180, -999.000, -999.000,    4.180, -999.000,    4.180, -999.000, -999.000,
         1,2020090518,   -8.285, -999.000,   -8.285, -999.000, -999.000,   -8.280, -999.000,   -8.280, -999.000, -999.000,    4.193, -999.000,    4.193, -999.000, -999.000,    4.193, -999.000,    4.193, -999.000, -999.000,
         1,2020090512,   -9.232, -999.000,   -9.232, -999.000, -999.000,   -9.201, -999.000,   -9.201, -999.000, -999.000,    4.543, -999.000,    4.543, -999.000, -999.000,    4.543, -999.000,    4.543, -999.000, -999.000,
         1,2020090506,   -8.040, -999.000,   -8.040, -999.000, -999.000,   -8.028, -999.000,   -8.028, -999.000, -999.000,    4.131, -999.000,    4.131, -999.000, -999.000,    4.131, -999.000,    4.131, -999.000, -999.000,
         1,2020090500,   -7.816, -999.000,   -7.816, -999.000, -999.000,   -7.817, -999.000,   -7.817, -999.000, -999.000,    4.143, -999.000,    4.143, -999.000, -999.000,    4.143, -999.000,    4.143, -999.000, -999.000,
         1,2020090418,   -7.887, -999.000,   -7.887, -999.000, -999.000,   -7.869, -999.000,   -7.869, -999.000, -999.000,    4.487, -999.000,    4.487, -999.000, -999.000,    4.487, -999.000,    4.487, -999.000, -999.000,
         1,2020090412,   -8.902, -999.000,   -8.902, -999.000, -999.000,   -8.900, -999.000,   -8.900, -999.000, -999.000,    4.729, -999.000,    4.729, -999.000, -999.000,    4.729, -999.000,    4.729, -999.000, -999.000,
         1,2020090406,   -8.347, -999.000,   -8.347, -999.000, -999.000,   -8.315, -999.000,   -8.315, -999.000, -999.000,    4.470, -999.000,    4.470, -999.000, -999.000,    4.470, -999.000,    4.470, -999.000, -999.000,
         1,2020090400,   -7.504, -999.000,   -7.504, -999.000, -999.000,   -7.519, -999.000,   -7.519, -999.000, -999.000,    4.389, -999.000,    4.389, -999.000, -999.000,    4.389, -999.000,    4.389, -999.000, -999.000,
         1,2020090318,   -7.184, -999.000,   -7.184, -999.000, -999.000,   -7.183, -999.000,   -7.183, -999.000, -999.000,    4.499, -999.000,    4.499, -999.000, -999.000,    4.499, -999.000,    4.499, -999.000, -999.000,
         1,2020090312,   -8.809, -999.000,   -8.809, -999.000, -999.000,   -8.773, -999.000,   -8.773, -999.000, -999.000,    4.345, -999.000,    4.345, -999.000, -999.000,    4.345, -999.000,    4.345, -999.000, -999.000,
         1,2020090306,   -7.699, -999.000,   -7.699, -999.000, -999.000,   -7.712, -999.000,   -7.712, -999.000, -999.000,    4.217, -999.000,    4.217, -999.000, -999.000,    4.217, -999.000,    4.217, -999.000, -999.000,
         1,2020090300,   -7.067, -999.000,   -7.067, -999.000, -999.000,   -7.075, -999.000,   -7.075, -999.000, -999.000,    4.294, -999.000,    4.294, -999.000, -999.000,    4.294, -999.000,    4.294, -999.000, -999.000,
         1,2020090218,   -6.557, -999.000,   -6.557, -999.000, -999.000,   -6.581, -999.000,   -6.581, -999.000, -999.000,    4.190, -999.000,    4.190, -999.000, -999.000,    4.190, -999.000,    4.190, -999.000, -999.000,
         1,2020090212,   -8.342, -999.000,   -8.342, -999.000, -999.000,   -8.300, -999.000,   -8.300, -999.000, -999.000,    4.652, -999.000,    4.652, -999.000, -999.000,    4.652, -999.000,    4.652, -999.000, -999.000,
         1,2020090206,   -7.332, -999.000,   -7.332, -999.000, -999.000,   -7.327, -999.000,   -7.327, -999.000, -999.000,    4.572, -999.000,    4.572, -999.000, -999.000,    4.572, -999.000,    4.572, -999.000, -999.000,
         1,2020090200,   -6.639, -999.000,   -6.639, -999.000, -999.000,   -6.607, -999.000,   -6.607, -999.000, -999.000,    4.402, -999.000,    4.402, -999.000, -999.000,    4.402, -999.000,    4.402, -999.000, -999.000,
         1,2020090118,   -6.191, -999.000,   -6.191, -999.000, -999.000,   -6.206, -999.000,   -6.206, -999.000, -999.000,    4.151, -999.000,    4.151, -999.000, -999.000,    4.151, -999.000,    4.151, -999.000, -999.000,
         1,2020090112,   -7.922, -999.000,   -7.922, -999.000, -999.000,   -7.897, -999.000,   -7.897, -999.000, -999.000,    4.436, -999.000,    4.436, -999.000, -999.000,    4.436, -999.000,    4.436, -999.000, -999.000,
         1,2020090106,   -7.479, -999.000,   -7.479, -999.000, -999.000,   -7.546, -999.000,   -7.546, -999.000, -999.000,    4.445, -999.000,    4.445, -999.000, -999.000,    4.445, -999.000,    4.445, -999.000, -999.000,
         1,2020090100,   -6.362, -999.000,   -6.362, -999.000, -999.000,   -6.366, -999.000,   -6.366, -999.000, -999.000,    4.474, -999.000,    4.474, -999.000, -999.000,    4.474, -999.000,    4.474, -999.000, -999.000,
         1,2020083118,   -6.173, -999.000,   -6.173, -999.000, -999.000,   -6.187, -999.000,   -6.187, -999.000, -999.000,    4.272, -999.000,    4.272, -999.000, -999.000,    4.272, -999.000,    4.272, -999.000, -999.000,
         1,2020083112,   -7.796, -999.000,   -7.796, -999.000, -999.000,   -7.791, -999.000,   -7.791, -999.000, -999.000,    4.463, -999.000,    4.463, -999.000, -999.000,    4.463, -999.000,    4.463, -999.000, -999.000,
         1,2020083106,   -7.118, -999.000,   -7.118, -999.000, -999.000,   -7.137, -999.000,   -7.137, -999.000, -999.000,    4.542, -999.000,    4.542, -999.000, -999.000,    4.542, -999.000,    4.542, -999.000, -999.000,
         1,2020083100,   -6.603, -999.000,   -6.603, -999.000, -999.000,   -6.577, -999.000,   -6.577, -999.000, -999.000,    4.680, -999.000,    4.680, -999.000, -999.000,    4.680, -999.000,    4.680, -999.000, -999.000,
         1,2020083018,   -6.211, -999.000,   -6.211, -999.000, -999.000,   -6.219, -999.000,   -6.219, -999.000, -999.000,    4.424, -999.000,    4.424, -999.000, -999.000,    4.424, -999.000,    4.424, -999.000, -999.000,
         1,2020083012,   -8.031, -999.000,   -8.031, -999.000, -999.000,   -8.044, -999.000,   -8.044, -999.000, -999.000,    4.599, -999.000,    4.599, -999.000, -999.000,    4.599, -999.000,    4.599, -999.000, -999.000,
         1,2020083006,   -6.792, -999.000,   -6.792, -999.000, -999.000,   -6.799, -999.000,   -6.799, -999.000, -999.000,    4.493, -999.000,    4.493, -999.000, -999.000,    4.493, -999.000,    4.493, -999.000, -999.000,
         1,2020083000,   -6.453, -999.000,   -6.453, -999.000, -999.000,   -6.469, -999.000,   -6.469, -999.000, -999.000,    4.729, -999.000,    4.729, -999.000, -999.000,    4.729, -999.000,    4.729, -999.000, -999.000,
