         7,2020092000,    2.247, -999.000,    2.247, -999.000, -999.000,    2.256, -999.000,    2.256, -999.000, -999.000,    2.721, -999.000,    2.721, -999.000, -999.000,    2.721, -999.000,    2.721, -999.000, -999.000,
         7,2020091918,    2.773, -999.000,    2.773, -999.000, -999.000,    2.771, -999.000,    2.771, -999.000, -999.000,    3.150, -999.000,    3.150, -999.000, -999.000,    3.150, -999.000,    3.150, -999.000, -999.000,
         7,2020091912,    3.874, -999.000,    3.874, -999.000, -999.000,    3.877, -999.000,    3.877, -999.000, -999.000,    3.446, -999.000,    3.446, -999.000, -999.000,    3.446, -999.000,    3.446, -999.000, -999.000,
         7,2020091906,    3.067, -999.000,    3.067, -999.000, -999.000,    3.062, -999.000,    3.062, -999.000, -999.000,    2.972, -999.000,    2.972, -999.000, -999.000,    2.972, -999.000,    2.972, -999.000, -999.000,
         7,2020091900,    2.405, -999.000,    2.405, -999.000, -999.000,    2.393, -999.000,    2.393, -999.000, -999.000,    2.650, -999.000,    2.650, -999.000, -999.000,    2.650, -999.000,    2.650, -999.000, -999.000,
         7,2020091818,    2.661, -999.000,    2.661, -999.000, -999.000,    2.657, -999.000,    2.657, -999.000, -999.000,    2.876, -999.000,    2.876, -999.000, -999.000,    2.876, -999.000,    2.876, -999.000, -999.000,
         7,2020091812,    3.501, -999.000,    3.501, -999.000, -999.000,    3.505, -999.000,    3.505, -999.000, -999.000,    3.181, -999.000,    3.181, -999.000, -999.000,    3.181, -999.000,    3.181, -999.000, -999.000,
         7,2020091806,    3.008, -999.000,    3.008, -999.000, -999.000,    2.998, -999.000,    2.998, -999.000, -999.000,    3.004, -999.000,    3.004, -999.000, -999.000,    3.004, -999.000,    3.004, -999.000, -999.000,
         7,2020091800,    2.723, -999.000,    2.723, -999.000, -999.000,    2.736, -999.000,    2.736, -999.000, -999.000,    2.898, -999.000,    2.898, -999.000, -999.000,    2.898, -999.000,    2.898, -999.000, -999.000,
         7,2020091718,    2.881, -999.000,    2.881, -999.000, -999.000,    2.879, -999.000,    2.879, -999.000, -999.000,    2.928, -999.000,    2.928, -999.000, -999.000,    2.928, -999.000,    2.928, -999.000, -999.000,
         7,2020091712,    3.803, -999.000,    3.803, -999.000, -999.000,    3.804, -999.000,    3.804, -999.000, -999.000,    3.418, -999.000,    3.418, -999.000, -999.000,    3.418, -999.000,    3.418, -999.000, -999.000,
         7,2020091706,    3.278, -999.000,    3.278, -999.000, -999.000,    3.275, -999.000,    3.275, -999.000, -999.000,    3.256, -999.000,    3.256, -999.000, -999.000,    3.256, -999.000,    3.256, -999.000, -999.000,
         7,2020091700,    2.772, -999.000,    2.772, -999.000, -999.000,    2.765, -999.000,    2.765, -999.000, -999.000,    2.931, -999.000,    2.931, -999.000, -999.000,    2.931, -999.000,    2.931, -999.000, -999.000,
         7,2020091618,    3.141, -999.000,    3.141, -999.000, -999.000,    3.138, -999.000,    3.138, -999.000, -999.000,    3.128, -999.000,    3.128, -999.000, -999.000,    3.128, -999.000,    3.128, -999.000, -999.000,
         7,2020091612,    3.539, -999.000,    3.539, -999.000, -999.000,    3.547, -999.000,    3.547, -999.000, -999.000,    3.321, -999.000,    3.321, -999.000, -999.000,    3.321, -999.000,    3.321, -999.000, -999.000,
         7,2020091606,    3.567, -999.000,    3.567, -999.000, -999.000,    3.572, -999.000,    3.572, -999.000, -999.000,    3.423, -999.000,    3.423, -999.000, -999.000,    3.423, -999.000,    3.423, -999.000, -999.000,
         7,2020091600,    3.047, -999.000,    3.047, -999.000, -999.000,    3.046, -999.000,    3.046, -999.000, -999.000,    3.089, -999.000,    3.089, -999.000, -999.000,    3.089, -999.000,    3.089, -999.000, -999.000,
         7,2020091518,    3.080, -999.000,    3.080, -999.000, -999.000,    3.082, -999.000,    3.082, -999.000, -999.000,    3.177, -999.000,    3.177, -999.000, -999.000,    3.177, -999.000,    3.177, -999.000, -999.000,
         7,2020091512,    3.525, -999.000,    3.525, -999.000, -999.000,    3.545, -999.000,    3.545, -999.000, -999.000,    3.315, -999.000,    3.315, -999.000, -999.000,    3.315, -999.000,    3.315, -999.000, -999.000,
         7,2020091506,    3.619, -999.000,    3.619, -999.000, -999.000,    3.621, -999.000,    3.621, -999.000, -999.000,    3.291, -999.000,    3.291, -999.000, -999.000,    3.291, -999.000,    3.291, -999.000, -999.000,
         7,2020091500,    3.145, -999.000,    3.145, -999.000, -999.000,    3.128, -999.000,    3.128, -999.000, -999.000,    3.151, -999.000,    3.151, -999.000, -999.000,    3.151, -999.000,    3.151, -999.000, -999.000,
         7,2020091418,    3.357, -999.000,    3.357, -999.000, -999.000,    3.361, -999.000,    3.361, -999.000, -999.000,    3.344, -999.000,    3.344, -999.000, -999.000,    3.344, -999.000,    3.344, -999.000, -999.000,
         7,2020091412,    3.687, -999.000,    3.687, -999.000, -999.000,    3.684, -999.000,    3.684, -999.000, -999.000,    3.425, -999.000,    3.425, -999.000, -999.000,    3.425, -999.000,    3.425, -999.000, -999.000,
         7,2020091406,    3.848, -999.000,    3.848, -999.000, -999.000,    3.827, -999.000,    3.827, -999.000, -999.000,    3.514, -999.000,    3.514, -999.000, -999.000,    3.514, -999.000,    3.514, -999.000, -999.000,
         7,2020091400,    3.147, -999.000,    3.147, -999.000, -999.000,    3.161, -999.000,    3.161, -999.000, -999.000,    3.137, -999.000,    3.137, -999.000, -999.000,    3.137, -999.000,    3.137, -999.000, -999.000,
         7,2020091318,    3.036, -999.000,    3.036, -999.000, -999.000,    3.036, -999.000,    3.036, -999.000, -999.000,    3.127, -999.000,    3.127, -999.000, -999.000,    3.127, -999.000,    3.127, -999.000, -999.000,
         7,2020091312,    3.509, -999.000,    3.509, -999.000, -999.000,    3.518, -999.000,    3.518, -999.000, -999.000,    3.228, -999.000,    3.228, -999.000, -999.000,    3.228, -999.000,    3.228, -999.000, -999.000,
         7,2020091306,    3.382, -999.000,    3.382, -999.000, -999.000,    3.403, -999.000,    3.403, -999.000, -999.000,    3.217, -999.000,    3.217, -999.000, -999.000,    3.217, -999.000,    3.217, -999.000, -999.000,
         7,2020091300,    2.820, -999.000,    2.820, -999.000, -999.000,    2.800, -999.000,    2.800, -999.000, -999.000,    2.959, -999.000,    2.959, -999.000, -999.000,    2.959, -999.000,    2.959, -999.000, -999.000,
         7,2020091218,    3.097, -999.000,    3.097, -999.000, -999.000,    3.092, -999.000,    3.092, -999.000, -999.000,    3.003, -999.000,    3.003, -999.000, -999.000,    3.003, -999.000,    3.003, -999.000, -999.000,
         7,2020091212,    3.876, -999.000,    3.876, -999.000, -999.000,    3.873, -999.000,    3.873, -999.000, -999.000,    3.319, -999.000,    3.319, -999.000, -999.000,    3.319, -999.000,    3.319, -999.000, -999.000,
         7,2020091206,    3.315, -999.000,    3.315, -999.000, -999.000,    3.317, -999.000,    3.317, -999.000, -999.000,    3.106, -999.000,    3.106, -999.000, -999.000,    3.106, -999.000,    3.106, -999.000, -999.000,
         7,2020091200,    2.857, -999.000,    2.857, -999.000, -999.000,    2.854, -999.000,    2.854, -999.000, -999.000,    2.846, -999.000,    2.846, -999.000, -999.000,    2.846, -999.000,    2.846, -999.000, -999.000,
         7,2020091118,    3.142, -999.000,    3.142, -999.000, -999.000,    3.139, -999.000,    3.139, -999.000, -999.000,    3.189, -999.000,    3.189, -999.000, -999.000,    3.189, -999.000,    3.189, -999.000, -999.000,
         7,2020091112,    4.076, -999.000,    4.076, -999.000, -999.000,    4.075, -999.000,    4.075, -999.000, -999.000,    3.525, -999.000,    3.525, -999.000, -999.000,    3.525, -999.000,    3.525, -999.000, -999.000,
         7,2020091106,    3.648, -999.000,    3.648, -999.000, -999.000,    3.648, -999.000,    3.648, -999.000, -999.000,    3.330, -999.000,    3.330, -999.000, -999.000,    3.330, -999.000,    3.330, -999.000, -999.000,
         7,2020091100,    2.860, -999.000,    2.860, -999.000, -999.000,    2.873, -999.000,    2.873, -999.000, -999.000,    2.872, -999.000,    2.872, -999.000, -999.000,    2.872, -999.000,    2.872, -999.000, -999.000,
         7,2020091018,    2.750, -999.000,    2.750, -999.000, -999.000,    2.753, -999.000,    2.753, -999.000, -999.000,    2.725, -999.000,    2.725, -999.000, -999.000,    2.725, -999.000,    2.725, -999.000, -999.000,
         7,2020091012,    3.778, -999.000,    3.778, -999.000, -999.000,    3.770, -999.000,    3.770, -999.000, -999.000,    3.251, -999.000,    3.251, -999.000, -999.000,    3.251, -999.000,    3.251, -999.000, -999.000,
         7,2020091006,    3.742, -999.000,    3.742, -999.000, -999.000,    3.737, -999.000,    3.737, -999.000, -999.000,    3.116, -999.000,    3.116, -999.000, -999.000,    3.116, -999.000,    3.116, -999.000, -999.000,
         7,2020091000,    3.100, -999.000,    3.100, -999.000, -999.000,    3.103, -999.000,    3.103, -999.000, -999.000,    2.860, -999.000,    2.860, -999.000, -999.000,    2.860, -999.000,    2.860, -999.000, -999.000,
         7,2020090918,    3.205, -999.000,    3.205, -999.000, -999.000,    3.203, -999.000,    3.203, -999.000, -999.000,    2.879, -999.000,    2.879, -999.000, -999.000,    2.879, -999.000,    2.879, -999.000, -999.000,
         7,2020090912,    3.872, -999.000,    3.872, -999.000, -999.000,    3.870, -999.000,    3.870, -999.000, -999.000,    3.092, -999.000,    3.092, -999.000, -999.000,    3.092, -999.000,    3.092, -999.000, -999.000,
         7,2020090906,    3.419, -999.000,    3.419, -999.000, -999.000,    3.421, -999.000,    3.421, -999.000, -999.000,    2.943, -999.000,    2.943, -999.000, -999.000,    2.943, -999.000,    2.943, -999.000, -999.000,
         7,2020090900,    3.128, -999.000,    3.128, -999.000, -999.000,    3.131, -999.000,    3.131, -999.000, -999.000,    2.854, -999.000,    2.854, -999.000, -999.000,    2.854, -999.000,    2.854, -999.000, -999.000,
         7,2020090818,    3.072, -999.000,    3.072, -999.000, -999.000,    3.056, -999.000,    3.056, -999.000, -999.000,    3.007, -999.000,    3.007, -999.000, -999.000,    3.007, -999.000,    3.007, -999.000, -999.000,
         7,2020090812,    3.815, -999.000,    3.815, -999.000, -999.000,    3.815, -999.000,    3.815, -999.000, -999.000,    3.186, -999.000,    3.186, -999.000, -999.000,    3.186, -999.000,    3.186, -999.000, -999.000,
         7,2020090806,    3.325, -999.000,    3.325, -999.000, -999.000,    3.320, -999.000,    3.320, -999.000, -999.000,    3.116, -999.000,    3.116, -999.000, -999.000,    3.116, -999.000,    3.116, -999.000, -999.000,
         7,2020090800,    2.719, -999.000,    2.719, -999.000, -999.000,    2.703, -999.000,    2.703, -999.000, -999.000,    2.498, -999.000,    2.498, -999.000, -999.000,    2.498, -999.000,    2.498, -999.000, -999.000,
         7,2020090718,    2.884, -999.000,    2.884, -999.000, -999.000,    2.882, -999.000,    2.882, -999.000, -999.000,    2.822, -999.000,    2.822, -999.000, -999.000,    2.822, -999.000,    2.822, -999.000, -999.000,
         7,2020090712,    3.892, -999.000,    3.892, -999.000, -999.000,    3.887, -999.000,    3.887, -999.000, -999.000,    3.252, -999.000,    3.252, -999.000, -999.000,    3.252, -999.000,    3.252, -999.000, -999.000,
         7,2020090706,    3.601, -999.000,    3.601, -999.000, -999.000,    3.595, -999.000,    3.595, -999.000, -999.000,    3.223, -999.000,    3.223, -999.000, -999.000,    3.223, -999.000,    3.223, -999.000, -999.000,
         7,2020090700,    3.027, -999.000,    3.027, -999.000, -999.000,    3.022, -999.000,    3.022, -999.000, -999.000,    2.781, -999.000,    2.781, -999.000, -999.000,    2.781, -999.000,    2.781, -999.000, -999.000,
         7,2020090618,    3.266, -999.000,    3.266, -999.000, -999.000,    3.266, -999.000,    3.266, -999.000, -999.000,    2.964, -999.000,    2.964, -999.000, -999.000,    2.964, -999.000,    2.964, -999.000, -999.000,
         7,2020090612,    4.246, -999.000,    4.246, -999.000, -999.000,    4.250, -999.000,    4.250, -999.000, -999.000,    3.344, -999.000,    3.344, -999.000, -999.000,    3.344, -999.000,    3.344, -999.000, -999.000,
         7,2020090606,    3.857, -999.000,    3.857, -999.000, -999.000,    3.858, -999.000,    3.858, -999.000, -999.000,    3.230, -999.000,    3.230, -999.000, -999.000,    3.230, -999.000,    3.230, -999.000, -999.000,
         7,2020090600,    3.332, -999.000,    3.332, -999.000, -999.000,    3.336, -999.000,    3.336, -999.000, -999.000,    2.919, -999.000,    2.919, -999.000, -999.000,    2.919, -999.000,    2.919, -999.000, -999.000,
         7,2020090518,    3.773, -999.000,    3.773, -999.000, -999.000,    3.760, -999.000,    3.760, -999.000, -999.000,    2.953, -999.000,    2.953, -999.000, -999.000,    2.953, -999.000,    2.953, -999.000, -999.000,
         7,2020090512,    4.396, -999.000,    4.396, -999.000, -999.000,    4.396, -999.000,    4.396, -999.000, -999.000,    3.458, -999.000,    3.458, -999.000, -999.000,    3.458, -999.000,    3.458, -999.000, -999.000,
         7,2020090506,    3.517, -999.000,    3.517, -999.000, -999.000,    3.507, -999.000,    3.507, -999.000, -999.000,    2.970, -999.000,    2.970, -999.000, -999.000,    2.970, -999.000,    2.970, -999.000, -999.000,
         7,2020090500,    3.410, -999.000,    3.410, -999.000, -999.000,    3.418, -999.000,    3.418, -999.000, -999.000,    2.812, -999.000,    2.812, -999.000, -999.000,    2.812, -999.000,    2.812, -999.000, -999.000,
         7,2020090418,    3.819, -999.000,    3.819, -999.000, -999.000,    3.808, -999.000,    3.808, -999.000, -999.000,    3.183, -999.000,    3.183, -999.000, -999.000,    3.183, -999.000,    3.183, -999.000, -999.000,
         7,2020090412,    4.287, -999.000,    4.287, -999.000, -999.000,    4.285, -999.000,    4.285, -999.000, -999.000,    3.551, -999.000,    3.551, -999.000, -999.000,    3.551, -999.000,    3.551, -999.000, -999.000,
         7,2020090406,    3.900, -999.000,    3.900, -999.000, -999.000,    3.902, -999.000,    3.902, -999.000, -999.000,    3.144, -999.000,    3.144, -999.000, -999.000,    3.144, -999.000,    3.144, -999.000, -999.000,
         7,2020090400,    3.418, -999.000,    3.418, -999.000, -999.000,    3.423, -999.000,    3.423, -999.000, -999.000,    2.910, -999.000,    2.910, -999.000, -999.000,    2.910, -999.000,    2.910, -999.000, -999.000,
         7,2020090318,    3.451, -999.000,    3.451, -999.000, -999.000,    3.446, -999.000,    3.446, -999.000, -999.000,    3.191, -999.000,    3.191, -999.000, -999.000,    3.191, -999.000,    3.191, -999.000, -999.000,
         7,2020090312,    4.074, -999.000,    4.074, -999.000, -999.000,    4.067, -999.000,    4.067, -999.000, -999.000,    3.223, -999.000,    3.223, -999.000, -999.000,    3.223, -999.000,    3.223, -999.000, -999.000,
         7,2020090306,    3.419, -999.000,    3.419, -999.000, -999.000,    3.404, -999.000,    3.404, -999.000, -999.000,    2.873, -999.000,    2.873, -999.000, -999.000,    2.873, -999.000,    2.873, -999.000, -999.000,
         7,2020090300,    3.019, -999.000,    3.019, -999.000, -999.000,    3.036, -999.000,    3.036, -999.000, -999.000,    2.813, -999.000,    2.813, -999.000, -999.000,    2.813, -999.000,    2.813, -999.000, -999.000,
         7,2020090218,    2.881, -999.000,    2.881, -999.000, -999.000,    2.892, -999.000,    2.892, -999.000, -999.000,    2.803, -999.000,    2.803, -999.000, -999.000,    2.803, -999.000,    2.803, -999.000, -999.000,
         7,2020090212,    3.809, -999.000,    3.809, -999.000, -999.000,    3.816, -999.000,    3.816, -999.000, -999.000,    3.361, -999.000,    3.361, -999.000, -999.000,    3.361, -999.000,    3.361, -999.000, -999.000,
         7,2020090206,    3.293, -999.000,    3.293, -999.000, -999.000,    3.282, -999.000,    3.282, -999.000, -999.000,    3.135, -999.000,    3.135, -999.000, -999.000,    3.135, -999.000,    3.135, -999.000, -999.000,
         7,2020090200,    2.945, -999.000,    2.945, -999.000, -999.000,    2.937, -999.000,    2.937, -999.000, -999.000,    2.912, -999.000,    2.912, -999.000, -999.000,    2.912, -999.000,    2.912, -999.000, -999.000,
         7,2020090118,    2.779, -999.000,    2.779, -999.000, -999.000,    2.778, -999.000,    2.778, -999.000, -999.000,    2.771, -999.000,    2.771, -999.000, -999.000,    2.771, -999.000,    2.771, -999.000, -999.000,
         7,2020090112,    3.436, -999.000,    3.436, -999.000, -999.000,    3.438, -999.000,    3.438, -999.000, -999.000,    3.169, -999.000,    3.169, -999.000, -999.000,    3.169, -999.000,    3.169, -999.000, -999.000,
         7,2020090106,    3.312, -999.000,    3.312, -999.000, -999.000,    3.299, -999.000,    3.299, -999.000, -999.000,    3.087, -999.000,    3.087, -999.000, -999.000,    3.087, -999.000,    3.087, -999.000, -999.000,
         7,2020090100,    2.868, -999.000,    2.868, -999.000, -999.000,    2.865, -999.000,    2.865, -999.000, -999.000,    2.897, -999.000,    2.897, -999.000, -999.000,    2.897, -999.000,    2.897, -999.000, -999.000,
         7,2020083118,    3.027, -999.000,    3.027, -999.000, -999.000,    3.026, -999.000,    3.026, -999.000, -999.000,    3.107, -999.000,    3.107, -999.000, -999.000,    3.107, -999.000,    3.107, -999.000, -999.000,
         7,2020083112,    3.472, -999.000,    3.472, -999.000, -999.000,    3.464, -999.000,    3.464, -999.000, -999.000,    3.258, -999.000,    3.258, -999.000, -999.000,    3.258, -999.000,    3.258, -999.000, -999.000,
         7,2020083106,    3.426, -999.000,    3.426, -999.000, -999.000,    3.388, -999.000,    3.388, -999.000, -999.000,    3.353, -999.000,    3.353, -999.000, -999.000,    3.353, -999.000,    3.353, -999.000, -999.000,
         7,2020083100,    3.150, -999.000,    3.150, -999.000, -999.000,    3.129, -999.000,    3.129, -999.000, -999.000,    3.115, -999.000,    3.115, -999.000, -999.000,    3.115, -999.000,    3.115, -999.000, -999.000,
         7,2020083018,    3.208, -999.000,    3.208, -999.000, -999.000,    3.189, -999.000,    3.189, -999.000, -999.000,    3.295, -999.000,    3.295, -999.000, -999.000,    3.295, -999.000,    3.295, -999.000, -999.000,
         7,2020083012,    3.701, -999.000,    3.701, -999.000, -999.000,    3.703, -999.000,    3.703, -999.000, -999.000,    3.388, -999.000,    3.388, -999.000, -999.000,    3.388, -999.000,    3.388, -999.000, -999.000,
         7,2020083006,    3.200, -999.000,    3.200, -999.000, -999.000,    3.193, -999.000,    3.193, -999.000, -999.000,    3.235, -999.000,    3.235, -999.000, -999.000,    3.235, -999.000,    3.235, -999.000, -999.000,
         7,2020083000,    2.932, -999.000,    2.932, -999.000, -999.000,    2.921, -999.000,    2.921, -999.000, -999.000,    3.070, -999.000,    3.070, -999.000, -999.000,    3.070, -999.000,    3.070, -999.000, -999.000,
