         2,2020092000,    0.034,    0.024,    0.036,    0.047, -999.000,    0.034,    0.023,    0.036,    0.046, -999.000,    0.033,    0.026,    0.030,    0.054, -999.000,    0.033,    0.026,    0.030,    0.055, -999.000,
         2,2020091918,    0.041,    0.045,    0.038,    0.058, -999.000,    0.041,    0.045,    0.038,    0.057, -999.000,    0.036,    0.033,    0.028,    0.073, -999.000,    0.036,    0.034,    0.028,    0.076, -999.000,
         2,2020091912,    0.037,    0.029,    0.035,    0.066, -999.000,    0.037,    0.028,    0.035,    0.066, -999.000,    0.037,    0.026,    0.031,    0.068, -999.000,    0.037,    0.026,    0.031,    0.068, -999.000,
         2,2020091906,    0.037,    0.029,    0.039,    0.038, -999.000,    0.038,    0.028,    0.039,    0.041, -999.000,    0.032,    0.024,    0.028,    0.059, -999.000,    0.032,    0.025,    0.028,    0.057, -999.000,
         2,2020091900,    0.034,    0.021,    0.037,    0.040, -999.000,    0.035,    0.021,    0.037,    0.041, -999.000,    0.034,    0.024,    0.032,    0.053, -999.000,    0.034,    0.024,    0.032,    0.053, -999.000,
         2,2020091818,    0.040,    0.040,    0.038,    0.054, -999.000,    0.040,    0.039,    0.038,    0.053, -999.000,    0.035,    0.030,    0.028,    0.072, -999.000,    0.035,    0.031,    0.028,    0.074, -999.000,
         2,2020091812,    0.038,    0.028,    0.038,    0.060, -999.000,    0.038,    0.027,    0.038,    0.061, -999.000,    0.037,    0.029,    0.030,    0.071, -999.000,    0.037,    0.030,    0.030,    0.069, -999.000,
         2,2020091806,    0.035,    0.028,    0.036,    0.039, -999.000,    0.035,    0.028,    0.036,    0.038, -999.000,    0.032,    0.025,    0.029,    0.056, -999.000,    0.032,    0.025,    0.029,    0.058, -999.000,
         2,2020091800,    0.036,    0.022,    0.039,    0.046, -999.000,    0.036,    0.022,    0.039,    0.048, -999.000,    0.033,    0.024,    0.028,    0.059, -999.000,    0.033,    0.024,    0.028,    0.057, -999.000,
         2,2020091718,    0.040,    0.041,    0.038,    0.053, -999.000,    0.040,    0.041,    0.038,    0.052, -999.000,    0.035,    0.032,    0.029,    0.063, -999.000,    0.035,    0.033,    0.029,    0.065, -999.000,
         2,2020091712,    0.038,    0.026,    0.037,    0.064, -999.000,    0.038,    0.026,    0.037,    0.065, -999.000,    0.034,    0.027,    0.028,    0.065, -999.000,    0.034,    0.028,    0.028,    0.064, -999.000,
         2,2020091706,    0.034,    0.029,    0.035,    0.036, -999.000,    0.034,    0.030,    0.035,    0.036, -999.000,    0.030,    0.024,    0.028,    0.046, -999.000,    0.030,    0.024,    0.028,    0.048, -999.000,
         2,2020091700,    0.037,    0.024,    0.040,    0.046, -999.000,    0.037,    0.023,    0.040,    0.048, -999.000,    0.032,    0.025,    0.030,    0.047, -999.000,    0.032,    0.025,    0.030,    0.045, -999.000,
         2,2020091618,    0.039,    0.039,    0.037,    0.056, -999.000,    0.039,    0.038,    0.038,    0.056, -999.000,    0.036,    0.029,    0.030,    0.068, -999.000,    0.036,    0.030,    0.030,    0.068, -999.000,
         2,2020091612,    0.040,    0.027,    0.040,    0.074, -999.000,    0.040,    0.027,    0.040,    0.074, -999.000,    0.035,    0.025,    0.029,    0.065, -999.000,    0.035,    0.026,    0.029,    0.065, -999.000,
         2,2020091606,    0.035,    0.029,    0.035,    0.043, -999.000,    0.035,    0.028,    0.035,    0.044, -999.000,    0.030,    0.023,    0.027,    0.055, -999.000,    0.030,    0.023,    0.027,    0.054, -999.000,
         2,2020091600,    0.037,    0.024,    0.039,    0.057, -999.000,    0.037,    0.025,    0.039,    0.059, -999.000,    0.034,    0.025,    0.030,    0.060, -999.000,    0.034,    0.025,    0.030,    0.061, -999.000,
         2,2020091518,    0.039,    0.039,    0.037,    0.052, -999.000,    0.039,    0.039,    0.037,    0.051, -999.000,    0.035,    0.031,    0.028,    0.064, -999.000,    0.035,    0.032,    0.028,    0.065, -999.000,
         2,2020091512,    0.042,    0.028,    0.042,    0.082, -999.000,    0.042,    0.028,    0.042,    0.082, -999.000,    0.039,    0.027,    0.031,    0.078, -999.000,    0.039,    0.027,    0.031,    0.079, -999.000,
         2,2020091506,    0.037,    0.029,    0.038,    0.047, -999.000,    0.037,    0.028,    0.038,    0.045, -999.000,    0.034,    0.024,    0.029,    0.062, -999.000,    0.034,    0.024,    0.029,    0.065, -999.000,
         2,2020091500,    0.037,    0.030,    0.039,    0.046, -999.000,    0.037,    0.030,    0.039,    0.044, -999.000,    0.035,    0.029,    0.032,    0.058, -999.000,    0.035,    0.029,    0.032,    0.059, -999.000,
         2,2020091418,    0.040,    0.032,    0.040,    0.049, -999.000,    0.040,    0.031,    0.041,    0.049, -999.000,    0.034,    0.029,    0.030,    0.060, -999.000,    0.034,    0.031,    0.030,    0.061, -999.000,
         2,2020091412,    0.039,    0.027,    0.040,    0.067, -999.000,    0.039,    0.027,    0.039,    0.067, -999.000,    0.037,    0.027,    0.032,    0.075, -999.000,    0.037,    0.028,    0.032,    0.075, -999.000,
         2,2020091406,    0.038,    0.028,    0.040,    0.042, -999.000,    0.038,    0.028,    0.039,    0.043, -999.000,    0.032,    0.026,    0.029,    0.056, -999.000,    0.032,    0.026,    0.029,    0.056, -999.000,
         2,2020091400,    0.034,    0.029,    0.035,    0.041, -999.000,    0.034,    0.029,    0.035,    0.040, -999.000,    0.032,    0.030,    0.029,    0.049, -999.000,    0.032,    0.030,    0.029,    0.050, -999.000,
         2,2020091318,    0.041,    0.032,    0.041,    0.055, -999.000,    0.041,    0.031,    0.041,    0.053, -999.000,    0.034,    0.030,    0.030,    0.055, -999.000,    0.034,    0.031,    0.030,    0.056, -999.000,
         2,2020091312,    0.038,    0.027,    0.039,    0.064, -999.000,    0.038,    0.027,    0.039,    0.063, -999.000,    0.034,    0.028,    0.030,    0.061, -999.000,    0.034,    0.028,    0.030,    0.062, -999.000,
         2,2020091306,    0.036,    0.029,    0.039,    0.037, -999.000,    0.036,    0.029,    0.038,    0.038, -999.000,    0.031,    0.026,    0.029,    0.049, -999.000,    0.031,    0.025,    0.029,    0.048, -999.000,
         2,2020091300,    0.035,    0.027,    0.036,    0.048, -999.000,    0.035,    0.027,    0.036,    0.047, -999.000,    0.032,    0.030,    0.028,    0.051, -999.000,    0.032,    0.029,    0.028,    0.053, -999.000,
         2,2020091218,    0.042,    0.036,    0.041,    0.058, -999.000,    0.042,    0.035,    0.041,    0.058, -999.000,    0.036,    0.032,    0.031,    0.066, -999.000,    0.036,    0.033,    0.031,    0.066, -999.000,
         2,2020091212,    0.040,    0.028,    0.042,    0.062, -999.000,    0.040,    0.027,    0.042,    0.061, -999.000,    0.039,    0.029,    0.034,    0.067, -999.000,    0.039,    0.029,    0.034,    0.070, -999.000,
         2,2020091206,    0.036,    0.031,    0.038,    0.040, -999.000,    0.037,    0.030,    0.038,    0.041, -999.000,    0.032,    0.026,    0.028,    0.056, -999.000,    0.032,    0.026,    0.028,    0.055, -999.000,
         2,2020091200,    0.040,    0.026,    0.043,    0.052, -999.000,    0.040,    0.025,    0.044,    0.051, -999.000,    0.037,    0.030,    0.034,    0.059, -999.000,    0.037,    0.030,    0.034,    0.059, -999.000,
         2,2020091118,    0.044,    0.037,    0.043,    0.056, -999.000,    0.043,    0.036,    0.043,    0.057, -999.000,    0.037,    0.034,    0.031,    0.071, -999.000,    0.037,    0.035,    0.031,    0.071, -999.000,
         2,2020091112,    0.043,    0.028,    0.044,    0.077, -999.000,    0.043,    0.028,    0.044,    0.075, -999.000,    0.039,    0.030,    0.033,    0.072, -999.000,    0.039,    0.030,    0.033,    0.074, -999.000,
         2,2020091106,    0.039,    0.028,    0.042,    0.038, -999.000,    0.039,    0.028,    0.041,    0.039, -999.000,    0.035,    0.026,    0.031,    0.064, -999.000,    0.035,    0.026,    0.031,    0.065, -999.000,
         2,2020091100,    0.039,    0.024,    0.042,    0.050, -999.000,    0.039,    0.024,    0.042,    0.049, -999.000,    0.038,    0.029,    0.034,    0.060, -999.000,    0.038,    0.028,    0.034,    0.061, -999.000,
         2,2020091018,    0.041,    0.035,    0.041,    0.060, -999.000,    0.041,    0.034,    0.041,    0.058, -999.000,    0.038,    0.036,    0.031,    0.074, -999.000,    0.038,    0.035,    0.031,    0.077, -999.000,
         2,2020091012,    0.048,    0.033,    0.048,    0.075, -999.000,    0.047,    0.033,    0.048,    0.073, -999.000,    0.040,    0.031,    0.033,    0.080, -999.000,    0.040,    0.031,    0.033,    0.081, -999.000,
         2,2020091006,    0.037,    0.034,    0.038,    0.038, -999.000,    0.038,    0.034,    0.038,    0.040, -999.000,    0.036,    0.030,    0.031,    0.066, -999.000,    0.036,    0.031,    0.031,    0.067, -999.000,
         2,2020091000,    0.040,    0.024,    0.045,    0.053, -999.000,    0.041,    0.023,    0.046,    0.054, -999.000,    0.036,    0.027,    0.033,    0.056, -999.000,    0.036,    0.028,    0.033,    0.056, -999.000,
         2,2020090918,    0.047,    0.044,    0.045,    0.065, -999.000,    0.046,    0.042,    0.045,    0.066, -999.000,    0.039,    0.034,    0.034,    0.068, -999.000,    0.039,    0.036,    0.034,    0.069, -999.000,
         2,2020090912,    0.045,    0.033,    0.046,    0.062, -999.000,    0.045,    0.033,    0.047,    0.061, -999.000,    0.038,    0.030,    0.033,    0.070, -999.000,    0.038,    0.031,    0.033,    0.071, -999.000,
         2,2020090906,    0.038,    0.033,    0.040,    0.037, -999.000,    0.038,    0.032,    0.039,    0.038, -999.000,    0.035,    0.028,    0.032,    0.060, -999.000,    0.035,    0.029,    0.032,    0.059, -999.000,
         2,2020090900,    0.043,    0.027,    0.048,    0.062, -999.000,    0.043,    0.027,    0.048,    0.059, -999.000,    0.037,    0.030,    0.035,    0.059, -999.000,    0.037,    0.029,    0.035,    0.059, -999.000,
         2,2020090818,    0.046,    0.045,    0.044,    0.061, -999.000,    0.046,    0.043,    0.044,    0.059, -999.000,    0.039,    0.033,    0.032,    0.075, -999.000,    0.039,    0.035,    0.032,    0.076, -999.000,
         2,2020090812,    0.045,    0.032,    0.046,    0.074, -999.000,    0.045,    0.031,    0.046,    0.073, -999.000,    0.040,    0.031,    0.034,    0.078, -999.000,    0.040,    0.031,    0.034,    0.079, -999.000,
         2,2020090806,    0.040,    0.031,    0.042,    0.038, -999.000,    0.040,    0.030,    0.042,    0.040, -999.000,    0.035,    0.026,    0.032,    0.063, -999.000,    0.035,    0.027,    0.032,    0.062, -999.000,
         2,2020090800,    0.043,    0.027,    0.048,    0.059, -999.000,    0.043,    0.027,    0.048,    0.059, -999.000,    0.038,    0.028,    0.035,    0.066, -999.000,    0.038,    0.028,    0.035,    0.066, -999.000,
         2,2020090718,    0.044,    0.041,    0.044,    0.049, -999.000,    0.043,    0.040,    0.043,    0.050, -999.000,    0.038,    0.033,    0.032,    0.079, -999.000,    0.038,    0.034,    0.032,    0.079, -999.000,
         2,2020090712,    0.048,    0.032,    0.050,    0.073, -999.000,    0.047,    0.032,    0.049,    0.071, -999.000,    0.041,    0.030,    0.036,    0.084, -999.000,    0.041,    0.031,    0.036,    0.084, -999.000,
         2,2020090706,    0.038,    0.030,    0.040,    0.037, -999.000,    0.038,    0.030,    0.040,    0.040, -999.000,    0.032,    0.026,    0.029,    0.062, -999.000,    0.032,    0.027,    0.029,    0.060, -999.000,
         2,2020090700,    0.044,    0.030,    0.048,    0.051, -999.000,    0.043,    0.030,    0.048,    0.049, -999.000,    0.038,    0.028,    0.036,    0.062, -999.000,    0.038,    0.029,    0.036,    0.065, -999.000,
         2,2020090618,    0.044,    0.035,    0.044,    0.059, -999.000,    0.044,    0.035,    0.044,    0.059, -999.000,    0.037,    0.032,    0.030,    0.077, -999.000,    0.037,    0.033,    0.030,    0.072, -999.000,
         2,2020090612,    0.047,    0.034,    0.049,    0.078, -999.000,    0.047,    0.033,    0.049,    0.076, -999.000,    0.041,    0.031,    0.036,    0.086, -999.000,    0.041,    0.032,    0.036,    0.088, -999.000,
         2,2020090606,    0.037,    0.033,    0.038,    0.034, -999.000,    0.036,    0.032,    0.038,    0.034, -999.000,    0.034,    0.028,    0.031,    0.054, -999.000,    0.034,    0.029,    0.031,    0.054, -999.000,
         2,2020090600,    0.042,    0.036,    0.043,    0.045, -999.000,    0.041,    0.034,    0.043,    0.044, -999.000,    0.036,    0.033,    0.034,    0.054, -999.000,    0.036,    0.034,    0.034,    0.056, -999.000,
         2,2020090518,    0.045,    0.041,    0.044,    0.058, -999.000,    0.045,    0.040,    0.044,    0.057, -999.000,    0.037,    0.035,    0.031,    0.068, -999.000,    0.037,    0.036,    0.031,    0.071, -999.000,
         2,2020090512,    0.042,    0.032,    0.045,    0.050, -999.000,    0.042,    0.031,    0.045,    0.050, -999.000,    0.035,    0.031,    0.032,    0.063, -999.000,    0.035,    0.031,    0.032,    0.064, -999.000,
         2,2020090506,    0.039,    0.033,    0.040,    0.042, -999.000,    0.038,    0.032,    0.040,    0.042, -999.000,    0.035,    0.028,    0.032,    0.062, -999.000,    0.035,    0.028,    0.032,    0.062, -999.000,
         2,2020090500,    0.040,    0.032,    0.044,    0.036, -999.000,    0.040,    0.032,    0.044,    0.038, -999.000,    0.034,    0.030,    0.033,    0.046, -999.000,    0.034,    0.030,    0.033,    0.043, -999.000,
         2,2020090418,    0.043,    0.040,    0.043,    0.057, -999.000,    0.043,    0.040,    0.043,    0.058, -999.000,    0.036,    0.035,    0.032,    0.071, -999.000,    0.036,    0.036,    0.032,    0.070, -999.000,
         2,2020090412,    0.042,    0.032,    0.045,    0.044, -999.000,    0.042,    0.032,    0.045,    0.044, -999.000,    0.037,    0.030,    0.034,    0.064, -999.000,    0.037,    0.031,    0.034,    0.065, -999.000,
         2,2020090406,    0.040,    0.034,    0.042,    0.038, -999.000,    0.040,    0.034,    0.042,    0.036, -999.000,    0.035,    0.027,    0.033,    0.055, -999.000,    0.035,    0.028,    0.033,    0.056, -999.000,
         2,2020090400,    0.039,    0.029,    0.043,    0.036, -999.000,    0.039,    0.029,    0.043,    0.036, -999.000,    0.036,    0.028,    0.036,    0.047, -999.000,    0.036,    0.028,    0.036,    0.047, -999.000,
         2,2020090318,    0.045,    0.043,    0.046,    0.044, -999.000,    0.045,    0.042,    0.046,    0.044, -999.000,    0.036,    0.034,    0.032,    0.064, -999.000,    0.036,    0.035,    0.032,    0.063, -999.000,
         2,2020090312,    0.043,    0.035,    0.046,    0.041, -999.000,    0.043,    0.035,    0.046,    0.044, -999.000,    0.037,    0.030,    0.036,    0.062, -999.000,    0.037,    0.030,    0.036,    0.060, -999.000,
         2,2020090306,    0.041,    0.029,    0.043,    0.044, -999.000,    0.041,    0.029,    0.043,    0.045, -999.000,    0.035,    0.026,    0.032,    0.067, -999.000,    0.035,    0.027,    0.032,    0.067, -999.000,
         2,2020090300,    0.040,    0.026,    0.045,    0.030, -999.000,    0.040,    0.026,    0.045,    0.033, -999.000,    0.035,    0.024,    0.035,    0.041, -999.000,    0.035,    0.025,    0.035,    0.037, -999.000,
         2,2020090218,    0.042,    0.038,    0.043,    0.050, -999.000,    0.043,    0.039,    0.043,    0.052, -999.000,    0.035,    0.034,    0.031,    0.064, -999.000,    0.035,    0.035,    0.031,    0.063, -999.000,
         2,2020090212,    0.043,    0.035,    0.045,    0.050, -999.000,    0.043,    0.034,    0.045,    0.048, -999.000,    0.036,    0.030,    0.034,    0.063, -999.000,    0.036,    0.030,    0.034,    0.065, -999.000,
         2,2020090206,    0.041,    0.030,    0.043,    0.049, -999.000,    0.041,    0.030,    0.043,    0.048, -999.000,    0.036,    0.026,    0.032,    0.071, -999.000,    0.036,    0.026,    0.032,    0.072, -999.000,
         2,2020090200,    0.039,    0.028,    0.042,    0.043, -999.000,    0.039,    0.028,    0.042,    0.044, -999.000,    0.034,    0.027,    0.032,    0.052, -999.000,    0.034,    0.027,    0.032,    0.051, -999.000,
         2,2020090118,    0.045,    0.042,    0.043,    0.070, -999.000,    0.045,    0.041,    0.043,    0.070, -999.000,    0.037,    0.033,    0.032,    0.066, -999.000,    0.037,    0.034,    0.032,    0.065, -999.000,
         2,2020090112,    0.042,    0.035,    0.042,    0.062, -999.000,    0.041,    0.035,    0.042,    0.060, -999.000,    0.035,    0.029,    0.030,    0.075, -999.000,    0.035,    0.029,    0.030,    0.077, -999.000,
         2,2020090106,    0.042,    0.032,    0.044,    0.043, -999.000,    0.042,    0.031,    0.044,    0.045, -999.000,    0.033,    0.025,    0.031,    0.062, -999.000,    0.033,    0.026,    0.031,    0.060, -999.000,
         2,2020090100,    0.039,    0.028,    0.043,    0.046, -999.000,    0.039,    0.028,    0.043,    0.046, -999.000,    0.032,    0.026,    0.030,    0.052, -999.000,    0.032,    0.026,    0.030,    0.053, -999.000,
         2,2020083118,    0.046,    0.042,    0.045,    0.063, -999.000,    0.046,    0.041,    0.045,    0.062, -999.000,    0.039,    0.033,    0.034,    0.070, -999.000,    0.039,    0.033,    0.034,    0.072, -999.000,
         2,2020083112,    0.042,    0.034,    0.043,    0.058, -999.000,    0.042,    0.034,    0.043,    0.058, -999.000,    0.034,    0.028,    0.031,    0.073, -999.000,    0.034,    0.028,    0.031,    0.072, -999.000,
         2,2020083106,    0.043,    0.032,    0.044,    0.047, -999.000,    0.043,    0.031,    0.045,    0.047, -999.000,    0.036,    0.026,    0.033,    0.067, -999.000,    0.036,    0.026,    0.033,    0.067, -999.000,
         2,2020083100,    0.039,    0.027,    0.043,    0.042, -999.000,    0.039,    0.027,    0.044,    0.042, -999.000,    0.032,    0.025,    0.031,    0.050, -999.000,    0.032,    0.026,    0.031,    0.051, -999.000,
         2,2020083018,    0.046,    0.041,    0.046,    0.058, -999.000,    0.046,    0.041,    0.046,    0.056, -999.000,    0.037,    0.031,    0.032,    0.068, -999.000,    0.037,    0.032,    0.032,    0.069, -999.000,
         2,2020083012,    0.042,    0.032,    0.044,    0.048, -999.000,    0.042,    0.032,    0.045,    0.049, -999.000,    0.033,    0.029,    0.031,    0.062, -999.000,    0.033,    0.029,    0.031,    0.061, -999.000,
         2,2020083006,    0.040,    0.032,    0.042,    0.045, -999.000,    0.040,    0.032,    0.042,    0.046, -999.000,    0.035,    0.028,    0.032,    0.064, -999.000,    0.035,    0.028,    0.032,    0.065, -999.000,
         2,2020083000,    0.041,    0.032,    0.046,    0.038, -999.000,    0.041,    0.031,    0.046,    0.038, -999.000,    0.034,    0.031,    0.032,    0.046, -999.000,    0.034,    0.032,    0.032,    0.047, -999.000,
