         7,2020092000,   -0.001,   -0.007,    0.001,   -0.000,    0.027,   -0.001,   -0.007,    0.001,    0.000,    0.027,    0.054,    0.051,    0.054,    0.064,    0.051,    0.054,    0.050,    0.054,    0.062,    0.051,
         7,2020091918,    0.005,    0.020,   -0.000,    0.021,   -0.004,    0.005,    0.019,   -0.000,    0.020,   -0.004,    0.050,    0.043,    0.046,    0.065,    0.051,    0.050,    0.045,    0.046,    0.068,    0.051,
         7,2020091912,   -0.004,   -0.007,   -0.002,   -0.008,    0.018,   -0.004,   -0.007,   -0.002,   -0.008,    0.018,    0.058,    0.050,    0.060,    0.055,    0.056,    0.058,    0.052,    0.060,    0.058,    0.056,
         7,2020091906,    0.003,    0.006,   -0.002,    0.035,   -0.037,    0.003,    0.006,   -0.003,    0.035,   -0.039,    0.053,    0.055,    0.052,    0.057,    0.065,    0.053,    0.053,    0.052,    0.055,    0.065,
         7,2020091900,    0.000,   -0.009,    0.002,    0.013,   -0.009,   -0.000,   -0.009,    0.001,    0.013,   -0.009,    0.058,    0.056,    0.057,    0.073,    0.062,    0.058,    0.055,    0.057,    0.073,    0.062,
         7,2020091818,    0.002,    0.021,   -0.005,    0.018,    0.028,    0.001,    0.020,   -0.005,    0.016,    0.030,    0.055,    0.044,    0.052,    0.071,    0.051,    0.055,    0.046,    0.052,    0.076,    0.051,
         7,2020091812,   -0.002,   -0.004,   -0.002,    0.005,   -0.006,   -0.002,   -0.004,   -0.002,    0.004,   -0.006,    0.064,    0.056,    0.065,    0.066,    0.066,    0.064,    0.059,    0.065,    0.069,    0.066,
         7,2020091806,    0.000,   -0.009,   -0.004,    0.038,   -0.047,   -0.000,   -0.010,   -0.005,    0.039,   -0.049,    0.063,    0.068,    0.059,    0.068,    0.061,    0.063,    0.066,    0.059,    0.066,    0.061,
         7,2020091800,    0.006,    0.001,    0.004,    0.025,    0.031,    0.006,    0.002,    0.004,    0.025,    0.031,    0.061,    0.058,    0.057,    0.080,    0.059,    0.061,    0.057,    0.057,    0.080,    0.059,
         7,2020091718,   -0.004,    0.013,   -0.009,    0.011,    0.011,   -0.004,    0.014,   -0.010,    0.010,    0.011,    0.058,    0.053,    0.054,    0.077,    0.067,    0.058,    0.053,    0.054,    0.080,    0.067,
         7,2020091712,    0.003,    0.003,    0.000,    0.022,    0.034,    0.003,    0.002,   -0.000,    0.021,    0.034,    0.066,    0.060,    0.066,    0.068,    0.055,    0.066,    0.061,    0.066,    0.070,    0.055,
         7,2020091706,   -0.003,   -0.000,   -0.008,    0.029,   -0.026,   -0.003,   -0.001,   -0.008,    0.029,   -0.028,    0.060,    0.064,    0.057,    0.070,    0.063,    0.060,    0.063,    0.057,    0.069,    0.063,
         7,2020091700,    0.006,    0.001,    0.006,    0.018,    0.044,    0.005,    0.001,    0.005,    0.016,    0.042,    0.062,    0.059,    0.061,    0.071,    0.048,    0.062,    0.060,    0.061,    0.073,    0.048,
         7,2020091618,   -0.000,    0.019,   -0.007,    0.014,    0.023,   -0.000,    0.019,   -0.007,    0.014,    0.024,    0.062,    0.058,    0.058,    0.083,    0.054,    0.062,    0.059,    0.058,    0.085,    0.054,
         7,2020091612,    0.004,    0.002,    0.005,    0.007,    0.039,    0.003,    0.001,    0.004,    0.006,    0.040,    0.067,    0.063,    0.068,    0.067,    0.048,    0.067,    0.064,    0.068,    0.068,    0.048,
         7,2020091606,   -0.002,    0.000,   -0.007,    0.025,    0.030,   -0.003,    0.000,   -0.007,    0.025,    0.029,    0.066,    0.070,    0.063,    0.070,    0.025,    0.066,    0.069,    0.063,    0.069,    0.025,
         7,2020091600,    0.005,   -0.004,    0.007,    0.010,    0.059,    0.004,   -0.004,    0.006,    0.009,    0.058,    0.064,    0.062,    0.063,    0.075,    0.029,    0.064,    0.062,    0.063,    0.075,    0.029,
         7,2020091518,   -0.000,    0.024,   -0.006,    0.002,   -0.010,   -0.000,    0.025,   -0.006,    0.002,   -0.011,    0.064,    0.063,    0.061,    0.087,    0.092,    0.064,    0.059,    0.061,    0.082,    0.092,
         7,2020091512,   -0.003,    0.001,   -0.004,    0.001,   -0.063,   -0.003,    0.001,   -0.005,   -0.000,   -0.061,    0.065,    0.055,    0.066,    0.072,    0.064,    0.065,    0.055,    0.066,    0.072,    0.064,
         7,2020091506,   -0.005,    0.006,   -0.009,    0.005,    0.004,   -0.005,    0.006,   -0.009,    0.004,    0.005,    0.066,    0.067,    0.066,    0.065,    0.063,    0.066,    0.067,    0.066,    0.064,    0.063,
         7,2020091500,    0.004,   -0.010,    0.009,    0.008,    0.005,    0.004,   -0.011,    0.009,    0.008,    0.006,    0.058,    0.059,    0.056,    0.070,    0.067,    0.058,    0.057,    0.056,    0.068,    0.067,
         7,2020091418,   -0.004,    0.028,   -0.010,   -0.015,    0.023,   -0.004,    0.029,   -0.010,   -0.015,    0.024,    0.064,    0.055,    0.063,    0.078,    0.051,    0.064,    0.053,    0.063,    0.075,    0.051,
         7,2020091412,    0.004,   -0.002,    0.006,    0.006,    0.030,    0.003,   -0.002,    0.005,    0.005,    0.030,    0.060,    0.053,    0.059,    0.071,    0.048,    0.060,    0.055,    0.059,    0.074,    0.048,
         7,2020091406,   -0.006,    0.007,   -0.008,   -0.020,   -0.079,   -0.007,    0.006,   -0.008,   -0.022,   -0.079,    0.064,    0.062,    0.066,    0.055,    0.028,    0.064,    0.061,    0.066,    0.054,    0.028,
         7,2020091400,    0.004,   -0.008,    0.008,    0.003,    0.044,    0.004,   -0.008,    0.008,    0.003,    0.048,    0.057,    0.057,    0.055,    0.077,    0.024,    0.057,    0.053,    0.055,    0.072,    0.024,
         7,2020091318,   -0.005,    0.028,   -0.010,   -0.018,   -0.030,   -0.005,    0.027,   -0.011,   -0.018,   -0.029,    0.064,    0.053,    0.062,    0.073,    0.068,    0.064,    0.054,    0.062,    0.074,    0.068,
         7,2020091312,    0.002,   -0.003,    0.004,    0.001,    0.019,    0.002,   -0.002,    0.004,    0.000,    0.020,    0.059,    0.051,    0.061,    0.068,    0.041,    0.059,    0.052,    0.061,    0.068,    0.041,
         7,2020091306,   -0.005,    0.009,   -0.006,   -0.016,   -0.078,   -0.005,    0.009,   -0.007,   -0.019,   -0.081,    0.059,    0.054,    0.061,    0.053,    0.032,    0.059,    0.053,    0.061,    0.051,    0.032,
         7,2020091300,    0.004,   -0.005,    0.008,   -0.001,    0.024,    0.004,   -0.005,    0.009,   -0.002,    0.027,    0.053,    0.054,    0.052,    0.077,    0.047,    0.053,    0.048,    0.052,    0.068,    0.047,
         7,2020091218,   -0.004,    0.021,   -0.008,   -0.011,   -0.054,   -0.004,    0.019,   -0.008,   -0.010,   -0.052,    0.058,    0.047,    0.056,    0.067,    0.039,    0.058,    0.051,    0.056,    0.071,    0.039,
         7,2020091212,    0.002,   -0.001,    0.005,   -0.010,    0.005,    0.002,   -0.001,    0.005,   -0.010,    0.007,    0.060,    0.049,    0.063,    0.060,    0.078,    0.060,    0.051,    0.063,    0.063,    0.078,
         7,2020091206,   -0.004,    0.010,   -0.006,   -0.006,    0.027,   -0.004,    0.009,   -0.007,   -0.007,    0.026,    0.057,    0.052,    0.059,    0.050,    0.043,    0.057,    0.052,    0.059,    0.049,    0.043,
         7,2020091200,    0.002,   -0.003,    0.004,    0.001,    0.037,    0.002,   -0.004,    0.004,    0.001,    0.042,    0.051,    0.054,    0.050,    0.075,    0.030,    0.051,    0.048,    0.050,    0.068,    0.030,
         7,2020091118,   -0.002,    0.021,   -0.008,    0.003,   -0.013,   -0.002,    0.018,   -0.007,    0.002,   -0.011,    0.062,    0.047,    0.060,    0.067,    0.065,    0.062,    0.054,    0.060,    0.076,    0.065,
         7,2020091112,   -0.003,   -0.004,   -0.001,   -0.012,    0.003,   -0.003,   -0.004,   -0.002,   -0.013,    0.002,    0.062,    0.051,    0.065,    0.061,    0.048,    0.062,    0.052,    0.065,    0.063,    0.048,
         7,2020091106,   -0.001,    0.007,   -0.004,    0.007,    0.008,   -0.001,    0.008,   -0.005,    0.006,    0.005,    0.055,    0.057,    0.057,    0.054,    0.053,    0.055,    0.052,    0.057,    0.049,    0.053,
         7,2020091100,    0.000,   -0.004,    0.001,    0.006,   -0.018,   -0.000,   -0.005,    0.001,    0.007,   -0.020,    0.051,    0.051,    0.051,    0.067,    0.051,    0.051,    0.048,    0.051,    0.063,    0.051,
         7,2020091018,    0.001,    0.022,   -0.003,    0.002,    0.050,    0.001,    0.020,   -0.003,    0.002,    0.045,    0.062,    0.050,    0.060,    0.069,    0.055,    0.062,    0.055,    0.060,    0.077,    0.055,
         7,2020091012,   -0.008,   -0.001,   -0.009,   -0.017,   -0.022,   -0.008,   -0.001,   -0.009,   -0.018,   -0.022,    0.058,    0.051,    0.063,    0.047,    0.099,    0.058,    0.050,    0.063,    0.047,    0.099,
         7,2020091006,   -0.003,    0.003,   -0.008,    0.015,   -0.006,   -0.003,    0.003,   -0.009,    0.015,   -0.005,    0.057,    0.058,    0.057,    0.062,    0.095,    0.057,    0.054,    0.057,    0.058,    0.095,
         7,2020091000,   -0.000,   -0.004,    0.000,    0.005,    0.009,   -0.001,   -0.004,   -0.000,    0.005,    0.009,    0.054,    0.050,    0.055,    0.059,    0.049,    0.054,    0.050,    0.055,    0.060,    0.049,
         7,2020090918,   -0.001,    0.014,   -0.004,   -0.004,    0.006,   -0.001,    0.013,   -0.004,   -0.004,    0.007,    0.060,    0.054,    0.059,    0.066,    0.074,    0.060,    0.058,    0.059,    0.071,    0.074,
         7,2020090912,   -0.002,    0.003,   -0.003,   -0.007,    0.045,   -0.002,    0.003,   -0.003,   -0.009,    0.045,    0.060,    0.054,    0.063,    0.049,    0.051,    0.060,    0.053,    0.063,    0.049,    0.051,
         7,2020090906,    0.003,    0.010,    0.000,    0.007,    0.026,    0.002,    0.010,   -0.001,    0.006,    0.026,    0.055,    0.055,    0.056,    0.051,    0.016,    0.055,    0.054,    0.056,    0.050,    0.016,
         7,2020090900,   -0.001,   -0.003,   -0.001,    0.008,    0.023,   -0.000,   -0.002,   -0.001,    0.008,    0.023,    0.056,    0.053,    0.057,    0.054,    0.049,    0.056,    0.052,    0.057,    0.054,    0.049,
         7,2020090818,    0.001,    0.020,   -0.003,   -0.010,    0.008,   -0.000,    0.019,   -0.003,   -0.011,    0.007,    0.057,    0.055,    0.056,    0.058,    0.074,    0.057,    0.057,    0.056,    0.060,    0.074,
         7,2020090812,   -0.002,   -0.001,   -0.003,    0.003,    0.016,   -0.002,   -0.001,   -0.003,    0.002,    0.016,    0.061,    0.052,    0.065,    0.051,    0.065,    0.061,    0.054,    0.065,    0.053,    0.065,
         7,2020090806,    0.000,    0.007,   -0.001,   -0.004,    0.027,   -0.001,    0.007,   -0.002,   -0.006,    0.027,    0.056,    0.054,    0.058,    0.045,    0.042,    0.056,    0.054,    0.058,    0.045,    0.042,
         7,2020090800,    0.000,   -0.006,    0.003,   -0.002,   -0.016,   -0.000,   -0.006,    0.002,   -0.003,   -0.017,    0.058,    0.056,    0.061,    0.058,    0.075,    0.058,    0.052,    0.061,    0.054,    0.075,
         7,2020090718,   -0.000,    0.018,   -0.004,   -0.004,    0.010,   -0.001,    0.018,   -0.005,   -0.005,    0.009,    0.054,    0.054,    0.052,    0.060,    0.057,    0.054,    0.055,    0.052,    0.061,    0.057,
         7,2020090712,   -0.005,   -0.005,   -0.006,    0.005,    0.031,   -0.005,   -0.005,   -0.006,    0.003,    0.027,    0.067,    0.054,    0.069,    0.061,    0.068,    0.067,    0.059,    0.069,    0.066,    0.068,
         7,2020090706,   -0.000,    0.008,   -0.001,   -0.006,    0.069,   -0.001,    0.007,   -0.002,   -0.007,    0.070,    0.058,    0.055,    0.060,    0.048, -999.000,    0.058,    0.054,    0.060,    0.047, -999.000,
         7,2020090700,    0.001,   -0.008,    0.004,   -0.001,    0.032,   -0.000,   -0.009,    0.003,   -0.001,    0.035,    0.059,    0.058,    0.060,    0.065,    0.037,    0.059,    0.054,    0.060,    0.060,    0.037,
         7,2020090618,    0.003,    0.022,   -0.002,    0.007,   -0.021,    0.003,    0.021,   -0.002,    0.007,   -0.021,    0.054,    0.054,    0.052,    0.060,    0.052,    0.054,    0.054,    0.052,    0.061,    0.052,
         7,2020090612,   -0.006,   -0.006,   -0.006,   -0.003,    0.046,   -0.006,   -0.006,   -0.006,   -0.004,    0.040,    0.072,    0.054,    0.075,    0.066,    0.076,    0.072,    0.061,    0.075,    0.075,    0.076,
         7,2020090606,   -0.002,    0.007,   -0.005,   -0.002,    0.036,   -0.003,    0.007,   -0.005,   -0.003,    0.036,    0.062,    0.057,    0.065,    0.040,    0.038,    0.062,    0.057,    0.065,    0.040,    0.038,
         7,2020090600,    0.001,   -0.009,    0.005,   -0.001,    0.054,    0.001,   -0.009,    0.005,   -0.000,    0.057,    0.063,    0.061,    0.064,    0.077,    0.014,    0.063,    0.057,    0.064,    0.072,    0.014,
         7,2020090518,   -0.000,    0.022,   -0.006,    0.006,    0.001,   -0.001,    0.021,   -0.006,    0.005,    0.002,    0.061,    0.055,    0.059,    0.068,    0.048,    0.061,    0.056,    0.059,    0.070,    0.048,
         7,2020090512,    0.001,   -0.005,    0.002,    0.011,    0.029,    0.000,   -0.005,    0.001,    0.008,    0.028,    0.079,    0.057,    0.082,    0.084,    0.061,    0.079,    0.063,    0.082,    0.093,    0.061,
         7,2020090506,   -0.007,    0.008,   -0.011,   -0.001,    0.016,   -0.008,    0.008,   -0.012,   -0.002,    0.017,    0.068,    0.061,    0.072,    0.053,    0.060,    0.068,    0.060,    0.072,    0.052,    0.060,
         7,2020090500,    0.007,   -0.004,    0.010,    0.015,    0.034,    0.007,   -0.004,    0.010,    0.017,    0.037,    0.068,    0.065,    0.067,    0.100,    0.032,    0.068,    0.060,    0.067,    0.092,    0.032,
         7,2020090418,   -0.002,    0.022,   -0.011,    0.023,    0.028,   -0.003,    0.020,   -0.010,    0.020,    0.026,    0.073,    0.056,    0.070,    0.090,    0.059,    0.073,    0.060,    0.070,    0.096,    0.059,
         7,2020090412,    0.001,   -0.003,    0.002,    0.013,    0.022,    0.001,   -0.004,    0.002,    0.009,    0.020,    0.087,    0.060,    0.089,    0.110,    0.090,    0.087,    0.067,    0.089,    0.122,    0.090,
         7,2020090406,   -0.008,    0.008,   -0.015,    0.009,   -0.053,   -0.009,    0.008,   -0.016,    0.008,   -0.054,    0.078,    0.065,    0.081,    0.079,    0.153,    0.078,    0.063,    0.081,    0.076,    0.153,
         7,2020090400,    0.006,   -0.008,    0.007,    0.042,    0.011,    0.006,   -0.008,    0.007,    0.046,    0.013,    0.074,    0.071,    0.071,    0.121,    0.056,    0.074,    0.064,    0.071,    0.108,    0.056,
         7,2020090318,   -0.002,    0.009,   -0.010,    0.039,    0.005,   -0.002,    0.008,   -0.009,    0.035,    0.003,    0.083,    0.058,    0.078,    0.112,    0.081,    0.083,    0.065,    0.078,    0.121,    0.081,
         7,2020090312,   -0.007,   -0.001,   -0.011,   -0.001,   -0.022,   -0.008,   -0.002,   -0.011,   -0.003,   -0.022,    0.097,    0.067,    0.101,    0.115,    0.104,    0.097,    0.074,    0.101,    0.125,    0.104,
         7,2020090306,   -0.001,   -0.001,   -0.006,    0.032,    0.004,   -0.001,   -0.001,   -0.006,    0.034,    0.007,    0.087,    0.072,    0.087,    0.116,    0.099,    0.087,    0.071,    0.087,    0.109,    0.099,
         7,2020090300,    0.008,   -0.004,    0.005,    0.063,    0.067,    0.007,   -0.004,    0.004,    0.065,    0.066,    0.086,    0.077,    0.082,    0.123,    0.027,    0.086,    0.075,    0.082,    0.119,    0.027,
         7,2020090218,   -0.003,    0.015,   -0.010,    0.030,   -0.033,   -0.002,    0.014,   -0.009,    0.028,   -0.031,    0.099,    0.072,    0.093,    0.143,    0.148,    0.099,    0.079,    0.093,    0.154,    0.148,
         7,2020090212,   -0.012,    0.002,   -0.016,   -0.019,    0.049,   -0.012,    0.001,   -0.017,   -0.017,    0.046,    0.102,    0.077,    0.109,    0.097,    0.102,    0.102,    0.082,    0.109,    0.103,    0.102,
         7,2020090206,    0.001,    0.003,   -0.003,    0.023,    0.028,    0.001,    0.004,   -0.004,    0.024,    0.033,    0.098,    0.088,    0.097,    0.136,    0.031,    0.098,    0.083,    0.097,    0.129,    0.031,
         7,2020090200,    0.008,   -0.003,    0.007,    0.043,    0.015,    0.007,   -0.003,    0.006,    0.041,    0.016,    0.091,    0.082,    0.090,    0.115,    0.083,    0.091,    0.080,    0.090,    0.115,    0.083,
         7,2020090118,   -0.002,    0.023,   -0.008,   -0.002,    0.037,   -0.002,    0.022,   -0.008,   -0.002,    0.037,    0.098,    0.078,    0.093,    0.142,    0.078,    0.098,    0.082,    0.093,    0.148,    0.078,
         7,2020090112,   -0.008,    0.006,   -0.010,   -0.037,    0.099,   -0.008,    0.005,   -0.010,   -0.029,    0.095,    0.105,    0.081,    0.111,    0.093,    0.020,    0.105,    0.085,    0.111,    0.094,    0.020,
         7,2020090106,   -0.000,   -0.002,   -0.003,    0.022,    0.088,   -0.001,   -0.002,   -0.003,    0.022,    0.091,    0.096,    0.090,    0.095,    0.122,    0.000,    0.096,    0.086,    0.095,    0.116,    0.000,
         7,2020090100,    0.005,   -0.000,    0.002,    0.034,    0.047,    0.003,    0.001,    0.000,    0.031,    0.044,    0.096,    0.081,    0.097,    0.119,    0.061,    0.096,    0.082,    0.097,    0.120,    0.061,
         7,2020083118,   -0.001,    0.017,   -0.005,    0.002,   -0.000,   -0.000,    0.017,   -0.005,    0.006,    0.001,    0.095,    0.085,    0.092,    0.130,    0.146,    0.095,    0.085,    0.092,    0.129,    0.146,
         7,2020083112,   -0.008,    0.003,   -0.011,   -0.022,    0.082,   -0.009,    0.003,   -0.011,   -0.022,    0.080,    0.100,    0.081,    0.108,    0.080,    0.009,    0.100,    0.082,    0.108,    0.082,    0.009,
         7,2020083106,   -0.001,   -0.001,   -0.004,    0.027,   -0.024,   -0.001,   -0.002,   -0.005,    0.025,   -0.022,    0.094,    0.086,    0.096,    0.096,    0.125,    0.094,    0.085,    0.096,    0.094,    0.125,
         7,2020083100,   -0.004,   -0.014,   -0.001,   -0.001,    0.089,   -0.005,   -0.013,   -0.002,   -0.005,    0.094,    0.090,    0.085,    0.093,    0.091,    0.037,    0.090,    0.084,    0.093,    0.091,    0.037,
         7,2020083018,    0.001,    0.018,   -0.003,    0.005,   -0.093,    0.001,    0.020,   -0.004,    0.003,   -0.096,    0.088,    0.083,    0.087,    0.105,    0.113,    0.088,    0.080,    0.087,    0.102,    0.113,
         7,2020083012,   -0.009,    0.001,   -0.012,   -0.013,    0.052,   -0.009,    0.000,   -0.012,   -0.014,    0.051,    0.094,    0.078,    0.099,    0.080,    0.068,    0.094,    0.080,    0.099,    0.081,    0.068,
         7,2020083006,    0.002,    0.002,    0.000,    0.018,    0.018,    0.002,    0.002,    0.000,    0.016,    0.020,    0.090,    0.083,    0.094,    0.076,    0.083,    0.090,    0.084,    0.094,    0.075,    0.083,
         7,2020083000,   -0.004,   -0.010,   -0.000,   -0.020,    0.025,   -0.005,   -0.010,   -0.001,   -0.024,    0.027,    0.085,    0.083,    0.088,    0.074,    0.056,    0.085,    0.080,    0.088,    0.072,    0.056,
