         8,2020092000,    2.773,    2.730,    2.795,    2.763, -999.000,    2.789,    2.729,    2.821,    2.770, -999.000,    2.361,    2.306,    2.373,    2.426, -999.000,    2.361,    2.319,    2.373,    2.411, -999.000,
         8,2020091918,    2.742,    2.214,    2.853,    2.788, -999.000,    2.754,    2.216,    2.870,    2.773, -999.000,    2.379,    2.128,    2.417,    2.384, -999.000,    2.379,    2.131,    2.417,    2.360, -999.000,
         8,2020091912,    2.684,    2.746,    2.662,    2.623, -999.000,    2.668,    2.722,    2.650,    2.600, -999.000,    2.349,    2.282,    2.371,    2.343, -999.000,    2.349,    2.295,    2.371,    2.388, -999.000,
         8,2020091906,    2.789,    3.041,    2.725,    2.831, -999.000,    2.754,    3.013,    2.686,    2.795, -999.000,    2.361,    2.470,    2.339,    2.301, -999.000,    2.361,    2.489,    2.339,    2.276, -999.000,
         8,2020091900,    2.676,    2.598,    2.720,    2.609, -999.000,    2.683,    2.597,    2.739,    2.572, -999.000,    2.300,    2.175,    2.338,    2.375, -999.000,    2.300,    2.200,    2.338,    2.359, -999.000,
         8,2020091818,    2.732,    2.223,    2.829,    3.000, -999.000,    2.718,    2.230,    2.815,    2.944, -999.000,    2.367,    2.075,    2.403,    2.517, -999.000,    2.367,    2.071,    2.403,    2.501, -999.000,
         8,2020091812,    2.747,    2.788,    2.733,    2.694, -999.000,    2.730,    2.762,    2.714,    2.721, -999.000,    2.347,    2.266,    2.387,    2.369, -999.000,    2.347,    2.266,    2.387,    2.358, -999.000,
         8,2020091806,    2.799,    2.872,    2.777,    2.842, -999.000,    2.778,    2.869,    2.750,    2.832, -999.000,    2.366,    2.576,    2.314,    2.351, -999.000,    2.366,    2.588,    2.314,    2.372, -999.000,
         8,2020091800,    2.723,    2.803,    2.668,    2.758, -999.000,    2.712,    2.770,    2.668,    2.745, -999.000,    2.362,    2.298,    2.379,    2.410, -999.000,    2.362,    2.318,    2.379,    2.405, -999.000,
         8,2020091718,    2.693,    2.558,    2.734,    2.589, -999.000,    2.683,    2.590,    2.722,    2.516, -999.000,    2.344,    2.349,    2.357,    2.250, -999.000,    2.344,    2.313,    2.357,    2.281, -999.000,
         8,2020091712,    2.728,    2.642,    2.746,    2.892, -999.000,    2.729,    2.613,    2.766,    2.873, -999.000,    2.329,    2.162,    2.392,    2.403, -999.000,    2.329,    2.176,    2.392,    2.401, -999.000,
         8,2020091706,    2.778,    2.607,    2.855,    2.570, -999.000,    2.745,    2.562,    2.825,    2.554, -999.000,    2.365,    2.452,    2.340,    2.301, -999.000,    2.365,    2.460,    2.340,    2.313, -999.000,
         8,2020091700,    2.791,    2.981,    2.771,    2.376, -999.000,    2.796,    2.958,    2.792,    2.376, -999.000,    2.378,    2.335,    2.415,    2.208, -999.000,    2.378,    2.348,    2.415,    2.210, -999.000,
         8,2020091618,    2.634,    2.633,    2.626,    2.710, -999.000,    2.643,    2.661,    2.633,    2.693, -999.000,    2.319,    2.322,    2.318,    2.337, -999.000,    2.319,    2.310,    2.318,    2.352, -999.000,
         8,2020091612,    2.715,    2.622,    2.718,    2.950, -999.000,    2.726,    2.610,    2.752,    2.903, -999.000,    2.334,    2.273,    2.350,    2.357, -999.000,    2.334,    2.282,    2.350,    2.374, -999.000,
         8,2020091606,    2.681,    2.745,    2.707,    2.339, -999.000,    2.685,    2.745,    2.721,    2.273, -999.000,    2.327,    2.322,    2.334,    2.240, -999.000,    2.327,    2.321,    2.334,    2.258, -999.000,
         8,2020091600,    2.688,    2.728,    2.694,    2.558, -999.000,    2.680,    2.723,    2.695,    2.492, -999.000,    2.341,    2.287,    2.377,    2.269, -999.000,    2.341,    2.289,    2.377,    2.293, -999.000,
         8,2020091518,    2.708,    2.919,    2.676,    2.552, -999.000,    2.718,    2.924,    2.689,    2.546, -999.000,    2.372,    2.452,    2.350,    2.376, -999.000,    2.372,    2.444,    2.350,    2.400, -999.000,
         8,2020091512,    2.636,    2.341,    2.724,    2.734, -999.000,    2.622,    2.275,    2.737,    2.690, -999.000,    2.339,    2.161,    2.382,    2.312, -999.000,    2.339,    2.218,    2.382,    2.295, -999.000,
         8,2020091506,    2.770,    3.002,    2.756,    2.234, -999.000,    2.745,    2.941,    2.744,    2.198, -999.000,    2.362,    2.291,    2.392,    2.137, -999.000,    2.362,    2.292,    2.392,    2.166, -999.000,
         8,2020091500,    2.767,    2.827,    2.767,    2.574, -999.000,    2.768,    2.787,    2.788,    2.578, -999.000,    2.364,    2.284,    2.415,    2.219, -999.000,    2.364,    2.288,    2.415,    2.235, -999.000,
         8,2020091418,    2.745,    2.754,    2.750,    2.664, -999.000,    2.758,    2.752,    2.765,    2.697, -999.000,    2.327,    2.352,    2.326,    2.281, -999.000,    2.327,    2.355,    2.326,    2.278, -999.000,
         8,2020091412,    2.682,    2.411,    2.814,    2.587, -999.000,    2.687,    2.411,    2.834,    2.530, -999.000,    2.353,    2.258,    2.400,    2.253, -999.000,    2.353,    2.243,    2.400,    2.274, -999.000,
         8,2020091406,    2.758,    3.236,    2.638,    2.613, -999.000,    2.746,    3.186,    2.637,    2.608, -999.000,    2.372,    2.393,    2.352,    2.350, -999.000,    2.372,    2.399,    2.352,    2.336, -999.000,
         8,2020091400,    2.806,    2.636,    2.921,    2.520, -999.000,    2.796,    2.642,    2.904,    2.547, -999.000,    2.355,    2.290,    2.407,    2.173, -999.000,    2.355,    2.276,    2.407,    2.162, -999.000,
         8,2020091318,    2.712,    2.765,    2.696,    2.743, -999.000,    2.717,    2.751,    2.709,    2.723, -999.000,    2.338,    2.341,    2.320,    2.419, -999.000,    2.338,    2.351,    2.320,    2.465, -999.000,
         8,2020091312,    2.735,    2.591,    2.779,    2.938, -999.000,    2.720,    2.586,    2.771,    2.854, -999.000,    2.364,    2.315,    2.376,    2.431, -999.000,    2.364,    2.316,    2.376,    2.427, -999.000,
         8,2020091306,    2.710,    3.424,    2.558,    2.444, -999.000,    2.704,    3.353,    2.557,    2.510, -999.000,    2.351,    2.487,    2.298,    2.211, -999.000,    2.351,    2.491,    2.298,    2.183, -999.000,
         8,2020091300,    2.793,    2.723,    2.853,    2.547, -999.000,    2.769,    2.708,    2.820,    2.581, -999.000,    2.349,    2.282,    2.380,    2.285, -999.000,    2.349,    2.291,    2.380,    2.276, -999.000,
         8,2020091218,    2.698,    2.577,    2.733,    2.631, -999.000,    2.704,    2.612,    2.741,    2.565, -999.000,    2.339,    2.263,    2.355,    2.394, -999.000,    2.339,    2.234,    2.355,    2.403, -999.000,
         8,2020091212,    2.681,    2.562,    2.723,    2.864, -999.000,    2.660,    2.544,    2.709,    2.765, -999.000,    2.323,    2.296,    2.332,    2.289, -999.000,    2.323,    2.299,    2.332,    2.333, -999.000,
         8,2020091206,    2.754,    3.287,    2.640,    2.538, -999.000,    2.738,    3.281,    2.616,    2.570, -999.000,    2.350,    2.460,    2.299,    2.389, -999.000,    2.350,    2.472,    2.299,    2.348, -999.000,
         8,2020091200,    2.765,    2.750,    2.791,    2.580, -999.000,    2.757,    2.748,    2.778,    2.611, -999.000,    2.329,    2.265,    2.364,    2.314, -999.000,    2.329,    2.262,    2.364,    2.292, -999.000,
         8,2020091118,    2.717,    2.385,    2.800,    2.642, -999.000,    2.698,    2.375,    2.779,    2.642, -999.000,    2.355,    2.187,    2.386,    2.353, -999.000,    2.355,    2.182,    2.386,    2.352, -999.000,
         8,2020091112,    2.664,    2.589,    2.687,    2.839, -999.000,    2.655,    2.569,    2.681,    2.868, -999.000,    2.313,    2.204,    2.360,    2.328, -999.000,    2.313,    2.224,    2.360,    2.312, -999.000,
         8,2020091106,    2.712,    2.906,    2.683,    2.503, -999.000,    2.729,    2.952,    2.692,    2.539, -999.000,    2.355,    2.512,    2.334,    2.193, -999.000,    2.355,    2.486,    2.334,    2.194, -999.000,
         8,2020091100,    2.759,    2.802,    2.797,    2.300, -999.000,    2.754,    2.790,    2.814,    2.191, -999.000,    2.330,    2.255,    2.367,    2.197, -999.000,    2.330,    2.262,    2.367,    2.251, -999.000,
         8,2020091018,    2.690,    2.358,    2.773,    2.644, -999.000,    2.680,    2.354,    2.760,    2.653, -999.000,    2.347,    2.185,    2.369,    2.439, -999.000,    2.347,    2.179,    2.369,    2.445, -999.000,
         8,2020091012,    2.747,    2.781,    2.715,    2.828, -999.000,    2.709,    2.748,    2.677,    2.745, -999.000,    2.339,    2.276,    2.382,    2.276, -999.000,    2.339,    2.286,    2.382,    2.267, -999.000,
         8,2020091006,    2.696,    2.620,    2.694,    2.945, -999.000,    2.659,    2.610,    2.645,    2.913, -999.000,    2.329,    2.425,    2.279,    2.383, -999.000,    2.329,    2.437,    2.279,    2.361, -999.000,
         8,2020091000,    2.720,    2.704,    2.776,    2.315, -999.000,    2.702,    2.702,    2.754,    2.292, -999.000,    2.340,    2.184,    2.422,    2.267, -999.000,    2.340,    2.178,    2.422,    2.241, -999.000,
         8,2020090918,    2.695,    2.685,    2.715,    2.501, -999.000,    2.694,    2.682,    2.715,    2.506, -999.000,    2.351,    2.255,    2.369,    2.355, -999.000,    2.351,    2.273,    2.369,    2.356, -999.000,
         8,2020090912,    2.714,    2.744,    2.704,    2.681, -999.000,    2.700,    2.707,    2.703,    2.640, -999.000,    2.324,    2.315,    2.336,    2.221, -999.000,    2.324,    2.327,    2.336,    2.204, -999.000,
         8,2020090906,    2.782,    2.575,    2.842,    2.830, -999.000,    2.798,    2.602,    2.855,    2.844, -999.000,    2.349,    2.320,    2.360,    2.345, -999.000,    2.349,    2.312,    2.360,    2.318, -999.000,
         8,2020090900,    2.689,    2.785,    2.670,    2.433, -999.000,    2.702,    2.791,    2.698,    2.361, -999.000,    2.366,    2.278,    2.406,    2.355, -999.000,    2.366,    2.275,    2.406,    2.391, -999.000,
         8,2020090818,    2.698,    2.665,    2.721,    2.540, -999.000,    2.695,    2.654,    2.718,    2.563, -999.000,    2.339,    2.323,    2.343,    2.332, -999.000,    2.339,    2.313,    2.343,    2.363, -999.000,
         8,2020090812,    2.678,    2.550,    2.750,    2.584, -999.000,    2.672,    2.559,    2.740,    2.571, -999.000,    2.312,    2.224,    2.356,    2.278, -999.000,    2.312,    2.220,    2.356,    2.283, -999.000,
         8,2020090806,    2.771,    2.891,    2.767,    2.414, -999.000,    2.769,    2.884,    2.763,    2.451, -999.000,    2.356,    2.355,    2.362,    2.293, -999.000,    2.356,    2.364,    2.362,    2.222, -999.000,
         8,2020090800,    2.728,    2.740,    2.752,    2.467, -999.000,    2.760,    2.755,    2.802,    2.435, -999.000,    2.360,    2.335,    2.374,    2.312, -999.000,    2.360,    2.325,    2.374,    2.364, -999.000,
         8,2020090718,    2.702,    2.793,    2.669,    2.840, -999.000,    2.696,    2.803,    2.661,    2.794, -999.000,    2.345,    2.404,    2.324,    2.426, -999.000,    2.345,    2.398,    2.324,    2.430, -999.000,
         8,2020090712,    2.729,    2.565,    2.796,    2.780, -999.000,    2.714,    2.567,    2.781,    2.718, -999.000,    2.370,    2.312,    2.409,    2.247, -999.000,    2.370,    2.295,    2.409,    2.273, -999.000,
         8,2020090706,    2.807,    3.067,    2.711,    3.100, -999.000,    2.791,    3.042,    2.700,    3.020, -999.000,    2.358,    2.315,    2.365,    2.278, -999.000,    2.358,    2.325,    2.365,    2.298, -999.000,
         8,2020090700,    2.749,    2.679,    2.819,    2.408, -999.000,    2.750,    2.645,    2.847,    2.332, -999.000,    2.373,    2.330,    2.396,    2.239, -999.000,    2.373,    2.348,    2.396,    2.235, -999.000,
         8,2020090618,    2.752,    2.920,    2.708,    2.803, -999.000,    2.753,    2.913,    2.714,    2.766, -999.000,    2.375,    2.432,    2.353,    2.445, -999.000,    2.375,    2.423,    2.353,    2.464, -999.000,
         8,2020090612,    2.643,    2.556,    2.682,    2.646, -999.000,    2.644,    2.560,    2.690,    2.579, -999.000,    2.298,    2.245,    2.313,    2.298, -999.000,    2.298,    2.253,    2.313,    2.356, -999.000,
         8,2020090606,    2.737,    3.271,    2.586,    2.803, -999.000,    2.736,    3.279,    2.584,    2.770, -999.000,    2.343,    2.379,    2.312,    2.264, -999.000,    2.343,    2.385,    2.312,    2.325, -999.000,
         8,2020090600,    2.718,    2.581,    2.839,    2.046, -999.000,    2.712,    2.588,    2.834,    2.040, -999.000,    2.342,    2.378,    2.331,    2.129, -999.000,    2.342,    2.372,    2.331,    2.138, -999.000,
         8,2020090518,    2.750,    2.814,    2.738,    2.723, -999.000,    2.750,    2.819,    2.727,    2.815, -999.000,    2.366,    2.384,    2.365,    2.369, -999.000,    2.366,    2.384,    2.365,    2.337, -999.000,
         8,2020090512,    2.609,    2.564,    2.655,    2.315, -999.000,    2.609,    2.554,    2.652,    2.412, -999.000,    2.324,    2.287,    2.349,    2.217, -999.000,    2.324,    2.300,    2.349,    2.137, -999.000,
         8,2020090506,    2.740,    3.310,    2.624,    2.450, -999.000,    2.719,    3.268,    2.603,    2.463, -999.000,    2.339,    2.367,    2.317,    2.212, -999.000,    2.339,    2.379,    2.317,    2.241, -999.000,
         8,2020090500,    2.693,    2.617,    2.779,    2.143, -999.000,    2.696,    2.631,    2.784,    2.074, -999.000,    2.327,    2.299,    2.342,    2.287, -999.000,    2.327,    2.281,    2.342,    2.315, -999.000,
         8,2020090418,    2.739,    2.473,    2.763,    3.082, -999.000,    2.727,    2.480,    2.753,    3.011, -999.000,    2.362,    2.160,    2.397,    2.365, -999.000,    2.362,    2.163,    2.397,    2.391, -999.000,
         8,2020090412,    2.657,    2.669,    2.669,    2.466, -999.000,    2.645,    2.669,    2.650,    2.450, -999.000,    2.328,    2.255,    2.371,    2.310, -999.000,    2.328,    2.248,    2.371,    2.322, -999.000,
         8,2020090406,    2.705,    2.982,    2.652,    2.572, -999.000,    2.696,    2.911,    2.656,    2.552, -999.000,    2.313,    2.380,    2.300,    2.202, -999.000,    2.313,    2.390,    2.300,    2.199, -999.000,
         8,2020090400,    2.723,    2.679,    2.785,    2.293, -999.000,    2.723,    2.650,    2.801,    2.269, -999.000,    2.319,    2.232,    2.358,    2.247, -999.000,    2.319,    2.236,    2.358,    2.270, -999.000,
         8,2020090318,    2.711,    2.471,    2.758,    2.840, -999.000,    2.704,    2.436,    2.756,    2.847, -999.000,    2.354,    2.250,    2.368,    2.420, -999.000,    2.354,    2.264,    2.368,    2.403, -999.000,
         8,2020090312,    2.713,    2.709,    2.694,    2.923, -999.000,    2.709,    2.692,    2.698,    2.926, -999.000,    2.308,    2.229,    2.324,    2.508, -999.000,    2.308,    2.237,    2.324,    2.493, -999.000,
         8,2020090306,    2.692,    2.710,    2.671,    2.844, -999.000,    2.694,    2.692,    2.679,    2.838, -999.000,    2.309,    2.359,    2.284,    2.369, -999.000,    2.309,    2.378,    2.284,    2.368, -999.000,
         8,2020090300,    2.747,    2.780,    2.759,    2.505, -999.000,    2.742,    2.756,    2.780,    2.352, -999.000,    2.336,    2.193,    2.389,    2.340, -999.000,    2.336,    2.198,    2.389,    2.390, -999.000,
         8,2020090218,    2.705,    2.525,    2.757,    2.614, -999.000,    2.701,    2.528,    2.743,    2.694, -999.000,    2.327,    2.308,    2.338,    2.283, -999.000,    2.327,    2.299,    2.338,    2.263, -999.000,
         8,2020090212,    2.719,    2.658,    2.727,    2.934, -999.000,    2.709,    2.659,    2.724,    2.824, -999.000,    2.332,    2.226,    2.374,    2.391, -999.000,    2.332,    2.232,    2.374,    2.407, -999.000,
         8,2020090206,    2.707,    2.519,    2.753,    2.883, -999.000,    2.694,    2.525,    2.737,    2.851, -999.000,    2.338,    2.392,    2.319,    2.290, -999.000,    2.338,    2.399,    2.319,    2.285, -999.000,
         8,2020090200,    2.737,    2.808,    2.738,    2.479, -999.000,    2.740,    2.819,    2.751,    2.358, -999.000,    2.355,    2.298,    2.387,    2.305, -999.000,    2.355,    2.287,    2.387,    2.347, -999.000,
         8,2020090118,    2.728,    2.801,    2.714,    2.688, -999.000,    2.727,    2.764,    2.725,    2.665, -999.000,    2.355,    2.365,    2.351,    2.329, -999.000,    2.355,    2.360,    2.351,    2.380, -999.000,
         8,2020090112,    2.685,    2.481,    2.780,    2.722, -999.000,    2.677,    2.468,    2.761,    2.838, -999.000,    2.323,    2.203,    2.378,    2.352, -999.000,    2.323,    2.212,    2.378,    2.263, -999.000,
         8,2020090106,    2.677,    2.682,    2.695,    2.490, -999.000,    2.692,    2.675,    2.704,    2.616, -999.000,    2.328,    2.275,    2.358,    2.240, -999.000,    2.328,    2.270,    2.358,    2.179, -999.000,
         8,2020090100,    2.793,    2.920,    2.752,    2.660, -999.000,    2.807,    2.898,    2.782,    2.673, -999.000,    2.390,    2.390,    2.389,    2.379, -999.000,    2.390,    2.395,    2.389,    2.369, -999.000,
         8,2020083118,    2.672,    2.654,    2.691,    2.503, -999.000,    2.671,    2.641,    2.694,    2.483, -999.000,    2.327,    2.336,    2.343,    2.168, -999.000,    2.327,    2.318,    2.343,    2.156, -999.000,
         8,2020083112,    2.725,    2.405,    2.888,    2.549, -999.000,    2.712,    2.430,    2.870,    2.453, -999.000,    2.348,    2.240,    2.391,    2.289, -999.000,    2.348,    2.218,    2.391,    2.322, -999.000,
         8,2020083106,    2.711,    2.874,    2.666,    2.702, -999.000,    2.715,    2.844,    2.669,    2.812, -999.000,    2.324,    2.281,    2.331,    2.336, -999.000,    2.324,    2.294,    2.331,    2.322, -999.000,
         8,2020083100,    2.786,    3.131,    2.652,    2.570, -999.000,    2.802,    3.113,    2.685,    2.555, -999.000,    2.414,    2.467,    2.391,    2.272, -999.000,    2.414,    2.474,    2.391,    2.272, -999.000,
         8,2020083018,    2.726,    2.784,    2.740,    2.486, -999.000,    2.706,    2.757,    2.725,    2.451, -999.000,    2.353,    2.413,    2.349,    2.200, -999.000,    2.353,    2.422,    2.349,    2.250, -999.000,
         8,2020083012,    2.733,    2.618,    2.826,    2.348, -999.000,    2.724,    2.602,    2.825,    2.325, -999.000,    2.349,    2.310,    2.379,    2.233, -999.000,    2.349,    2.300,    2.379,    2.207, -999.000,
         8,2020083006,    2.759,    3.253,    2.628,    2.674, -999.000,    2.759,    3.248,    2.620,    2.736, -999.000,    2.353,    2.377,    2.326,    2.394, -999.000,    2.353,    2.381,    2.326,    2.357, -999.000,
         8,2020083000,    2.678,    2.554,    2.802,    2.171, -999.000,    2.676,    2.561,    2.810,    2.121, -999.000,    2.305,    2.179,    2.370,    2.082, -999.000,    2.305,    2.182,    2.370,    2.125, -999.000,
