        15,2020092000,   -2.327,   -2.377,   -2.513,   -1.978, -999.000,   -2.267,   -2.372,   -2.401,   -1.975, -999.000,    3.212,    3.153,    3.393,    2.978, -999.000,    3.212,    3.116,    3.393,    3.001, -999.000,
        15,2020091918,   -2.253,   -1.546,   -2.453,   -2.248, -999.000,   -2.158,   -1.591,   -2.299,   -2.264, -999.000,    3.261,    2.618,    3.470,    3.150, -999.000,    3.261,    2.609,    3.470,    3.129, -999.000,
        15,2020091912,   -2.526,   -2.428,   -2.688,   -2.373, -999.000,   -2.532,   -2.506,   -2.690,   -2.353, -999.000,    3.353,    3.287,    3.476,    3.271, -999.000,    3.353,    3.222,    3.476,    3.294, -999.000,
        15,2020091906,   -2.493,   -2.812,   -2.600,   -2.159, -999.000,   -2.427,   -2.808,   -2.446,   -2.176, -999.000,    3.357,    3.636,    3.448,    3.031, -999.000,    3.357,    3.624,    3.448,    3.028, -999.000,
        15,2020091900,   -2.171,   -2.294,   -2.240,   -1.938, -999.000,   -2.139,   -2.243,   -2.158,   -1.985, -999.000,    3.135,    3.035,    3.290,    3.015, -999.000,    3.135,    3.079,    3.290,    2.967, -999.000,
        15,2020091818,   -2.317,   -1.717,   -2.447,   -2.434, -999.000,   -2.319,   -1.766,   -2.449,   -2.477, -999.000,    3.279,    2.900,    3.404,    3.280, -999.000,    3.279,    2.828,    3.404,    3.268, -999.000,
        15,2020091812,   -2.412,   -2.295,   -2.693,   -2.125, -999.000,   -2.436,   -2.336,   -2.752,   -2.154, -999.000,    3.283,    3.114,    3.459,    3.218, -999.000,    3.283,    3.102,    3.459,    3.190, -999.000,
        15,2020091806,   -2.489,   -3.293,   -2.538,   -2.101, -999.000,   -2.448,   -3.255,   -2.429,   -2.109, -999.000,    3.349,    3.923,    3.285,    3.135, -999.000,    3.349,    3.927,    3.285,    3.132, -999.000,
        15,2020091800,   -2.130,   -2.156,   -2.229,   -2.014, -999.000,   -2.074,   -2.117,   -2.113,   -1.998, -999.000,    3.109,    3.027,    3.287,    2.949, -999.000,    3.109,    3.093,    3.287,    2.958, -999.000,
        15,2020091718,   -2.382,   -2.390,   -2.437,   -2.268, -999.000,   -2.356,   -2.402,   -2.397,   -2.251, -999.000,    3.290,    3.253,    3.355,    3.187, -999.000,    3.290,    3.213,    3.355,    3.206, -999.000,
        15,2020091712,   -2.205,   -2.255,   -2.344,   -1.975, -999.000,   -2.269,   -2.197,   -2.589,   -2.010, -999.000,    3.105,    3.075,    3.165,    3.008, -999.000,    3.105,    3.121,    3.165,    2.997, -999.000,
        15,2020091706,   -2.398,   -2.716,   -2.555,   -1.878, -999.000,   -2.363,   -2.577,   -2.543,   -1.933, -999.000,    3.346,    3.412,    3.462,    2.968, -999.000,    3.346,    3.536,    3.462,    2.905, -999.000,
        15,2020091700,   -2.296,   -2.590,   -2.479,   -1.764, -999.000,   -2.224,   -2.608,   -2.200,   -1.802, -999.000,    3.317,    3.500,    3.480,    2.816, -999.000,    3.317,    3.500,    3.480,    2.821, -999.000,
        15,2020091618,   -2.268,   -2.289,   -2.197,   -2.412, -999.000,   -2.314,   -2.297,   -2.282,   -2.386, -999.000,    3.177,    3.050,    3.142,    3.349, -999.000,    3.177,    2.989,    3.142,    3.367, -999.000,
        15,2020091612,   -2.287,   -2.318,   -2.488,   -1.994, -999.000,   -2.290,   -2.263,   -2.566,   -2.032, -999.000,    3.288,    3.326,    3.437,    3.018, -999.000,    3.288,    3.364,    3.437,    2.984, -999.000,
        15,2020091606,   -2.473,   -2.475,   -2.682,   -2.084, -999.000,   -2.574,   -2.560,   -2.913,   -2.059, -999.000,    3.325,    3.287,    3.444,    3.096, -999.000,    3.325,    3.215,    3.444,    3.144, -999.000,
        15,2020091600,   -2.161,   -2.581,   -2.138,   -1.766, -999.000,   -2.173,   -2.575,   -2.077,   -1.824, -999.000,    3.198,    3.487,    3.235,    2.835, -999.000,    3.198,    3.455,    3.235,    2.801, -999.000,
        15,2020091518,   -2.415,   -2.814,   -2.246,   -2.537, -999.000,   -2.381,   -2.734,   -2.178,   -2.515, -999.000,    3.302,    3.509,    3.184,    3.360, -999.000,    3.302,    3.551,    3.184,    3.373, -999.000,
        15,2020091512,   -2.048,   -2.072,   -2.099,   -1.982, -999.000,   -1.978,   -2.048,   -1.865,   -2.040, -999.000,    3.178,    3.350,    3.226,    3.073, -999.000,    3.178,    3.342,    3.226,    3.047, -999.000,
        15,2020091506,   -2.523,   -2.892,   -2.825,   -1.733, -999.000,   -2.515,   -2.823,   -2.835,   -1.792, -999.000,    3.321,    3.366,    3.515,    2.753, -999.000,    3.321,    3.416,    3.515,    2.718, -999.000,
        15,2020091500,   -2.269,   -2.504,   -2.380,   -1.837, -999.000,   -2.237,   -2.456,   -2.340,   -1.823, -999.000,    3.227,    3.245,    3.356,    2.856, -999.000,    3.227,    3.304,    3.356,    2.880, -999.000,
        15,2020091418,   -2.445,   -2.587,   -2.564,   -2.145, -999.000,   -2.426,   -2.670,   -2.505,   -2.144, -999.000,    3.305,    3.466,    3.413,    3.030, -999.000,    3.305,    3.381,    3.413,    3.035, -999.000,
        15,2020091412,   -2.342,   -2.216,   -2.450,   -2.284, -999.000,   -2.255,   -2.196,   -2.303,   -2.252, -999.000,    3.273,    3.184,    3.402,    3.150, -999.000,    3.273,    3.155,    3.402,    3.153, -999.000,
        15,2020091406,   -2.542,   -3.173,   -2.585,   -2.032, -999.000,   -2.580,   -3.170,   -2.644,   -2.036, -999.000,    3.378,    3.521,    3.523,    2.971, -999.000,    3.378,    3.468,    3.523,    2.984, -999.000,
        15,2020091400,   -2.474,   -2.791,   -2.640,   -1.835, -999.000,   -2.415,   -2.695,   -2.588,   -1.843, -999.000,    3.362,    3.438,    3.506,    2.784, -999.000,    3.362,    3.524,    3.506,    2.800, -999.000,
        15,2020091318,   -2.461,   -2.356,   -2.572,   -2.331, -999.000,   -2.436,   -2.427,   -2.500,   -2.351, -999.000,    3.323,    3.372,    3.365,    3.293, -999.000,    3.323,    3.270,    3.365,    3.278, -999.000,
        15,2020091312,   -2.546,   -2.663,   -2.531,   -2.427, -999.000,   -2.451,   -2.662,   -2.258,   -2.447, -999.000,    3.413,    3.547,    3.341,    3.386, -999.000,    3.413,    3.543,    3.341,    3.369, -999.000,
        15,2020091306,   -2.433,   -3.054,   -2.409,   -2.080, -999.000,   -2.491,   -3.195,   -2.439,   -2.071, -999.000,    3.313,    3.619,    3.351,    3.007, -999.000,    3.313,    3.570,    3.351,    3.026, -999.000,
        15,2020091300,   -2.567,   -2.844,   -2.835,   -1.840, -999.000,   -2.431,   -2.793,   -2.551,   -1.818, -999.000,    3.410,    3.384,    3.670,    2.891, -999.000,    3.410,    3.374,    3.670,    2.918, -999.000,
        15,2020091218,   -2.379,   -2.142,   -2.461,   -2.377, -999.000,   -2.239,   -2.117,   -2.183,   -2.387, -999.000,    3.348,    3.136,    3.392,    3.380, -999.000,    3.348,    3.132,    3.392,    3.389, -999.000,
        15,2020091212,   -2.469,   -2.546,   -2.503,   -2.314, -999.000,   -2.475,   -2.577,   -2.530,   -2.254, -999.000,    3.323,    3.367,    3.253,    3.284, -999.000,    3.323,    3.389,    3.253,    3.342, -999.000,
        15,2020091206,   -2.394,   -2.982,   -2.388,   -2.031, -999.000,   -2.464,   -3.041,   -2.426,   -2.115, -999.000,    3.267,    3.643,    3.274,    2.993, -999.000,    3.267,    3.628,    3.274,    2.949, -999.000,
        15,2020091200,   -2.464,   -2.547,   -2.752,   -1.887, -999.000,   -2.415,   -2.500,   -2.677,   -1.931, -999.000,    3.385,    3.299,    3.662,    2.906, -999.000,    3.385,    3.334,    3.662,    2.884, -999.000,
        15,2020091118,   -2.363,   -1.978,   -2.477,   -2.383, -999.000,   -2.245,   -1.970,   -2.278,   -2.365, -999.000,    3.253,    3.013,    3.325,    3.236, -999.000,    3.253,    3.020,    3.325,    3.244, -999.000,
        15,2020091112,   -2.386,   -2.301,   -2.611,   -2.154, -999.000,   -2.392,   -2.321,   -2.681,   -2.158, -999.000,    3.313,    3.127,    3.482,    3.210, -999.000,    3.313,    3.164,    3.482,    3.229, -999.000,
        15,2020091106,   -2.230,   -2.711,   -2.204,   -1.967, -999.000,   -2.237,   -2.654,   -2.179,   -2.000, -999.000,    3.142,    3.569,    3.087,    2.862, -999.000,    3.142,    3.629,    3.087,    2.846, -999.000,
        15,2020091100,   -2.469,   -2.403,   -2.864,   -2.071, -999.000,   -2.298,   -2.288,   -2.566,   -2.063, -999.000,    3.320,    3.115,    3.576,    3.088, -999.000,    3.320,    3.179,    3.576,    3.103, -999.000,
        15,2020091018,   -2.405,   -1.845,   -2.609,   -2.397, -999.000,   -2.197,   -1.843,   -2.212,   -2.417, -999.000,    3.394,    2.769,    3.602,    3.349, -999.000,    3.394,    2.774,    3.602,    3.336, -999.000,
        15,2020091012,   -2.423,   -2.270,   -2.713,   -2.261, -999.000,   -2.402,   -2.299,   -2.704,   -2.249, -999.000,    3.306,    3.198,    3.441,    3.284, -999.000,    3.306,    3.169,    3.441,    3.284, -999.000,
        15,2020091006,   -2.269,   -2.269,   -2.534,   -1.969, -999.000,   -2.287,   -2.405,   -2.492,   -2.015, -999.000,    3.225,    3.379,    3.375,    3.033, -999.000,    3.225,    3.277,    3.375,    2.984, -999.000,
        15,2020091000,   -2.265,   -2.279,   -2.606,   -1.845, -999.000,   -2.231,   -2.260,   -2.583,   -1.865, -999.000,    3.198,    3.069,    3.478,    2.918, -999.000,    3.198,    3.099,    3.478,    2.899, -999.000,
        15,2020090918,   -2.319,   -2.430,   -2.264,   -2.354, -999.000,   -2.225,   -2.337,   -2.110,   -2.334, -999.000,    3.297,    3.245,    3.307,    3.234, -999.000,    3.297,    3.322,    3.307,    3.259, -999.000,
        15,2020090912,   -2.240,   -2.351,   -2.272,   -2.091, -999.000,   -2.307,   -2.340,   -2.468,   -2.113, -999.000,    3.190,    3.291,    3.274,    3.025, -999.000,    3.190,    3.286,    3.274,    2.979, -999.000,
        15,2020090906,   -2.270,   -2.346,   -2.424,   -1.969, -999.000,   -2.279,   -2.233,   -2.564,   -2.001, -999.000,    3.251,    3.167,    3.392,    3.028, -999.000,    3.251,    3.255,    3.392,    3.000, -999.000,
        15,2020090900,   -2.312,   -2.492,   -2.433,   -1.920, -999.000,   -2.331,   -2.508,   -2.522,   -1.894, -999.000,    3.348,    3.422,    3.478,    3.018, -999.000,    3.348,    3.395,    3.478,    3.064, -999.000,
        15,2020090818,   -2.214,   -2.516,   -1.998,   -2.435, -999.000,   -2.166,   -2.495,   -1.892,   -2.349, -999.000,    3.245,    3.333,    3.103,    3.298, -999.000,    3.245,    3.361,    3.103,    3.410, -999.000,
        15,2020090812,   -2.253,   -2.309,   -2.266,   -2.173, -999.000,   -2.295,   -2.312,   -2.372,   -2.183, -999.000,    3.230,    3.232,    3.278,    3.150, -999.000,    3.230,    3.227,    3.278,    3.155, -999.000,
        15,2020090806,   -2.403,   -2.683,   -2.728,   -1.713, -999.000,   -2.461,   -2.627,   -2.952,   -1.793, -999.000,    3.322,    3.297,    3.568,    2.878, -999.000,    3.322,    3.304,    3.568,    2.838, -999.000,
        15,2020090800,   -2.326,   -2.553,   -2.376,   -2.007, -999.000,   -2.283,   -2.524,   -2.277,   -1.983, -999.000,    3.315,    3.370,    3.411,    3.047, -999.000,    3.315,    3.390,    3.411,    3.068, -999.000,
        15,2020090718,   -2.414,   -2.606,   -2.454,   -2.190, -999.000,   -2.415,   -2.495,   -2.509,   -2.214, -999.000,    3.355,    3.282,    3.427,    3.147, -999.000,    3.355,    3.412,    3.427,    3.163, -999.000,
        15,2020090712,   -2.348,   -2.409,   -2.429,   -2.177, -999.000,   -2.329,   -2.375,   -2.433,   -2.172, -999.000,    3.328,    3.336,    3.442,    3.119, -999.000,    3.328,    3.387,    3.442,    3.103, -999.000,
        15,2020090706,   -2.482,   -2.747,   -2.725,   -1.992, -999.000,   -2.541,   -2.849,   -2.832,   -2.038, -999.000,    3.308,    3.348,    3.564,    2.924, -999.000,    3.308,    3.332,    3.564,    2.883, -999.000,
        15,2020090700,   -2.449,   -2.782,   -2.592,   -1.810, -999.000,   -2.384,   -2.717,   -2.502,   -1.781, -999.000,    3.415,    3.549,    3.521,    2.846, -999.000,    3.415,    3.604,    3.521,    2.882, -999.000,
        15,2020090618,   -2.270,   -2.402,   -2.196,   -2.314, -999.000,   -2.281,   -2.410,   -2.197,   -2.301, -999.000,    3.212,    3.210,    3.171,    3.277, -999.000,    3.212,    3.201,    3.171,    3.291, -999.000,
        15,2020090612,   -2.329,   -2.268,   -2.342,   -2.376, -999.000,   -2.357,   -2.304,   -2.399,   -2.372, -999.000,    3.273,    3.191,    3.312,    3.337, -999.000,    3.273,    3.145,    3.312,    3.357, -999.000,
        15,2020090606,   -2.484,   -3.236,   -2.425,   -2.026, -999.000,   -2.498,   -3.271,   -2.397,   -2.009, -999.000,    3.265,    3.454,    3.360,    2.901, -999.000,    3.265,    3.413,    3.360,    2.908, -999.000,
        15,2020090600,   -2.423,   -2.632,   -2.592,   -1.878, -999.000,   -2.401,   -2.609,   -2.552,   -1.887, -999.000,    3.251,    3.303,    3.346,    2.904, -999.000,    3.251,    3.355,    3.346,    2.881, -999.000,
        15,2020090518,   -2.357,   -2.374,   -2.374,   -2.317, -999.000,   -2.274,   -2.248,   -2.268,   -2.300, -999.000,    3.313,    3.150,    3.347,    3.245, -999.000,    3.313,    3.267,    3.347,    3.284, -999.000,
        15,2020090512,   -2.436,   -2.500,   -2.514,   -2.223, -999.000,   -2.358,   -2.465,   -2.301,   -2.275, -999.000,    3.348,    3.378,    3.325,    3.327, -999.000,    3.348,    3.407,    3.325,    3.305, -999.000,
        15,2020090506,   -2.432,   -2.864,   -2.562,   -1.927, -999.000,   -2.468,   -2.985,   -2.574,   -1.955, -999.000,    3.251,    3.478,    3.413,    2.876, -999.000,    3.251,    3.350,    3.413,    2.842, -999.000,
        15,2020090500,   -2.409,   -2.766,   -2.450,   -1.871, -999.000,   -2.454,   -2.715,   -2.582,   -1.906, -999.000,    3.309,    3.350,    3.378,    3.061, -999.000,    3.309,    3.382,    3.378,    3.029, -999.000,
        15,2020090418,   -2.329,   -1.920,   -2.461,   -2.338, -999.000,   -2.183,   -1.891,   -2.224,   -2.313, -999.000,    3.274,    2.946,    3.373,    3.199, -999.000,    3.274,    2.978,    3.373,    3.248, -999.000,
        15,2020090412,   -2.441,   -2.605,   -2.490,   -2.139, -999.000,   -2.433,   -2.595,   -2.446,   -2.170, -999.000,    3.323,    3.281,    3.370,    3.283, -999.000,    3.323,    3.282,    3.370,    3.282, -999.000,
        15,2020090406,   -2.318,   -2.794,   -2.313,   -2.033, -999.000,   -2.330,   -2.792,   -2.352,   -1.988, -999.000,    3.192,    3.566,    3.149,    2.926, -999.000,    3.192,    3.584,    3.149,    2.971, -999.000,
        15,2020090400,   -2.310,   -2.551,   -2.442,   -1.753, -999.000,   -2.260,   -2.519,   -2.328,   -1.758, -999.000,    3.232,    3.255,    3.350,    2.959, -999.000,    3.232,    3.234,    3.350,    2.975, -999.000,
        15,2020090318,   -2.298,   -1.877,   -2.444,   -2.318, -999.000,   -2.222,   -1.902,   -2.310,   -2.321, -999.000,    3.223,    2.986,    3.312,    3.194, -999.000,    3.223,    2.965,    3.312,    3.207, -999.000,
        15,2020090312,   -2.513,   -2.550,   -2.624,   -2.285, -999.000,   -2.474,   -2.629,   -2.456,   -2.289, -999.000,    3.392,    3.422,    3.414,    3.280, -999.000,    3.392,    3.413,    3.414,    3.326, -999.000,
        15,2020090306,   -2.303,   -2.390,   -2.291,   -2.253, -999.000,   -2.386,   -2.484,   -2.442,   -2.236, -999.000,    3.181,    3.425,    3.146,    3.142, -999.000,    3.181,    3.265,    3.146,    3.170, -999.000,
        15,2020090300,   -2.308,   -2.232,   -2.526,   -2.080, -999.000,   -2.318,   -2.267,   -2.557,   -2.095, -999.000,    3.248,    3.047,    3.537,    3.125, -999.000,    3.248,    2.973,    3.537,    3.114, -999.000,
        15,2020090218,   -2.361,   -2.306,   -2.323,   -2.475, -999.000,   -2.294,   -2.265,   -2.182,   -2.503, -999.000,    3.273,    3.304,    3.252,    3.325, -999.000,    3.273,    3.312,    3.252,    3.286, -999.000,
        15,2020090212,   -2.316,   -2.304,   -2.499,   -2.063, -999.000,   -2.301,   -2.278,   -2.494,   -2.105, -999.000,    3.264,    3.134,    3.456,    3.105, -999.000,    3.264,    3.155,    3.456,    3.083, -999.000,
        15,2020090206,   -2.368,   -2.287,   -2.572,   -2.095, -999.000,   -2.409,   -2.348,   -2.676,   -2.087, -999.000,    3.299,    3.361,    3.414,    3.132, -999.000,    3.299,    3.267,    3.414,    3.106, -999.000,
        15,2020090200,   -2.319,   -2.326,   -2.618,   -1.915, -999.000,   -2.254,   -2.297,   -2.585,   -1.856, -999.000,    3.266,    3.100,    3.560,    2.904, -999.000,    3.266,    3.124,    3.560,    2.968, -999.000,
        15,2020090118,   -2.275,   -2.423,   -2.103,   -2.509, -999.000,   -2.277,   -2.324,   -2.113,   -2.529, -999.000,    3.283,    3.246,    3.196,    3.426, -999.000,    3.283,    3.292,    3.196,    3.430, -999.000,
        15,2020090112,   -2.226,   -2.098,   -2.347,   -2.193, -999.000,   -2.281,   -2.135,   -2.481,   -2.226, -999.000,    3.194,    3.072,    3.369,    3.113, -999.000,    3.194,    3.040,    3.369,    3.097, -999.000,
        15,2020090106,   -2.539,   -2.529,   -2.879,   -2.059, -999.000,   -2.567,   -2.491,   -3.036,   -2.031, -999.000,    3.472,    3.282,    3.745,    3.079, -999.000,    3.472,    3.318,    3.745,    3.103, -999.000,
        15,2020090100,   -2.369,   -2.501,   -2.438,   -2.121, -999.000,   -2.312,   -2.519,   -2.281,   -2.084, -999.000,    3.393,    3.436,    3.561,    3.041, -999.000,    3.393,    3.413,    3.561,    3.112, -999.000,
        15,2020083118,   -2.187,   -2.365,   -2.136,   -2.171, -999.000,   -2.166,   -2.369,   -2.047,   -2.233, -999.000,    3.150,    3.100,    3.162,    3.165, -999.000,    3.150,    3.147,    3.162,    3.126, -999.000,
        15,2020083112,   -2.428,   -2.362,   -2.553,   -2.309, -999.000,   -2.412,   -2.391,   -2.510,   -2.314, -999.000,    3.351,    3.332,    3.461,    3.164, -999.000,    3.351,    3.315,    3.461,    3.217, -999.000,
        15,2020083106,   -2.485,   -2.846,   -2.700,   -1.830, -999.000,   -2.566,   -2.755,   -2.921,   -1.922, -999.000,    3.416,    3.390,    3.606,    2.963, -999.000,    3.416,    3.484,    3.606,    2.887, -999.000,
        15,2020083100,   -2.570,   -3.330,   -2.275,   -2.192, -999.000,   -2.489,   -3.046,   -2.218,   -2.152, -999.000,    3.525,    3.609,    3.493,    3.125, -999.000,    3.525,    3.771,    3.493,    3.194, -999.000,
        15,2020083018,   -2.528,   -2.604,   -2.598,   -2.316, -999.000,   -2.407,   -2.521,   -2.368,   -2.386, -999.000,    3.388,    3.292,    3.469,    3.302, -999.000,    3.388,    3.354,    3.469,    3.228, -999.000,
        15,2020083012,   -2.390,   -2.372,   -2.523,   -2.156, -999.000,   -2.293,   -2.361,   -2.304,   -2.191, -999.000,    3.358,    3.253,    3.527,    3.103, -999.000,    3.358,    3.277,    3.527,    3.099, -999.000,
        15,2020083006,   -2.606,   -3.204,   -2.520,   -2.264, -999.000,   -2.625,   -3.155,   -2.529,   -2.287, -999.000,    3.375,    3.532,    3.383,    3.159, -999.000,    3.375,    3.570,    3.383,    3.129, -999.000,
        15,2020083000,   -2.328,   -2.672,   -2.266,   -1.965, -999.000,   -2.283,   -2.579,   -2.162,   -2.034, -999.000,    3.307,    3.311,    3.321,    3.079, -999.000,    3.307,    3.444,    3.321,    3.025, -999.000,
