        20,2020092000,    0.070,    0.007,    0.081,    0.056, -999.000,    0.071,    0.013,    0.081,    0.054, -999.000,    0.122,    0.163,    0.115,    0.098, -999.000,    0.122,    0.162,    0.115,    0.101, -999.000,
        20,2020091918,    0.163,    0.227,    0.168,    0.103, -999.000,    0.162,    0.228,    0.169,    0.101, -999.000,    0.052,    0.010,    0.046,    0.035, -999.000,    0.052,    0.010,    0.046,    0.037, -999.000,
        20,2020091912,   -0.002,    0.030,    0.001,   -0.024,   -0.172,   -0.001,    0.067,    0.003,   -0.029,   -0.172,    0.163,    0.177,    0.169,    0.110, -999.000,    0.163,    0.193,    0.169,    0.114, -999.000,
        20,2020091906,   -0.077,    0.220,   -0.090,   -0.071, -999.000,   -0.076,    0.220,   -0.092,   -0.070, -999.000,    0.124,    0.002,    0.124,    0.055, -999.000,    0.124,    0.002,    0.124,    0.059, -999.000,
        20,2020091900,    0.080,   -0.002,    0.085,    0.054, -999.000,    0.084,    0.019,    0.089,    0.059, -999.000,    0.109,    0.155,    0.106,    0.085, -999.000,    0.109,    0.153,    0.106,    0.088, -999.000,
        20,2020091818,    0.121,    0.165,    0.123,    0.082, -999.000,    0.122,    0.165,    0.124,    0.083, -999.000,    0.051,    0.010,    0.051,    0.035, -999.000,    0.051,    0.010,    0.051,    0.036, -999.000,
        20,2020091812,   -0.005,    0.026,   -0.009,    0.008,    0.120,   -0.006,    0.008,   -0.009,    0.003,    0.106,    0.136,    0.178,    0.143,    0.099,    0.020,    0.136,    0.172,    0.143,    0.100,    0.020,
        20,2020091806,   -0.086, -999.000,   -0.102,   -0.061, -999.000,   -0.082, -999.000,   -0.104,   -0.052, -999.000,    0.062, -999.000,    0.065,    0.057, -999.000,    0.062, -999.000,    0.065,    0.049, -999.000,
        20,2020091800,    0.125,    0.111,    0.130,    0.103, -999.000,    0.125,    0.108,    0.131,    0.101, -999.000,    0.033,    0.120,    0.028,    0.010, -999.000,    0.033,    0.118,    0.028,    0.009, -999.000,
        20,2020091718,    0.058,    0.086,    0.059,    0.033, -999.000,    0.058,    0.086,    0.059,    0.034, -999.000,    0.032,    0.004,    0.032,    0.024, -999.000,    0.032,    0.004,    0.032,    0.026, -999.000,
        20,2020091712,   -0.023,   -0.098,   -0.023,   -0.010,   -0.098,   -0.023,   -0.098,   -0.024,   -0.007,   -0.098,    0.071,    0.004,    0.074,    0.054, -999.000,    0.071,    0.004,    0.074,    0.054, -999.000,
        20,2020091706,   -0.062,   -0.115,   -0.062,   -0.060,   -0.112,   -0.062,   -0.115,   -0.062,   -0.061,   -0.112,    0.064,    0.002,    0.071,    0.017, -999.000,    0.064,    0.002,    0.071,    0.021, -999.000,
        20,2020091700,    0.130,    0.163,    0.131,    0.098,    0.112,    0.130,    0.168,    0.131,    0.098,    0.112,    0.032,    0.006,    0.029,    0.021, -999.000,    0.032,    0.039,    0.029,    0.021, -999.000,
        20,2020091618,    0.031,    0.038,    0.032,    0.020, -999.000,    0.030,    0.039,    0.032,    0.019, -999.000,    0.007,    0.005,    0.006,    0.003, -999.000,    0.007,    0.005,    0.006,    0.003, -999.000,
        20,2020091612,    0.001,    0.017,   -0.001,    0.005, -999.000,    0.001,    0.017,   -0.001,    0.004, -999.000,    0.014,    0.001,    0.015,    0.010, -999.000,    0.014,    0.001,    0.015,    0.010, -999.000,
        20,2020091606,   -0.017, -999.000,   -0.017,   -0.015, -999.000,   -0.016, -999.000,   -0.016,   -0.015, -999.000,    0.041, -999.000,    0.043,    0.028, -999.000,    0.041, -999.000,    0.043,    0.028, -999.000,
        20,2020091600,    0.065,    0.078,    0.066,    0.044, -999.000,    0.065,    0.078,    0.066,    0.046, -999.000,    0.022,    0.027,    0.019,    0.023, -999.000,    0.022,    0.027,    0.019,    0.027, -999.000,
        20,2020091518,   -0.015,   -0.019,   -0.016,   -0.010, -999.000,   -0.015,   -0.019,   -0.016,   -0.010, -999.000,    0.004,    0.001,    0.003,    0.001, -999.000,    0.004,    0.001,    0.003,    0.003, -999.000,
        20,2020091512,    0.004,    0.021,    0.003,    0.005, -999.000,    0.004,    0.021,    0.003,    0.005, -999.000,    0.014,    0.001,    0.015,    0.010, -999.000,    0.014,    0.001,    0.015,    0.010, -999.000,
        20,2020091506,   -0.003, -999.000,   -0.003,   -0.002,   -0.005,   -0.003, -999.000,   -0.003,   -0.003,   -0.005,    0.003, -999.000,    0.004,    0.002,    0.000,    0.003, -999.000,    0.004,    0.003,    0.000,
        20,2020091500,   -0.017,   -0.022,   -0.017,   -0.013,   -0.017,   -0.017,   -0.021,   -0.017,   -0.013,   -0.017,    0.008,    0.009,    0.008,    0.004, -999.000,    0.008,    0.007,    0.008,    0.004, -999.000,
        20,2020091418,   -0.050,   -0.075,   -0.053,   -0.037, -999.000,   -0.051,   -0.075,   -0.054,   -0.037, -999.000,    0.029,    0.002,    0.031,    0.013, -999.000,    0.029,    0.002,    0.031,    0.013, -999.000,
        20,2020091412,    0.022, -999.000,    0.023,    0.020, -999.000,    0.022, -999.000,    0.024,    0.016, -999.000,    0.030, -999.000,    0.032,    0.022, -999.000,    0.030, -999.000,    0.032,    0.019, -999.000,
        20,2020091406,    0.014,    0.041,    0.013,    0.020, -999.000,    0.016,    0.041,    0.015,    0.020, -999.000,    0.033, -999.000,    0.035,    0.009, -999.000,    0.033, -999.000,    0.035,    0.010, -999.000,
        20,2020091400,   -0.025,   -0.032,   -0.025,   -0.018, -999.000,   -0.025,   -0.032,   -0.025,   -0.018, -999.000,    0.004,    0.001,    0.004,    0.002, -999.000,    0.004,    0.001,    0.004,    0.002, -999.000,
        20,2020091318,   -0.055,   -0.073,   -0.057,   -0.035, -999.000,   -0.054,   -0.073,   -0.057,   -0.033, -999.000,    0.012,    0.004,    0.010,    0.009, -999.000,    0.012,    0.004,    0.010,    0.009, -999.000,
        20,2020091312,    0.045,   -0.083,    0.049,    0.028, -999.000,    0.044,   -0.011,    0.051,    0.020, -999.000,    0.039,    0.102,    0.039,    0.032, -999.000,    0.039, -999.000,    0.039,    0.030, -999.000,
        20,2020091306,   -0.012, -999.000,   -0.012,   -0.015, -999.000,   -0.011, -999.000,   -0.011,   -0.013, -999.000,    0.044, -999.000,    0.046,    0.026, -999.000,    0.044, -999.000,    0.046,    0.026, -999.000,
        20,2020091300,   -0.050, -999.000,   -0.051,   -0.040, -999.000,   -0.050,   -0.070,   -0.051,   -0.040, -999.000,    0.007, -999.000,    0.005,    0.009, -999.000,    0.007, -999.000,    0.005,    0.008, -999.000,
        20,2020091218,   -0.031,   -0.072,   -0.031,   -0.028, -999.000,   -0.032,   -0.070,   -0.032,   -0.031, -999.000,    0.041,    0.011,    0.043,    0.020, -999.000,    0.041,    0.007,    0.043,    0.025, -999.000,
        20,2020091212,    0.050, -999.000,    0.052,    0.042, -999.000,    0.041, -999.000,    0.045,    0.028, -999.000,    0.019, -999.000,    0.019,    0.031, -999.000,    0.019, -999.000,    0.019,    0.014, -999.000,
        20,2020091206,   -0.012,    0.086,   -0.015,   -0.003, -999.000,   -0.007,    0.086,   -0.013,    0.005, -999.000,    0.060, -999.000,    0.063,    0.045, -999.000,    0.060, -999.000,    0.063,    0.047, -999.000,
        20,2020091200,   -0.034,   -0.044,   -0.034,   -0.026, -999.000,   -0.034,   -0.044,   -0.034,   -0.026, -999.000,    0.005,    0.002,    0.005,    0.003, -999.000,    0.005,    0.002,    0.005,    0.003, -999.000,
        20,2020091118,   -0.046,   -0.057,   -0.045,   -0.026, -999.000,   -0.046,   -0.057,   -0.045,   -0.026, -999.000,    0.011,    0.002,    0.011,    0.016, -999.000,    0.011,    0.002,    0.011,    0.016, -999.000,
        20,2020091112,    0.041,    0.088,    0.041,    0.039,   -0.047,    0.036,    0.087,    0.037,    0.029,   -0.047,    0.047,    0.006,    0.047,    0.046, -999.000,    0.047,    0.005,    0.047,    0.038, -999.000,
        20,2020091106,    0.024,    0.085,    0.041,   -0.047, -999.000,    0.029,    0.085,    0.047,   -0.035, -999.000,    0.070,    0.005,    0.066,    0.040, -999.000,    0.070,    0.005,    0.066,    0.027, -999.000,
        20,2020091100,   -0.034,   -0.040,   -0.034,   -0.023, -999.000,   -0.032,   -0.040,   -0.033,   -0.016, -999.000,    0.005,    0.000,    0.003,    0.020, -999.000,    0.005,    0.000,    0.003,    0.012, -999.000,
        20,2020091018,   -0.030,   -0.038,   -0.029,   -0.019, -999.000,   -0.029,   -0.038,   -0.029,   -0.018, -999.000,    0.007,    0.002,    0.007,    0.003, -999.000,    0.007,    0.002,    0.007,    0.003, -999.000,
        20,2020091012,    0.002,    0.004,    0.003,   -0.004,   -0.007,    0.002,    0.005,    0.003,   -0.004,   -0.007,    0.006,    0.007,    0.006,    0.002, -999.000,    0.006,    0.007,    0.006,    0.003, -999.000,
        20,2020091006,   -0.000,   -0.000,   -0.000,   -0.000, -999.000,   -0.000,   -0.000,   -0.000,   -0.000, -999.000,    0.000,    0.000,    0.000,    0.000, -999.000,    0.000, -999.000,    0.000,    0.000, -999.000,
        20,2020091000,   -0.017,   -0.027,   -0.016,   -0.014,   -0.015,   -0.016,   -0.027,   -0.015,   -0.014,   -0.015,    0.013,    0.001,    0.014,    0.001, -999.000,    0.013,    0.001,    0.014,    0.000, -999.000,
        20,2020090918,   -0.104,   -0.130,   -0.107,   -0.062,   -0.072,   -0.102,   -0.129,   -0.106,   -0.061,   -0.072,    0.024,    0.006,    0.018,    0.009, -999.000,    0.024,    0.006,    0.018,    0.009, -999.000,
        20,2020090912,    0.001,    0.003,    0.001,    0.003, -999.000,    0.001,    0.004,    0.001,    0.002, -999.000,    0.007,    0.008,    0.007,    0.004, -999.000,    0.007,    0.008,    0.007,    0.004, -999.000,
        20,2020090906,    0.007,    0.010,    0.008,    0.005, -999.000,    0.007,    0.010,    0.008,    0.005, -999.000,    0.003, -999.000,    0.003,    0.001, -999.000,    0.003, -999.000,    0.003,    0.002, -999.000,
        20,2020090900,   -0.038,   -0.049,   -0.040,   -0.025,   -0.029,   -0.037,   -0.049,   -0.039,   -0.025,   -0.029,    0.011,    0.001,    0.011,    0.002, -999.000,    0.011,    0.002,    0.011,    0.002, -999.000,
        20,2020090818,   -0.068,   -0.079,   -0.072,   -0.047,   -0.077,   -0.068,   -0.079,   -0.072,   -0.047,   -0.077,    0.014,    0.001,    0.011,    0.004, -999.000,    0.014,    0.001,    0.011,    0.004, -999.000,
        20,2020090812,   -0.005,    0.000,   -0.005,   -0.011, -999.000,   -0.005,   -0.008,   -0.004,   -0.007, -999.000,    0.023,    0.026,    0.024,    0.014, -999.000,    0.023,    0.028,    0.024,    0.013, -999.000,
        20,2020090806,    0.010,    0.012,    0.010,    0.007, -999.000,    0.009,    0.012,    0.010,    0.006, -999.000,    0.002, -999.000,    0.002,    0.004, -999.000,    0.002, -999.000,    0.002,    0.001, -999.000,
        20,2020090800,   -0.043,   -0.063,   -0.044,   -0.033, -999.000,   -0.043,   -0.063,   -0.045,   -0.030, -999.000,    0.021,    0.001,    0.022,    0.012, -999.000,    0.021,    0.001,    0.022,    0.002, -999.000,
        20,2020090718,   -0.049,    0.043,   -0.052,   -0.041,    0.052,   -0.049,    0.043,   -0.053,   -0.040,    0.052,    0.041,    0.074,    0.043,    0.005, -999.000,    0.041,    0.074,    0.043,    0.008, -999.000,
        20,2020090712,   -0.013,   -0.034,   -0.013,   -0.014,   -0.042,   -0.012,   -0.025,   -0.012,   -0.011,   -0.042,    0.047,    0.057,    0.053,    0.032, -999.000,    0.047,    0.051,    0.053,    0.032, -999.000,
        20,2020090706,   -0.034, -999.000,   -0.041,   -0.026, -999.000,   -0.033, -999.000,   -0.041,   -0.024, -999.000,    0.009, -999.000,    0.005,    0.005, -999.000,    0.009, -999.000,    0.005,    0.004, -999.000,
        20,2020090700,    0.015,    0.020,    0.016,    0.010, -999.000,    0.015,    0.020,    0.016,    0.010, -999.000,    0.004,    0.001,    0.003,    0.001, -999.000,    0.004,    0.001,    0.003,    0.001, -999.000,
        20,2020090618,   -0.003,   -0.005,   -0.003,   -0.001, -999.000,   -0.003,   -0.006,   -0.003,   -0.001, -999.000,    0.004,    0.004,    0.005,    0.003, -999.000,    0.004,    0.005,    0.005,    0.003, -999.000,
        20,2020090612,   -0.020,   -0.099,   -0.018,   -0.022, -999.000,   -0.018,   -0.094,   -0.017,   -0.019, -999.000,    0.065,    0.000,    0.074,    0.043, -999.000,    0.065,    0.009,    0.074,    0.043, -999.000,
        20,2020090606,   -0.033, -999.000,   -0.035,   -0.030, -999.000,   -0.034, -999.000,   -0.037,   -0.030, -999.000,    0.064, -999.000,    0.073,    0.043, -999.000,    0.064, -999.000,    0.073,    0.045, -999.000,
        20,2020090600,    0.078,    0.100,    0.084,    0.050, -999.000,    0.078,    0.100,    0.084,    0.050, -999.000,    0.019,    0.003,    0.014,    0.005, -999.000,    0.019,    0.003,    0.014,    0.005, -999.000,
        20,2020090518,    0.019,    0.074,    0.022,    0.004, -999.000,    0.021,    0.074,    0.025,    0.006, -999.000,    0.050,    0.004,    0.053,    0.037, -999.000,    0.050,    0.004,    0.053,    0.038, -999.000,
        20,2020090512,   -0.059,    0.140,   -0.050,   -0.086, -999.000,   -0.050,    0.141,   -0.040,   -0.084, -999.000,    0.119,    0.003,    0.136,    0.036, -999.000,    0.119,    0.002,    0.136,    0.032, -999.000,
        20,2020090506,    0.043,   -0.215,    0.056,    0.011,   -0.213,    0.042,   -0.215,    0.055,    0.012,   -0.213,    0.170, -999.000,    0.182,    0.124, -999.000,    0.170, -999.000,    0.182,    0.126, -999.000,
        20,2020090500,    0.159,    0.213,    0.173,    0.108, -999.000,    0.157,    0.213,    0.170,    0.108, -999.000,    0.057,    0.005,    0.056,    0.011, -999.000,    0.057,    0.004,    0.056,    0.011, -999.000,
        20,2020090418,    0.055,    0.227,    0.074,   -0.036, -999.000,    0.056,    0.228,    0.076,   -0.032, -999.000,    0.159,    0.009,    0.161,    0.115, -999.000,    0.159,    0.009,    0.161,    0.114, -999.000,
        20,2020090412,   -0.078,   -0.329,   -0.055,   -0.174,   -0.216,   -0.064,   -0.329,   -0.039,   -0.167,   -0.216,    0.240,    0.012,    0.260,    0.055, -999.000,    0.240,    0.012,    0.260,    0.034, -999.000,
        20,2020090406,    0.134, -999.000,    0.121,    0.176, -999.000,    0.117, -999.000,    0.100,    0.170,    0.204,    0.202, -999.000,    0.226,    0.078, -999.000,    0.202, -999.000,    0.226,    0.068, -999.000,
        20,2020090400,    0.185,    0.255,    0.199,    0.131,    0.194,    0.181,    0.256,    0.194,    0.131,    0.194,    0.061,    0.006,    0.061,    0.012, -999.000,    0.061,    0.005,    0.061,    0.011, -999.000,
        20,2020090318,    0.074,    0.313,    0.117,   -0.156, -999.000,    0.081,    0.312,    0.121,   -0.141, -999.000,    0.224,    0.013,    0.213,    0.107, -999.000,    0.224,    0.014,    0.213,    0.084, -999.000,
        20,2020090312,    0.005, -999.000,    0.024,   -0.095, -999.000,    0.009, -999.000,    0.031,   -0.078, -999.000,    0.262, -999.000,    0.273,    0.161, -999.000,    0.262, -999.000,    0.273,    0.159, -999.000,
        20,2020090306,    0.055, -999.000,    0.046,    0.110,    0.226,    0.036, -999.000,    0.033,    0.047,    0.226,    0.225, -999.000,    0.234,    0.167, -999.000,    0.225, -999.000,    0.234,    0.151, -999.000,
        20,2020090300,    0.210,    0.302,    0.205,    0.165, -999.000,    0.210,    0.302,    0.204,    0.166, -999.000,    0.119,    0.009,    0.124,    0.009, -999.000,    0.119,    0.009,    0.124,    0.009, -999.000,
        20,2020090218,    0.136,    0.292,    0.141,   -0.000, -999.000,    0.139,    0.291,    0.145,    0.032, -999.000,    0.177,    0.015,    0.174,    0.155, -999.000,    0.177,    0.014,    0.174,    0.164, -999.000,
        20,2020090212,   -0.039,   -0.273,   -0.032,   -0.127, -999.000,   -0.025,   -0.273,   -0.018,   -0.093, -999.000,    0.234,    0.010,    0.240,    0.111, -999.000,    0.234,    0.010,    0.240,    0.086, -999.000,
        20,2020090206,    0.048, -999.000,    0.041,    0.105,    0.154,    0.035, -999.000,    0.029,    0.081, -999.000,    0.181, -999.000,    0.186,    0.128, -999.000,    0.181, -999.000,    0.186,    0.113, -999.000,
        20,2020090200,    0.148,    0.229,    0.140,   -0.024, -999.000,    0.143,    0.229,    0.136,   -0.048, -999.000,    0.128,    0.008,    0.131,    0.102, -999.000,    0.128,    0.008,    0.131,    0.116, -999.000,
        20,2020090118,    0.160,    0.281,    0.153,   -0.031, -999.000,    0.154,    0.281,    0.149,   -0.002, -999.000,    0.146,    0.010,    0.146,    0.155, -999.000,    0.146,    0.009,    0.146,    0.159, -999.000,
        20,2020090112,    0.051, -999.000,    0.047,    0.108, -999.000,    0.041, -999.000,    0.036,    0.098, -999.000,    0.192, -999.000,    0.196,    0.083, -999.000,    0.192, -999.000,    0.196,    0.070, -999.000,
        20,2020090106,    0.013, -999.000,    0.014,    0.003, -999.000,    0.015, -999.000,    0.015,    0.009, -999.000,    0.169, -999.000,    0.173,    0.123, -999.000,    0.169, -999.000,    0.173,    0.124, -999.000,
        20,2020090100,    0.111,    0.263,    0.103,   -0.109, -999.000,    0.115,    0.264,    0.112,   -0.104, -999.000,    0.187,    0.008,    0.188,    0.012, -999.000,    0.187,    0.008,    0.188,    0.008, -999.000,
        20,2020083118,    0.109,    0.218,    0.108,    0.110,    0.207,    0.117,    0.218,    0.117,    0.113,    0.207,    0.149,    0.003,    0.161,    0.023, -999.000,    0.149,    0.003,    0.161,    0.018, -999.000,
        20,2020083112,   -0.038, -999.000,   -0.049,   -0.011, -999.000,   -0.034, -999.000,   -0.046,   -0.006, -999.000,    0.138, -999.000,    0.152,    0.090, -999.000,    0.138, -999.000,    0.152,    0.090, -999.000,
        20,2020083106,   -0.003,   -0.101,    0.011,   -0.081,   -0.194,   -0.006,   -0.101,    0.008,   -0.081,   -0.194,    0.175,    0.211,    0.184,    0.034, -999.000,    0.175,    0.211,    0.184,    0.039, -999.000,
        20,2020083100,    0.113,    0.236,    0.115,    0.066, -999.000,    0.112,    0.236,    0.119,    0.050, -999.000,    0.147,    0.006,    0.154,    0.095, -999.000,    0.147,    0.006,    0.154,    0.090, -999.000,
        20,2020083018,    0.031,    0.101,    0.029,    0.035,   -0.084,    0.032,    0.102,    0.031,    0.037,   -0.084,    0.084,    0.006,    0.089,    0.021, -999.000,    0.084,    0.006,    0.089,    0.027, -999.000,
        20,2020083012,   -0.025, -999.000,   -0.031,   -0.001, -999.000,   -0.025, -999.000,   -0.032,    0.001, -999.000,    0.071, -999.000,    0.075,    0.042, -999.000,    0.071, -999.000,    0.075,    0.042, -999.000,
        20,2020083006,   -0.019,   -0.138,   -0.013,   -0.055, -999.000,   -0.020,   -0.138,   -0.013,   -0.052, -999.000,    0.118,    0.007,    0.127,    0.027, -999.000,    0.118,    0.007,    0.127,    0.019, -999.000,
        20,2020083000,    0.086, -999.000,    0.088,    0.063, -999.000,    0.086, -999.000,    0.088,    0.063, -999.000,    0.056, -999.000,    0.058,    0.006, -999.000,    0.056, -999.000,    0.058,    0.006, -999.000,
