        11,2020092000,    0.521,    0.472,    0.562,    0.394, -999.000,    0.519,    0.467,    0.562,    0.385, -999.000,    0.710,    0.680,    0.732,    0.609, -999.000,    0.710,    0.683,    0.732,    0.616, -999.000,
        11,2020091918,    0.508,    0.483,    0.515,    0.515, -999.000,    0.511,    0.482,    0.520,    0.513, -999.000,    0.704,    0.706,    0.711,    0.668, -999.000,    0.704,    0.704,    0.711,    0.670, -999.000,
        11,2020091912,    0.529,    0.656,    0.488,    0.470, -999.000,    0.527,    0.657,    0.486,    0.456, -999.000,    0.712,    0.769,    0.689,    0.653, -999.000,    0.712,    0.769,    0.689,    0.668, -999.000,
        11,2020091906,    0.526,    0.586,    0.519,    0.434, -999.000,    0.524,    0.577,    0.519,    0.431, -999.000,    0.721,    0.730,    0.728,    0.623, -999.000,    0.721,    0.734,    0.728,    0.627, -999.000,
        11,2020091900,    0.513,    0.458,    0.552,    0.404, -999.000,    0.513,    0.458,    0.552,    0.406, -999.000,    0.705,    0.676,    0.728,    0.607, -999.000,    0.705,    0.674,    0.728,    0.605, -999.000,
        11,2020091818,    0.510,    0.521,    0.505,    0.507, -999.000,    0.517,    0.539,    0.507,    0.515, -999.000,    0.694,    0.720,    0.688,    0.703, -999.000,    0.694,    0.710,    0.688,    0.691, -999.000,
        11,2020091812,    0.533,    0.623,    0.513,    0.481, -999.000,    0.536,    0.621,    0.518,    0.475, -999.000,    0.716,    0.777,    0.700,    0.665, -999.000,    0.716,    0.780,    0.700,    0.666, -999.000,
        11,2020091806,    0.501,    0.636,    0.460,    0.435, -999.000,    0.493,    0.620,    0.452,    0.433, -999.000,    0.696,    0.757,    0.675,    0.610, -999.000,    0.696,    0.765,    0.675,    0.610, -999.000,
        11,2020091800,    0.494,    0.424,    0.537,    0.411, -999.000,    0.491,    0.416,    0.538,    0.410, -999.000,    0.697,    0.646,    0.724,    0.631, -999.000,    0.697,    0.647,    0.724,    0.632, -999.000,
        11,2020091718,    0.511,    0.547,    0.494,    0.515, -999.000,    0.512,    0.553,    0.495,    0.512, -999.000,    0.718,    0.743,    0.709,    0.703, -999.000,    0.718,    0.743,    0.709,    0.708, -999.000,
        11,2020091712,    0.531,    0.531,    0.534,    0.505, -999.000,    0.532,    0.529,    0.536,    0.508, -999.000,    0.725,    0.735,    0.728,    0.688, -999.000,    0.725,    0.733,    0.728,    0.682, -999.000,
        11,2020091706,    0.540,    0.702,    0.494,    0.499, -999.000,    0.532,    0.691,    0.485,    0.497, -999.000,    0.724,    0.795,    0.696,    0.685, -999.000,    0.724,    0.800,    0.696,    0.682, -999.000,
        11,2020091700,    0.505,    0.446,    0.550,    0.392, -999.000,    0.504,    0.454,    0.547,    0.382, -999.000,    0.711,    0.686,    0.736,    0.600, -999.000,    0.711,    0.678,    0.736,    0.613, -999.000,
        11,2020091618,    0.553,    0.524,    0.573,    0.512, -999.000,    0.551,    0.529,    0.566,    0.520, -999.000,    0.730,    0.723,    0.739,    0.702, -999.000,    0.730,    0.726,    0.739,    0.690, -999.000,
        11,2020091612,    0.501,    0.576,    0.486,    0.418, -999.000,    0.505,    0.584,    0.490,    0.410, -999.000,    0.704,    0.761,    0.692,    0.618, -999.000,    0.704,    0.758,    0.692,    0.630, -999.000,
        11,2020091606,    0.525,    0.675,    0.499,    0.414, -999.000,    0.521,    0.671,    0.494,    0.414, -999.000,    0.722,    0.791,    0.713,    0.600, -999.000,    0.722,    0.794,    0.713,    0.597, -999.000,
        11,2020091600,    0.492,    0.465,    0.525,    0.340, -999.000,    0.489,    0.458,    0.523,    0.348, -999.000,    0.685,    0.663,    0.703,    0.578, -999.000,    0.685,    0.673,    0.703,    0.569, -999.000,
        11,2020091518,    0.496,    0.446,    0.524,    0.445, -999.000,    0.497,    0.442,    0.526,    0.446, -999.000,    0.703,    0.671,    0.722,    0.639, -999.000,    0.703,    0.679,    0.722,    0.644, -999.000,
        11,2020091512,    0.529,    0.613,    0.507,    0.436, -999.000,    0.525,    0.613,    0.500,    0.439, -999.000,    0.723,    0.762,    0.711,    0.651, -999.000,    0.723,    0.764,    0.711,    0.644, -999.000,
        11,2020091506,    0.502,    0.584,    0.477,    0.459, -999.000,    0.501,    0.577,    0.479,    0.454, -999.000,    0.709,    0.745,    0.697,    0.654, -999.000,    0.709,    0.754,    0.697,    0.658, -999.000,
        11,2020091500,    0.474,    0.419,    0.512,    0.354, -999.000,    0.477,    0.417,    0.517,    0.358, -999.000,    0.686,    0.641,    0.708,    0.622, -999.000,    0.686,    0.642,    0.708,    0.620, -999.000,
        11,2020091418,    0.513,    0.480,    0.523,    0.504, -999.000,    0.510,    0.475,    0.520,    0.501, -999.000,    0.713,    0.692,    0.721,    0.695, -999.000,    0.713,    0.695,    0.721,    0.694, -999.000,
        11,2020091412,    0.493,    0.559,    0.472,    0.424, -999.000,    0.498,    0.569,    0.475,    0.419, -999.000,    0.694,    0.725,    0.684,    0.644, -999.000,    0.694,    0.721,    0.684,    0.648, -999.000,
        11,2020091406,    0.522,    0.633,    0.485,    0.460, -999.000,    0.518,    0.615,    0.486,    0.457, -999.000,    0.713,    0.764,    0.691,    0.635, -999.000,    0.713,    0.778,    0.691,    0.638, -999.000,
        11,2020091400,    0.484,    0.489,    0.512,    0.293, -999.000,    0.481,    0.482,    0.509,    0.291, -999.000,    0.687,    0.652,    0.716,    0.526, -999.000,    0.687,    0.657,    0.716,    0.528, -999.000,
        11,2020091318,    0.525,    0.442,    0.557,    0.463, -999.000,    0.529,    0.454,    0.557,    0.474, -999.000,    0.716,    0.677,    0.734,    0.661, -999.000,    0.716,    0.673,    0.734,    0.654, -999.000,
        11,2020091312,    0.509,    0.599,    0.480,    0.402, -999.000,    0.511,    0.604,    0.482,    0.401, -999.000,    0.700,    0.762,    0.676,    0.621, -999.000,    0.700,    0.759,    0.676,    0.619, -999.000,
        11,2020091306,    0.522,    0.602,    0.499,    0.430, -999.000,    0.515,    0.579,    0.500,    0.418, -999.000,    0.717,    0.761,    0.705,    0.587, -999.000,    0.717,    0.771,    0.705,    0.601, -999.000,
        11,2020091300,    0.496,    0.520,    0.502,    0.405, -999.000,    0.499,    0.521,    0.506,    0.401, -999.000,    0.705,    0.737,    0.702,    0.636, -999.000,    0.705,    0.733,    0.702,    0.644, -999.000,
        11,2020091218,    0.503,    0.488,    0.510,    0.488, -999.000,    0.497,    0.491,    0.501,    0.483, -999.000,    0.704,    0.716,    0.707,    0.654, -999.000,    0.704,    0.715,    0.707,    0.663, -999.000,
        11,2020091212,    0.521,    0.568,    0.512,    0.433, -999.000,    0.521,    0.566,    0.512,    0.436, -999.000,    0.706,    0.727,    0.705,    0.649, -999.000,    0.706,    0.726,    0.705,    0.642, -999.000,
        11,2020091206,    0.512,    0.609,    0.485,    0.408, -999.000,    0.517,    0.618,    0.487,    0.410, -999.000,    0.709,    0.760,    0.703,    0.580, -999.000,    0.709,    0.753,    0.703,    0.579, -999.000,
        11,2020091200,    0.515,    0.552,    0.517,    0.424, -999.000,    0.513,    0.547,    0.516,    0.421, -999.000,    0.710,    0.742,    0.710,    0.632, -999.000,    0.710,    0.739,    0.710,    0.631, -999.000,
        11,2020091118,    0.513,    0.480,    0.532,    0.423, -999.000,    0.510,    0.485,    0.526,    0.426, -999.000,    0.706,    0.706,    0.718,    0.598, -999.000,    0.706,    0.706,    0.718,    0.592, -999.000,
        11,2020091112,    0.525,    0.620,    0.494,    0.467, -999.000,    0.525,    0.621,    0.493,    0.470, -999.000,    0.718,    0.762,    0.705,    0.659, -999.000,    0.718,    0.758,    0.705,    0.661, -999.000,
        11,2020091106,    0.528,    0.603,    0.518,    0.410, -999.000,    0.530,    0.594,    0.522,    0.414, -999.000,    0.714,    0.753,    0.706,    0.629, -999.000,    0.714,    0.758,    0.706,    0.628, -999.000,
        11,2020091100,    0.505,    0.428,    0.561,    0.363, -999.000,    0.504,    0.431,    0.559,    0.365, -999.000,    0.701,    0.655,    0.734,    0.577, -999.000,    0.701,    0.650,    0.734,    0.577, -999.000,
        11,2020091018,    0.494,    0.511,    0.487,    0.491, -999.000,    0.492,    0.510,    0.485,    0.492, -999.000,    0.696,    0.712,    0.695,    0.651, -999.000,    0.696,    0.715,    0.695,    0.654, -999.000,
        11,2020091012,    0.528,    0.587,    0.514,    0.470, -999.000,    0.527,    0.588,    0.513,    0.469, -999.000,    0.711,    0.734,    0.711,    0.643, -999.000,    0.711,    0.732,    0.711,    0.644, -999.000,
        11,2020091006,    0.519,    0.610,    0.498,    0.430, -999.000,    0.519,    0.616,    0.496,    0.429, -999.000,    0.712,    0.790,    0.694,    0.604, -999.000,    0.712,    0.784,    0.694,    0.612, -999.000,
        11,2020091000,    0.505,    0.389,    0.582,    0.387, -999.000,    0.504,    0.390,    0.582,    0.380, -999.000,    0.707,    0.628,    0.747,    0.593, -999.000,    0.707,    0.635,    0.747,    0.596, -999.000,
        11,2020090918,    0.522,    0.546,    0.527,    0.447, -999.000,    0.527,    0.544,    0.536,    0.436, -999.000,    0.709,    0.738,    0.708,    0.636, -999.000,    0.709,    0.735,    0.708,    0.644, -999.000,
        11,2020090912,    0.494,    0.539,    0.488,    0.418, -999.000,    0.494,    0.554,    0.483,    0.418, -999.000,    0.687,    0.739,    0.680,    0.633, -999.000,    0.687,    0.723,    0.680,    0.633, -999.000,
        11,2020090906,    0.521,    0.616,    0.495,    0.449, -999.000,    0.520,    0.610,    0.495,    0.447, -999.000,    0.714,    0.755,    0.704,    0.622, -999.000,    0.714,    0.760,    0.704,    0.623, -999.000,
        11,2020090900,    0.505,    0.459,    0.558,    0.323, -999.000,    0.510,    0.466,    0.563,    0.322, -999.000,    0.712,    0.705,    0.737,    0.538, -999.000,    0.712,    0.699,    0.737,    0.539, -999.000,
        11,2020090818,    0.512,    0.488,    0.527,    0.482, -999.000,    0.517,    0.491,    0.531,    0.498, -999.000,    0.715,    0.689,    0.731,    0.683, -999.000,    0.715,    0.690,    0.731,    0.675, -999.000,
        11,2020090812,    0.514,    0.589,    0.499,    0.399, -999.000,    0.527,    0.611,    0.508,    0.414, -999.000,    0.717,    0.793,    0.695,    0.671, -999.000,    0.717,    0.780,    0.695,    0.666, -999.000,
        11,2020090806,    0.512,    0.616,    0.485,    0.456, -999.000,    0.507,    0.605,    0.482,    0.449, -999.000,    0.703,    0.743,    0.689,    0.663, -999.000,    0.703,    0.747,    0.689,    0.667, -999.000,
        11,2020090800,    0.481,    0.441,    0.518,    0.348, -999.000,    0.486,    0.448,    0.523,    0.346, -999.000,    0.688,    0.664,    0.712,    0.595, -999.000,    0.688,    0.652,    0.712,    0.605, -999.000,
        11,2020090718,    0.509,    0.492,    0.522,    0.469, -999.000,    0.511,    0.498,    0.522,    0.475, -999.000,    0.703,    0.700,    0.712,    0.678, -999.000,    0.703,    0.691,    0.712,    0.672, -999.000,
        11,2020090712,    0.481,    0.545,    0.468,    0.349, -999.000,    0.486,    0.547,    0.473,    0.360, -999.000,    0.690,    0.723,    0.683,    0.597, -999.000,    0.690,    0.726,    0.683,    0.577, -999.000,
        11,2020090706,    0.491,    0.565,    0.466,    0.474, -999.000,    0.491,    0.559,    0.469,    0.471, -999.000,    0.690,    0.731,    0.674,    0.664, -999.000,    0.690,    0.734,    0.674,    0.668, -999.000,
        11,2020090700,    0.471,    0.428,    0.500,    0.395, -999.000,    0.474,    0.434,    0.503,    0.382, -999.000,    0.677,    0.653,    0.700,    0.575, -999.000,    0.677,    0.643,    0.700,    0.585, -999.000,
        11,2020090618,    0.539,    0.401,    0.577,    0.505, -999.000,    0.541,    0.397,    0.583,    0.498, -999.000,    0.729,    0.628,    0.754,    0.672, -999.000,    0.729,    0.633,    0.754,    0.674, -999.000,
        11,2020090612,    0.515,    0.534,    0.512,    0.472, -999.000,    0.514,    0.537,    0.511,    0.452, -999.000,    0.728,    0.741,    0.725,    0.646, -999.000,    0.728,    0.751,    0.725,    0.666, -999.000,
        11,2020090606,    0.513,    0.526,    0.521,    0.439, -999.000,    0.510,    0.525,    0.516,    0.436, -999.000,    0.696,    0.707,    0.706,    0.618, -999.000,    0.696,    0.702,    0.706,    0.623, -999.000,
        11,2020090600,    0.496,    0.480,    0.518,    0.403, -999.000,    0.501,    0.484,    0.523,    0.398, -999.000,    0.700,    0.683,    0.716,    0.637, -999.000,    0.700,    0.678,    0.716,    0.642, -999.000,
        11,2020090518,    0.523,    0.481,    0.538,    0.493, -999.000,    0.526,    0.486,    0.540,    0.494, -999.000,    0.719,    0.706,    0.727,    0.684, -999.000,    0.719,    0.706,    0.727,    0.686, -999.000,
        11,2020090512,    0.513,    0.571,    0.495,    0.431, -999.000,    0.513,    0.567,    0.496,    0.435, -999.000,    0.714,    0.729,    0.713,    0.644, -999.000,    0.714,    0.733,    0.713,    0.643, -999.000,
        11,2020090506,    0.522,    0.593,    0.501,    0.457, -999.000,    0.520,    0.585,    0.499,    0.462, -999.000,    0.717,    0.748,    0.709,    0.643, -999.000,    0.717,    0.753,    0.709,    0.646, -999.000,
        11,2020090500,    0.528,    0.513,    0.555,    0.398, -999.000,    0.527,    0.516,    0.551,    0.398, -999.000,    0.726,    0.731,    0.735,    0.638, -999.000,    0.726,    0.729,    0.735,    0.634, -999.000,
        11,2020090418,    0.537,    0.523,    0.544,    0.515, -999.000,    0.537,    0.519,    0.545,    0.510, -999.000,    0.721,    0.729,    0.726,    0.663, -999.000,    0.721,    0.729,    0.726,    0.667, -999.000,
        11,2020090412,    0.514,    0.584,    0.489,    0.444, -999.000,    0.517,    0.587,    0.489,    0.458, -999.000,    0.711,    0.758,    0.692,    0.670, -999.000,    0.711,    0.756,    0.692,    0.659, -999.000,
        11,2020090406,    0.548,    0.651,    0.520,    0.443, -999.000,    0.548,    0.647,    0.525,    0.428, -999.000,    0.740,    0.799,    0.726,    0.610, -999.000,    0.740,    0.797,    0.726,    0.620, -999.000,
        11,2020090400,    0.501,    0.523,    0.505,    0.389, -999.000,    0.497,    0.516,    0.503,    0.379, -999.000,    0.690,    0.716,    0.685,    0.592, -999.000,    0.690,    0.718,    0.685,    0.612, -999.000,
        11,2020090318,    0.530,    0.486,    0.542,    0.535, -999.000,    0.524,    0.488,    0.534,    0.528, -999.000,    0.722,    0.698,    0.733,    0.686, -999.000,    0.722,    0.696,    0.733,    0.688, -999.000,
        11,2020090312,    0.520,    0.630,    0.480,    0.435, -999.000,    0.517,    0.632,    0.475,    0.427, -999.000,    0.714,    0.761,    0.698,    0.618, -999.000,    0.714,    0.759,    0.698,    0.624, -999.000,
        11,2020090306,    0.525,    0.597,    0.517,    0.410, -999.000,    0.528,    0.595,    0.521,    0.408, -999.000,    0.715,    0.756,    0.713,    0.595, -999.000,    0.715,    0.757,    0.713,    0.593, -999.000,
        11,2020090300,    0.523,    0.463,    0.568,    0.415, -999.000,    0.517,    0.456,    0.562,    0.415, -999.000,    0.722,    0.690,    0.746,    0.611, -999.000,    0.722,    0.696,    0.746,    0.605, -999.000,
        11,2020090218,    0.513,    0.547,    0.503,    0.474, -999.000,    0.505,    0.546,    0.491,    0.479, -999.000,    0.710,    0.746,    0.700,    0.644, -999.000,    0.710,    0.750,    0.700,    0.650, -999.000,
        11,2020090212,    0.532,    0.612,    0.509,    0.450, -999.000,    0.535,    0.616,    0.512,    0.447, -999.000,    0.728,    0.776,    0.718,    0.621, -999.000,    0.728,    0.775,    0.718,    0.622, -999.000,
        11,2020090206,    0.546,    0.669,    0.512,    0.455, -999.000,    0.548,    0.671,    0.512,    0.468, -999.000,    0.725,    0.786,    0.709,    0.652, -999.000,    0.725,    0.780,    0.709,    0.637, -999.000,
        11,2020090200,    0.530,    0.437,    0.599,    0.426, -999.000,    0.524,    0.425,    0.596,    0.425, -999.000,    0.718,    0.641,    0.762,    0.606, -999.000,    0.718,    0.646,    0.762,    0.606, -999.000,
        11,2020090118,    0.535,    0.505,    0.557,    0.463, -999.000,    0.538,    0.504,    0.561,    0.467, -999.000,    0.721,    0.703,    0.736,    0.668, -999.000,    0.721,    0.698,    0.736,    0.664, -999.000,
        11,2020090112,    0.507,    0.525,    0.510,    0.419, -999.000,    0.514,    0.523,    0.518,    0.451, -999.000,    0.711,    0.726,    0.713,    0.659, -999.000,    0.711,    0.728,    0.713,    0.625, -999.000,
        11,2020090106,    0.529,    0.695,    0.476,    0.507, -999.000,    0.531,    0.696,    0.480,    0.495, -999.000,    0.723,    0.808,    0.688,    0.692, -999.000,    0.723,    0.810,    0.688,    0.693, -999.000,
        11,2020090100,    0.526,    0.456,    0.581,    0.386, -999.000,    0.525,    0.451,    0.581,    0.382, -999.000,    0.722,    0.679,    0.752,    0.588, -999.000,    0.722,    0.684,    0.752,    0.589, -999.000,
        11,2020083118,    0.532,    0.477,    0.559,    0.471, -999.000,    0.534,    0.482,    0.560,    0.476, -999.000,    0.729,    0.685,    0.752,    0.663, -999.000,    0.729,    0.682,    0.752,    0.658, -999.000,
        11,2020083112,    0.511,    0.608,    0.488,    0.380, -999.000,    0.510,    0.605,    0.486,    0.397, -999.000,    0.702,    0.777,    0.678,    0.618, -999.000,    0.702,    0.778,    0.678,    0.605, -999.000,
        11,2020083106,    0.558,    0.658,    0.547,    0.392, -999.000,    0.559,    0.664,    0.547,    0.385, -999.000,    0.722,    0.772,    0.722,    0.564, -999.000,    0.722,    0.763,    0.722,    0.567, -999.000,
        11,2020083100,    0.499,    0.450,    0.536,    0.375, -999.000,    0.496,    0.450,    0.532,    0.382, -999.000,    0.703,    0.678,    0.723,    0.600, -999.000,    0.703,    0.680,    0.723,    0.578, -999.000,
        11,2020083018,    0.511,    0.469,    0.544,    0.397, -999.000,    0.509,    0.461,    0.543,    0.394, -999.000,    0.701,    0.676,    0.717,    0.622, -999.000,    0.701,    0.681,    0.717,    0.624, -999.000,
        11,2020083012,    0.518,    0.554,    0.518,    0.372, -999.000,    0.521,    0.558,    0.521,    0.376, -999.000,    0.713,    0.742,    0.708,    0.612, -999.000,    0.713,    0.742,    0.708,    0.611, -999.000,
        11,2020083006,    0.523,    0.599,    0.519,    0.361, -999.000,    0.524,    0.581,    0.527,    0.357, -999.000,    0.724,    0.762,    0.718,    0.607, -999.000,    0.724,    0.770,    0.718,    0.609, -999.000,
        11,2020083000,    0.496,    0.462,    0.522,    0.391, -999.000,    0.497,    0.472,    0.522,    0.364, -999.000,    0.696,    0.680,    0.715,    0.577, -999.000,    0.696,    0.667,    0.715,    0.606, -999.000,
