         5,2020092000,    0.000,   -0.001,    0.001,    0.000,   -0.006,    0.000,   -0.001,    0.001,    0.000,   -0.007,    0.008,    0.009,    0.008,    0.005,    0.007,    0.008,    0.007,    0.008,    0.004,    0.007,
         5,2020091918,   -0.001,    0.008,   -0.002,    0.001,    0.006,   -0.000,    0.006,   -0.002,    0.001,    0.004,    0.011,    0.006,    0.011,    0.004,    0.010,    0.011,    0.008,    0.011,    0.005,    0.010,
         5,2020091912,    0.001,    0.001,    0.000,   -0.000,    0.001,    0.001,    0.001,    0.000,   -0.000,    0.001,    0.011,    0.010,    0.012,    0.005,    0.013,    0.011,    0.011,    0.012,    0.005,    0.013,
         5,2020091906,   -0.001,   -0.012,    0.001,   -0.002,   -0.006,   -0.001,   -0.010,    0.001,   -0.001,   -0.005,    0.013,    0.006,    0.014,    0.005,    0.010,    0.013,    0.007,    0.014,    0.006,    0.010,
         5,2020091900,    0.002,    0.000,    0.003,    0.001,    0.001,    0.002,    0.000,    0.003,    0.001,    0.001,    0.014,    0.013,    0.014,    0.007,    0.014,    0.014,    0.013,    0.014,    0.007,    0.014,
         5,2020091818,   -0.002,    0.008,   -0.004,    0.001,    0.012,   -0.002,    0.008,   -0.004,    0.001,    0.012,    0.014,    0.013,    0.014,    0.007,    0.011,    0.014,    0.013,    0.014,    0.007,    0.011,
         5,2020091812,    0.002,    0.004,    0.001,    0.001,   -0.002,    0.002,    0.003,    0.001,    0.000,   -0.002,    0.017,    0.014,    0.018,    0.007,    0.018,    0.017,    0.017,    0.018,    0.008,    0.018,
         5,2020091806,   -0.003,   -0.015,   -0.001,   -0.002,    0.004,   -0.003,   -0.013,   -0.001,   -0.002,    0.003,    0.019,    0.010,    0.020,    0.007,    0.020,    0.019,    0.012,    0.020,    0.008,    0.020,
         5,2020091800,    0.004,    0.005,    0.004,    0.002,   -0.007,    0.004,    0.005,    0.004,    0.002,   -0.007,    0.020,    0.019,    0.021,    0.009,    0.023,    0.020,    0.020,    0.021,    0.010,    0.023,
         5,2020091718,   -0.003,    0.011,   -0.006,    0.000,    0.009,   -0.002,    0.011,   -0.006,    0.000,    0.009,    0.021,    0.019,    0.021,    0.010,    0.023,    0.021,    0.020,    0.021,    0.010,    0.023,
         5,2020091712,    0.002,    0.007,    0.001,   -0.001,   -0.001,    0.002,    0.006,    0.001,   -0.001,   -0.001,    0.024,    0.021,    0.025,    0.010,    0.029,    0.024,    0.023,    0.025,    0.011,    0.029,
         5,2020091706,   -0.002,   -0.022,    0.003,   -0.003,    0.002,   -0.002,   -0.020,    0.003,   -0.003,    0.002,    0.026,    0.015,    0.027,    0.011,    0.027,    0.026,    0.016,    0.027,    0.012,    0.027,
         5,2020091700,    0.003,    0.000,    0.004,    0.001,   -0.022,    0.002,    0.000,    0.003,    0.001,   -0.020,    0.028,    0.026,    0.030,    0.013,    0.026,    0.028,    0.028,    0.030,    0.014,    0.026,
         5,2020091618,   -0.001,    0.020,   -0.006,    0.001,   -0.006,   -0.001,    0.020,   -0.007,    0.001,   -0.006,    0.028,    0.022,    0.028,    0.014,    0.033,    0.028,    0.021,    0.028,    0.013,    0.033,
         5,2020091612,   -0.001,    0.004,   -0.002,   -0.001,    0.008,   -0.000,    0.003,   -0.002,   -0.001,    0.007,    0.030,    0.028,    0.032,    0.013,    0.037,    0.030,    0.030,    0.032,    0.014,    0.037,
         5,2020091606,    0.001,   -0.023,    0.008,   -0.003,   -0.031,    0.001,   -0.024,    0.008,   -0.003,   -0.032,    0.029,    0.019,    0.029,    0.013,    0.007,    0.029,    0.019,    0.029,    0.013,    0.007,
         5,2020091600,   -0.001,   -0.001,   -0.002,    0.001,   -0.005,   -0.001,   -0.001,   -0.001,    0.001,   -0.005,    0.032,    0.029,    0.034,    0.014,    0.041,    0.032,    0.032,    0.034,    0.016,    0.041,
         5,2020091518,    0.002,    0.025,   -0.003,    0.002,    0.018,    0.002,    0.026,   -0.003,    0.002,    0.018,    0.032,    0.022,    0.033,    0.015,    0.031,    0.032,    0.021,    0.033,    0.015,    0.031,
         5,2020091512,   -0.009,   -0.001,   -0.013,   -0.001,   -0.008,   -0.008,   -0.001,   -0.012,   -0.001,   -0.007,    0.032,    0.032,    0.033,    0.015,    0.019,    0.032,    0.034,    0.033,    0.016,    0.019,
         5,2020091506,    0.004,   -0.028,    0.014,   -0.004,    0.020,    0.004,   -0.026,    0.013,   -0.004,    0.019,    0.036,    0.023,    0.035,    0.015,    0.037,    0.036,    0.025,    0.035,    0.016,    0.037,
         5,2020091500,   -0.004,   -0.002,   -0.006,    0.000,   -0.012,   -0.004,   -0.002,   -0.006,    0.001,   -0.012,    0.037,    0.035,    0.039,    0.018,    0.041,    0.037,    0.037,    0.039,    0.019,    0.041,
         5,2020091418,    0.005,    0.033,   -0.002,    0.005,    0.018,    0.005,    0.032,   -0.002,    0.005,    0.018,    0.039,    0.025,    0.040,    0.018,    0.035,    0.039,    0.025,    0.040,    0.018,    0.035,
         5,2020091412,   -0.006,    0.001,   -0.009,   -0.002,    0.017,   -0.006,    0.001,   -0.009,   -0.002,    0.017,    0.038,    0.039,    0.040,    0.018,    0.038,    0.038,    0.039,    0.040,    0.018,    0.038,
         5,2020091406,    0.005,   -0.030,    0.016,   -0.004,    0.031,    0.005,   -0.027,    0.014,   -0.004,    0.028,    0.042,    0.029,    0.041,    0.018,    0.008,    0.042,    0.031,    0.041,    0.019,    0.008,
         5,2020091400,   -0.005,   -0.004,   -0.006,    0.001,    0.003,   -0.004,   -0.004,   -0.005,    0.001,    0.003,    0.042,    0.041,    0.045,    0.021,    0.051,    0.042,    0.041,    0.045,    0.021,    0.051,
         5,2020091318,    0.004,    0.036,   -0.003,    0.003,    0.015,    0.004,    0.036,   -0.003,    0.004,    0.015,    0.042,    0.029,    0.044,    0.020,    0.037,    0.042,    0.029,    0.044,    0.020,    0.037,
         5,2020091312,   -0.005,    0.002,   -0.008,    0.000,    0.015,   -0.005,    0.002,   -0.008,    0.000,    0.015,    0.042,    0.042,    0.043,    0.020,    0.044,    0.042,    0.041,    0.043,    0.019,    0.044,
         5,2020091306,    0.003,   -0.035,    0.013,   -0.005,    0.015,    0.003,   -0.032,    0.012,   -0.005,    0.014,    0.046,    0.030,    0.046,    0.019,    0.042,    0.046,    0.033,    0.046,    0.021,    0.042,
         5,2020091300,   -0.001,   -0.005,    0.000,    0.002,   -0.021,   -0.001,   -0.005,    0.000,    0.002,   -0.021,    0.045,    0.044,    0.048,    0.022,    0.051,    0.045,    0.043,    0.048,    0.022,    0.051,
         5,2020091218,    0.000,    0.039,   -0.009,    0.004,    0.010,    0.000,    0.037,   -0.008,    0.004,    0.010,    0.048,    0.033,    0.048,    0.022,    0.038,    0.048,    0.034,    0.048,    0.023,    0.038,
         5,2020091212,   -0.000,    0.003,   -0.001,    0.000,    0.031,   -0.000,    0.003,   -0.001,    0.000,    0.032,    0.046,    0.046,    0.049,    0.022,    0.038,    0.046,    0.045,    0.049,    0.022,    0.038,
         5,2020091206,   -0.003,   -0.039,    0.006,   -0.007,   -0.036,   -0.003,   -0.035,    0.006,   -0.006,   -0.032,    0.052,    0.034,    0.054,    0.021,    0.043,    0.052,    0.038,    0.054,    0.023,    0.043,
         5,2020091200,    0.005,   -0.004,    0.009,    0.001,   -0.033,    0.005,   -0.004,    0.009,    0.001,   -0.035,    0.049,    0.050,    0.052,    0.025,    0.046,    0.049,    0.048,    0.052,    0.024,    0.046,
         5,2020091118,   -0.005,    0.033,   -0.014,    0.005,    0.028,   -0.005,    0.032,   -0.014,    0.005,    0.028,    0.050,    0.043,    0.050,    0.024,    0.042,    0.050,    0.044,    0.050,    0.024,    0.042,
         5,2020091112,    0.005,    0.008,    0.004,    0.001,    0.010,    0.005,    0.008,    0.004,    0.001,    0.010,    0.051,    0.049,    0.054,    0.023,    0.055,    0.051,    0.050,    0.054,    0.023,    0.055,
         5,2020091106,   -0.007,   -0.047,    0.004,   -0.008,   -0.053,   -0.007,   -0.044,    0.004,   -0.006,   -0.050,    0.054,    0.028,    0.057,    0.023,    0.018,    0.054,    0.030,    0.057,    0.025,    0.018,
         5,2020091100,    0.008,    0.003,    0.010,    0.004,   -0.004,    0.008,    0.003,    0.011,    0.004,   -0.004,    0.052,    0.054,    0.055,    0.027,    0.056,    0.052,    0.052,    0.055,    0.026,    0.056,
         5,2020091018,   -0.007,    0.029,   -0.016,    0.002,    0.024,   -0.007,    0.029,   -0.016,    0.002,    0.024,    0.053,    0.049,    0.052,    0.025,    0.072,    0.053,    0.049,    0.052,    0.025,    0.072,
         5,2020091012,    0.008,    0.017,    0.005,   -0.001,    0.003,    0.008,    0.016,    0.005,    0.000,    0.002,    0.052,    0.051,    0.055,    0.023,    0.059,    0.052,    0.052,    0.055,    0.023,    0.059,
         5,2020091006,   -0.015,   -0.044,   -0.006,   -0.009,   -0.051,   -0.015,   -0.042,   -0.006,   -0.008,   -0.049,    0.052,    0.034,    0.056,    0.023,    0.023,    0.052,    0.036,    0.056,    0.024,    0.023,
         5,2020091000,    0.008,    0.004,    0.010,    0.003,   -0.019,    0.008,    0.004,    0.010,    0.003,   -0.020,    0.054,    0.056,    0.057,    0.028,    0.059,    0.054,    0.054,    0.057,    0.027,    0.059,
         5,2020090918,   -0.005,    0.027,   -0.014,    0.004,   -0.004,   -0.005,    0.028,   -0.014,    0.004,   -0.004,    0.053,    0.050,    0.053,    0.026,    0.062,    0.053,    0.048,    0.053,    0.025,    0.062,
         5,2020090912,    0.003,    0.013,   -0.001,   -0.001,    0.046,    0.002,    0.012,   -0.001,   -0.001,    0.045,    0.055,    0.052,    0.058,    0.026,    0.050,    0.055,    0.054,    0.058,    0.027,    0.050,
         5,2020090906,   -0.003,   -0.048,    0.010,   -0.007,   -0.013,   -0.003,   -0.045,    0.010,   -0.006,   -0.012,    0.058,    0.034,    0.059,    0.024,    0.086,    0.058,    0.036,    0.059,    0.026,    0.086,
         5,2020090900,    0.002,   -0.002,    0.003,    0.005,   -0.017,    0.002,   -0.002,    0.003,    0.005,   -0.017,    0.058,    0.058,    0.061,    0.028,    0.061,    0.058,    0.057,    0.061,    0.027,    0.061,
         5,2020090818,    0.002,    0.043,   -0.008,    0.004,   -0.024,    0.002,    0.045,   -0.008,    0.005,   -0.025,    0.056,    0.040,    0.057,    0.027,    0.060,    0.056,    0.039,    0.057,    0.026,    0.060,
         5,2020090812,   -0.004,    0.004,   -0.007,   -0.003,   -0.008,   -0.004,    0.004,   -0.007,   -0.003,   -0.007,    0.059,    0.056,    0.061,    0.026,    0.072,    0.059,    0.059,    0.061,    0.027,    0.072,
         5,2020090806,    0.003,   -0.048,    0.019,   -0.007,   -0.007,    0.003,   -0.046,    0.018,   -0.007,   -0.006,    0.060,    0.038,    0.060,    0.026,    0.070,    0.060,    0.039,    0.060,    0.027,    0.070,
         5,2020090800,   -0.004,   -0.002,   -0.007,    0.004,    0.027,   -0.004,   -0.002,   -0.007,    0.004,    0.027,    0.061,    0.060,    0.064,    0.029,    0.062,    0.061,    0.060,    0.064,    0.029,    0.062,
         5,2020090718,    0.007,    0.047,   -0.002,    0.004,    0.022,    0.007,    0.049,   -0.002,    0.005,    0.023,    0.059,    0.042,    0.061,    0.029,    0.061,    0.059,    0.041,    0.061,    0.028,    0.061,
         5,2020090712,   -0.009,    0.004,   -0.015,   -0.003,    0.025,   -0.009,    0.004,   -0.015,   -0.002,    0.024,    0.061,    0.059,    0.063,    0.027,    0.065,    0.061,    0.062,    0.063,    0.028,    0.065,
         5,2020090706,    0.008,   -0.049,    0.025,   -0.006,    0.081,    0.008,   -0.047,    0.024,   -0.006,    0.078,    0.063,    0.042,    0.062,    0.028, -999.000,    0.063,    0.043,    0.062,    0.029, -999.000,
         5,2020090700,   -0.007,    0.000,   -0.010,    0.001,   -0.022,   -0.007,    0.000,   -0.010,    0.002,   -0.022,    0.064,    0.063,    0.067,    0.030,    0.072,    0.064,    0.063,    0.067,    0.030,    0.072,
         5,2020090618,    0.008,    0.052,   -0.001,    0.006,    0.007,    0.009,    0.053,   -0.001,    0.006,    0.008,    0.062,    0.044,    0.064,    0.030,    0.061,    0.062,    0.043,    0.064,    0.029,    0.061,
         5,2020090612,   -0.010,    0.002,   -0.015,   -0.004,    0.072,   -0.009,    0.002,   -0.014,   -0.004,    0.069,    0.064,    0.062,    0.066,    0.027,    0.012,    0.064,    0.064,    0.066,    0.028,    0.012,
         5,2020090606,    0.007,   -0.048,    0.024,   -0.008,    0.001,    0.007,   -0.046,    0.022,   -0.008,    0.001,    0.068,    0.048,    0.067,    0.029,    0.087,    0.068,    0.051,    0.067,    0.031,    0.087,
         5,2020090600,   -0.005,   -0.006,   -0.006,    0.005,    0.010,   -0.005,   -0.006,   -0.006,    0.006,    0.010,    0.067,    0.066,    0.071,    0.031,    0.089,    0.067,    0.065,    0.071,    0.031,    0.089,
         5,2020090518,    0.005,    0.055,   -0.006,    0.005,   -0.019,    0.005,    0.055,   -0.006,    0.006,   -0.019,    0.067,    0.048,    0.069,    0.032,    0.076,    0.067,    0.048,    0.069,    0.032,    0.076,
         5,2020090512,   -0.006,    0.003,   -0.010,   -0.003,   -0.000,   -0.006,    0.003,   -0.010,   -0.003,   -0.000,    0.068,    0.065,    0.072,    0.029,    0.086,    0.068,    0.067,    0.072,    0.030,    0.086,
         5,2020090506,    0.000,   -0.056,    0.014,   -0.009,    0.039,    0.000,   -0.052,    0.014,   -0.008,    0.036,    0.074,    0.050,    0.076,    0.031,    0.088,    0.074,    0.054,    0.076,    0.033,    0.088,
         5,2020090500,    0.003,   -0.006,    0.006,    0.005,   -0.087,    0.003,   -0.006,    0.007,    0.006,   -0.088,    0.074,    0.072,    0.078,    0.034,    0.016,    0.074,    0.072,    0.078,    0.034,    0.016,
         5,2020090418,   -0.003,    0.058,   -0.016,    0.007,    0.051,   -0.003,    0.057,   -0.016,    0.006,    0.050,    0.075,    0.057,    0.076,    0.035,    0.074,    0.075,    0.058,    0.076,    0.035,    0.074,
         5,2020090412,    0.003,    0.007,    0.001,   -0.003,    0.043,    0.002,    0.007,    0.001,   -0.003,    0.042,    0.076,    0.073,    0.080,    0.032,    0.072,    0.076,    0.075,    0.080,    0.033,    0.072,
         5,2020090406,   -0.008,   -0.072,    0.007,   -0.010,    0.011,   -0.008,   -0.066,    0.007,   -0.009,    0.010,    0.082,    0.045,    0.085,    0.035,    0.093,    0.082,    0.048,    0.085,    0.037,    0.093,
         5,2020090400,    0.011,    0.001,    0.016,    0.006,   -0.078,    0.011,    0.001,    0.015,    0.007,   -0.076,    0.084,    0.080,    0.088,    0.038,    0.050,    0.084,    0.082,    0.088,    0.039,    0.050,
         5,2020090318,   -0.011,    0.047,   -0.027,    0.008,    0.014,   -0.011,    0.046,   -0.026,    0.008,    0.014,    0.086,    0.078,    0.086,    0.040,    0.088,    0.086,    0.079,    0.086,    0.041,    0.088,
         5,2020090312,    0.010,    0.021,    0.007,   -0.001,    0.005,    0.009,    0.020,    0.006,    0.000,    0.004,    0.090,    0.084,    0.095,    0.038,    0.102,    0.090,    0.089,    0.095,    0.040,    0.102,
         5,2020090306,   -0.014,   -0.085,    0.007,   -0.016,   -0.004,   -0.013,   -0.079,    0.006,   -0.015,   -0.003,    0.096,    0.050,    0.101,    0.039,    0.110,    0.096,    0.053,    0.101,    0.042,    0.110,
         5,2020090300,    0.016,    0.009,    0.020,    0.011,    0.006,    0.016,    0.009,    0.019,    0.012,    0.005,    0.102,    0.096,    0.107,    0.044,    0.128,    0.102,    0.101,    0.107,    0.047,    0.128,
         5,2020090218,   -0.012,    0.054,   -0.030,    0.004,    0.005,   -0.012,    0.053,   -0.029,    0.003,    0.005,    0.106,    0.096,    0.106,    0.049,    0.103,    0.106,    0.099,    0.106,    0.050,    0.103,
         5,2020090212,    0.010,    0.029,    0.005,   -0.005,    0.013,    0.010,    0.028,    0.005,   -0.005,    0.013,    0.105,    0.102,    0.111,    0.047,    0.129,    0.105,    0.103,    0.111,    0.048,    0.129,
         5,2020090206,   -0.011,   -0.089,    0.012,   -0.012,   -0.040,   -0.011,   -0.087,    0.012,   -0.011,   -0.039,    0.107,    0.065,    0.111,    0.047,    0.114,    0.107,    0.067,    0.111,    0.048,    0.114,
         5,2020090200,    0.011,    0.001,    0.015,    0.007,    0.018,    0.011,    0.001,    0.015,    0.009,    0.018,    0.109,    0.107,    0.114,    0.050,    0.121,    0.109,    0.108,    0.114,    0.051,    0.121,
         5,2020090118,   -0.006,    0.069,   -0.026,    0.006,    0.060,   -0.006,    0.070,   -0.026,    0.006,    0.060,    0.109,    0.091,    0.110,    0.052,    0.115,    0.109,    0.091,    0.110,    0.051,    0.115,
         5,2020090112,   -0.001,    0.012,   -0.005,   -0.010,    0.058,   -0.000,    0.012,   -0.004,   -0.006,    0.058,    0.110,    0.109,    0.115,    0.049,    0.131,    0.110,    0.110,    0.115,    0.048,    0.131,
         5,2020090106,    0.000,   -0.090,    0.026,   -0.012,    0.142,    0.001,   -0.087,    0.026,   -0.011,    0.139,    0.112,    0.068,    0.114,    0.048,    0.001,    0.112,    0.070,    0.114,    0.049,    0.001,
         5,2020090100,   -0.002,   -0.004,   -0.003,    0.010,   -0.045,   -0.002,   -0.004,   -0.003,    0.010,   -0.046,    0.111,    0.111,    0.118,    0.052,    0.135,    0.111,    0.111,    0.118,    0.052,    0.135,
         5,2020083118,    0.007,    0.087,   -0.011,    0.005,   -0.013,    0.007,    0.088,   -0.011,    0.007,   -0.013,    0.111,    0.078,    0.114,    0.053,    0.119,    0.111,    0.077,    0.114,    0.052,    0.119,
         5,2020083112,   -0.013,    0.008,   -0.021,   -0.007,    0.021,   -0.013,    0.008,   -0.021,   -0.004,    0.021,    0.110,    0.111,    0.114,    0.050,    0.144,    0.110,    0.112,    0.114,    0.049,    0.144,
         5,2020083106,    0.011,   -0.089,    0.041,   -0.011,   -0.011,    0.011,   -0.088,    0.041,   -0.011,   -0.010,    0.111,    0.072,    0.109,    0.049,    0.092,    0.111,    0.073,    0.109,    0.050,    0.092,
         5,2020083100,   -0.015,   -0.006,   -0.022,    0.005,    0.035,   -0.014,   -0.006,   -0.021,    0.006,    0.035,    0.109,    0.108,    0.117,    0.051,    0.156,    0.109,    0.109,    0.117,    0.052,    0.156,
         5,2020083018,    0.014,    0.092,   -0.003,    0.013,    0.035,    0.014,    0.091,   -0.003,    0.013,    0.035,    0.114,    0.079,    0.118,    0.053,    0.089,    0.114,    0.079,    0.118,    0.053,    0.089,
         5,2020083012,   -0.017,    0.006,   -0.026,   -0.012,   -0.016,   -0.017,    0.006,   -0.026,   -0.012,   -0.016,    0.112,    0.114,    0.116,    0.050,    0.147,    0.112,    0.114,    0.116,    0.050,    0.147,
         5,2020083006,    0.013,   -0.083,    0.042,   -0.008,    0.009,    0.013,   -0.082,    0.042,   -0.008,    0.009,    0.114,    0.083,    0.112,    0.052,    0.126,    0.114,    0.084,    0.112,    0.052,    0.126,
         5,2020083000,   -0.014,   -0.007,   -0.019,    0.007,    0.010,   -0.014,   -0.007,   -0.019,    0.006,    0.010,    0.114,    0.111,    0.121,    0.053,    0.132,    0.114,    0.112,    0.121,    0.054,    0.132,
