        19,2020092000,   -0.135,   -0.286,   -0.064,   -0.002,   -0.386,   -0.138,   -0.288,   -0.067,   -0.009,   -0.386,    0.304,    0.184,    0.303,    0.434, -999.000,    0.304,    0.184,    0.303,    0.431, -999.000,
        19,2020091918,   -0.013,   -0.219,    0.018,    0.056,   -0.146,   -0.015,   -0.225,    0.013,    0.074,   -0.146,    0.314,    0.189,    0.301,    0.393,    0.341,    0.314,    0.193,    0.301,    0.395,    0.341,
        19,2020091912,   -0.047,   -0.282,    0.042,    0.197,    0.145,   -0.046,   -0.281,    0.033,    0.217,    0.034,    0.364,    0.201,    0.353,    0.394,    0.432,    0.364,    0.199,    0.353,    0.403,    0.432,
        19,2020091906,    0.005,   -0.319,   -0.025,    0.339, -999.000,   -0.004,   -0.330,   -0.038,    0.332, -999.000,    0.392,    0.203,    0.373,    0.323, -999.000,    0.392,    0.208,    0.373,    0.314, -999.000,
        19,2020091900,   -0.110,   -0.342,   -0.021,    0.081,   -0.205,   -0.118,   -0.344,   -0.034,    0.092,   -0.246,    0.364,    0.187,    0.348,    0.478,    0.317,    0.364,    0.190,    0.348,    0.479,    0.317,
        19,2020091818,   -0.015,   -0.227,    0.025,    0.072,   -0.426,   -0.016,   -0.228,    0.021,    0.084,   -0.426,    0.353,    0.227,    0.340,    0.434, -999.000,    0.353,    0.228,    0.340,    0.435, -999.000,
        19,2020091812,   -0.021,   -0.297,    0.067,    0.258,    0.042,   -0.025,   -0.295,    0.054,    0.264,    0.042,    0.409,    0.234,    0.393,    0.419,    0.477,    0.409,    0.231,    0.393,    0.422,    0.477,
        19,2020091806,   -0.047,   -0.432,   -0.063,    0.340,   -0.159,   -0.053,   -0.431,   -0.076,    0.331,   -0.159,    0.443,    0.109,    0.417,    0.380,    0.510,    0.443,    0.107,    0.417,    0.370,    0.510,
        19,2020091800,   -0.152,   -0.350,   -0.068,   -0.043,   -0.356,   -0.154,   -0.356,   -0.072,   -0.023,   -0.356,    0.371,    0.195,    0.367,    0.509,    0.160,    0.371,    0.200,    0.367,    0.507,    0.160,
        19,2020091718,   -0.025,   -0.238,   -0.003,    0.104,   -0.182,   -0.033,   -0.242,   -0.010,    0.091,   -0.182,    0.370,    0.256,    0.355,    0.448,    0.284,    0.370,    0.258,    0.355,    0.444,    0.284,
        19,2020091712,    0.003,   -0.272,    0.087,    0.283,   -0.106,    0.000,   -0.275,    0.083,    0.282,   -0.106,    0.391,    0.236,    0.371,    0.387,    0.277,    0.391,    0.237,    0.371,    0.384,    0.277,
        19,2020091706,   -0.128,   -0.418,   -0.117,    0.251,   -0.235,   -0.135,   -0.417,   -0.126,    0.243,   -0.235,    0.389,    0.096,    0.370,    0.414,    0.392,    0.389,    0.093,    0.370,    0.408,    0.392,
        19,2020091700,   -0.075,   -0.287,    0.014,    0.086,    0.394,   -0.078,   -0.291,    0.010,    0.085,    0.394,    0.340,    0.205,    0.322,    0.439, -999.000,    0.340,    0.207,    0.322,    0.438, -999.000,
        19,2020091618,   -0.066,   -0.267,   -0.035,    0.058,   -0.233,   -0.071,   -0.269,   -0.040,    0.050,   -0.233,    0.311,    0.142,    0.302,    0.394,    0.226,    0.311,    0.143,    0.302,    0.392,    0.226,
        19,2020091612,   -0.003,   -0.249,    0.065,    0.224,   -0.108,   -0.003,   -0.250,    0.065,    0.226,   -0.108,    0.345,    0.201,    0.330,    0.351,    0.324,    0.345,    0.200,    0.330,    0.351,    0.324,
        19,2020091606,   -0.105,   -0.367,   -0.080,    0.199, -999.000,   -0.107,   -0.369,   -0.087,    0.197, -999.000,    0.340,    0.076,    0.330,    0.372, -999.000,    0.340,    0.078,    0.330,    0.369, -999.000,
        19,2020091600,   -0.057,   -0.239,    0.030,    0.060,    0.122,   -0.061,   -0.241,    0.024,    0.067,    0.122,    0.291,    0.181,    0.277,    0.376,    0.146,    0.291,    0.183,    0.277,    0.377,    0.146,
        19,2020091518,   -0.055,   -0.264,   -0.028,    0.041,   -0.346,   -0.059,   -0.265,   -0.033,    0.044,   -0.346,    0.277,    0.095,    0.268,    0.348, -999.000,    0.277,    0.095,    0.268,    0.348, -999.000,
        19,2020091512,    0.037,   -0.171,    0.063,    0.185,   -0.339,    0.037,   -0.173,    0.061,    0.186,   -0.339,    0.286,    0.182,    0.275,    0.278,    0.008,    0.286,    0.183,    0.275,    0.279,    0.008,
        19,2020091506,   -0.091,   -0.271,   -0.090,    0.170,    0.093,   -0.093,   -0.271,   -0.092,    0.165,    0.236,    0.257,    0.078,    0.246,    0.272,    0.247,    0.257,    0.078,    0.246,    0.267,    0.247,
        19,2020091500,   -0.043,   -0.182,    0.015,    0.055,   -0.273,   -0.045,   -0.182,    0.012,    0.056,   -0.273,    0.211,    0.128,    0.200,    0.268,    0.021,    0.211,    0.128,    0.200,    0.268,    0.021,
        19,2020091418,   -0.018,   -0.160,   -0.003,    0.070,    0.064,   -0.020,   -0.162,   -0.006,    0.071,    0.064,    0.204,    0.089,    0.198,    0.245,    0.218,    0.204,    0.089,    0.198,    0.245,    0.218,
        19,2020091412,   -0.037,   -0.196,    0.002,    0.132,   -0.256,   -0.032,   -0.192,    0.008,    0.136,    0.083,    0.228,    0.100,    0.225,    0.234, -999.000,    0.228,    0.095,    0.225,    0.236, -999.000,
        19,2020091406,   -0.061,   -0.236,   -0.052,    0.170,   -0.106,   -0.061,   -0.236,   -0.053,    0.174,   -0.106,    0.238,    0.089,    0.230,    0.227,    0.271,    0.238,    0.090,    0.230,    0.229,    0.271,
        19,2020091400,   -0.051,   -0.179,    0.005,    0.017, -999.000,   -0.052,   -0.180,    0.002,    0.028,   -0.193,    0.203,    0.118,    0.195,    0.261, -999.000,    0.203,    0.120,    0.195,    0.261, -999.000,
        19,2020091318,   -0.016,   -0.153,   -0.007,    0.072,   -0.253,   -0.017,   -0.154,   -0.010,    0.079,   -0.253,    0.215,    0.125,    0.207,    0.256,    0.004,    0.215,    0.126,    0.207,    0.258,    0.004,
        19,2020091312,   -0.065,   -0.223,   -0.011,    0.115,   -0.016,   -0.054,   -0.221,   -0.002,    0.138,   -0.016,    0.239,    0.098,    0.239,    0.270,    0.264,    0.239,    0.096,    0.239,    0.280,    0.264,
        19,2020091306,   -0.044,   -0.283,   -0.043,    0.209,    0.005,   -0.033,   -0.282,   -0.038,    0.227,   -0.294,    0.298,    0.128,    0.286,    0.255,    0.422,    0.298,    0.129,    0.286,    0.268,    0.422,
        19,2020091300,   -0.095,   -0.220,   -0.034,    0.015,   -0.038,   -0.093,   -0.220,   -0.034,    0.026,   -0.038,    0.236,    0.136,    0.236,    0.323, -999.000,    0.236,    0.136,    0.236,    0.324, -999.000,
        19,2020091218,   -0.001,   -0.187,    0.022,    0.079,   -0.291,    0.003,   -0.189,    0.024,    0.093,   -0.291,    0.279,    0.179,    0.268,    0.327,    0.043,    0.279,    0.180,    0.268,    0.331,    0.043,
        19,2020091212,   -0.063,   -0.263,    0.006,    0.162,   -0.256,   -0.056,   -0.265,    0.008,    0.188,   -0.254,    0.308,    0.145,    0.307,    0.325,    0.163,    0.308,    0.148,    0.307,    0.337,    0.163,
        19,2020091206,   -0.033,   -0.294,   -0.039,    0.282,   -0.374,   -0.018,   -0.294,   -0.038,    0.312,   -0.374,    0.372,    0.237,    0.360,    0.288, -999.000,    0.372,    0.238,    0.360,    0.313, -999.000,
        19,2020091200,   -0.099,   -0.292,   -0.017,    0.062,    0.322,   -0.096,   -0.292,   -0.021,    0.104,    0.322,    0.322,    0.177,    0.317,    0.410,    0.115,    0.322,    0.177,    0.317,    0.417,    0.115,
        19,2020091118,   -0.002,   -0.213,    0.032,    0.042,   -0.375,   -0.001,   -0.216,    0.030,    0.066,   -0.375,    0.331,    0.230,    0.316,    0.407,    0.056,    0.331,    0.232,    0.316,    0.410,    0.056,
        19,2020091112,   -0.036,   -0.279,    0.052,    0.186,   -0.072,   -0.035,   -0.281,    0.052,    0.201,   -0.072,    0.367,    0.217,    0.356,    0.402,    0.359,    0.367,    0.219,    0.356,    0.407,    0.359,
        19,2020091106,   -0.090,   -0.407,   -0.071,    0.310, -999.000,   -0.078,   -0.407,   -0.074,    0.334, -999.000,    0.410,    0.115,    0.399,    0.335, -999.000,    0.410,    0.115,    0.399,    0.356, -999.000,
        19,2020091100,   -0.125,   -0.361,   -0.029,    0.048,   -0.310,   -0.115,   -0.361,   -0.025,    0.110,   -0.310,    0.387,    0.208,    0.381,    0.498,    0.209,    0.387,    0.210,    0.381,    0.507,    0.209,
        19,2020091018,    0.006,   -0.215,    0.036,    0.121,    0.068,    0.007,   -0.217,    0.034,    0.135,    0.068,    0.396,    0.290,    0.379,    0.480,    0.253,    0.396,    0.290,    0.379,    0.483,    0.253,
        19,2020091012,   -0.022,   -0.266,    0.067,    0.236,   -0.048,   -0.002,   -0.265,    0.078,    0.287,   -0.048,    0.428,    0.296,    0.419,    0.427,    0.661,    0.428,    0.295,    0.419,    0.454,    0.661,
        19,2020091006,   -0.230,   -0.479,   -0.200,    0.168,   -0.507,   -0.206,   -0.475,   -0.190,    0.243,   -0.507,    0.437,    0.103,    0.437,    0.499, -999.000,    0.437,    0.093,    0.437,    0.527, -999.000,
        19,2020091000,   -0.138,   -0.414,   -0.030,    0.082,   -0.307,   -0.132,   -0.414,   -0.026,    0.109,   -0.190,    0.407,    0.189,    0.394,    0.532,    0.244,    0.407,    0.191,    0.394,    0.536,    0.244,
        19,2020090918,   -0.078,   -0.265,   -0.039,    0.067,   -0.386,   -0.075,   -0.269,   -0.038,    0.093,   -0.386,    0.388,    0.275,    0.376,    0.495, -999.000,    0.388,    0.277,    0.376,    0.498, -999.000,
        19,2020090912,   -0.020,   -0.285,    0.062,    0.317, -999.000,   -0.010,   -0.286,    0.068,    0.334,    0.306,    0.416,    0.263,    0.404,    0.389, -999.000,    0.416,    0.263,    0.404,    0.401, -999.000,
        19,2020090906,   -0.190,   -0.470,   -0.138,    0.145,   -0.438,   -0.174,   -0.470,   -0.129,    0.189,   -0.438,    0.429,    0.109,    0.426,    0.518, -999.000,    0.429,    0.109,    0.426,    0.530, -999.000,
        19,2020090900,   -0.096,   -0.311,    0.006,    0.076,   -0.150,   -0.090,   -0.312,    0.013,    0.107,   -0.150,    0.366,    0.247,    0.349,    0.483,    0.533,    0.366,    0.249,    0.349,    0.490,    0.533,
        19,2020090818,   -0.127,   -0.380,   -0.080,    0.058,    0.244,   -0.119,   -0.377,   -0.078,    0.098,    0.244,    0.387,    0.120,    0.382,    0.493,    0.203,    0.387,    0.120,    0.382,    0.498,    0.203,
        19,2020090812,   -0.019,   -0.309,    0.082,    0.286,   -0.446,    0.000,   -0.309,    0.088,    0.333,   -0.446,    0.420,    0.247,    0.405,    0.390, -999.000,    0.420,    0.248,    0.405,    0.423, -999.000,
        19,2020090806,   -0.183,   -0.474,   -0.162,    0.192,   -0.463,   -0.139,   -0.476,   -0.158,    0.304,   -0.450,    0.450,    0.131,    0.440,    0.456,    0.032,    0.450,    0.135,    0.440,    0.509,    0.032,
        19,2020090800,   -0.103,   -0.354,    0.003,    0.181,   -0.519,   -0.094,   -0.355,   -0.002,    0.255,   -0.519,    0.417,    0.270,    0.395,    0.484,    0.043,    0.417,    0.271,    0.395,    0.515,    0.043,
        19,2020090718,   -0.109,   -0.400,   -0.062,    0.094,    0.128,   -0.112,   -0.400,   -0.065,    0.099,    0.128,    0.425,    0.167,    0.415,    0.526,    0.436,    0.425,    0.170,    0.415,    0.524,    0.436,
        19,2020090712,   -0.033,   -0.325,    0.067,    0.287,   -0.420,   -0.021,   -0.325,    0.071,    0.324,   -0.420,    0.437,    0.257,    0.424,    0.423,    0.055,    0.437,    0.259,    0.424,    0.445,    0.055,
        19,2020090706,   -0.139,   -0.477,   -0.102,    0.200, -999.000,   -0.124,   -0.478,   -0.105,    0.270, -999.000,    0.450,    0.145,    0.437,    0.472, -999.000,    0.450,    0.146,    0.437,    0.503, -999.000,
        19,2020090700,   -0.111,   -0.367,    0.011,    0.100,   -0.084,   -0.105,   -0.367,    0.010,    0.179,   -0.084,    0.395,    0.244,    0.376,    0.506,    0.226,    0.395,    0.246,    0.376,    0.526,    0.226,
        19,2020090618,   -0.097,   -0.373,   -0.062,    0.140,   -0.392,   -0.093,   -0.373,   -0.063,    0.163,   -0.392,    0.419,    0.202,    0.406,    0.507,    0.236,    0.419,    0.202,    0.406,    0.513,    0.236,
        19,2020090612,   -0.086,   -0.343,    0.036,    0.180,   -0.179,   -0.070,   -0.344,    0.049,    0.230,   -0.179,    0.425,    0.239,    0.424,    0.493,    0.036,    0.425,    0.241,    0.424,    0.513,    0.036,
        19,2020090606,   -0.156,   -0.422,   -0.137,    0.279, -999.000,   -0.138,   -0.421,   -0.134,    0.341, -999.000,    0.445,    0.250,    0.433,    0.440, -999.000,    0.445,    0.249,    0.433,    0.480, -999.000,
        19,2020090600,   -0.170,   -0.390,   -0.034,   -0.085,   -0.028,   -0.171,   -0.390,   -0.034,   -0.082,   -0.028,    0.385,    0.219,    0.388,    0.538, -999.000,    0.385,    0.219,    0.388,    0.538, -999.000,
        19,2020090518,    0.005,   -0.330,    0.049,    0.175,   -0.406,   -0.003,   -0.338,    0.041,    0.175,   -0.406,    0.420,    0.231,    0.398,    0.496, -999.000,    0.420,    0.240,    0.398,    0.495, -999.000,
        19,2020090512,   -0.141,   -0.369,   -0.045,    0.213,   -0.459,   -0.119,   -0.369,   -0.025,    0.266,   -0.459,    0.425,    0.229,    0.436,    0.483, -999.000,    0.425,    0.231,    0.436,    0.508, -999.000,
        19,2020090506,   -0.049,   -0.381,   -0.030,    0.362,    0.365,   -0.037,   -0.380,   -0.032,    0.413,    0.365,    0.503,    0.362,    0.487,    0.438,    0.100,    0.503,    0.360,    0.487,    0.479,    0.100,
        19,2020090500,   -0.230,   -0.452,   -0.105,    0.003,   -0.534,   -0.228,   -0.451,   -0.103,    0.007,   -0.534,    0.420,    0.229,    0.426,    0.613, -999.000,    0.420,    0.228,    0.426,    0.613, -999.000,
        19,2020090418,   -0.005,   -0.386,    0.035,    0.173, -999.000,    0.006,   -0.380,    0.037,    0.223, -999.000,    0.500,    0.310,    0.477,    0.583, -999.000,    0.500,    0.308,    0.477,    0.598, -999.000,
        19,2020090412,   -0.150,   -0.399,   -0.021,    0.198,    0.150,   -0.115,   -0.399,   -0.001,    0.331,   -0.075,    0.504,    0.322,    0.512,    0.577,    0.638,    0.504,    0.323,    0.512,    0.631,    0.638,
        19,2020090406,   -0.043,   -0.541,   -0.018,    0.382,    0.536,   -0.005,   -0.538,   -0.012,    0.484,    0.536,    0.613,    0.354,    0.592,    0.537, -999.000,    0.613,    0.351,    0.592,    0.607, -999.000,
        19,2020090400,   -0.226,   -0.549,   -0.092,    0.238,   -0.140,   -0.218,   -0.548,   -0.088,    0.266,   -0.140,    0.532,    0.289,    0.521,    0.694,    0.474,    0.532,    0.290,    0.521,    0.701,    0.474,
        19,2020090318,   -0.033,   -0.498,    0.019,    0.267,   -0.472,   -0.025,   -0.497,    0.011,    0.334,   -0.472,    0.603,    0.356,    0.577,    0.655,    0.413,    0.603,    0.360,    0.577,    0.683,    0.413,
        19,2020090312,   -0.032,   -0.401,    0.095,    0.382,    0.687,   -0.022,   -0.409,    0.096,    0.439,    0.687,    0.587,    0.379,    0.568,    0.588, -999.000,    0.587,    0.387,    0.568,    0.619, -999.000,
        19,2020090306,   -0.082,   -0.675,   -0.019,    0.400,    0.649,   -0.077,   -0.681,   -0.035,    0.453,    0.649,    0.659,    0.184,    0.638,    0.612, -999.000,    0.659,    0.198,    0.638,    0.639, -999.000,
        19,2020090300,   -0.214,   -0.592,   -0.094,    0.234,    0.368,   -0.201,   -0.590,   -0.076,    0.249,    0.368,    0.563,    0.307,    0.539,    0.728,    0.494,    0.563,    0.311,    0.539,    0.732,    0.494,
        19,2020090218,   -0.018,   -0.516,    0.016,    0.374,    0.725,   -0.015,   -0.508,    0.014,    0.397,    0.725,    0.644,    0.415,    0.614,    0.669, -999.000,    0.644,    0.411,    0.614,    0.677, -999.000,
        19,2020090212,   -0.085,   -0.445,    0.052,    0.411,   -0.339,   -0.036,   -0.446,    0.088,    0.511,   -0.339,    0.619,    0.401,    0.608,    0.589,    0.130,    0.619,    0.403,    0.608,    0.653,    0.130,
        19,2020090206,   -0.224,   -0.786,   -0.118,    0.170,    0.035,   -0.192,   -0.785,   -0.112,    0.333,    0.035,    0.697,    0.126,    0.690,    0.780,    1.039,    0.697,    0.127,    0.690,    0.822,    1.039,
        19,2020090200,   -0.120,   -0.595,    0.032,    0.447,   -0.590,   -0.117,   -0.596,    0.034,    0.427,   -0.590,    0.619,    0.349,    0.571,    0.687,    0.335,    0.619,    0.352,    0.571,    0.671,    0.335,
        19,2020090118,   -0.095,   -0.567,    0.007,    0.119,   -0.689,   -0.100,   -0.558,    0.004,    0.103,   -0.689,    0.662,    0.343,    0.647,    0.818,    0.192,    0.662,    0.342,    0.647,    0.814,    0.192,
        19,2020090112,   -0.005,   -0.482,    0.159,    0.513, -999.000,    0.012,   -0.485,    0.164,    0.563, -999.000,    0.706,    0.447,    0.683,    0.638, -999.000,    0.706,    0.452,    0.683,    0.675, -999.000,
        19,2020090106,   -0.051,   -0.839,    0.011,    0.602, -999.000,   -0.048,   -0.842,   -0.007,    0.631, -999.000,    0.812,    0.187,    0.772,    0.693, -999.000,    0.812,    0.192,    0.772,    0.711, -999.000,
        19,2020090100,   -0.011,   -0.566,    0.154,    0.570,   -0.449,   -0.006,   -0.562,    0.145,    0.598,   -0.449,    0.728,    0.502,    0.663,    0.721,    0.588,    0.728,    0.499,    0.663,    0.742,    0.588,
        19,2020083118,   -0.113,   -0.714,   -0.029,    0.359,    0.134,   -0.120,   -0.714,   -0.035,    0.349,    0.134,    0.749,    0.267,    0.732,    0.849,    0.725,    0.749,    0.271,    0.732,    0.841,    0.725,
        19,2020083112,   -0.038,   -0.554,    0.157,    0.634, -999.000,   -0.023,   -0.560,    0.166,    0.647, -999.000,    0.764,    0.458,    0.740,    0.679, -999.000,    0.764,    0.462,    0.740,    0.692, -999.000,
        19,2020083106,   -0.247,   -0.852,   -0.137,    0.233,   -0.492,   -0.225,   -0.846,   -0.112,    0.239,   -0.492,    0.790,    0.239,    0.780,    0.945,    0.810,    0.790,    0.237,    0.780,    0.945,    0.810,
        19,2020083100,   -0.150,   -0.590,    0.078,    0.384, -999.000,   -0.148,   -0.591,    0.077,    0.390, -999.000,    0.715,    0.483,    0.668,    0.860, -999.000,    0.715,    0.487,    0.668,    0.856, -999.000,
        19,2020083018,   -0.180,   -0.637,   -0.080,    0.059,   -0.111,   -0.190,   -0.639,   -0.084,   -0.002,   -0.111,    0.683,    0.336,    0.678,    0.887,    1.172,    0.683,    0.345,    0.678,    0.889,    1.172,
        19,2020083012,   -0.081,   -0.588,    0.147,    0.454,   -0.542,   -0.057,   -0.588,    0.171,    0.473,   -0.542,    0.716,    0.386,    0.693,    0.748,    0.225,    0.716,    0.389,    0.693,    0.766,    0.225,
        19,2020083006,   -0.246,   -0.755,   -0.123,    0.313,   -0.696,   -0.227,   -0.758,   -0.112,    0.365,   -0.696,    0.745,    0.315,    0.741,    0.858,    0.133,    0.745,    0.318,    0.741,    0.877,    0.133,
        19,2020083000,   -0.191,   -0.599,    0.039,   -0.041,   -0.419,   -0.193,   -0.599,    0.037,   -0.004,   -0.419,    0.658,    0.416,    0.637,    0.879,    0.472,    0.658,    0.418,    0.637,    0.876,    0.472,
