        10,2020092000,   -2.135,   -1.993,   -2.268,   -1.535, -999.000,   -2.134,   -1.984,   -2.272,   -1.516, -999.000,    2.408,    2.361,    2.455,    2.022, -999.000,    2.408,    2.370,    2.455,    2.028, -999.000,
        10,2020091918,   -2.116,   -1.932,   -2.179,   -2.053, -999.000,   -2.125,   -1.935,   -2.188,   -2.066, -999.000,    2.431,    2.404,    2.461,    2.268, -999.000,    2.431,    2.396,    2.461,    2.266, -999.000,
        10,2020091912,   -2.120,   -2.581,   -1.976,   -1.917, -999.000,   -2.122,   -2.598,   -1.971,   -1.929, -999.000,    2.373,    2.527,    2.318,    2.173, -999.000,    2.373,    2.518,    2.318,    2.185, -999.000,
        10,2020091906,   -2.118,   -2.288,   -2.107,   -1.812, -999.000,   -2.098,   -2.261,   -2.086,   -1.807, -999.000,    2.407,    2.383,    2.436,    2.177, -999.000,    2.407,    2.403,    2.436,    2.177, -999.000,
        10,2020091900,   -2.097,   -1.890,   -2.240,   -1.619, -999.000,   -2.102,   -1.884,   -2.249,   -1.604, -999.000,    2.376,    2.312,    2.416,    2.098, -999.000,    2.376,    2.314,    2.416,    2.135, -999.000,
        10,2020091818,   -2.150,   -2.208,   -2.125,   -2.159, -999.000,   -2.154,   -2.224,   -2.125,   -2.163, -999.000,    2.377,    2.434,    2.357,    2.372, -999.000,    2.377,    2.432,    2.357,    2.368, -999.000,
        10,2020091812,   -2.136,   -2.466,   -2.067,   -1.958, -999.000,   -2.153,   -2.505,   -2.077,   -1.966, -999.000,    2.384,    2.560,    2.349,    2.245, -999.000,    2.384,    2.544,    2.349,    2.214, -999.000,
        10,2020091806,   -2.034,   -2.526,   -1.905,   -1.856, -999.000,   -2.026,   -2.548,   -1.886,   -1.848, -999.000,    2.323,    2.507,    2.270,    2.152, -999.000,    2.323,    2.489,    2.270,    2.156, -999.000,
        10,2020091800,   -2.012,   -1.746,   -2.175,   -1.589, -999.000,   -2.010,   -1.740,   -2.178,   -1.582, -999.000,    2.328,    2.224,    2.384,    2.109, -999.000,    2.328,    2.214,    2.384,    2.108, -999.000,
        10,2020091718,   -2.084,   -2.135,   -2.054,   -2.148, -999.000,   -2.088,   -2.131,   -2.064,   -2.133, -999.000,    2.370,    2.397,    2.359,    2.354, -999.000,    2.370,    2.401,    2.359,    2.370, -999.000,
        10,2020091712,   -2.115,   -2.301,   -2.078,   -1.994, -999.000,   -2.124,   -2.319,   -2.085,   -2.004, -999.000,    2.408,    2.544,    2.387,    2.258, -999.000,    2.408,    2.538,    2.387,    2.250, -999.000,
        10,2020091706,   -2.140,   -2.722,   -2.000,   -1.944, -999.000,   -2.160,   -2.731,   -2.023,   -1.959, -999.000,    2.388,    2.612,    2.315,    2.270, -999.000,    2.388,    2.608,    2.315,    2.243, -999.000,
        10,2020091700,   -2.068,   -1.856,   -2.223,   -1.518, -999.000,   -2.051,   -1.841,   -2.210,   -1.483, -999.000,    2.371,    2.292,    2.429,    1.982, -999.000,    2.371,    2.294,    2.429,    1.992, -999.000,
        10,2020091618,   -2.167,   -2.074,   -2.204,   -2.136, -999.000,   -2.157,   -2.080,   -2.192,   -2.115, -999.000,    2.386,    2.381,    2.403,    2.263, -999.000,    2.386,    2.376,    2.403,    2.303, -999.000,
        10,2020091612,   -2.094,   -2.522,   -2.012,   -1.698, -999.000,   -2.102,   -2.538,   -2.017,   -1.701, -999.000,    2.370,    2.581,    2.320,    2.139, -999.000,    2.370,    2.560,    2.320,    2.142, -999.000,
        10,2020091606,   -2.085,   -2.583,   -1.996,   -1.722, -999.000,   -2.078,   -2.584,   -1.989,   -1.692, -999.000,    2.404,    2.597,    2.374,    2.014, -999.000,    2.404,    2.603,    2.374,    2.043, -999.000,
        10,2020091600,   -2.030,   -1.924,   -2.147,   -1.337, -999.000,   -2.025,   -1.893,   -2.150,   -1.342, -999.000,    2.317,    2.278,    2.351,    1.909, -999.000,    2.317,    2.298,    2.351,    1.912, -999.000,
        10,2020091518,   -2.056,   -1.766,   -2.167,   -1.944, -999.000,   -2.059,   -1.768,   -2.167,   -1.963, -999.000,    2.371,    2.187,    2.440,    2.222, -999.000,    2.371,    2.199,    2.440,    2.207, -999.000,
        10,2020091512,   -2.120,   -2.586,   -2.032,   -1.401, -999.000,   -2.125,   -2.586,   -2.039,   -1.386, -999.000,    2.401,    2.554,    2.372,    1.816, -999.000,    2.401,    2.545,    2.372,    1.823, -999.000,
        10,2020091506,   -2.061,   -2.325,   -1.987,   -1.924, -999.000,   -2.053,   -2.279,   -1.991,   -1.929, -999.000,    2.371,    2.429,    2.350,    2.260, -999.000,    2.371,    2.451,    2.350,    2.264, -999.000,
        10,2020091500,   -1.948,   -1.823,   -2.049,   -1.340, -999.000,   -1.941,   -1.801,   -2.052,   -1.291, -999.000,    2.320,    2.236,    2.361,    1.999, -999.000,    2.320,    2.236,    2.361,    2.058, -999.000,
        10,2020091418,   -2.076,   -1.911,   -2.114,   -2.066, -999.000,   -2.089,   -1.921,   -2.129,   -2.068, -999.000,    2.380,    2.340,    2.396,    2.323, -999.000,    2.380,    2.335,    2.396,    2.333, -999.000,
        10,2020091412,   -2.037,   -2.420,   -1.938,   -1.462, -999.000,   -2.045,   -2.425,   -1.946,   -1.468, -999.000,    2.366,    2.472,    2.329,    2.030, -999.000,    2.366,    2.475,    2.329,    2.035, -999.000,
        10,2020091406,   -2.050,   -2.433,   -1.895,   -2.055, -999.000,   -2.050,   -2.410,   -1.909,   -2.012, -999.000,    2.359,    2.505,    2.284,    2.242, -999.000,    2.359,    2.524,    2.284,    2.263, -999.000,
        10,2020091400,   -1.936,   -1.898,   -2.034,   -1.237, -999.000,   -1.942,   -1.896,   -2.044,   -1.223, -999.000,    2.274,    2.164,    2.341,    1.847, -999.000,    2.274,    2.166,    2.341,    1.874, -999.000,
        10,2020091318,   -2.074,   -1.801,   -2.163,   -1.907, -999.000,   -2.066,   -1.802,   -2.149,   -1.919, -999.000,    2.380,    2.263,    2.413,    2.286, -999.000,    2.380,    2.277,    2.413,    2.267, -999.000,
        10,2020091312,   -2.073,   -2.401,   -1.987,   -1.550, -999.000,   -2.081,   -2.400,   -1.999,   -1.564, -999.000,    2.355,    2.501,    2.301,    2.068, -999.000,    2.355,    2.504,    2.301,    2.055, -999.000,
        10,2020091306,   -2.070,   -2.353,   -2.005,   -1.616, -999.000,   -2.052,   -2.295,   -1.999,   -1.646, -999.000,    2.368,    2.493,    2.335,    2.010, -999.000,    2.368,    2.516,    2.335,    1.988, -999.000,
        10,2020091300,   -2.032,   -2.061,   -2.074,   -1.640, -999.000,   -2.015,   -2.040,   -2.059,   -1.611, -999.000,    2.373,    2.436,    2.362,    2.197, -999.000,    2.373,    2.443,    2.362,    2.211, -999.000,
        10,2020091218,   -2.076,   -2.056,   -2.081,   -2.072, -999.000,   -2.069,   -2.103,   -2.059,   -2.085, -999.000,    2.385,    2.508,    2.386,    2.224, -999.000,    2.385,    2.475,    2.386,    2.214, -999.000,
        10,2020091212,   -2.117,   -2.355,   -2.063,   -1.692, -999.000,   -2.139,   -2.366,   -2.091,   -1.704, -999.000,    2.382,    2.451,    2.368,    2.208, -999.000,    2.382,    2.438,    2.368,    2.205, -999.000,
        10,2020091206,   -2.030,   -2.364,   -1.936,   -1.677, -999.000,   -2.044,   -2.385,   -1.947,   -1.672, -999.000,    2.374,    2.497,    2.350,    2.031, -999.000,    2.374,    2.489,    2.350,    2.035, -999.000,
        10,2020091200,   -2.134,   -2.262,   -2.185,   -1.471, -999.000,   -2.118,   -2.183,   -2.184,   -1.470, -999.000,    2.452,    2.487,    2.468,    1.959, -999.000,    2.452,    2.540,    2.468,    1.993, -999.000,
        10,2020091118,   -2.120,   -2.046,   -2.162,   -1.882, -999.000,   -2.109,   -2.016,   -2.148,   -1.926, -999.000,    2.371,    2.438,    2.380,    2.086, -999.000,    2.371,    2.466,    2.380,    2.083, -999.000,
        10,2020091112,   -2.101,   -2.571,   -1.954,   -1.807, -999.000,   -2.115,   -2.587,   -1.966,   -1.812, -999.000,    2.414,    2.560,    2.351,    2.199, -999.000,    2.414,    2.566,    2.351,    2.200, -999.000,
        10,2020091106,   -2.154,   -2.415,   -2.119,   -1.747, -999.000,   -2.145,   -2.393,   -2.112,   -1.752, -999.000,    2.399,    2.497,    2.383,    2.185, -999.000,    2.399,    2.502,    2.383,    2.174, -999.000,
        10,2020091100,   -2.075,   -1.794,   -2.261,   -1.503, -999.000,   -2.086,   -1.815,   -2.265,   -1.526, -999.000,    2.373,    2.239,    2.447,    2.091, -999.000,    2.373,    2.216,    2.447,    2.067, -999.000,
        10,2020091018,   -2.034,   -2.019,   -2.061,   -1.884, -999.000,   -2.031,   -2.019,   -2.060,   -1.855, -999.000,    2.350,    2.417,    2.349,    2.142, -999.000,    2.350,    2.418,    2.349,    2.166, -999.000,
        10,2020091012,   -2.140,   -2.451,   -2.075,   -1.851, -999.000,   -2.137,   -2.450,   -2.067,   -1.864, -999.000,    2.403,    2.507,    2.385,    2.156, -999.000,    2.403,    2.515,    2.385,    2.150, -999.000,
        10,2020091006,   -2.065,   -2.247,   -2.035,   -1.813, -999.000,   -2.079,   -2.275,   -2.049,   -1.791, -999.000,    2.361,    2.528,    2.341,    2.038, -999.000,    2.361,    2.509,    2.341,    2.061, -999.000,
        10,2020091000,   -2.067,   -1.649,   -2.321,   -1.587, -999.000,   -2.063,   -1.636,   -2.322,   -1.575, -999.000,    2.360,    2.103,    2.464,    2.027, -999.000,    2.360,    2.114,    2.464,    2.070, -999.000,
        10,2020090918,   -2.109,   -2.211,   -2.133,   -1.682, -999.000,   -2.119,   -2.247,   -2.131,   -1.691, -999.000,    2.374,    2.471,    2.381,    2.136, -999.000,    2.374,    2.425,    2.381,    2.136, -999.000,
        10,2020090912,   -2.117,   -2.268,   -2.111,   -1.736, -999.000,   -2.108,   -2.276,   -2.093,   -1.753, -999.000,    2.348,    2.455,    2.326,    2.183, -999.000,    2.348,    2.456,    2.326,    2.186, -999.000,
        10,2020090906,   -2.080,   -2.363,   -2.028,   -1.674, -999.000,   -2.088,   -2.382,   -2.031,   -1.685, -999.000,    2.354,    2.463,    2.345,    1.956, -999.000,    2.354,    2.468,    2.345,    1.957, -999.000,
        10,2020090900,   -2.059,   -1.853,   -2.238,   -1.426, -999.000,   -2.068,   -1.859,   -2.250,   -1.425, -999.000,    2.392,    2.317,    2.454,    1.995, -999.000,    2.392,    2.314,    2.454,    1.994, -999.000,
        10,2020090818,   -2.139,   -1.986,   -2.199,   -2.127, -999.000,   -2.152,   -2.012,   -2.208,   -2.132, -999.000,    2.411,    2.287,    2.473,    2.294, -999.000,    2.411,    2.276,    2.473,    2.317, -999.000,
        10,2020090812,   -2.128,   -2.341,   -2.111,   -1.555, -999.000,   -2.134,   -2.346,   -2.116,   -1.571, -999.000,    2.434,    2.605,    2.396,    2.108, -999.000,    2.434,    2.607,    2.396,    2.088, -999.000,
        10,2020090806,   -2.021,   -2.397,   -1.921,   -1.845, -999.000,   -2.010,   -2.386,   -1.910,   -1.834, -999.000,    2.346,    2.513,    2.284,    2.240, -999.000,    2.346,    2.524,    2.284,    2.250, -999.000,
        10,2020090800,   -1.957,   -1.792,   -2.089,   -1.432, -999.000,   -1.956,   -1.794,   -2.086,   -1.458, -999.000,    2.309,    2.220,    2.372,    2.020, -999.000,    2.309,    2.208,    2.372,    2.001, -999.000,
        10,2020090718,   -2.121,   -2.061,   -2.167,   -1.956, -999.000,   -2.122,   -2.038,   -2.174,   -1.956, -999.000,    2.374,    2.354,    2.398,    2.246, -999.000,    2.374,    2.355,    2.398,    2.250, -999.000,
        10,2020090712,   -2.006,   -2.261,   -1.953,   -1.467, -999.000,   -2.029,   -2.284,   -1.971,   -1.517, -999.000,    2.349,    2.474,    2.314,    2.132, -999.000,    2.349,    2.464,    2.314,    2.077, -999.000,
        10,2020090706,   -2.033,   -2.201,   -1.996,   -1.874, -999.000,   -2.028,   -2.204,   -1.982,   -1.906, -999.000,    2.337,    2.398,    2.321,    2.306, -999.000,    2.337,    2.385,    2.321,    2.313, -999.000,
        10,2020090700,   -1.967,   -1.769,   -2.092,   -1.503, -999.000,   -1.990,   -1.801,   -2.116,   -1.486, -999.000,    2.319,    2.211,    2.394,    1.942, -999.000,    2.319,    2.180,    2.394,    1.944, -999.000,
        10,2020090618,   -2.189,   -1.703,   -2.308,   -2.039, -999.000,   -2.197,   -1.687,   -2.315,   -2.081, -999.000,    2.439,    2.099,    2.498,    2.410, -999.000,    2.439,    2.110,    2.498,    2.358, -999.000,
        10,2020090612,   -2.119,   -2.203,   -2.112,   -1.869, -999.000,   -2.128,   -2.228,   -2.111,   -1.894, -999.000,    2.432,    2.505,    2.413,    2.326, -999.000,    2.432,    2.507,    2.413,    2.305, -999.000,
        10,2020090606,   -2.061,   -2.157,   -2.058,   -1.840, -999.000,   -2.066,   -2.170,   -2.060,   -1.835, -999.000,    2.355,    2.371,    2.376,    2.168, -999.000,    2.355,    2.366,    2.376,    2.166, -999.000,
        10,2020090600,   -2.011,   -1.798,   -2.156,   -1.541, -999.000,   -2.019,   -1.842,   -2.152,   -1.551, -999.000,    2.313,    2.172,    2.403,    2.020, -999.000,    2.313,    2.135,    2.403,    2.006, -999.000,
        10,2020090518,   -2.081,   -1.914,   -2.150,   -1.821, -999.000,   -2.078,   -1.913,   -2.145,   -1.809, -999.000,    2.370,    2.317,    2.398,    2.172, -999.000,    2.370,    2.317,    2.398,    2.206, -999.000,
        10,2020090512,   -2.039,   -2.341,   -1.917,   -1.921, -999.000,   -2.054,   -2.361,   -1.929,   -1.929, -999.000,    2.367,    2.451,    2.326,    2.273, -999.000,    2.367,    2.460,    2.326,    2.246, -999.000,
        10,2020090506,   -2.056,   -2.292,   -2.015,   -1.642, -999.000,   -2.046,   -2.265,   -2.008,   -1.643, -999.000,    2.367,    2.471,    2.355,    2.031, -999.000,    2.367,    2.477,    2.355,    2.024, -999.000,
        10,2020090500,   -2.092,   -1.996,   -2.186,   -1.704, -999.000,   -2.099,   -2.008,   -2.191,   -1.724, -999.000,    2.407,    2.413,    2.432,    2.173, -999.000,    2.407,    2.407,    2.432,    2.170, -999.000,
        10,2020090418,   -2.191,   -2.125,   -2.230,   -1.977, -999.000,   -2.195,   -2.123,   -2.233,   -1.998, -999.000,    2.405,    2.421,    2.424,    2.198, -999.000,    2.405,    2.420,    2.424,    2.187, -999.000,
        10,2020090412,   -2.105,   -2.370,   -1.991,   -2.078, -999.000,   -2.109,   -2.381,   -1.991,   -2.078, -999.000,    2.421,    2.568,    2.347,    2.397, -999.000,    2.421,    2.567,    2.347,    2.402, -999.000,
        10,2020090406,   -2.210,   -2.600,   -2.135,   -1.610, -999.000,   -2.200,   -2.538,   -2.144,   -1.605, -999.000,    2.471,    2.611,    2.433,    2.068, -999.000,    2.471,    2.627,    2.433,    2.072, -999.000,
        10,2020090400,   -2.058,   -2.000,   -2.124,   -1.717, -999.000,   -2.059,   -1.991,   -2.125,   -1.752, -999.000,    2.349,    2.369,    2.356,    2.178, -999.000,    2.349,    2.376,    2.356,    2.162, -999.000,
        10,2020090318,   -2.111,   -1.999,   -2.155,   -1.977, -999.000,   -2.089,   -1.995,   -2.126,   -1.979, -999.000,    2.385,    2.314,    2.425,    2.146, -999.000,    2.385,    2.326,    2.425,    2.126, -999.000,
        10,2020090312,   -2.115,   -2.534,   -1.966,   -1.796, -999.000,   -2.119,   -2.545,   -1.966,   -1.789, -999.000,    2.396,    2.514,    2.346,    2.163, -999.000,    2.396,    2.506,    2.346,    2.191, -999.000,
        10,2020090306,   -2.114,   -2.375,   -2.112,   -1.502, -999.000,   -2.128,   -2.418,   -2.116,   -1.516, -999.000,    2.402,    2.525,    2.411,    1.897, -999.000,    2.402,    2.507,    2.411,    1.922, -999.000,
        10,2020090300,   -2.197,   -1.916,   -2.372,   -1.753, -999.000,   -2.182,   -1.913,   -2.345,   -1.791, -999.000,    2.459,    2.393,    2.508,    2.137, -999.000,    2.459,    2.394,    2.508,    2.100, -999.000,
        10,2020090218,   -2.138,   -2.187,   -2.125,   -2.080, -999.000,   -2.121,   -2.174,   -2.112,   -2.011, -999.000,    2.410,    2.476,    2.397,    2.120, -999.000,    2.410,    2.489,    2.397,    2.225, -999.000,
        10,2020090212,   -2.158,   -2.524,   -2.049,   -1.887, -999.000,   -2.173,   -2.555,   -2.057,   -1.890, -999.000,    2.430,    2.582,    2.390,    2.169, -999.000,    2.430,    2.568,    2.390,    2.161, -999.000,
        10,2020090206,   -2.148,   -2.607,   -2.055,   -1.747, -999.000,   -2.159,   -2.648,   -2.064,   -1.690, -999.000,    2.381,    2.524,    2.355,    2.091, -999.000,    2.381,    2.496,    2.355,    2.124, -999.000,
        10,2020090200,   -2.178,   -1.843,   -2.396,   -1.772, -999.000,   -2.162,   -1.814,   -2.387,   -1.783, -999.000,    2.397,    2.179,    2.508,    2.093, -999.000,    2.397,    2.186,    2.508,    2.069, -999.000,
        10,2020090118,   -2.155,   -2.018,   -2.240,   -1.821, -999.000,   -2.179,   -2.039,   -2.263,   -1.862, -999.000,    2.403,    2.356,    2.437,    2.230, -999.000,    2.403,    2.355,    2.437,    2.204, -999.000,
        10,2020090112,   -2.078,   -2.145,   -2.071,   -1.927, -999.000,   -2.089,   -2.141,   -2.084,   -1.960, -999.000,    2.358,    2.392,    2.361,    2.237, -999.000,    2.358,    2.394,    2.361,    2.206, -999.000,
        10,2020090106,   -2.086,   -2.633,   -1.946,   -1.875, -999.000,   -2.100,   -2.660,   -1.962,   -1.833, -999.000,    2.388,    2.648,    2.300,    2.238, -999.000,    2.388,    2.633,    2.300,    2.261, -999.000,
        10,2020090100,   -2.113,   -1.783,   -2.310,   -1.700, -999.000,   -2.124,   -1.777,   -2.329,   -1.721, -999.000,    2.391,    2.217,    2.479,    2.060, -999.000,    2.391,    2.224,    2.479,    2.038, -999.000,
        10,2020083118,   -2.143,   -1.965,   -2.214,   -2.032, -999.000,   -2.160,   -2.026,   -2.217,   -2.053, -999.000,    2.419,    2.321,    2.463,    2.352, -999.000,    2.419,    2.291,    2.463,    2.360, -999.000,
        10,2020083112,   -2.132,   -2.366,   -2.095,   -1.733, -999.000,   -2.126,   -2.372,   -2.084,   -1.736, -999.000,    2.377,    2.540,    2.343,    2.186, -999.000,    2.377,    2.516,    2.343,    2.178, -999.000,
        10,2020083106,   -2.239,   -2.592,   -2.211,   -1.582, -999.000,   -2.236,   -2.614,   -2.205,   -1.539, -999.000,    2.435,    2.535,    2.445,    1.915, -999.000,    2.435,    2.523,    2.445,    1.915, -999.000,
        10,2020083100,   -2.019,   -1.866,   -2.121,   -1.691, -999.000,   -2.019,   -1.837,   -2.128,   -1.770, -999.000,    2.342,    2.269,    2.385,    2.178, -999.000,    2.342,    2.282,    2.385,    2.107, -999.000,
        10,2020083018,   -2.082,   -1.806,   -2.237,   -1.601, -999.000,   -2.094,   -1.777,   -2.258,   -1.615, -999.000,    2.341,    2.169,    2.424,    2.001, -999.000,    2.341,    2.164,    2.424,    1.982, -999.000,
        10,2020083012,   -2.054,   -2.261,   -2.024,   -1.573, -999.000,   -2.069,   -2.295,   -2.032,   -1.565, -999.000,    2.342,    2.486,    2.312,    2.042, -999.000,    2.342,    2.466,    2.312,    2.058, -999.000,
        10,2020083006,   -2.035,   -2.243,   -2.049,   -1.321, -999.000,   -2.036,   -2.233,   -2.050,   -1.339, -999.000,    2.367,    2.452,    2.358,    2.025, -999.000,    2.367,    2.453,    2.358,    2.029, -999.000,
        10,2020083000,   -2.058,   -1.954,   -2.131,   -1.693, -999.000,   -2.071,   -1.994,   -2.133,   -1.709, -999.000,    2.327,    2.288,    2.372,    2.075, -999.000,    2.327,    2.253,    2.372,    2.082, -999.000,
