         1,2020092000,   -0.497,   -1.544,    0.000,   -1.404, -999.000,   -0.553,   -1.720,    0.000,   -1.564, -999.000,    0.715,    0.243, -999.000,    0.185, -999.000,    0.715,    0.213, -999.000,    0.169, -999.000,
         1,2020091918,   -0.302,   -1.539,    0.000,   -1.384, -999.000,   -0.300,   -1.539,    0.000,   -1.376, -999.000,    0.596,    0.236, -999.000,    0.149, -999.000,    0.596,    0.232, -999.000,    0.149, -999.000,
         1,2020091912,   -0.514,   -1.609,    0.000,   -1.495, -999.000,   -0.490,   -1.526,    0.000,   -1.414, -999.000,    0.748,    0.222, -999.000,    0.181, -999.000,    0.748,    0.227, -999.000,    0.192, -999.000,
         1,2020091906,   -0.393,   -1.695,    0.000,   -1.524, -999.000,   -0.365,   -1.611,    0.000,   -1.446, -999.000,    0.696,    0.189, -999.000,    0.154, -999.000,    0.696,    0.198, -999.000,    0.164, -999.000,
         1,2020091900,   -0.507,   -1.614,    0.000,   -1.450, -999.000,   -0.549,   -1.734,    0.000,   -1.554, -999.000,    0.740,    0.245, -999.000,    0.168, -999.000,    0.740,    0.225, -999.000,    0.157, -999.000,
         1,2020091818,   -0.322,   -1.545,    0.000,   -1.364, -999.000,   -0.335,   -1.623,    0.000,   -1.425, -999.000,    0.612,    0.254, -999.000,    0.164, -999.000,    0.612,    0.246, -999.000,    0.157, -999.000,
         1,2020091812,   -0.510,   -1.581,    0.000,   -1.484, -999.000,   -0.480,   -1.485,    0.000,   -1.394, -999.000,    0.737,    0.204, -999.000,    0.155, -999.000,    0.737,    0.215, -999.000,    0.165, -999.000,
         1,2020091806,   -0.414,   -1.657,    0.000,   -1.508, -999.000,   -0.390,   -1.587,    0.000,   -1.443, -999.000,    0.698,    0.160, -999.000,    0.152, -999.000,    0.698,    0.165, -999.000,    0.160, -999.000,
         1,2020091800,   -0.616,   -1.616,    0.000,   -1.471, -999.000,   -0.651,   -1.705,    0.000,   -1.545, -999.000,    0.776,    0.259, -999.000,    0.159, -999.000,    0.776,    0.244, -999.000,    0.153, -999.000,
         1,2020091718,   -0.321,   -1.618,    0.000,   -1.436, -999.000,   -0.316,   -1.618,    0.000,   -1.429, -999.000,    0.630,    0.243, -999.000,    0.156, -999.000,    0.630,    0.245, -999.000,    0.157, -999.000,
         1,2020091712,   -0.547,   -1.660,    0.000,   -1.563, -999.000,   -0.515,   -1.570,    0.000,   -1.477, -999.000,    0.778,    0.227, -999.000,    0.168, -999.000,    0.778,    0.237, -999.000,    0.176, -999.000,
         1,2020091706,   -0.396,   -1.586,    0.000,   -1.461, -999.000,   -0.417,   -1.670,    0.000,   -1.540, -999.000,    0.676,    0.197, -999.000,    0.170, -999.000,    0.676,    0.183, -999.000,    0.164, -999.000,
         1,2020091700,   -0.504,   -1.612,    0.000,   -1.482, -999.000,   -0.513,   -1.633,    0.000,   -1.504, -999.000,    0.741,    0.238, -999.000,    0.162, -999.000,    0.741,    0.232, -999.000,    0.158, -999.000,
         1,2020091618,   -0.315,   -1.577,    0.000,   -1.434, -999.000,   -0.316,   -1.612,    0.000,   -1.460, -999.000,    0.621,    0.231, -999.000,    0.178, -999.000,    0.621,    0.230, -999.000,    0.176, -999.000,
         1,2020091612,   -0.506,   -1.613,    0.000,   -1.527, -999.000,   -0.476,   -1.533,    0.000,   -1.445, -999.000,    0.748,    0.234, -999.000,    0.168, -999.000,    0.748,    0.244, -999.000,    0.178, -999.000,
         1,2020091606,   -0.363,   -1.600,    0.000,   -1.473, -999.000,   -0.369,   -1.624,    0.000,   -1.499, -999.000,    0.661,    0.195, -999.000,    0.167, -999.000,    0.661,    0.193, -999.000,    0.164, -999.000,
         1,2020091600,   -0.537,   -1.672,    0.000,   -1.554, -999.000,   -0.530,   -1.650,    0.000,   -1.531, -999.000,    0.776,    0.246, -999.000,    0.159, -999.000,    0.776,    0.247, -999.000,    0.161, -999.000,
         1,2020091518,   -0.341,   -1.741,    0.000,   -1.572, -999.000,   -0.324,   -1.667,    0.000,   -1.501, -999.000,    0.678,    0.233, -999.000,    0.173, -999.000,    0.678,    0.247, -999.000,    0.180, -999.000,
         1,2020091512,   -0.511,   -1.767,    0.000,   -1.624, -999.000,   -0.504,   -1.741,    0.000,   -1.597, -999.000,    0.786,    0.228, -999.000,    0.193, -999.000,    0.786,    0.232, -999.000,    0.198, -999.000,
         1,2020091506,   -0.396,   -1.707,    0.000,   -1.567, -999.000,   -0.412,   -1.742,    0.000,   -1.592, -999.000,    0.710,    0.235, -999.000,    0.179, -999.000,    0.710,    0.221, -999.000,    0.176, -999.000,
         1,2020091500,   -0.546,   -1.730,    0.000,   -1.615, -999.000,   -0.547,   -1.746,    0.000,   -1.616, -999.000,    0.802,    0.269, -999.000,    0.174, -999.000,    0.802,    0.263, -999.000,    0.175, -999.000,
         1,2020091418,   -0.358,   -1.747,    0.000,   -1.591, -999.000,   -0.352,   -1.729,    0.000,   -1.565, -999.000,    0.694,    0.269, -999.000,    0.173, -999.000,    0.694,    0.281, -999.000,    0.177, -999.000,
         1,2020091412,   -0.486,   -1.689,    0.000,   -1.583, -999.000,   -0.489,   -1.699,    0.000,   -1.589, -999.000,    0.765,    0.262, -999.000,    0.203, -999.000,    0.765,    0.256, -999.000,    0.206, -999.000,
         1,2020091406,   -0.405,   -1.731,    0.000,   -1.542, -999.000,   -0.405,   -1.737,    0.000,   -1.544, -999.000,    0.716,    0.226, -999.000,    0.183, -999.000,    0.716,    0.222, -999.000,    0.181, -999.000,
         1,2020091400,   -0.521,   -1.715,    0.000,   -1.567, -999.000,   -0.534,   -1.739,    0.000,   -1.588, -999.000,    0.784,    0.271, -999.000,    0.198, -999.000,    0.784,    0.262, -999.000,    0.193, -999.000,
         1,2020091318,   -0.365,   -1.733,    0.000,   -1.526, -999.000,   -0.370,   -1.763,    0.000,   -1.546, -999.000,    0.689,    0.279, -999.000,    0.187, -999.000,    0.689,    0.277, -999.000,    0.189, -999.000,
         1,2020091312,   -0.535,   -1.779,    0.000,   -1.643, -999.000,   -0.496,   -1.643,    0.000,   -1.518, -999.000,    0.815,    0.265, -999.000,    0.212, -999.000,    0.815,    0.282, -999.000,    0.227, -999.000,
         1,2020091306,   -0.393,   -1.713,    0.000,   -1.497, -999.000,   -0.409,   -1.841,    0.000,   -1.606, -999.000,    0.699,    0.241, -999.000,    0.163, -999.000,    0.699,    0.223, -999.000,    0.153, -999.000,
         1,2020091300,   -0.498,   -1.649,    0.000,   -1.512, -999.000,   -0.518,   -1.703,    0.000,   -1.561, -999.000,    0.754,    0.252, -999.000,    0.197, -999.000,    0.754,    0.237, -999.000,    0.192, -999.000,
         1,2020091218,   -0.336,   -1.590,    0.000,   -1.401, -999.000,   -0.356,   -1.699,    0.000,   -1.493, -999.000,    0.632,    0.271, -999.000,    0.168, -999.000,    0.632,    0.257, -999.000,    0.159, -999.000,
         1,2020091212,   -0.509,   -1.633,    0.000,   -1.541, -999.000,   -0.475,   -1.511,    0.000,   -1.423, -999.000,    0.760,    0.236, -999.000,    0.209, -999.000,    0.760,    0.252, -999.000,    0.227, -999.000,
         1,2020091206,   -0.389,   -1.718,    0.000,   -1.515, -999.000,   -0.379,   -1.687,    0.000,   -1.485, -999.000,    0.699,    0.217, -999.000,    0.159, -999.000,    0.699,    0.220, -999.000,    0.163, -999.000,
         1,2020091200,   -0.529,   -1.706,    0.000,   -1.564, -999.000,   -0.535,   -1.692,    0.000,   -1.559, -999.000,    0.787,    0.252, -999.000,    0.210, -999.000,    0.787,    0.251, -999.000,    0.212, -999.000,
         1,2020091118,   -0.351,   -1.742,    0.000,   -1.540, -999.000,   -0.350,   -1.771,    0.000,   -1.563, -999.000,    0.683,    0.296, -999.000,    0.180, -999.000,    0.683,    0.295, -999.000,    0.180, -999.000,
         1,2020091112,   -0.546,   -1.752,    0.000,   -1.654, -999.000,   -0.528,   -1.661,    0.000,   -1.572, -999.000,    0.815,    0.249, -999.000,    0.210, -999.000,    0.815,    0.261, -999.000,    0.217, -999.000,
         1,2020091106,   -0.424,   -1.750,    0.000,   -1.578, -999.000,   -0.412,   -1.750,    0.000,   -1.572, -999.000,    0.732,    0.222, -999.000,    0.156, -999.000,    0.732,    0.215, -999.000,    0.158, -999.000,
         1,2020091100,   -0.545,   -1.772,    0.000,   -1.632, -999.000,   -0.542,   -1.770,    0.000,   -1.625, -999.000,    0.815,    0.282, -999.000,    0.199, -999.000,    0.815,    0.280, -999.000,    0.199, -999.000,
         1,2020091018,   -0.332,   -1.712,    0.000,   -1.481, -999.000,   -0.358,   -1.857,    0.000,   -1.603, -999.000,    0.660,    0.310, -999.000,    0.197, -999.000,    0.660,    0.286, -999.000,    0.186, -999.000,
         1,2020091012,   -0.576,   -1.725,    0.000,   -1.647, -999.000,   -0.540,   -1.589,    0.000,   -1.505, -999.000,    0.817,    0.235, -999.000,    0.210, -999.000,    0.817,    0.253, -999.000,    0.230, -999.000,
         1,2020091006,   -0.540,   -1.780,    0.000,   -1.582, -999.000,   -0.536,   -1.767,    0.000,   -1.571, -999.000,    0.796,    0.221, -999.000,    0.159, -999.000,    0.796,    0.221, -999.000,    0.159, -999.000,
         1,2020091000,   -0.552,   -1.786,    0.000,   -1.635, -999.000,   -0.551,   -1.788,    0.000,   -1.641, -999.000,    0.821,    0.281, -999.000,    0.215, -999.000,    0.821,    0.279, -999.000,    0.216, -999.000,
         1,2020090918,   -0.359,   -1.834,    0.000,   -1.582, -999.000,   -0.354,   -1.835,    0.000,   -1.584, -999.000,    0.710,    0.279, -999.000,    0.192, -999.000,    0.710,    0.283, -999.000,    0.194, -999.000,
         1,2020090912,   -0.559,   -1.883,    0.000,   -1.797, -999.000,   -0.510,   -1.727,    0.000,   -1.640, -999.000,    0.862,    0.255, -999.000,    0.229, -999.000,    0.862,    0.274, -999.000,    0.254, -999.000,
         1,2020090906,   -0.462,   -1.891,    0.000,   -1.665, -999.000,   -0.465,   -1.929,    0.000,   -1.693, -999.000,    0.795,    0.250, -999.000,    0.178, -999.000,    0.795,    0.242, -999.000,    0.177, -999.000,
         1,2020090900,   -0.599,   -1.889,    0.000,   -1.701, -999.000,   -0.606,   -1.926,    0.000,   -1.723, -999.000,    0.872,    0.286, -999.000,    0.223, -999.000,    0.872,    0.279, -999.000,    0.226, -999.000,
         1,2020090818,   -0.362,   -1.906,    0.000,   -1.695, -999.000,   -0.355,   -1.897,    0.000,   -1.679, -999.000,    0.733,    0.279, -999.000,    0.208, -999.000,    0.733,    0.285, -999.000,    0.214, -999.000,
         1,2020090812,   -0.563,   -1.920,    0.000,   -1.777, -999.000,   -0.542,   -1.849,    0.000,   -1.718, -999.000,    0.869,    0.253, -999.000,    0.234, -999.000,    0.869,    0.258, -999.000,    0.240, -999.000,
         1,2020090806,   -0.431,   -1.792,    0.000,   -1.607, -999.000,   -0.451,   -1.932,    0.000,   -1.721, -999.000,    0.752,    0.260, -999.000,    0.189, -999.000,    0.752,    0.232, -999.000,    0.178, -999.000,
         1,2020090800,   -0.550,   -1.858,    0.000,   -1.689, -999.000,   -0.547,   -1.845,    0.000,   -1.663, -999.000,    0.841,    0.267, -999.000,    0.235, -999.000,    0.841,    0.264, -999.000,    0.240, -999.000,
         1,2020090718,   -0.380,   -1.878,    0.000,   -1.676, -999.000,   -0.377,   -1.876,    0.000,   -1.660, -999.000,    0.743,    0.302, -999.000,    0.214, -999.000,    0.743,    0.310, -999.000,    0.217, -999.000,
         1,2020090712,   -0.537,   -1.848,    0.000,   -1.695, -999.000,   -0.532,   -1.829,    0.000,   -1.673, -999.000,    0.833,    0.259, -999.000,    0.220, -999.000,    0.833,    0.259, -999.000,    0.222, -999.000,
         1,2020090706,   -0.422,   -1.791,    0.000,   -1.575, -999.000,   -0.433,   -1.862,    0.000,   -1.636, -999.000,    0.741,    0.250, -999.000,    0.182, -999.000,    0.741,    0.238, -999.000,    0.179, -999.000,
         1,2020090700,   -0.534,   -1.859,    0.000,   -1.642, -999.000,   -0.529,   -1.822,    0.000,   -1.606, -999.000,    0.831,    0.259, -999.000,    0.217, -999.000,    0.831,    0.262, -999.000,    0.222, -999.000,
         1,2020090618,   -0.377,   -1.837,    0.000,   -1.614, -999.000,   -0.381,   -1.881,    0.000,   -1.650, -999.000,    0.725,    0.305, -999.000,    0.209, -999.000,    0.725,    0.293, -999.000,    0.205, -999.000,
         1,2020090612,   -0.532,   -1.797,    0.000,   -1.673, -999.000,   -0.520,   -1.785,    0.000,   -1.645, -999.000,    0.820,    0.268, -999.000,    0.226, -999.000,    0.820,    0.259, -999.000,    0.235, -999.000,
         1,2020090606,   -0.417,   -1.805,    0.000,   -1.580, -999.000,   -0.423,   -1.814,    0.000,   -1.579, -999.000,    0.741,    0.243, -999.000,    0.192, -999.000,    0.741,    0.244, -999.000,    0.192, -999.000,
         1,2020090600,   -0.566,   -1.819,    0.000,   -1.609, -999.000,   -0.566,   -1.833,    0.000,   -1.618, -999.000,    0.834,    0.273, -999.000,    0.224, -999.000,    0.834,    0.267, -999.000,    0.227, -999.000,
         1,2020090518,   -0.362,   -1.833,    0.000,   -1.586, -999.000,   -0.368,   -1.853,    0.000,   -1.607, -999.000,    0.710,    0.305, -999.000,    0.195, -999.000,    0.710,    0.304, -999.000,    0.199, -999.000,
         1,2020090512,   -0.530,   -1.775,    0.000,   -1.639, -999.000,   -0.525,   -1.762,    0.000,   -1.625, -999.000,    0.811,    0.257, -999.000,    0.221, -999.000,    0.811,    0.255, -999.000,    0.225, -999.000,
         1,2020090506,   -0.419,   -1.860,    0.000,   -1.627, -999.000,   -0.403,   -1.808,    0.000,   -1.578, -999.000,    0.757,    0.261, -999.000,    0.189, -999.000,    0.757,    0.271, -999.000,    0.191, -999.000,
         1,2020090500,   -0.579,   -1.861,    0.000,   -1.611, -999.000,   -0.588,   -1.889,    0.000,   -1.635, -999.000,    0.851,    0.277, -999.000,    0.229, -999.000,    0.851,    0.268, -999.000,    0.225, -999.000,
         1,2020090418,   -0.358,   -1.815,    0.000,   -1.596, -999.000,   -0.360,   -1.856,    0.000,   -1.624, -999.000,    0.703,    0.289, -999.000,    0.188, -999.000,    0.703,    0.282, -999.000,    0.191, -999.000,
         1,2020090412,   -0.553,   -1.778,    0.000,   -1.632, -999.000,   -0.564,   -1.788,    0.000,   -1.635, -999.000,    0.822,    0.265, -999.000,    0.215, -999.000,    0.822,    0.260, -999.000,    0.217, -999.000,
         1,2020090406,   -0.377,   -1.745,    0.000,   -1.556, -999.000,   -0.384,   -1.783,    0.000,   -1.580, -999.000,    0.703,    0.250, -999.000,    0.202, -999.000,    0.703,    0.245, -999.000,    0.201, -999.000,
         1,2020090400,   -0.534,   -1.736,    0.000,   -1.497, -999.000,   -0.550,   -1.771,    0.000,   -1.530, -999.000,    0.792,    0.259, -999.000,    0.219, -999.000,    0.792,    0.252, -999.000,    0.214, -999.000,
         1,2020090318,   -0.369,   -1.746,    0.000,   -1.533, -999.000,   -0.370,   -1.761,    0.000,   -1.533, -999.000,    0.695,    0.266, -999.000,    0.177, -999.000,    0.695,    0.264, -999.000,    0.183, -999.000,
         1,2020090312,   -0.522,   -1.765,    0.000,   -1.636, -999.000,   -0.511,   -1.685,    0.000,   -1.547, -999.000,    0.804,    0.246, -999.000,    0.202, -999.000,    0.804,    0.252, -999.000,    0.221, -999.000,
         1,2020090306,   -0.413,   -1.711,    0.000,   -1.535, -999.000,   -0.427,   -1.763,    0.000,   -1.579, -999.000,    0.718,    0.229, -999.000,    0.180, -999.000,    0.718,    0.220, -999.000,    0.179, -999.000,
         1,2020090300,   -0.536,   -1.781,    0.000,   -1.546, -999.000,   -0.530,   -1.753,    0.000,   -1.515, -999.000,    0.810,    0.296, -999.000,    0.205, -999.000,    0.810,    0.299, -999.000,    0.209, -999.000,
         1,2020090218,   -0.344,   -1.733,    0.000,   -1.531, -999.000,   -0.353,   -1.792,    0.000,   -1.578, -999.000,    0.679,    0.277, -999.000,    0.169, -999.000,    0.679,    0.271, -999.000,    0.172, -999.000,
         1,2020090212,   -0.579,   -1.831,    0.000,   -1.670, -999.000,   -0.535,   -1.675,    0.000,   -1.527, -999.000,    0.847,    0.255, -999.000,    0.224, -999.000,    0.847,    0.277, -999.000,    0.240, -999.000,
         1,2020090206,   -0.428,   -1.713,    0.000,   -1.518, -999.000,   -0.462,   -1.843,    0.000,   -1.634, -999.000,    0.727,    0.249, -999.000,    0.190, -999.000,    0.727,    0.226, -999.000,    0.176, -999.000,
         1,2020090200,   -0.534,   -1.746,    0.000,   -1.542, -999.000,   -0.527,   -1.729,    0.000,   -1.513, -999.000,    0.798,    0.285, -999.000,    0.214, -999.000,    0.798,    0.283, -999.000,    0.220, -999.000,
         1,2020090118,   -0.374,   -1.832,    0.000,   -1.643, -999.000,   -0.361,   -1.785,    0.000,   -1.595, -999.000,    0.727,    0.262, -999.000,    0.190, -999.000,    0.727,    0.269, -999.000,    0.197, -999.000,
         1,2020090112,   -0.573,   -1.837,    0.000,   -1.712, -999.000,   -0.558,   -1.763,    0.000,   -1.640, -999.000,    0.851,    0.278, -999.000,    0.223, -999.000,    0.851,    0.287, -999.000,    0.235, -999.000,
         1,2020090106,   -0.398,   -1.741,    0.000,   -1.560, -999.000,   -0.432,   -1.857,    0.000,   -1.665, -999.000,    0.718,    0.262, -999.000,    0.204, -999.000,    0.718,    0.239, -999.000,    0.191, -999.000,
         1,2020090100,   -0.538,   -1.734,    0.000,   -1.536, -999.000,   -0.551,   -1.773,    0.000,   -1.567, -999.000,    0.794,    0.281, -999.000,    0.225, -999.000,    0.794,    0.271, -999.000,    0.221, -999.000,
         1,2020083118,   -0.341,   -1.809,    0.000,   -1.649, -999.000,   -0.333,   -1.740,    0.000,   -1.584, -999.000,    0.699,    0.256, -999.000,    0.189, -999.000,    0.699,    0.261, -999.000,    0.196, -999.000,
         1,2020083112,   -0.533,   -1.751,    0.000,   -1.634, -999.000,   -0.530,   -1.747,    0.000,   -1.627, -999.000,    0.805,    0.276, -999.000,    0.206, -999.000,    0.805,    0.276, -999.000,    0.205, -999.000,
         1,2020083106,   -0.380,   -1.670,    0.000,   -1.507, -999.000,   -0.403,   -1.761,    0.000,   -1.583, -999.000,    0.691,    0.265, -999.000,    0.200, -999.000,    0.691,    0.249, -999.000,    0.192, -999.000,
         1,2020083100,   -0.577,   -1.779,    0.000,   -1.510, -999.000,   -0.567,   -1.755,    0.000,   -1.483, -999.000,    0.812,    0.267, -999.000,    0.211, -999.000,    0.812,    0.269, -999.000,    0.221, -999.000,
         1,2020083018,   -0.359,   -1.769,    0.000,   -1.570, -999.000,   -0.349,   -1.747,    0.000,   -1.543, -999.000,    0.698,    0.274, -999.000,    0.178, -999.000,    0.698,    0.282, -999.000,    0.183, -999.000,
         1,2020083012,   -0.465,   -1.691,    0.000,   -1.585, -999.000,   -0.479,   -1.718,    0.000,   -1.603, -999.000,    0.755,    0.262, -999.000,    0.235, -999.000,    0.755,    0.252, -999.000,    0.227, -999.000,
         1,2020083006,   -0.378,   -1.580,    0.000,   -1.383, -999.000,   -0.412,   -1.718,    0.000,   -1.501, -999.000,    0.659,    0.245, -999.000,    0.180, -999.000,    0.659,    0.225, -999.000,    0.165, -999.000,
         1,2020083000,   -0.523,   -1.700,    0.000,   -1.469, -999.000,   -0.498,   -1.611,    0.000,   -1.382, -999.000,    0.776,    0.247, -999.000,    0.211, -999.000,    0.776,    0.261, -999.000,    0.226, -999.000,
