        14,2020092000,   -1.101,   -2.041,    0.000,   -2.616, -999.000,   -1.194,   -2.036,    0.000,   -2.617, -999.000,    1.184,    0.557, -999.000,    0.087, -999.000,    1.184,    0.552, -999.000,    0.085, -999.000,
        14,2020091918,   -0.826,   -1.870,    0.000,   -2.618, -999.000,   -0.912,   -1.889,    0.000,   -2.619, -999.000,    1.132,    0.511, -999.000,    0.084, -999.000,    1.132,    0.516, -999.000,    0.081, -999.000,
        14,2020091912,   -1.024,   -2.036,    0.000,   -2.696, -999.000,   -1.105,   -2.031,    0.000,   -2.695, -999.000,    1.194,    0.569, -999.000,    0.083, -999.000,    1.194,    0.575, -999.000,    0.078, -999.000,
        14,2020091906,   -0.974,   -2.050,    0.000,   -2.715, -999.000,   -1.053,   -2.063,    0.000,   -2.715, -999.000,    1.216,    0.542, -999.000,    0.089, -999.000,    1.216,    0.551, -999.000,    0.086, -999.000,
        14,2020091900,   -1.068,   -1.997,    0.000,   -2.563, -999.000,   -1.140,   -1.991,    0.000,   -2.565, -999.000,    1.166,    0.552, -999.000,    0.091, -999.000,    1.166,    0.553, -999.000,    0.089, -999.000,
        14,2020091818,   -0.859,   -1.920,    0.000,   -2.668, -999.000,   -0.945,   -1.933,    0.000,   -2.668, -999.000,    1.153,    0.504, -999.000,    0.095, -999.000,    1.153,    0.507, -999.000,    0.089, -999.000,
        14,2020091812,   -1.073,   -2.018,    0.000,   -2.718, -999.000,   -1.152,   -2.021,    0.000,   -2.713, -999.000,    1.207,    0.588, -999.000,    0.100, -999.000,    1.207,    0.590, -999.000,    0.090, -999.000,
        14,2020091806,   -1.025,   -2.163,    0.000,   -2.713, -999.000,   -1.121,   -2.166,    0.000,   -2.711, -999.000,    1.248,    0.474, -999.000,    0.098, -999.000,    1.248,    0.475, -999.000,    0.093, -999.000,
        14,2020091800,   -1.166,   -1.937,    0.000,   -2.564, -999.000,   -1.223,   -1.946,    0.000,   -2.566, -999.000,    1.164,    0.568, -999.000,    0.083, -999.000,    1.164,    0.575, -999.000,    0.081, -999.000,
        14,2020091718,   -0.825,   -1.886,    0.000,   -2.607, -999.000,   -0.894,   -1.902,    0.000,   -2.611, -999.000,    1.112,    0.483, -999.000,    0.085, -999.000,    1.112,    0.498, -999.000,    0.085, -999.000,
        14,2020091712,   -1.054,   -1.896,    0.000,   -2.653, -999.000,   -1.118,   -1.911,    0.000,   -2.653, -999.000,    1.167,    0.566, -999.000,    0.072, -999.000,    1.167,    0.575, -999.000,    0.071, -999.000,
        14,2020091706,   -0.912,   -1.916,    0.000,   -2.613, -999.000,   -0.970,   -1.932,    0.000,   -2.615, -999.000,    1.136,    0.498, -999.000,    0.084, -999.000,    1.136,    0.505, -999.000,    0.083, -999.000,
        14,2020091700,   -1.027,   -1.902,    0.000,   -2.590, -999.000,   -1.108,   -1.904,    0.000,   -2.592, -999.000,    1.141,    0.545, -999.000,    0.089, -999.000,    1.141,    0.543, -999.000,    0.088, -999.000,
        14,2020091618,   -0.776,   -1.911,    0.000,   -2.614, -999.000,   -0.849,   -1.922,    0.000,   -2.615, -999.000,    1.104,    0.505, -999.000,    0.095, -999.000,    1.104,    0.513, -999.000,    0.092, -999.000,
        14,2020091612,   -1.024,   -1.868,    0.000,   -2.673, -999.000,   -1.105,   -1.874,    0.000,   -2.670, -999.000,    1.170,    0.576, -999.000,    0.084, -999.000,    1.170,    0.584, -999.000,    0.080, -999.000,
        14,2020091606,   -0.851,   -1.901,    0.000,   -2.590, -999.000,   -0.913,   -1.913,    0.000,   -2.589, -999.000,    1.111,    0.457, -999.000,    0.100, -999.000,    1.111,    0.462, -999.000,    0.099, -999.000,
        14,2020091600,   -1.061,   -1.961,    0.000,   -2.645, -999.000,   -1.154,   -1.978,    0.000,   -2.644, -999.000,    1.174,    0.550, -999.000,    0.113, -999.000,    1.174,    0.554, -999.000,    0.110, -999.000,
        14,2020091518,   -0.810,   -2.006,    0.000,   -2.725, -999.000,   -0.856,   -2.010,    0.000,   -2.727, -999.000,    1.152,    0.505, -999.000,    0.123, -999.000,    1.152,    0.512, -999.000,    0.118, -999.000,
        14,2020091512,   -1.203,   -2.179,    0.000,   -2.767, -999.000,   -1.281,   -2.174,    0.000,   -2.769, -999.000,    1.289,    0.534, -999.000,    0.096, -999.000,    1.289,    0.538, -999.000,    0.095, -999.000,
        14,2020091506,   -0.888,   -1.975,    0.000,   -2.660, -999.000,   -0.947,   -1.992,    0.000,   -2.661, -999.000,    1.151,    0.477, -999.000,    0.105, -999.000,    1.151,    0.485, -999.000,    0.104, -999.000,
        14,2020091500,   -1.022,   -2.034,    0.000,   -2.625, -999.000,   -1.088,   -2.038,    0.000,   -2.629, -999.000,    1.170,    0.547, -999.000,    0.112, -999.000,    1.170,    0.544, -999.000,    0.110, -999.000,
        14,2020091418,   -0.867,   -2.001,    0.000,   -2.757, -999.000,   -0.929,   -2.013,    0.000,   -2.759, -999.000,    1.183,    0.555, -999.000,    0.109, -999.000,    1.183,    0.567, -999.000,    0.108, -999.000,
        14,2020091412,   -0.938,   -1.954,    0.000,   -2.729, -999.000,   -0.999,   -1.965,    0.000,   -2.730, -999.000,    1.172,    0.604, -999.000,    0.102, -999.000,    1.172,    0.608, -999.000,    0.100, -999.000,
        14,2020091406,   -0.918,   -1.942,    0.000,   -2.588, -999.000,   -0.978,   -1.965,    0.000,   -2.586, -999.000,    1.136,    0.468, -999.000,    0.103, -999.000,    1.136,    0.475, -999.000,    0.101, -999.000,
        14,2020091400,   -0.961,   -1.998,    0.000,   -2.622, -999.000,   -1.053,   -2.000,    0.000,   -2.628, -999.000,    1.151,    0.544, -999.000,    0.098, -999.000,    1.151,    0.546, -999.000,    0.099, -999.000,
        14,2020091318,   -0.880,   -1.988,    0.000,   -2.669, -999.000,   -0.949,   -2.012,    0.000,   -2.668, -999.000,    1.166,    0.537, -999.000,    0.112, -999.000,    1.166,    0.538, -999.000,    0.107, -999.000,
        14,2020091312,   -0.958,   -1.923,    0.000,   -2.732, -999.000,   -1.019,   -1.937,    0.000,   -2.729, -999.000,    1.163,    0.603, -999.000,    0.105, -999.000,    1.163,    0.604, -999.000,    0.103, -999.000,
        14,2020091306,   -0.919,   -2.014,    0.000,   -2.613, -999.000,   -1.003,   -2.035,    0.000,   -2.614, -999.000,    1.160,    0.494, -999.000,    0.117, -999.000,    1.160,    0.507, -999.000,    0.116, -999.000,
        14,2020091300,   -0.991,   -1.965,    0.000,   -2.601, -999.000,   -1.105,   -1.973,    0.000,   -2.608, -999.000,    1.143,    0.541, -999.000,    0.096, -999.000,    1.143,    0.545, -999.000,    0.093, -999.000,
        14,2020091218,   -0.887,   -1.938,    0.000,   -2.590, -999.000,   -0.957,   -1.936,    0.000,   -2.590, -999.000,    1.144,    0.531, -999.000,    0.109, -999.000,    1.144,    0.536, -999.000,    0.106, -999.000,
        14,2020091212,   -1.033,   -1.892,    0.000,   -2.680, -999.000,   -1.071,   -1.898,    0.000,   -2.676, -999.000,    1.153,    0.565, -999.000,    0.088, -999.000,    1.153,    0.568, -999.000,    0.085, -999.000,
        14,2020091206,   -0.939,   -2.028,    0.000,   -2.588, -999.000,   -1.034,   -2.033,    0.000,   -2.588, -999.000,    1.161,    0.495, -999.000,    0.094, -999.000,    1.161,    0.503, -999.000,    0.093, -999.000,
        14,2020091200,   -0.975,   -1.896,    0.000,   -2.545, -999.000,   -1.092,   -1.894,    0.000,   -2.549, -999.000,    1.112,    0.532, -999.000,    0.086, -999.000,    1.112,    0.538, -999.000,    0.085, -999.000,
        14,2020091118,   -0.837,   -1.949,    0.000,   -2.561, -999.000,   -0.899,   -1.952,    0.000,   -2.564, -999.000,    1.127,    0.527, -999.000,    0.083, -999.000,    1.127,    0.539, -999.000,    0.082, -999.000,
        14,2020091112,   -1.050,   -1.950,    0.000,   -2.689, -999.000,   -1.149,   -1.969,    0.000,   -2.687, -999.000,    1.166,    0.564, -999.000,    0.092, -999.000,    1.166,    0.563, -999.000,    0.090, -999.000,
        14,2020091106,   -0.975,   -1.994,    0.000,   -2.572, -999.000,   -1.044,   -1.997,    0.000,   -2.571, -999.000,    1.161,    0.496, -999.000,    0.093, -999.000,    1.161,    0.502, -999.000,    0.089, -999.000,
        14,2020091100,   -0.984,   -1.816,    0.000,   -2.479, -999.000,   -1.075,   -1.807,    0.000,   -2.479, -999.000,    1.098,    0.530, -999.000,    0.078, -999.000,    1.098,    0.531, -999.000,    0.074, -999.000,
        14,2020091018,   -0.842,   -1.991,    0.000,   -2.584, -999.000,   -0.906,   -1.980,    0.000,   -2.581, -999.000,    1.132,    0.519, -999.000,    0.079, -999.000,    1.132,    0.517, -999.000,    0.078, -999.000,
        14,2020091012,   -1.089,   -1.890,    0.000,   -2.667, -999.000,   -1.132,   -1.886,    0.000,   -2.662, -999.000,    1.166,    0.554, -999.000,    0.096, -999.000,    1.166,    0.561, -999.000,    0.094, -999.000,
        14,2020091006,   -1.133,   -2.011,    0.000,   -2.623, -999.000,   -1.197,   -2.023,    0.000,   -2.622, -999.000,    1.195,    0.493, -999.000,    0.085, -999.000,    1.195,    0.499, -999.000,    0.084, -999.000,
        14,2020091000,   -1.016,   -1.868,    0.000,   -2.579, -999.000,   -1.074,   -1.868,    0.000,   -2.582, -999.000,    1.137,    0.545, -999.000,    0.100, -999.000,    1.137,    0.549, -999.000,    0.097, -999.000,
        14,2020090918,   -0.816,   -2.022,    0.000,   -2.669, -999.000,   -0.887,   -2.014,    0.000,   -2.669, -999.000,    1.130,    0.501, -999.000,    0.077, -999.000,    1.130,    0.504, -999.000,    0.078, -999.000,
        14,2020090912,   -0.976,   -1.891,    0.000,   -2.675, -999.000,   -1.034,   -1.879,    0.000,   -2.670, -999.000,    1.163,    0.557, -999.000,    0.122, -999.000,    1.163,    0.563, -999.000,    0.112, -999.000,
        14,2020090906,   -0.909,   -1.913,    0.000,   -2.593, -999.000,   -1.001,   -1.915,    0.000,   -2.591, -999.000,    1.127,    0.486, -999.000,    0.081, -999.000,    1.127,    0.492, -999.000,    0.078, -999.000,
        14,2020090900,   -1.041,   -1.929,    0.000,   -2.563, -999.000,   -1.126,   -1.933,    0.000,   -2.564, -999.000,    1.135,    0.513, -999.000,    0.096, -999.000,    1.135,    0.520, -999.000,    0.097, -999.000,
        14,2020090818,   -0.813,   -1.999,    0.000,   -2.761, -999.000,   -0.903,   -2.017,    0.000,   -2.758, -999.000,    1.158,    0.543, -999.000,    0.086, -999.000,    1.158,    0.560, -999.000,    0.083, -999.000,
        14,2020090812,   -0.995,   -1.993,    0.000,   -2.747, -999.000,   -1.096,   -2.004,    0.000,   -2.747, -999.000,    1.197,    0.562, -999.000,    0.095, -999.000,    1.197,    0.570, -999.000,    0.092, -999.000,
        14,2020090806,   -0.898,   -1.931,    0.000,   -2.611, -999.000,   -0.938,   -1.935,    0.000,   -2.611, -999.000,    1.134,    0.500, -999.000,    0.073, -999.000,    1.134,    0.509, -999.000,    0.071, -999.000,
        14,2020090800,   -1.034,   -2.015,    0.000,   -2.602, -999.000,   -1.145,   -2.017,    0.000,   -2.601, -999.000,    1.163,    0.504, -999.000,    0.084, -999.000,    1.163,    0.506, -999.000,    0.083, -999.000,
        14,2020090718,   -0.826,   -2.033,    0.000,   -2.770, -999.000,   -0.896,   -2.051,    0.000,   -2.770, -999.000,    1.165,    0.572, -999.000,    0.094, -999.000,    1.165,    0.581, -999.000,    0.093, -999.000,
        14,2020090712,   -1.061,   -2.050,    0.000,   -2.748, -999.000,   -1.143,   -2.044,    0.000,   -2.751, -999.000,    1.219,    0.560, -999.000,    0.093, -999.000,    1.219,    0.559, -999.000,    0.090, -999.000,
        14,2020090706,   -0.920,   -1.964,    0.000,   -2.638, -999.000,   -0.960,   -1.965,    0.000,   -2.637, -999.000,    1.151,    0.499, -999.000,    0.093, -999.000,    1.151,    0.502, -999.000,    0.088, -999.000,
        14,2020090700,   -0.983,   -2.017,    0.000,   -2.629, -999.000,   -1.080,   -2.020,    0.000,   -2.627, -999.000,    1.155,    0.510, -999.000,    0.081, -999.000,    1.155,    0.512, -999.000,    0.079, -999.000,
        14,2020090618,   -0.846,   -2.080,    0.000,   -2.833, -999.000,   -0.902,   -2.089,    0.000,   -2.836, -999.000,    1.201,    0.587, -999.000,    0.093, -999.000,    1.201,    0.594, -999.000,    0.090, -999.000,
        14,2020090612,   -0.996,   -2.040,    0.000,   -2.715, -999.000,   -1.064,   -2.034,    0.000,   -2.712, -999.000,    1.191,    0.545, -999.000,    0.085, -999.000,    1.191,    0.545, -999.000,    0.085, -999.000,
        14,2020090606,   -0.887,   -2.017,    0.000,   -2.715, -999.000,   -0.964,   -2.023,    0.000,   -2.714, -999.000,    1.170,    0.505, -999.000,    0.092, -999.000,    1.170,    0.508, -999.000,    0.089, -999.000,
        14,2020090600,   -1.068,   -2.056,    0.000,   -2.685, -999.000,   -1.135,   -2.063,    0.000,   -2.685, -999.000,    1.181,    0.511, -999.000,    0.091, -999.000,    1.181,    0.517, -999.000,    0.088, -999.000,
        14,2020090518,   -0.850,   -2.074,    0.000,   -2.818, -999.000,   -0.932,   -2.092,    0.000,   -2.824, -999.000,    1.199,    0.548, -999.000,    0.086, -999.000,    1.199,    0.555, -999.000,    0.085, -999.000,
        14,2020090512,   -0.991,   -2.054,    0.000,   -2.785, -999.000,   -1.070,   -2.064,    0.000,   -2.781, -999.000,    1.202,    0.540, -999.000,    0.092, -999.000,    1.202,    0.551, -999.000,    0.090, -999.000,
        14,2020090506,   -0.929,   -2.035,    0.000,   -2.753, -999.000,   -0.975,   -2.049,    0.000,   -2.751, -999.000,    1.200,    0.516, -999.000,    0.099, -999.000,    1.200,    0.530, -999.000,    0.093, -999.000,
        14,2020090500,   -1.046,   -2.072,    0.000,   -2.676, -999.000,   -1.129,   -2.088,    0.000,   -2.676, -999.000,    1.181,    0.489, -999.000,    0.095, -999.000,    1.181,    0.500, -999.000,    0.091, -999.000,
        14,2020090418,   -0.858,   -2.009,    0.000,   -2.786, -999.000,   -0.918,   -2.010,    0.000,   -2.790, -999.000,    1.187,    0.528, -999.000,    0.092, -999.000,    1.187,    0.534, -999.000,    0.092, -999.000,
        14,2020090412,   -1.050,   -2.063,    0.000,   -2.731, -999.000,   -1.113,   -2.068,    0.000,   -2.731, -999.000,    1.200,    0.537, -999.000,    0.082, -999.000,    1.200,    0.551, -999.000,    0.080, -999.000,
        14,2020090406,   -0.855,   -2.004,    0.000,   -2.691, -999.000,   -0.966,   -2.020,    0.000,   -2.689, -999.000,    1.160,    0.509, -999.000,    0.097, -999.000,    1.160,    0.513, -999.000,    0.094, -999.000,
        14,2020090400,   -0.963,   -2.026,    0.000,   -2.666, -999.000,   -1.049,   -2.038,    0.000,   -2.663, -999.000,    1.160,    0.533, -999.000,    0.098, -999.000,    1.160,    0.539, -999.000,    0.097, -999.000,
        14,2020090318,   -0.886,   -2.019,    0.000,   -2.753, -999.000,   -0.932,   -2.029,    0.000,   -2.757, -999.000,    1.185,    0.514, -999.000,    0.090, -999.000,    1.185,    0.524, -999.000,    0.090, -999.000,
        14,2020090312,   -1.058,   -2.049,    0.000,   -2.779, -999.000,   -1.118,   -2.050,    0.000,   -2.774, -999.000,    1.217,    0.559, -999.000,    0.091, -999.000,    1.217,    0.567, -999.000,    0.094, -999.000,
        14,2020090306,   -0.897,   -1.985,    0.000,   -2.674, -999.000,   -0.958,   -1.993,    0.000,   -2.672, -999.000,    1.161,    0.527, -999.000,    0.097, -999.000,    1.161,    0.532, -999.000,    0.095, -999.000,
        14,2020090300,   -0.935,   -1.916,    0.000,   -2.652, -999.000,   -0.991,   -1.925,    0.000,   -2.652, -999.000,    1.136,    0.552, -999.000,    0.089, -999.000,    1.136,    0.557, -999.000,    0.089, -999.000,
        14,2020090218,   -0.764,   -1.965,    0.000,   -2.728, -999.000,   -0.828,   -1.988,    0.000,   -2.732, -999.000,    1.124,    0.548, -999.000,    0.095, -999.000,    1.124,    0.556, -999.000,    0.098, -999.000,
        14,2020090212,   -1.069,   -1.975,    0.000,   -2.720, -999.000,   -1.138,   -1.975,    0.000,   -2.720, -999.000,    1.184,    0.552, -999.000,    0.093, -999.000,    1.184,    0.556, -999.000,    0.093, -999.000,
        14,2020090206,   -0.843,   -1.849,    0.000,   -2.562, -999.000,   -0.894,   -1.866,    0.000,   -2.563, -999.000,    1.087,    0.497, -999.000,    0.096, -999.000,    1.087,    0.499, -999.000,    0.092, -999.000,
        14,2020090200,   -0.985,   -1.850,    0.000,   -2.577, -999.000,   -1.072,   -1.859,    0.000,   -2.575, -999.000,    1.113,    0.517, -999.000,    0.095, -999.000,    1.113,    0.527, -999.000,    0.091, -999.000,
        14,2020090118,   -0.799,   -1.983,    0.000,   -2.691, -999.000,   -0.850,   -1.987,    0.000,   -2.695, -999.000,    1.129,    0.525, -999.000,    0.086, -999.000,    1.129,    0.535, -999.000,    0.086, -999.000,
        14,2020090112,   -1.046,   -1.911,    0.000,   -2.727, -999.000,   -1.141,   -1.913,    0.000,   -2.728, -999.000,    1.175,    0.567, -999.000,    0.110, -999.000,    1.175,    0.578, -999.000,    0.109, -999.000,
        14,2020090106,   -0.855,   -1.895,    0.000,   -2.679, -999.000,   -0.940,   -1.920,    0.000,   -2.677, -999.000,    1.129,    0.527, -999.000,    0.107, -999.000,    1.129,    0.540, -999.000,    0.104, -999.000,
        14,2020090100,   -1.066,   -1.988,    0.000,   -2.680, -999.000,   -1.193,   -1.986,    0.000,   -2.684, -999.000,    1.174,    0.550, -999.000,    0.108, -999.000,    1.174,    0.558, -999.000,    0.104, -999.000,
        14,2020083118,   -0.779,   -2.013,    0.000,   -2.824, -999.000,   -0.866,   -2.025,    0.000,   -2.829, -999.000,    1.156,    0.595, -999.000,    0.125, -999.000,    1.156,    0.604, -999.000,    0.121, -999.000,
        14,2020083112,   -1.062,   -2.008,    0.000,   -2.802, -999.000,   -1.132,   -2.006,    0.000,   -2.802, -999.000,    1.219,    0.589, -999.000,    0.110, -999.000,    1.219,    0.593, -999.000,    0.107, -999.000,
        14,2020083106,   -0.817,   -1.841,    0.000,   -2.590, -999.000,   -0.898,   -1.857,    0.000,   -2.590, -999.000,    1.088,    0.526, -999.000,    0.114, -999.000,    1.088,    0.528, -999.000,    0.111, -999.000,
        14,2020083100,   -1.084,   -2.065,    0.000,   -2.646, -999.000,   -1.151,   -2.065,    0.000,   -2.650, -999.000,    1.182,    0.495, -999.000,    0.104, -999.000,    1.182,    0.504, -999.000,    0.105, -999.000,
        14,2020083018,   -0.838,   -1.988,    0.000,   -2.812, -999.000,   -0.931,   -2.008,    0.000,   -2.818, -999.000,    1.179,    0.606, -999.000,    0.114, -999.000,    1.179,    0.617, -999.000,    0.117, -999.000,
        14,2020083012,   -0.964,   -1.970,    0.000,   -2.755, -999.000,   -1.050,   -1.973,    0.000,   -2.756, -999.000,    1.181,    0.567, -999.000,    0.125, -999.000,    1.181,    0.574, -999.000,    0.123, -999.000,
        14,2020083006,   -0.835,   -1.879,    0.000,   -2.615, -999.000,   -0.912,   -1.886,    0.000,   -2.618, -999.000,    1.098,    0.511, -999.000,    0.105, -999.000,    1.098,    0.517, -999.000,    0.104, -999.000,
        14,2020083000,   -1.033,   -2.004,    0.000,   -2.688, -999.000,   -1.118,   -2.008,    0.000,   -2.691, -999.000,    1.162,    0.540, -999.000,    0.118, -999.000,    1.162,    0.544, -999.000,    0.117, -999.000,
