   3,2020092000,2020091918,2020091912,2020091906
    3, 2, 1526, 1041, 1481, 1821, 1695, 1110, 1646, 2010
    4, 2, 3066, 3423, 3058, 3320, 3382, 3801, 3365, 3574
    5, 1, 3403, 3833, 3391, 3606, 3586, 4061, 3558, 3749
    3, 2,-0.1320,-0.1397,-0.1516,-0.1287,-0.1420,-0.1550
    4, 2,-0.0226,-0.0221,-0.0360,-0.0220,-0.0224,-0.0355
    5, 1,-0.1485,-0.1461,-0.1451,-0.1447,-0.1448,-0.1449
    3, 2,   0.0720,   0.3454,   0.0435,   0.3337,   0.0530,   0.3166,   0.0079,   0.3016
    4, 2,   0.0798,   0.4192,   0.0805,   0.4032,   0.0345,   0.3443,   0.0394,   0.3325
    5, 1,   0.0892,   0.4943,   0.0720,   0.4864,   0.0067,   0.3796,   0.0013,   0.3796
    3, 2, 0.1769, 0.1544, 0.1614, 0.1468, 0.1234, 0.1299
    4, 2, 0.2630, 0.2354, 0.2371, 0.1654, 0.1486, 0.1492
    5, 1, 0.3922, 0.3585, 0.3672, 0.2121, 0.2009, 0.2068
