 2377,2020092000,    0.300,    0.300,    0.000,    0.000,    0.000,    0.000,    1.279,    1.279,    0.343,    0.343,    0.000,    0.000,    0.000,    0.000,    0.005,    0.005,   -0.361,   -0.361,    0.166,    0.166,   -0.525,   -0.525,   -0.087,   -0.087
 2377,2020091918,    0.296,    0.296,    0.000,    0.000,    0.000,    0.000,    1.181,    1.181,    0.310,    0.310,    0.000,    0.000,    0.000,    0.000,    0.008,    0.008,   -0.379,   -0.379,    0.158,    0.158,   -0.534,   -0.534,   -0.091,   -0.091
 2377,2020091912,    0.299,    0.299,    0.000,    0.000,    0.000,    0.000,    1.243,    1.243,    0.319,    0.319,    0.000,    0.000,    0.000,    0.000,    0.009,    0.009,   -0.367,   -0.367,    0.182,    0.182,   -0.530,   -0.530,   -0.084,   -0.084
 2377,2020091906,    0.301,    0.301,    0.000,    0.000,    0.000,    0.000,    1.221,    1.221,    0.317,    0.317,    0.000,    0.000,    0.000,    0.000,    0.008,    0.008,   -0.364,   -0.364,    0.183,    0.183,   -0.528,   -0.528,   -0.084,   -0.084
 2377,2020091900,    0.296,    0.296,    0.000,    0.000,    0.000,    0.000,    1.098,    1.098,    0.282,    0.282,    0.000,    0.000,    0.000,    0.000,    0.006,    0.006,   -0.393,   -0.393,    0.208,    0.208,   -0.542,   -0.542,   -0.077,   -0.077
 2377,2020091818,    0.297,    0.297,    0.000,    0.000,    0.000,    0.000,    1.106,    1.106,    0.277,    0.277,    0.000,    0.000,    0.000,    0.000,    0.009,    0.009,   -0.388,   -0.388,    0.204,    0.204,   -0.542,   -0.542,   -0.077,   -0.077
 2377,2020091812,    0.300,    0.300,    0.000,    0.000,    0.000,    0.000,    1.131,    1.131,    0.291,    0.291,    0.000,    0.000,    0.000,    0.000,    0.009,    0.009,   -0.378,   -0.378,    0.220,    0.220,   -0.537,   -0.537,   -0.072,   -0.072
 2377,2020091806,    0.307,    0.307,    0.000,    0.000,    0.000,    0.000,    1.188,    1.188,    0.317,    0.317,    0.000,    0.000,    0.000,    0.000,    0.007,    0.007,   -0.340,   -0.340,    0.198,    0.198,   -0.520,   -0.520,   -0.081,   -0.081
 2377,2020091800,    0.300,    0.300,    0.000,    0.000,    0.000,    0.000,    1.108,    1.108,    0.285,    0.285,    0.000,    0.000,    0.000,    0.000,    0.005,    0.005,   -0.373,   -0.373,    0.191,    0.191,   -0.537,   -0.537,   -0.085,   -0.085
 2377,2020091718,    0.300,    0.300,    0.000,    0.000,    0.000,    0.000,    1.094,    1.094,    0.285,    0.285,    0.000,    0.000,    0.000,    0.000,    0.007,    0.007,   -0.382,   -0.382,    0.195,    0.195,   -0.540,   -0.540,   -0.083,   -0.083
 2377,2020091712,    0.302,    0.302,    0.000,    0.000,    0.000,    0.000,    1.119,    1.119,    0.282,    0.282,    0.000,    0.000,    0.000,    0.000,    0.008,    0.008,   -0.365,   -0.365,    0.192,    0.192,   -0.533,   -0.533,   -0.083,   -0.083
 2377,2020091706,    0.309,    0.309,    0.000,    0.000,    0.000,    0.000,    1.165,    1.165,    0.296,    0.296,    0.000,    0.000,    0.000,    0.000,    0.005,    0.005,   -0.320,   -0.320,    0.193,    0.193,   -0.513,   -0.513,   -0.081,   -0.081
 2377,2020091700,    0.305,    0.305,    0.000,    0.000,    0.000,    0.000,    1.065,    1.065,    0.274,    0.274,    0.000,    0.000,    0.000,    0.000,    0.003,    0.003,   -0.344,   -0.344,    0.184,    0.184,   -0.525,   -0.525,   -0.086,   -0.086
 2377,2020091618,    0.305,    0.305,    0.000,    0.000,    0.000,    0.000,    1.069,    1.069,    0.271,    0.271,    0.000,    0.000,    0.000,    0.000,    0.007,    0.007,   -0.346,   -0.346,    0.173,    0.173,   -0.525,   -0.525,   -0.091,   -0.091
 2377,2020091612,    0.306,    0.306,    0.000,    0.000,    0.000,    0.000,    1.046,    1.046,    0.267,    0.267,    0.000,    0.000,    0.000,    0.000,    0.007,    0.007,   -0.346,   -0.346,    0.175,    0.175,   -0.526,   -0.526,   -0.090,   -0.090
 2377,2020091606,    0.313,    0.313,    0.000,    0.000,    0.000,    0.000,    1.136,    1.136,    0.289,    0.289,    0.000,    0.000,    0.000,    0.000,    0.004,    0.004,   -0.312,   -0.312,    0.192,    0.192,   -0.511,   -0.511,   -0.085,   -0.085
 2377,2020091600,    0.307,    0.307,    0.000,    0.000,    0.000,    0.000,    1.036,    1.036,    0.278,    0.278,    0.000,    0.000,    0.000,    0.000,    0.004,    0.004,   -0.328,   -0.328,    0.203,    0.203,   -0.523,   -0.523,   -0.081,   -0.081
 2377,2020091518,    0.306,    0.306,    0.000,    0.000,    0.000,    0.000,    1.041,    1.041,    0.277,    0.277,    0.000,    0.000,    0.000,    0.000,    0.007,    0.007,   -0.326,   -0.326,    0.212,    0.212,   -0.524,   -0.524,   -0.078,   -0.078
 2377,2020091512,    0.307,    0.307,    0.000,    0.000,    0.000,    0.000,    1.003,    1.003,    0.282,    0.282,    0.000,    0.000,    0.000,    0.000,    0.008,    0.008,   -0.323,   -0.323,    0.214,    0.214,   -0.523,   -0.523,   -0.077,   -0.077
 2377,2020091506,    0.312,    0.312,    0.000,    0.000,    0.000,    0.000,    1.062,    1.062,    0.321,    0.321,    0.000,    0.000,    0.000,    0.000,    0.006,    0.006,   -0.298,   -0.298,    0.221,    0.221,   -0.512,   -0.512,   -0.076,   -0.076
 2377,2020091500,    0.306,    0.306,    0.000,    0.000,    0.000,    0.000,    1.007,    1.007,    0.308,    0.308,    0.000,    0.000,    0.000,    0.000,    0.006,    0.006,   -0.335,   -0.335,    0.199,    0.199,   -0.530,   -0.530,   -0.083,   -0.083
 2377,2020091418,    0.303,    0.303,    0.000,    0.000,    0.000,    0.000,    0.960,    0.960,    0.293,    0.293,    0.000,    0.000,    0.000,    0.000,    0.009,    0.009,   -0.339,   -0.339,    0.190,    0.190,   -0.536,   -0.536,   -0.087,   -0.087
 2377,2020091412,    0.305,    0.305,    0.000,    0.000,    0.000,    0.000,    1.013,    1.013,    0.319,    0.319,    0.000,    0.000,    0.000,    0.000,    0.010,    0.010,   -0.340,   -0.340,    0.190,    0.190,   -0.536,   -0.536,   -0.089,   -0.089
 2377,2020091406,    0.306,    0.306,    0.000,    0.000,    0.000,    0.000,    1.050,    1.050,    0.337,    0.337,    0.000,    0.000,    0.000,    0.000,    0.008,    0.008,   -0.339,   -0.339,    0.181,    0.181,   -0.539,   -0.539,   -0.093,   -0.093
 2377,2020091400,    0.302,    0.302,    0.000,    0.000,    0.000,    0.000,    1.019,    1.019,    0.323,    0.323,    0.000,    0.000,    0.000,    0.000,    0.008,    0.008,   -0.349,   -0.349,    0.186,    0.186,   -0.545,   -0.545,   -0.091,   -0.091
 2377,2020091318,    0.303,    0.303,    0.000,    0.000,    0.000,    0.000,    1.005,    1.005,    0.316,    0.316,    0.000,    0.000,    0.000,    0.000,    0.011,    0.011,   -0.355,   -0.355,    0.186,    0.186,   -0.548,   -0.548,   -0.092,   -0.092
 2377,2020091312,    0.303,    0.303,    0.000,    0.000,    0.000,    0.000,    1.037,    1.037,    0.328,    0.328,    0.000,    0.000,    0.000,    0.000,    0.010,    0.010,   -0.363,   -0.363,    0.190,    0.190,   -0.551,   -0.551,   -0.091,   -0.091
 2377,2020091306,    0.310,    0.310,    0.000,    0.000,    0.000,    0.000,    1.116,    1.116,    0.360,    0.360,    0.000,    0.000,    0.000,    0.000,    0.008,    0.008,   -0.314,   -0.314,    0.191,    0.191,   -0.531,   -0.531,   -0.092,   -0.092
 2377,2020091300,    0.307,    0.307,    0.000,    0.000,    0.000,    0.000,    1.065,    1.065,    0.356,    0.356,    0.000,    0.000,    0.000,    0.000,    0.007,    0.007,   -0.342,   -0.342,    0.187,    0.187,   -0.545,   -0.545,   -0.092,   -0.092
 2377,2020091218,    0.302,    0.302,    0.000,    0.000,    0.000,    0.000,    0.984,    0.984,    0.326,    0.326,    0.000,    0.000,    0.000,    0.000,    0.010,    0.010,   -0.357,   -0.357,    0.189,    0.189,   -0.555,   -0.555,   -0.093,   -0.093
 2377,2020091212,    0.304,    0.304,    0.000,    0.000,    0.000,    0.000,    1.030,    1.030,    0.349,    0.349,    0.000,    0.000,    0.000,    0.000,    0.009,    0.009,   -0.367,   -0.367,    0.206,    0.206,   -0.558,   -0.558,   -0.087,   -0.087
 2377,2020091206,    0.307,    0.307,    0.000,    0.000,    0.000,    0.000,    1.045,    1.045,    0.363,    0.363,    0.000,    0.000,    0.000,    0.000,    0.007,    0.007,   -0.336,   -0.336,    0.202,    0.202,   -0.544,   -0.544,   -0.089,   -0.089
 2377,2020091200,    0.307,    0.307,    0.000,    0.000,    0.000,    0.000,    1.007,    1.007,    0.370,    0.370,    0.000,    0.000,    0.000,    0.000,    0.005,    0.005,   -0.345,   -0.345,    0.183,    0.183,   -0.546,   -0.546,   -0.096,   -0.096
 2377,2020091118,    0.307,    0.307,    0.000,    0.000,    0.000,    0.000,    0.987,    0.987,    0.359,    0.359,    0.000,    0.000,    0.000,    0.000,    0.008,    0.008,   -0.358,   -0.358,    0.174,    0.174,   -0.551,   -0.551,   -0.098,   -0.098
 2377,2020091112,    0.309,    0.309,    0.000,    0.000,    0.000,    0.000,    1.076,    1.076,    0.395,    0.395,    0.000,    0.000,    0.000,    0.000,    0.007,    0.007,   -0.354,   -0.354,    0.169,    0.169,   -0.550,   -0.550,   -0.103,   -0.103
 2377,2020091106,    0.309,    0.309,    0.000,    0.000,    0.000,    0.000,    1.089,    1.089,    0.405,    0.405,    0.000,    0.000,    0.000,    0.000,    0.005,    0.005,   -0.367,   -0.367,    0.186,    0.186,   -0.555,   -0.555,   -0.097,   -0.097
 2377,2020091100,    0.307,    0.307,    0.000,    0.000,    0.000,    0.000,    1.092,    1.092,    0.392,    0.392,    0.000,    0.000,    0.000,    0.000,    0.006,    0.006,   -0.380,   -0.380,    0.204,    0.204,   -0.563,   -0.563,   -0.092,   -0.092
 2377,2020091018,    0.305,    0.305,    0.000,    0.000,    0.000,    0.000,    1.082,    1.082,    0.402,    0.402,    0.000,    0.000,    0.000,    0.000,    0.008,    0.008,   -0.370,   -0.370,    0.227,    0.227,   -0.561,   -0.561,   -0.084,   -0.084
 2377,2020091012,    0.306,    0.306,    0.000,    0.000,    0.000,    0.000,    1.099,    1.099,    0.408,    0.408,    0.000,    0.000,    0.000,    0.000,    0.008,    0.008,   -0.368,   -0.368,    0.225,    0.225,   -0.559,   -0.559,   -0.084,   -0.084
 2377,2020091006,    0.307,    0.307,    0.000,    0.000,    0.000,    0.000,    1.095,    1.095,    0.405,    0.405,    0.000,    0.000,    0.000,    0.000,    0.007,    0.007,   -0.360,   -0.360,    0.225,    0.225,   -0.556,   -0.556,   -0.084,   -0.084
 2377,2020091000,    0.306,    0.306,    0.000,    0.000,    0.000,    0.000,    1.133,    1.133,    0.413,    0.413,    0.000,    0.000,    0.000,    0.000,    0.007,    0.007,   -0.369,   -0.369,    0.227,    0.227,   -0.560,   -0.560,   -0.084,   -0.084
 2377,2020090918,    0.306,    0.306,    0.000,    0.000,    0.000,    0.000,    1.151,    1.151,    0.428,    0.428,    0.000,    0.000,    0.000,    0.000,    0.011,    0.011,   -0.363,   -0.363,    0.233,    0.233,   -0.558,   -0.558,   -0.082,   -0.082
 2377,2020090912,    0.306,    0.306,    0.000,    0.000,    0.000,    0.000,    1.141,    1.141,    0.425,    0.425,    0.000,    0.000,    0.000,    0.000,    0.011,    0.011,   -0.364,   -0.364,    0.233,    0.233,   -0.558,   -0.558,   -0.082,   -0.082
 2377,2020090906,    0.306,    0.306,    0.000,    0.000,    0.000,    0.000,    1.114,    1.114,    0.420,    0.420,    0.000,    0.000,    0.000,    0.000,    0.010,    0.010,   -0.363,   -0.363,    0.238,    0.238,   -0.558,   -0.558,   -0.081,   -0.081
 2377,2020090900,    0.300,    0.300,    0.000,    0.000,    0.000,    0.000,    1.042,    1.042,    0.395,    0.395,    0.000,    0.000,    0.000,    0.000,    0.010,    0.010,   -0.403,   -0.403,    0.255,    0.255,   -0.577,   -0.577,   -0.076,   -0.076
 2377,2020090818,    0.297,    0.297,    0.000,    0.000,    0.000,    0.000,    1.031,    1.031,    0.391,    0.391,    0.000,    0.000,    0.000,    0.000,    0.013,    0.013,   -0.427,   -0.427,    0.259,    0.259,   -0.589,   -0.589,   -0.075,   -0.075
 2377,2020090812,    0.296,    0.296,    0.000,    0.000,    0.000,    0.000,    0.997,    0.997,    0.385,    0.385,    0.000,    0.000,    0.000,    0.000,    0.012,    0.012,   -0.427,   -0.427,    0.250,    0.250,   -0.591,   -0.591,   -0.077,   -0.077
 2377,2020090806,    0.303,    0.303,    0.000,    0.000,    0.000,    0.000,    1.069,    1.069,    0.409,    0.409,    0.000,    0.000,    0.000,    0.000,    0.009,    0.009,   -0.407,   -0.407,    0.235,    0.235,   -0.581,   -0.581,   -0.083,   -0.083
 2377,2020090800,    0.297,    0.297,    0.000,    0.000,    0.000,    0.000,    0.939,    0.939,    0.392,    0.392,    0.000,    0.000,    0.000,    0.000,    0.009,    0.009,   -0.428,   -0.428,    0.240,    0.240,   -0.593,   -0.593,   -0.080,   -0.080
 2377,2020090718,    0.293,    0.293,    0.000,    0.000,    0.000,    0.000,    0.834,    0.834,    0.367,    0.367,    0.000,    0.000,    0.000,    0.000,    0.012,    0.012,   -0.445,   -0.445,    0.254,    0.254,   -0.603,   -0.603,   -0.076,   -0.076
 2377,2020090712,    0.296,    0.296,    0.000,    0.000,    0.000,    0.000,    0.854,    0.854,    0.384,    0.384,    0.000,    0.000,    0.000,    0.000,    0.012,    0.012,   -0.450,   -0.450,    0.258,    0.258,   -0.603,   -0.603,   -0.076,   -0.076
 2377,2020090706,    0.304,    0.304,    0.000,    0.000,    0.000,    0.000,    0.926,    0.926,    0.438,    0.438,    0.000,    0.000,    0.000,    0.000,    0.009,    0.009,   -0.399,   -0.399,    0.279,    0.279,   -0.579,   -0.579,   -0.066,   -0.066
 2377,2020090700,    0.296,    0.296,    0.000,    0.000,    0.000,    0.000,    0.857,    0.857,    0.433,    0.433,    0.000,    0.000,    0.000,    0.000,    0.009,    0.009,   -0.428,   -0.428,    0.283,    0.283,   -0.597,   -0.597,   -0.065,   -0.065
 2377,2020090618,    0.294,    0.294,    0.000,    0.000,    0.000,    0.000,    0.847,    0.847,    0.418,    0.418,    0.000,    0.000,    0.000,    0.000,    0.013,    0.013,   -0.449,   -0.449,    0.286,    0.286,   -0.607,   -0.607,   -0.064,   -0.064
 2377,2020090612,    0.294,    0.294,    0.000,    0.000,    0.000,    0.000,    0.865,    0.865,    0.438,    0.438,    0.000,    0.000,    0.000,    0.000,    0.013,    0.013,   -0.454,   -0.454,    0.284,    0.284,   -0.610,   -0.610,   -0.066,   -0.066
 2377,2020090606,    0.307,    0.307,    0.000,    0.000,    0.000,    0.000,    1.039,    1.039,    0.505,    0.505,    0.000,    0.000,    0.000,    0.000,    0.011,    0.011,   -0.385,   -0.385,    0.286,    0.286,   -0.575,   -0.575,   -0.065,   -0.065
 2377,2020090600,    0.304,    0.304,    0.000,    0.000,    0.000,    0.000,    1.018,    1.018,    0.520,    0.520,    0.000,    0.000,    0.000,    0.000,    0.010,    0.010,   -0.376,   -0.376,    0.262,    0.262,   -0.578,   -0.578,   -0.072,   -0.072
 2377,2020090518,    0.298,    0.298,    0.000,    0.000,    0.000,    0.000,    0.981,    0.981,    0.484,    0.484,    0.000,    0.000,    0.000,    0.000,    0.013,    0.013,   -0.398,   -0.398,    0.256,    0.256,   -0.591,   -0.591,   -0.076,   -0.076
 2377,2020090512,    0.300,    0.300,    0.000,    0.000,    0.000,    0.000,    1.002,    1.002,    0.506,    0.506,    0.000,    0.000,    0.000,    0.000,    0.012,    0.012,   -0.428,   -0.428,    0.259,    0.259,   -0.600,   -0.600,   -0.079,   -0.079
 2377,2020090506,    0.309,    0.309,    0.000,    0.000,    0.000,    0.000,    1.065,    1.065,    0.550,    0.550,    0.000,    0.000,    0.000,    0.000,    0.009,    0.009,   -0.413,   -0.413,    0.255,    0.255,   -0.589,   -0.589,   -0.083,   -0.083
 2377,2020090500,    0.310,    0.310,    0.000,    0.000,    0.000,    0.000,    0.986,    0.986,    0.546,    0.546,    0.000,    0.000,    0.000,    0.000,    0.009,    0.009,   -0.381,   -0.381,    0.243,    0.243,   -0.582,   -0.582,   -0.083,   -0.083
 2377,2020090418,    0.306,    0.306,    0.000,    0.000,    0.000,    0.000,    0.911,    0.911,    0.532,    0.532,    0.000,    0.000,    0.000,    0.000,    0.015,    0.015,   -0.394,   -0.394,    0.217,    0.217,   -0.591,   -0.591,   -0.093,   -0.093
 2377,2020090412,    0.300,    0.300,    0.000,    0.000,    0.000,    0.000,    0.731,    0.731,    0.530,    0.530,    0.000,    0.000,    0.000,    0.000,    0.015,    0.015,   -0.447,   -0.447,    0.259,    0.259,   -0.616,   -0.616,   -0.082,   -0.082
 2377,2020090406,    0.319,    0.319,    0.000,    0.000,    0.000,    0.000,    1.021,    1.021,    0.629,    0.629,    0.000,    0.000,    0.000,    0.000,    0.011,    0.011,   -0.388,   -0.388,    0.319,    0.319,   -0.593,   -0.593,   -0.062,   -0.062
 2377,2020090400,    0.326,    0.326,    0.000,    0.000,    0.000,    0.000,    1.326,    1.326,    0.710,    0.710,    0.000,    0.000,    0.000,    0.000,    0.011,    0.011,   -0.231,   -0.231,    0.365,    0.365,   -0.542,   -0.542,   -0.060,   -0.060
 2377,2020090318,    0.206,    0.206,    0.000,    0.000,    0.000,    0.000,    0.770,    0.770,    0.526,    0.526,    0.000,    0.000,    0.000,    0.000,    0.038,    0.038,   -0.171,   -0.171,    0.343,    0.343,   -0.682,   -0.682,   -0.110,   -0.110
