  110,2020092000,    0.085,    0.085,    0.000,    0.000,    0.000,    0.000,   -0.008,   -0.008,   -0.202,   -0.202,    0.000,    0.000,    0.000,    0.000,   -0.411,   -0.411,   -0.446,   -0.446,    0.119,    0.119,    0.352,    0.352,   -0.025,   -0.025
  110,2020091918,    0.085,    0.085,    0.000,    0.000,    0.000,    0.000,   -0.009,   -0.009,   -0.203,   -0.203,    0.000,    0.000,    0.000,    0.000,   -0.411,   -0.411,   -0.451,   -0.451,    0.128,    0.128,    0.350,    0.350,   -0.024,   -0.024
  110,2020091912,    0.083,    0.083,    0.000,    0.000,    0.000,    0.000,   -0.010,   -0.010,   -0.204,   -0.204,    0.000,    0.000,    0.000,    0.000,   -0.411,   -0.411,   -0.466,   -0.466,    0.129,    0.129,    0.344,    0.344,   -0.024,   -0.024
  110,2020091906,    0.084,    0.084,    0.000,    0.000,    0.000,    0.000,   -0.009,   -0.009,   -0.204,   -0.204,    0.000,    0.000,    0.000,    0.000,   -0.411,   -0.411,   -0.460,   -0.460,    0.129,    0.129,    0.348,    0.348,   -0.023,   -0.023
  110,2020091900,    0.085,    0.085,    0.000,    0.000,    0.000,    0.000,   -0.008,   -0.008,   -0.205,   -0.205,    0.000,    0.000,    0.000,    0.000,   -0.411,   -0.411,   -0.460,   -0.460,    0.122,    0.122,    0.349,    0.349,   -0.028,   -0.028
  110,2020091818,    0.085,    0.085,    0.000,    0.000,    0.000,    0.000,   -0.007,   -0.007,   -0.207,   -0.207,    0.000,    0.000,    0.000,    0.000,   -0.411,   -0.411,   -0.459,   -0.459,    0.125,    0.125,    0.351,    0.351,   -0.027,   -0.027
  110,2020091812,    0.085,    0.085,    0.000,    0.000,    0.000,    0.000,   -0.005,   -0.005,   -0.204,   -0.204,    0.000,    0.000,    0.000,    0.000,   -0.411,   -0.411,   -0.457,   -0.457,    0.130,    0.130,    0.353,    0.353,   -0.026,   -0.026
  110,2020091806,    0.084,    0.084,    0.000,    0.000,    0.000,    0.000,   -0.005,   -0.005,   -0.205,   -0.205,    0.000,    0.000,    0.000,    0.000,   -0.411,   -0.411,   -0.468,   -0.468,    0.120,    0.120,    0.349,    0.349,   -0.030,   -0.030
  110,2020091800,    0.084,    0.084,    0.000,    0.000,    0.000,    0.000,   -0.004,   -0.004,   -0.208,   -0.208,    0.000,    0.000,    0.000,    0.000,   -0.411,   -0.411,   -0.468,   -0.468,    0.119,    0.119,    0.349,    0.349,   -0.032,   -0.032
  110,2020091718,    0.082,    0.082,    0.000,    0.000,    0.000,    0.000,   -0.004,   -0.004,   -0.208,   -0.208,    0.000,    0.000,    0.000,    0.000,   -0.411,   -0.411,   -0.479,   -0.479,    0.126,    0.126,    0.344,    0.344,   -0.030,   -0.030
  110,2020091712,    0.083,    0.083,    0.000,    0.000,    0.000,    0.000,   -0.004,   -0.004,   -0.207,   -0.207,    0.000,    0.000,    0.000,    0.000,   -0.411,   -0.411,   -0.481,   -0.481,    0.131,    0.131,    0.344,    0.344,   -0.029,   -0.029
  110,2020091706,    0.084,    0.084,    0.000,    0.000,    0.000,    0.000,   -0.003,   -0.003,   -0.206,   -0.206,    0.000,    0.000,    0.000,    0.000,   -0.411,   -0.411,   -0.480,   -0.480,    0.127,    0.127,    0.345,    0.345,   -0.030,   -0.030
  110,2020091700,    0.084,    0.084,    0.000,    0.000,    0.000,    0.000,   -0.002,   -0.002,   -0.208,   -0.208,    0.000,    0.000,    0.000,    0.000,   -0.411,   -0.411,   -0.475,   -0.475,    0.130,    0.130,    0.347,    0.347,   -0.029,   -0.029
  110,2020091618,    0.084,    0.084,    0.000,    0.000,    0.000,    0.000,   -0.003,   -0.003,   -0.210,   -0.210,    0.000,    0.000,    0.000,    0.000,   -0.411,   -0.411,   -0.475,   -0.475,    0.133,    0.133,    0.347,    0.347,   -0.029,   -0.029
  110,2020091612,    0.084,    0.084,    0.000,    0.000,    0.000,    0.000,   -0.001,   -0.001,   -0.208,   -0.208,    0.000,    0.000,    0.000,    0.000,   -0.411,   -0.411,   -0.478,   -0.478,    0.134,    0.134,    0.346,    0.346,   -0.029,   -0.029
  110,2020091606,    0.083,    0.083,    0.000,    0.000,    0.000,    0.000,    0.000,    0.000,   -0.209,   -0.209,    0.000,    0.000,    0.000,    0.000,   -0.411,   -0.411,   -0.472,   -0.472,    0.137,    0.137,    0.348,    0.348,   -0.029,   -0.029
  110,2020091600,    0.084,    0.084,    0.000,    0.000,    0.000,    0.000,    0.001,    0.001,   -0.210,   -0.210,    0.000,    0.000,    0.000,    0.000,   -0.411,   -0.411,   -0.474,   -0.474,    0.143,    0.143,    0.348,    0.348,   -0.027,   -0.027
  110,2020091518,    0.082,    0.082,    0.000,    0.000,    0.000,    0.000,    0.000,    0.000,   -0.211,   -0.211,    0.000,    0.000,    0.000,    0.000,   -0.411,   -0.411,   -0.482,   -0.482,    0.144,    0.144,    0.344,    0.344,   -0.028,   -0.028
  110,2020091512,    0.082,    0.082,    0.000,    0.000,    0.000,    0.000,    0.000,    0.000,   -0.210,   -0.210,    0.000,    0.000,    0.000,    0.000,   -0.411,   -0.411,   -0.484,   -0.484,    0.137,    0.137,    0.344,    0.344,   -0.031,   -0.031
  110,2020091506,    0.083,    0.083,    0.000,    0.000,    0.000,    0.000,   -0.000,   -0.000,   -0.211,   -0.211,    0.000,    0.000,    0.000,    0.000,   -0.411,   -0.411,   -0.480,   -0.480,    0.145,    0.145,    0.347,    0.347,   -0.028,   -0.028
  110,2020091500,    0.081,    0.081,    0.000,    0.000,    0.000,    0.000,   -0.002,   -0.002,   -0.211,   -0.211,    0.000,    0.000,    0.000,    0.000,   -0.411,   -0.411,   -0.493,   -0.493,    0.145,    0.145,    0.342,    0.342,   -0.029,   -0.029
  110,2020091418,    0.081,    0.081,    0.000,    0.000,    0.000,    0.000,   -0.002,   -0.002,   -0.211,   -0.211,    0.000,    0.000,    0.000,    0.000,   -0.411,   -0.411,   -0.489,   -0.489,    0.142,    0.142,    0.343,    0.343,   -0.031,   -0.031
  110,2020091412,    0.080,    0.080,    0.000,    0.000,    0.000,    0.000,   -0.003,   -0.003,   -0.210,   -0.210,    0.000,    0.000,    0.000,    0.000,   -0.411,   -0.411,   -0.495,   -0.495,    0.150,    0.150,    0.342,    0.342,   -0.029,   -0.029
  110,2020091406,    0.082,    0.082,    0.000,    0.000,    0.000,    0.000,   -0.003,   -0.003,   -0.212,   -0.212,    0.000,    0.000,    0.000,    0.000,   -0.411,   -0.411,   -0.482,   -0.482,    0.158,    0.158,    0.347,    0.347,   -0.027,   -0.027
  110,2020091400,    0.080,    0.080,    0.000,    0.000,    0.000,    0.000,   -0.004,   -0.004,   -0.211,   -0.211,    0.000,    0.000,    0.000,    0.000,   -0.411,   -0.411,   -0.487,   -0.487,    0.157,    0.157,    0.345,    0.345,   -0.029,   -0.029
  110,2020091318,    0.080,    0.080,    0.000,    0.000,    0.000,    0.000,   -0.005,   -0.005,   -0.209,   -0.209,    0.000,    0.000,    0.000,    0.000,   -0.411,   -0.411,   -0.487,   -0.487,    0.153,    0.153,    0.345,    0.345,   -0.031,   -0.031
  110,2020091312,    0.080,    0.080,    0.000,    0.000,    0.000,    0.000,   -0.003,   -0.003,   -0.211,   -0.211,    0.000,    0.000,    0.000,    0.000,   -0.411,   -0.411,   -0.479,   -0.479,    0.156,    0.156,    0.348,    0.348,   -0.032,   -0.032
  110,2020091306,    0.082,    0.082,    0.000,    0.000,    0.000,    0.000,   -0.000,   -0.000,   -0.209,   -0.209,    0.000,    0.000,    0.000,    0.000,   -0.411,   -0.411,   -0.468,   -0.468,    0.156,    0.156,    0.353,    0.353,   -0.033,   -0.033
  110,2020091300,    0.081,    0.081,    0.000,    0.000,    0.000,    0.000,   -0.000,   -0.000,   -0.211,   -0.211,    0.000,    0.000,    0.000,    0.000,   -0.411,   -0.411,   -0.464,   -0.464,    0.145,    0.145,    0.355,    0.355,   -0.038,   -0.038
  110,2020091218,    0.081,    0.081,    0.000,    0.000,    0.000,    0.000,   -0.001,   -0.001,   -0.211,   -0.211,    0.000,    0.000,    0.000,    0.000,   -0.411,   -0.411,   -0.459,   -0.459,    0.149,    0.149,    0.358,    0.358,   -0.038,   -0.038
  110,2020091212,    0.080,    0.080,    0.000,    0.000,    0.000,    0.000,    0.001,    0.001,   -0.210,   -0.210,    0.000,    0.000,    0.000,    0.000,   -0.411,   -0.411,   -0.456,   -0.456,    0.149,    0.149,    0.358,    0.358,   -0.038,   -0.038
  110,2020091206,    0.080,    0.080,    0.000,    0.000,    0.000,    0.000,    0.001,    0.001,   -0.208,   -0.208,    0.000,    0.000,    0.000,    0.000,   -0.411,   -0.411,   -0.457,   -0.457,    0.157,    0.157,    0.359,    0.359,   -0.037,   -0.037
  110,2020091200,    0.081,    0.081,    0.000,    0.000,    0.000,    0.000,    0.002,    0.002,   -0.210,   -0.210,    0.000,    0.000,    0.000,    0.000,   -0.411,   -0.411,   -0.452,   -0.452,    0.163,    0.163,    0.362,    0.362,   -0.037,   -0.037
  110,2020091118,    0.080,    0.080,    0.000,    0.000,    0.000,    0.000,    0.003,    0.003,   -0.209,   -0.209,    0.000,    0.000,    0.000,    0.000,   -0.411,   -0.411,   -0.460,   -0.460,    0.165,    0.165,    0.360,    0.360,   -0.036,   -0.036
  110,2020091112,    0.079,    0.079,    0.000,    0.000,    0.000,    0.000,    0.003,    0.003,   -0.209,   -0.209,    0.000,    0.000,    0.000,    0.000,   -0.411,   -0.411,   -0.456,   -0.456,    0.168,    0.168,    0.362,    0.362,   -0.035,   -0.035
  110,2020091106,    0.079,    0.079,    0.000,    0.000,    0.000,    0.000,    0.004,    0.004,   -0.209,   -0.209,    0.000,    0.000,    0.000,    0.000,   -0.411,   -0.411,   -0.456,   -0.456,    0.167,    0.167,    0.361,    0.361,   -0.037,   -0.037
  110,2020091100,    0.077,    0.077,    0.000,    0.000,    0.000,    0.000,    0.003,    0.003,   -0.211,   -0.211,    0.000,    0.000,    0.000,    0.000,   -0.411,   -0.411,   -0.464,   -0.464,    0.167,    0.167,    0.356,    0.356,   -0.038,   -0.038
  110,2020091018,    0.076,    0.076,    0.000,    0.000,    0.000,    0.000,    0.001,    0.001,   -0.213,   -0.213,    0.000,    0.000,    0.000,    0.000,   -0.411,   -0.411,   -0.464,   -0.464,    0.173,    0.173,    0.356,    0.356,   -0.037,   -0.037
  110,2020091012,    0.076,    0.076,    0.000,    0.000,    0.000,    0.000,    0.002,    0.002,   -0.213,   -0.213,    0.000,    0.000,    0.000,    0.000,   -0.411,   -0.411,   -0.456,   -0.456,    0.169,    0.169,    0.359,    0.359,   -0.038,   -0.038
  110,2020091006,    0.076,    0.076,    0.000,    0.000,    0.000,    0.000,    0.002,    0.002,   -0.212,   -0.212,    0.000,    0.000,    0.000,    0.000,   -0.416,   -0.416,   -0.459,   -0.459,    0.170,    0.170,    0.358,    0.358,   -0.038,   -0.038
  110,2020091000,    0.073,    0.073,    0.000,    0.000,    0.000,    0.000,    0.001,    0.001,   -0.214,   -0.214,    0.000,    0.000,    0.000,    0.000,   -0.416,   -0.416,   -0.460,   -0.460,    0.173,    0.173,    0.356,    0.356,   -0.039,   -0.039
  110,2020090918,    0.073,    0.073,    0.000,    0.000,    0.000,    0.000,    0.002,    0.002,   -0.212,   -0.212,    0.000,    0.000,    0.000,    0.000,   -0.416,   -0.416,   -0.448,   -0.448,    0.180,    0.180,    0.360,    0.360,   -0.038,   -0.038
  110,2020090912,    0.074,    0.074,    0.000,    0.000,    0.000,    0.000,    0.003,    0.003,   -0.212,   -0.212,    0.000,    0.000,    0.000,    0.000,   -0.416,   -0.416,   -0.444,   -0.444,    0.180,    0.180,    0.362,    0.362,   -0.038,   -0.038
  110,2020090906,    0.073,    0.073,    0.000,    0.000,    0.000,    0.000,    0.003,    0.003,   -0.214,   -0.214,    0.000,    0.000,    0.000,    0.000,   -0.416,   -0.416,   -0.444,   -0.444,    0.178,    0.178,    0.362,    0.362,   -0.039,   -0.039
  110,2020090900,    0.073,    0.073,    0.000,    0.000,    0.000,    0.000,    0.005,    0.005,   -0.215,   -0.215,    0.000,    0.000,    0.000,    0.000,   -0.416,   -0.416,   -0.444,   -0.444,    0.170,    0.170,    0.363,    0.363,   -0.045,   -0.045
  110,2020090818,    0.073,    0.073,    0.000,    0.000,    0.000,    0.000,    0.006,    0.006,   -0.216,   -0.216,    0.000,    0.000,    0.000,    0.000,   -0.416,   -0.416,   -0.443,   -0.443,    0.167,    0.167,    0.364,    0.364,   -0.047,   -0.047
  110,2020090812,    0.074,    0.074,    0.000,    0.000,    0.000,    0.000,    0.007,    0.007,   -0.217,   -0.217,    0.000,    0.000,    0.000,    0.000,   -0.416,   -0.416,   -0.437,   -0.437,    0.175,    0.175,    0.368,    0.368,   -0.045,   -0.045
  110,2020090806,    0.074,    0.074,    0.000,    0.000,    0.000,    0.000,    0.007,    0.007,   -0.216,   -0.216,    0.000,    0.000,    0.000,    0.000,   -0.413,   -0.413,   -0.446,   -0.446,    0.173,    0.173,    0.367,    0.367,   -0.047,   -0.047
  110,2020090800,    0.074,    0.074,    0.000,    0.000,    0.000,    0.000,    0.009,    0.009,   -0.216,   -0.216,    0.000,    0.000,    0.000,    0.000,   -0.413,   -0.413,   -0.441,   -0.441,    0.184,    0.184,    0.368,    0.368,   -0.044,   -0.044
  110,2020090718,    0.073,    0.073,    0.000,    0.000,    0.000,    0.000,    0.010,    0.010,   -0.216,   -0.216,    0.000,    0.000,    0.000,    0.000,   -0.413,   -0.413,   -0.444,   -0.444,    0.184,    0.184,    0.368,    0.368,   -0.046,   -0.046
  110,2020090712,    0.071,    0.071,    0.000,    0.000,    0.000,    0.000,    0.008,    0.008,   -0.217,   -0.217,    0.000,    0.000,    0.000,    0.000,   -0.413,   -0.413,   -0.436,   -0.436,    0.183,    0.183,    0.370,    0.370,   -0.046,   -0.046
  110,2020090706,    0.070,    0.070,    0.000,    0.000,    0.000,    0.000,    0.008,    0.008,   -0.215,   -0.215,    0.000,    0.000,    0.000,    0.000,   -0.413,   -0.413,   -0.444,   -0.444,    0.181,    0.181,    0.368,    0.368,   -0.047,   -0.047
  110,2020090700,    0.070,    0.070,    0.000,    0.000,    0.000,    0.000,    0.009,    0.009,   -0.214,   -0.214,    0.000,    0.000,    0.000,    0.000,   -0.413,   -0.413,   -0.434,   -0.434,    0.182,    0.182,    0.371,    0.371,   -0.048,   -0.048
  110,2020090618,    0.069,    0.069,    0.000,    0.000,    0.000,    0.000,    0.009,    0.009,   -0.213,   -0.213,    0.000,    0.000,    0.000,    0.000,   -0.413,   -0.413,   -0.434,   -0.434,    0.188,    0.188,    0.372,    0.372,   -0.047,   -0.047
  110,2020090612,    0.068,    0.068,    0.000,    0.000,    0.000,    0.000,    0.009,    0.009,   -0.214,   -0.214,    0.000,    0.000,    0.000,    0.000,   -0.413,   -0.413,   -0.440,   -0.440,    0.195,    0.195,    0.370,    0.370,   -0.046,   -0.046
  110,2020090606,    0.067,    0.067,    0.000,    0.000,    0.000,    0.000,    0.011,    0.011,   -0.211,   -0.211,    0.000,    0.000,    0.000,    0.000,   -0.413,   -0.413,   -0.435,   -0.435,    0.195,    0.195,    0.372,    0.372,   -0.047,   -0.047
  110,2020090600,    0.068,    0.068,    0.000,    0.000,    0.000,    0.000,    0.013,    0.013,   -0.211,   -0.211,    0.000,    0.000,    0.000,    0.000,   -0.413,   -0.413,   -0.434,   -0.434,    0.196,    0.196,    0.374,    0.374,   -0.047,   -0.047
  110,2020090518,    0.068,    0.068,    0.000,    0.000,    0.000,    0.000,    0.012,    0.012,   -0.212,   -0.212,    0.000,    0.000,    0.000,    0.000,   -0.413,   -0.413,   -0.436,   -0.436,    0.203,    0.203,    0.376,    0.376,   -0.048,   -0.048
  110,2020090512,    0.068,    0.068,    0.000,    0.000,    0.000,    0.000,    0.012,    0.012,   -0.211,   -0.211,    0.000,    0.000,    0.000,    0.000,   -0.413,   -0.413,   -0.427,   -0.427,    0.191,    0.191,    0.379,    0.379,   -0.054,   -0.054
  110,2020090506,    0.065,    0.065,    0.000,    0.000,    0.000,    0.000,    0.012,    0.012,   -0.210,   -0.210,    0.000,    0.000,    0.000,    0.000,   -0.413,   -0.413,   -0.452,   -0.452,    0.202,    0.202,    0.370,    0.370,   -0.053,   -0.053
  110,2020090500,    0.067,    0.067,    0.000,    0.000,    0.000,    0.000,    0.013,    0.013,   -0.208,   -0.208,    0.000,    0.000,    0.000,    0.000,   -0.413,   -0.413,   -0.452,   -0.452,    0.211,    0.211,    0.371,    0.371,   -0.054,   -0.054
  110,2020090418,    0.064,    0.064,    0.000,    0.000,    0.000,    0.000,    0.015,    0.015,   -0.209,   -0.209,    0.000,    0.000,    0.000,    0.000,   -0.413,   -0.413,   -0.453,   -0.453,    0.200,    0.200,    0.371,    0.371,   -0.063,   -0.063
  110,2020090412,    0.062,    0.062,    0.000,    0.000,    0.000,    0.000,    0.016,    0.016,   -0.216,   -0.216,    0.000,    0.000,    0.000,    0.000,   -0.413,   -0.413,   -0.453,   -0.453,    0.224,    0.224,    0.370,    0.370,   -0.061,   -0.061
  110,2020090406,    0.059,    0.059,    0.000,    0.000,    0.000,    0.000,    0.016,    0.016,   -0.218,   -0.218,    0.000,    0.000,    0.000,    0.000,   -0.407,   -0.407,   -0.453,   -0.453,    0.239,    0.239,    0.371,    0.371,   -0.068,   -0.068
  110,2020090400,    0.058,    0.058,    0.000,    0.000,    0.000,    0.000,    0.020,    0.020,   -0.215,   -0.215,    0.000,    0.000,    0.000,    0.000,   -0.407,   -0.407,   -0.418,   -0.418,    0.268,    0.268,    0.378,    0.378,   -0.063,   -0.063
  110,2020090318,    0.078,    0.078,    0.000,    0.000,    0.000,    0.000,    0.045,    0.045,   -0.222,   -0.222,    0.000,    0.000,    0.000,    0.000,   -0.407,   -0.407,   -0.766,   -0.766,    0.460,    0.460,    0.341,    0.341,   -0.065,   -0.065
