 2103,2020092000,    0.172,    0.172,    0.000,    0.000,    0.000,    0.000,    0.076,    0.076,    0.132,    0.132,    0.000,    0.000,    0.000,    0.000,    2.904,    2.904,   -0.480,   -0.480,    0.017,    0.017,    0.748,    0.748,   -0.017,   -0.017
 2103,2020091918,    0.171,    0.171,    0.000,    0.000,    0.000,    0.000,    0.073,    0.073,    0.128,    0.128,    0.000,    0.000,    0.000,    0.000,    2.970,    2.970,   -0.474,   -0.474,    0.013,    0.013,    0.750,    0.750,   -0.019,   -0.019
 2103,2020091912,    0.176,    0.176,    0.000,    0.000,    0.000,    0.000,    0.086,    0.086,    0.130,    0.130,    0.000,    0.000,    0.000,    0.000,    3.007,    3.007,   -0.435,   -0.435,    0.014,    0.014,    0.767,    0.767,   -0.018,   -0.018
 2103,2020091906,    0.170,    0.170,    0.000,    0.000,    0.000,    0.000,    0.080,    0.080,    0.124,    0.124,    0.000,    0.000,    0.000,    0.000,    2.906,    2.906,   -0.463,   -0.463,    0.009,    0.009,    0.754,    0.754,   -0.019,   -0.019
 2103,2020091900,    0.171,    0.171,    0.000,    0.000,    0.000,    0.000,    0.076,    0.076,    0.122,    0.122,    0.000,    0.000,    0.000,    0.000,    2.889,    2.889,   -0.449,   -0.449,    0.017,    0.017,    0.760,    0.760,   -0.015,   -0.015
 2103,2020091818,    0.171,    0.171,    0.000,    0.000,    0.000,    0.000,    0.079,    0.079,    0.125,    0.125,    0.000,    0.000,    0.000,    0.000,    2.975,    2.975,   -0.442,   -0.442,    0.009,    0.009,    0.763,    0.763,   -0.017,   -0.017
 2103,2020091812,    0.171,    0.171,    0.000,    0.000,    0.000,    0.000,    0.084,    0.084,    0.126,    0.126,    0.000,    0.000,    0.000,    0.000,    3.010,    3.010,   -0.430,   -0.430,    0.011,    0.011,    0.767,    0.767,   -0.015,   -0.015
 2103,2020091806,    0.166,    0.166,    0.000,    0.000,    0.000,    0.000,    0.082,    0.082,    0.119,    0.119,    0.000,    0.000,    0.000,    0.000,    2.897,    2.897,   -0.457,   -0.457,    0.017,    0.017,    0.755,    0.755,   -0.014,   -0.014
 2103,2020091800,    0.168,    0.168,    0.000,    0.000,    0.000,    0.000,    0.085,    0.085,    0.119,    0.119,    0.000,    0.000,    0.000,    0.000,    2.881,    2.881,   -0.436,   -0.436,    0.019,    0.019,    0.764,    0.764,   -0.013,   -0.013
 2103,2020091718,    0.163,    0.163,    0.000,    0.000,    0.000,    0.000,    0.080,    0.080,    0.121,    0.121,    0.000,    0.000,    0.000,    0.000,    2.954,    2.954,   -0.458,   -0.458,    0.009,    0.009,    0.754,    0.754,   -0.017,   -0.017
 2103,2020091712,    0.164,    0.164,    0.000,    0.000,    0.000,    0.000,    0.087,    0.087,    0.119,    0.119,    0.000,    0.000,    0.000,    0.000,    2.971,    2.971,   -0.458,   -0.458,    0.010,    0.010,    0.757,    0.757,   -0.016,   -0.016
 2103,2020091706,    0.158,    0.158,    0.000,    0.000,    0.000,    0.000,    0.080,    0.080,    0.112,    0.112,    0.000,    0.000,    0.000,    0.000,    2.883,    2.883,   -0.490,   -0.490,    0.008,    0.008,    0.741,    0.741,   -0.016,   -0.016
 2103,2020091700,    0.155,    0.155,    0.000,    0.000,    0.000,    0.000,    0.075,    0.075,    0.114,    0.114,    0.000,    0.000,    0.000,    0.000,    2.894,    2.894,   -0.502,   -0.502,    0.015,    0.015,    0.735,    0.735,   -0.012,   -0.012
 2103,2020091618,    0.158,    0.158,    0.000,    0.000,    0.000,    0.000,    0.080,    0.080,    0.116,    0.116,    0.000,    0.000,    0.000,    0.000,    3.008,    3.008,   -0.489,   -0.489,    0.015,    0.015,    0.743,    0.743,   -0.012,   -0.012
 2103,2020091612,    0.157,    0.157,    0.000,    0.000,    0.000,    0.000,    0.080,    0.080,    0.112,    0.112,    0.000,    0.000,    0.000,    0.000,    3.009,    3.009,   -0.482,   -0.482,    0.021,    0.021,    0.746,    0.746,   -0.009,   -0.009
 2103,2020091606,    0.155,    0.155,    0.000,    0.000,    0.000,    0.000,    0.078,    0.078,    0.107,    0.107,    0.000,    0.000,    0.000,    0.000,    2.935,    2.935,   -0.492,   -0.492,    0.018,    0.018,    0.741,    0.741,   -0.010,   -0.010
 2103,2020091600,    0.155,    0.155,    0.000,    0.000,    0.000,    0.000,    0.077,    0.077,    0.115,    0.115,    0.000,    0.000,    0.000,    0.000,    2.917,    2.917,   -0.488,   -0.488,    0.010,    0.010,    0.742,    0.742,   -0.012,   -0.012
 2103,2020091518,    0.153,    0.153,    0.000,    0.000,    0.000,    0.000,    0.077,    0.077,    0.110,    0.110,    0.000,    0.000,    0.000,    0.000,    3.004,    3.004,   -0.500,   -0.500,    0.019,    0.019,    0.736,    0.736,   -0.009,   -0.009
 2103,2020091512,    0.155,    0.155,    0.000,    0.000,    0.000,    0.000,    0.084,    0.084,    0.110,    0.110,    0.000,    0.000,    0.000,    0.000,    3.047,    3.047,   -0.484,   -0.484,    0.009,    0.009,    0.743,    0.743,   -0.013,   -0.013
 2103,2020091506,    0.151,    0.151,    0.000,    0.000,    0.000,    0.000,    0.084,    0.084,    0.106,    0.106,    0.000,    0.000,    0.000,    0.000,    2.997,    2.997,   -0.508,   -0.508,    0.004,    0.004,    0.732,    0.732,   -0.015,   -0.015
 2103,2020091500,    0.148,    0.148,    0.000,    0.000,    0.000,    0.000,    0.072,    0.072,    0.112,    0.112,    0.000,    0.000,    0.000,    0.000,    3.001,    3.001,   -0.530,   -0.530,    0.011,    0.011,    0.723,    0.723,   -0.012,   -0.012
 2103,2020091418,    0.153,    0.153,    0.000,    0.000,    0.000,    0.000,    0.080,    0.080,    0.107,    0.107,    0.000,    0.000,    0.000,    0.000,    3.098,    3.098,   -0.499,   -0.499,    0.014,    0.014,    0.739,    0.739,   -0.010,   -0.010
 2103,2020091412,    0.150,    0.150,    0.000,    0.000,    0.000,    0.000,    0.081,    0.081,    0.104,    0.104,    0.000,    0.000,    0.000,    0.000,    3.134,    3.134,   -0.511,   -0.511,    0.014,    0.014,    0.733,    0.733,   -0.009,   -0.009
 2103,2020091406,    0.141,    0.141,    0.000,    0.000,    0.000,    0.000,    0.070,    0.070,    0.100,    0.100,    0.000,    0.000,    0.000,    0.000,    3.016,    3.016,   -0.565,   -0.565,    0.013,    0.013,    0.709,    0.709,   -0.009,   -0.009
 2103,2020091400,    0.147,    0.147,    0.000,    0.000,    0.000,    0.000,    0.067,    0.067,    0.113,    0.113,    0.000,    0.000,    0.000,    0.000,    3.017,    3.017,   -0.534,   -0.534,    0.011,    0.011,    0.724,    0.724,   -0.010,   -0.010
 2103,2020091318,    0.149,    0.149,    0.000,    0.000,    0.000,    0.000,    0.075,    0.075,    0.112,    0.112,    0.000,    0.000,    0.000,    0.000,    3.095,    3.095,   -0.518,   -0.518,    0.011,    0.011,    0.732,    0.732,   -0.009,   -0.009
 2103,2020091312,    0.146,    0.146,    0.000,    0.000,    0.000,    0.000,    0.075,    0.075,    0.107,    0.107,    0.000,    0.000,    0.000,    0.000,    3.116,    3.116,   -0.536,   -0.536,    0.006,    0.006,    0.722,    0.722,   -0.011,   -0.011
 2103,2020091306,    0.145,    0.145,    0.000,    0.000,    0.000,    0.000,    0.072,    0.072,    0.111,    0.111,    0.000,    0.000,    0.000,    0.000,    2.992,    2.992,   -0.551,   -0.551,    0.008,    0.008,    0.717,    0.717,   -0.011,   -0.011
 2103,2020091300,    0.146,    0.146,    0.000,    0.000,    0.000,    0.000,    0.065,    0.065,    0.118,    0.118,    0.000,    0.000,    0.000,    0.000,    2.962,    2.962,   -0.537,   -0.537,    0.021,    0.021,    0.723,    0.723,   -0.005,   -0.005
 2103,2020091218,    0.149,    0.149,    0.000,    0.000,    0.000,    0.000,    0.075,    0.075,    0.117,    0.117,    0.000,    0.000,    0.000,    0.000,    3.057,    3.057,   -0.530,   -0.530,    0.006,    0.006,    0.729,    0.729,   -0.009,   -0.009
 2103,2020091212,    0.151,    0.151,    0.000,    0.000,    0.000,    0.000,    0.084,    0.084,    0.109,    0.109,    0.000,    0.000,    0.000,    0.000,    3.093,    3.093,   -0.506,   -0.506,   -0.007,   -0.007,    0.739,    0.739,   -0.013,   -0.013
 2103,2020091206,    0.144,    0.144,    0.000,    0.000,    0.000,    0.000,    0.070,    0.070,    0.116,    0.116,    0.000,    0.000,    0.000,    0.000,    2.909,    2.909,   -0.548,   -0.548,   -0.005,   -0.005,    0.721,    0.721,   -0.011,   -0.011
 2103,2020091200,    0.144,    0.144,    0.000,    0.000,    0.000,    0.000,    0.064,    0.064,    0.119,    0.119,    0.000,    0.000,    0.000,    0.000,    2.850,    2.850,   -0.542,   -0.542,    0.001,    0.001,    0.724,    0.724,   -0.009,   -0.009
 2103,2020091118,    0.143,    0.143,    0.000,    0.000,    0.000,    0.000,    0.079,    0.079,    0.115,    0.115,    0.000,    0.000,    0.000,    0.000,    2.963,    2.963,   -0.536,   -0.536,   -0.002,   -0.002,    0.725,    0.725,   -0.009,   -0.009
 2103,2020091112,    0.144,    0.144,    0.000,    0.000,    0.000,    0.000,    0.085,    0.085,    0.106,    0.106,    0.000,    0.000,    0.000,    0.000,    2.980,    2.980,   -0.538,   -0.538,   -0.004,   -0.004,    0.726,    0.726,   -0.008,   -0.008
 2103,2020091106,    0.143,    0.143,    0.000,    0.000,    0.000,    0.000,    0.081,    0.081,    0.107,    0.107,    0.000,    0.000,    0.000,    0.000,    2.904,    2.904,   -0.543,   -0.543,   -0.004,   -0.004,    0.725,    0.725,   -0.008,   -0.008
 2103,2020091100,    0.143,    0.143,    0.000,    0.000,    0.000,    0.000,    0.074,    0.074,    0.107,    0.107,    0.000,    0.000,    0.000,    0.000,    2.864,    2.864,   -0.547,   -0.547,   -0.009,   -0.009,    0.723,    0.723,   -0.008,   -0.008
 2103,2020091018,    0.139,    0.139,    0.000,    0.000,    0.000,    0.000,    0.085,    0.085,    0.101,    0.101,    0.000,    0.000,    0.000,    0.000,    2.941,    2.941,   -0.564,   -0.564,   -0.003,   -0.003,    0.716,    0.716,   -0.006,   -0.006
 2103,2020091012,    0.143,    0.143,    0.000,    0.000,    0.000,    0.000,    0.089,    0.089,    0.101,    0.101,    0.000,    0.000,    0.000,    0.000,    2.975,    2.975,   -0.539,   -0.539,   -0.008,   -0.008,    0.728,    0.728,   -0.008,   -0.008
 2103,2020091006,    0.144,    0.144,    0.000,    0.000,    0.000,    0.000,    0.091,    0.091,    0.104,    0.104,    0.000,    0.000,    0.000,    0.000,    2.957,    2.957,   -0.534,   -0.534,   -0.004,   -0.004,    0.730,    0.730,   -0.006,   -0.006
 2103,2020091000,    0.146,    0.146,    0.000,    0.000,    0.000,    0.000,    0.086,    0.086,    0.096,    0.096,    0.000,    0.000,    0.000,    0.000,    2.955,    2.955,   -0.531,   -0.531,    0.001,    0.001,    0.732,    0.732,   -0.003,   -0.003
 2103,2020090918,    0.141,    0.141,    0.000,    0.000,    0.000,    0.000,    0.093,    0.093,    0.090,    0.090,    0.000,    0.000,    0.000,    0.000,    3.068,    3.068,   -0.566,   -0.566,    0.000,    0.000,    0.718,    0.718,   -0.003,   -0.003
 2103,2020090912,    0.142,    0.142,    0.000,    0.000,    0.000,    0.000,    0.096,    0.096,    0.087,    0.087,    0.000,    0.000,    0.000,    0.000,    3.073,    3.073,   -0.560,   -0.560,    0.009,    0.009,    0.721,    0.721,    0.000,    0.000
 2103,2020090906,    0.142,    0.142,    0.000,    0.000,    0.000,    0.000,    0.094,    0.094,    0.086,    0.086,    0.000,    0.000,    0.000,    0.000,    3.026,    3.026,   -0.566,   -0.566,    0.013,    0.013,    0.719,    0.719,    0.001,    0.001
 2103,2020090900,    0.145,    0.145,    0.000,    0.000,    0.000,    0.000,    0.095,    0.095,    0.088,    0.088,    0.000,    0.000,    0.000,    0.000,    3.049,    3.049,   -0.552,   -0.552,    0.011,    0.011,    0.726,    0.726,    0.001,    0.001
 2103,2020090818,    0.141,    0.141,    0.000,    0.000,    0.000,    0.000,    0.094,    0.094,    0.085,    0.085,    0.000,    0.000,    0.000,    0.000,    3.100,    3.100,   -0.571,   -0.571,    0.006,    0.006,    0.717,    0.717,   -0.001,   -0.001
 2103,2020090812,    0.141,    0.141,    0.000,    0.000,    0.000,    0.000,    0.104,    0.104,    0.082,    0.082,    0.000,    0.000,    0.000,    0.000,    3.138,    3.138,   -0.568,   -0.568,    0.015,    0.015,    0.719,    0.719,    0.002,    0.002
 2103,2020090806,    0.137,    0.137,    0.000,    0.000,    0.000,    0.000,    0.096,    0.096,    0.082,    0.082,    0.000,    0.000,    0.000,    0.000,    2.996,    2.996,   -0.597,   -0.597,    0.023,    0.023,    0.707,    0.707,    0.005,    0.005
 2103,2020090800,    0.137,    0.137,    0.000,    0.000,    0.000,    0.000,    0.090,    0.090,    0.085,    0.085,    0.000,    0.000,    0.000,    0.000,    2.996,    2.996,   -0.592,   -0.592,    0.027,    0.027,    0.708,    0.708,    0.007,    0.007
 2103,2020090718,    0.139,    0.139,    0.000,    0.000,    0.000,    0.000,    0.099,    0.099,    0.086,    0.086,    0.000,    0.000,    0.000,    0.000,    3.089,    3.089,   -0.588,   -0.588,    0.014,    0.014,    0.712,    0.712,    0.001,    0.001
 2103,2020090712,    0.135,    0.135,    0.000,    0.000,    0.000,    0.000,    0.104,    0.104,    0.081,    0.081,    0.000,    0.000,    0.000,    0.000,    3.098,    3.098,   -0.604,   -0.604,    0.011,    0.011,    0.704,    0.704,    0.001,    0.001
 2103,2020090706,    0.129,    0.129,    0.000,    0.000,    0.000,    0.000,    0.098,    0.098,    0.072,    0.072,    0.000,    0.000,    0.000,    0.000,    2.939,    2.939,   -0.653,   -0.653,    0.009,    0.009,    0.684,    0.684,   -0.001,   -0.001
 2103,2020090700,    0.135,    0.135,    0.000,    0.000,    0.000,    0.000,    0.096,    0.096,    0.080,    0.080,    0.000,    0.000,    0.000,    0.000,    2.938,    2.938,   -0.631,   -0.631,   -0.004,   -0.004,    0.697,    0.697,   -0.006,   -0.006
 2103,2020090618,    0.135,    0.135,    0.000,    0.000,    0.000,    0.000,    0.101,    0.101,    0.077,    0.077,    0.000,    0.000,    0.000,    0.000,    3.013,    3.013,   -0.628,   -0.628,   -0.004,   -0.004,    0.698,    0.698,   -0.004,   -0.004
 2103,2020090612,    0.138,    0.138,    0.000,    0.000,    0.000,    0.000,    0.113,    0.113,    0.070,    0.070,    0.000,    0.000,    0.000,    0.000,    3.056,    3.056,   -0.624,   -0.624,    0.001,    0.001,    0.703,    0.703,   -0.003,   -0.003
 2103,2020090606,    0.135,    0.135,    0.000,    0.000,    0.000,    0.000,    0.108,    0.108,    0.068,    0.068,    0.000,    0.000,    0.000,    0.000,    2.968,    2.968,   -0.645,   -0.645,   -0.017,   -0.017,    0.695,    0.695,   -0.008,   -0.008
 2103,2020090600,    0.139,    0.139,    0.000,    0.000,    0.000,    0.000,    0.091,    0.091,    0.076,    0.076,    0.000,    0.000,    0.000,    0.000,    2.937,    2.937,   -0.617,   -0.617,   -0.016,   -0.016,    0.708,    0.708,   -0.008,   -0.008
 2103,2020090518,    0.142,    0.142,    0.000,    0.000,    0.000,    0.000,    0.097,    0.097,    0.073,    0.073,    0.000,    0.000,    0.000,    0.000,    3.035,    3.035,   -0.614,   -0.614,   -0.020,   -0.020,    0.712,    0.712,   -0.008,   -0.008
 2103,2020090512,    0.146,    0.146,    0.000,    0.000,    0.000,    0.000,    0.116,    0.116,    0.073,    0.073,    0.000,    0.000,    0.000,    0.000,    3.069,    3.069,   -0.603,   -0.603,   -0.021,   -0.021,    0.722,    0.722,   -0.007,   -0.007
 2103,2020090506,    0.136,    0.136,    0.000,    0.000,    0.000,    0.000,    0.103,    0.103,    0.074,    0.074,    0.000,    0.000,    0.000,    0.000,    2.811,    2.811,   -0.670,   -0.670,   -0.021,   -0.021,    0.693,    0.693,   -0.006,   -0.006
 2103,2020090500,    0.146,    0.146,    0.000,    0.000,    0.000,    0.000,    0.090,    0.090,    0.085,    0.085,    0.000,    0.000,    0.000,    0.000,    2.762,    2.762,   -0.635,   -0.635,   -0.009,   -0.009,    0.715,    0.715,   -0.001,   -0.001
 2103,2020090418,    0.150,    0.150,    0.000,    0.000,    0.000,    0.000,    0.103,    0.103,    0.089,    0.089,    0.000,    0.000,    0.000,    0.000,    2.978,    2.978,   -0.622,   -0.622,    0.006,    0.006,    0.724,    0.724,    0.004,    0.004
 2103,2020090412,    0.140,    0.140,    0.000,    0.000,    0.000,    0.000,    0.109,    0.109,    0.068,    0.068,    0.000,    0.000,    0.000,    0.000,    3.006,    3.006,   -0.707,   -0.707,    0.012,    0.012,    0.691,    0.691,    0.010,    0.010
 2103,2020090406,    0.145,    0.145,    0.000,    0.000,    0.000,    0.000,    0.103,    0.103,    0.070,    0.070,    0.000,    0.000,    0.000,    0.000,    2.055,    2.055,   -0.701,   -0.701,   -0.041,   -0.041,    0.698,    0.698,    0.004,    0.004
 2103,2020090400,    0.162,    0.162,    0.000,    0.000,    0.000,    0.000,    0.052,    0.052,    0.116,    0.116,    0.000,    0.000,    0.000,    0.000,    0.670,    0.670,   -0.631,   -0.631,    0.023,    0.023,    0.745,    0.745,    0.031,    0.031
 2103,2020090318,    0.052,    0.052,    0.000,    0.000,    0.000,    0.000,    0.010,    0.010,    0.055,    0.055,    0.000,    0.000,    0.000,    0.000,   -0.133,   -0.133,   -0.587,   -0.587,   -0.059,   -0.059,    0.724,    0.724,    0.047,    0.047
