  362,2020092000,    0.187,    0.187,    0.000,    0.000,    0.000,    0.000,   -0.028,   -0.028,    0.074,    0.074,    0.000,    0.000,    0.000,    0.000,   -0.003,   -0.003,   -0.705,   -0.705,   -0.026,   -0.026,    0.083,    0.083,    0.000,    0.000
  362,2020091918,    0.189,    0.189,    0.000,    0.000,    0.000,    0.000,   -0.025,   -0.025,    0.076,    0.076,    0.000,    0.000,    0.000,    0.000,   -0.004,   -0.004,   -0.697,   -0.697,   -0.020,   -0.020,    0.087,    0.087,    0.002,    0.002
  362,2020091912,    0.191,    0.191,    0.000,    0.000,    0.000,    0.000,   -0.021,   -0.021,    0.077,    0.077,    0.000,    0.000,    0.000,    0.000,   -0.004,   -0.004,   -0.692,   -0.692,   -0.024,   -0.024,    0.090,    0.090,    0.001,    0.001
  362,2020091906,    0.191,    0.191,    0.000,    0.000,    0.000,    0.000,   -0.026,   -0.026,    0.073,    0.073,    0.000,    0.000,    0.000,    0.000,   -0.005,   -0.005,   -0.702,   -0.702,   -0.022,   -0.022,    0.087,    0.087,    0.002,    0.002
  362,2020091900,    0.192,    0.192,    0.000,    0.000,    0.000,    0.000,   -0.024,   -0.024,    0.074,    0.074,    0.000,    0.000,    0.000,    0.000,   -0.004,   -0.004,   -0.704,   -0.704,   -0.015,   -0.015,    0.087,    0.087,    0.004,    0.004
  362,2020091818,    0.191,    0.191,    0.000,    0.000,    0.000,    0.000,   -0.026,   -0.026,    0.072,    0.072,    0.000,    0.000,    0.000,    0.000,   -0.004,   -0.004,   -0.705,   -0.705,   -0.020,   -0.020,    0.088,    0.088,    0.003,    0.003
  362,2020091812,    0.192,    0.192,    0.000,    0.000,    0.000,    0.000,   -0.024,   -0.024,    0.073,    0.073,    0.000,    0.000,    0.000,    0.000,   -0.004,   -0.004,   -0.698,   -0.698,   -0.019,   -0.019,    0.091,    0.091,    0.003,    0.003
  362,2020091806,    0.192,    0.192,    0.000,    0.000,    0.000,    0.000,   -0.028,   -0.028,    0.068,    0.068,    0.000,    0.000,    0.000,    0.000,   -0.004,   -0.004,   -0.700,   -0.700,   -0.018,   -0.018,    0.091,    0.091,    0.003,    0.003
  362,2020091800,    0.192,    0.192,    0.000,    0.000,    0.000,    0.000,   -0.022,   -0.022,    0.071,    0.071,    0.000,    0.000,    0.000,    0.000,   -0.003,   -0.003,   -0.697,   -0.697,   -0.022,   -0.022,    0.092,    0.092,    0.001,    0.001
  362,2020091718,    0.192,    0.192,    0.000,    0.000,    0.000,    0.000,   -0.023,   -0.023,    0.071,    0.071,    0.000,    0.000,    0.000,    0.000,   -0.004,   -0.004,   -0.703,   -0.703,   -0.024,   -0.024,    0.091,    0.091,    0.000,    0.000
  362,2020091712,    0.191,    0.191,    0.000,    0.000,    0.000,    0.000,   -0.024,   -0.024,    0.071,    0.071,    0.000,    0.000,    0.000,    0.000,   -0.004,   -0.004,   -0.709,   -0.709,   -0.021,   -0.021,    0.089,    0.089,    0.001,    0.001
  362,2020091706,    0.191,    0.191,    0.000,    0.000,    0.000,    0.000,   -0.024,   -0.024,    0.071,    0.071,    0.000,    0.000,    0.000,    0.000,   -0.004,   -0.004,   -0.719,   -0.719,   -0.022,   -0.022,    0.086,    0.086,    0.002,    0.002
  362,2020091700,    0.193,    0.193,    0.000,    0.000,    0.000,    0.000,   -0.020,   -0.020,    0.072,    0.072,    0.000,    0.000,    0.000,    0.000,   -0.004,   -0.004,   -0.707,   -0.707,   -0.019,   -0.019,    0.093,    0.093,    0.003,    0.003
  362,2020091618,    0.193,    0.193,    0.000,    0.000,    0.000,    0.000,   -0.021,   -0.021,    0.071,    0.071,    0.000,    0.000,    0.000,    0.000,   -0.004,   -0.004,   -0.710,   -0.710,   -0.012,   -0.012,    0.092,    0.092,    0.005,    0.005
  362,2020091612,    0.191,    0.191,    0.000,    0.000,    0.000,    0.000,   -0.024,   -0.024,    0.069,    0.069,    0.000,    0.000,    0.000,    0.000,   -0.004,   -0.004,   -0.712,   -0.712,   -0.012,   -0.012,    0.091,    0.091,    0.006,    0.006
  362,2020091606,    0.191,    0.191,    0.000,    0.000,    0.000,    0.000,   -0.022,   -0.022,    0.068,    0.068,    0.000,    0.000,    0.000,    0.000,   -0.005,   -0.005,   -0.708,   -0.708,   -0.011,   -0.011,    0.092,    0.092,    0.006,    0.006
  362,2020091600,    0.192,    0.192,    0.000,    0.000,    0.000,    0.000,   -0.022,   -0.022,    0.065,    0.065,    0.000,    0.000,    0.000,    0.000,   -0.004,   -0.004,   -0.704,   -0.704,   -0.008,   -0.008,    0.095,    0.095,    0.006,    0.006
  362,2020091518,    0.190,    0.190,    0.000,    0.000,    0.000,    0.000,   -0.023,   -0.023,    0.065,    0.065,    0.000,    0.000,    0.000,    0.000,   -0.004,   -0.004,   -0.711,   -0.711,   -0.002,   -0.002,    0.091,    0.091,    0.010,    0.010
  362,2020091512,    0.190,    0.190,    0.000,    0.000,    0.000,    0.000,   -0.023,   -0.023,    0.066,    0.066,    0.000,    0.000,    0.000,    0.000,   -0.004,   -0.004,   -0.707,   -0.707,    0.000,    0.000,    0.092,    0.092,    0.010,    0.010
  362,2020091506,    0.190,    0.190,    0.000,    0.000,    0.000,    0.000,   -0.021,   -0.021,    0.065,    0.065,    0.000,    0.000,    0.000,    0.000,   -0.004,   -0.004,   -0.702,   -0.702,   -0.005,   -0.005,    0.095,    0.095,    0.009,    0.009
  362,2020091500,    0.190,    0.190,    0.000,    0.000,    0.000,    0.000,   -0.018,   -0.018,    0.065,    0.065,    0.000,    0.000,    0.000,    0.000,   -0.004,   -0.004,   -0.707,   -0.707,   -0.005,   -0.005,    0.094,    0.094,    0.009,    0.009
  362,2020091418,    0.190,    0.190,    0.000,    0.000,    0.000,    0.000,   -0.019,   -0.019,    0.064,    0.064,    0.000,    0.000,    0.000,    0.000,   -0.004,   -0.004,   -0.714,   -0.714,   -0.011,   -0.011,    0.093,    0.093,    0.008,    0.008
  362,2020091412,    0.189,    0.189,    0.000,    0.000,    0.000,    0.000,   -0.019,   -0.019,    0.062,    0.062,    0.000,    0.000,    0.000,    0.000,   -0.003,   -0.003,   -0.718,   -0.718,   -0.019,   -0.019,    0.091,    0.091,    0.006,    0.006
  362,2020091406,    0.190,    0.190,    0.000,    0.000,    0.000,    0.000,   -0.023,   -0.023,    0.059,    0.059,    0.000,    0.000,    0.000,    0.000,   -0.004,   -0.004,   -0.722,   -0.722,   -0.021,   -0.021,    0.091,    0.091,    0.005,    0.005
  362,2020091400,    0.190,    0.190,    0.000,    0.000,    0.000,    0.000,   -0.020,   -0.020,    0.060,    0.060,    0.000,    0.000,    0.000,    0.000,   -0.004,   -0.004,   -0.714,   -0.714,   -0.016,   -0.016,    0.095,    0.095,    0.007,    0.007
  362,2020091318,    0.191,    0.191,    0.000,    0.000,    0.000,    0.000,   -0.017,   -0.017,    0.062,    0.062,    0.000,    0.000,    0.000,    0.000,   -0.004,   -0.004,   -0.710,   -0.710,   -0.022,   -0.022,    0.097,    0.097,    0.005,    0.005
  362,2020091312,    0.191,    0.191,    0.000,    0.000,    0.000,    0.000,   -0.016,   -0.016,    0.062,    0.062,    0.000,    0.000,    0.000,    0.000,   -0.003,   -0.003,   -0.719,   -0.719,   -0.019,   -0.019,    0.095,    0.095,    0.006,    0.006
  362,2020091306,    0.191,    0.191,    0.000,    0.000,    0.000,    0.000,   -0.020,   -0.020,    0.059,    0.059,    0.000,    0.000,    0.000,    0.000,   -0.005,   -0.005,   -0.718,   -0.718,   -0.014,   -0.014,    0.097,    0.097,    0.007,    0.007
  362,2020091300,    0.192,    0.192,    0.000,    0.000,    0.000,    0.000,   -0.019,   -0.019,    0.059,    0.059,    0.000,    0.000,    0.000,    0.000,   -0.004,   -0.004,   -0.715,   -0.715,   -0.009,   -0.009,    0.099,    0.099,    0.010,    0.010
  362,2020091218,    0.191,    0.191,    0.000,    0.000,    0.000,    0.000,   -0.024,   -0.024,    0.056,    0.056,    0.000,    0.000,    0.000,    0.000,   -0.005,   -0.005,   -0.719,   -0.719,   -0.004,   -0.004,    0.099,    0.099,    0.011,    0.011
  362,2020091212,    0.193,    0.193,    0.000,    0.000,    0.000,    0.000,   -0.019,   -0.019,    0.057,    0.057,    0.000,    0.000,    0.000,    0.000,   -0.004,   -0.004,   -0.716,   -0.716,   -0.011,   -0.011,    0.102,    0.102,    0.008,    0.008
  362,2020091206,    0.194,    0.194,    0.000,    0.000,    0.000,    0.000,   -0.017,   -0.017,    0.058,    0.058,    0.000,    0.000,    0.000,    0.000,   -0.005,   -0.005,   -0.716,   -0.716,   -0.005,   -0.005,    0.104,    0.104,    0.010,    0.010
  362,2020091200,    0.194,    0.194,    0.000,    0.000,    0.000,    0.000,   -0.017,   -0.017,    0.059,    0.059,    0.000,    0.000,    0.000,    0.000,   -0.004,   -0.004,   -0.711,   -0.711,    0.001,    0.001,    0.107,    0.107,    0.010,    0.010
  362,2020091118,    0.195,    0.195,    0.000,    0.000,    0.000,    0.000,   -0.016,   -0.016,    0.060,    0.060,    0.000,    0.000,    0.000,    0.000,   -0.005,   -0.005,   -0.714,   -0.714,    0.008,    0.008,    0.107,    0.107,    0.012,    0.012
  362,2020091112,    0.194,    0.194,    0.000,    0.000,    0.000,    0.000,   -0.017,   -0.017,    0.059,    0.059,    0.000,    0.000,    0.000,    0.000,   -0.004,   -0.004,   -0.724,   -0.724,    0.011,    0.011,    0.104,    0.104,    0.015,    0.015
  362,2020091106,    0.194,    0.194,    0.000,    0.000,    0.000,    0.000,   -0.019,   -0.019,    0.057,    0.057,    0.000,    0.000,    0.000,    0.000,   -0.004,   -0.004,   -0.724,   -0.724,    0.007,    0.007,    0.104,    0.104,    0.014,    0.014
  362,2020091100,    0.195,    0.195,    0.000,    0.000,    0.000,    0.000,   -0.015,   -0.015,    0.060,    0.060,    0.000,    0.000,    0.000,    0.000,   -0.004,   -0.004,   -0.737,   -0.737,    0.002,    0.002,    0.100,    0.100,    0.013,    0.013
  362,2020091018,    0.194,    0.194,    0.000,    0.000,    0.000,    0.000,   -0.018,   -0.018,    0.056,    0.056,    0.000,    0.000,    0.000,    0.000,   -0.004,   -0.004,   -0.739,   -0.739,    0.001,    0.001,    0.100,    0.100,    0.013,    0.013
  362,2020091012,    0.194,    0.194,    0.000,    0.000,    0.000,    0.000,   -0.019,   -0.019,    0.055,    0.055,    0.000,    0.000,    0.000,    0.000,   -0.004,   -0.004,   -0.742,   -0.742,    0.001,    0.001,    0.099,    0.099,    0.013,    0.013
  362,2020091006,    0.194,    0.194,    0.000,    0.000,    0.000,    0.000,   -0.018,   -0.018,    0.056,    0.056,    0.000,    0.000,    0.000,    0.000,   -0.005,   -0.005,   -0.740,   -0.740,    0.003,    0.003,    0.099,    0.099,    0.014,    0.014
  362,2020091000,    0.193,    0.193,    0.000,    0.000,    0.000,    0.000,   -0.017,   -0.017,    0.053,    0.053,    0.000,    0.000,    0.000,    0.000,   -0.004,   -0.004,   -0.750,   -0.750,    0.005,    0.005,    0.097,    0.097,    0.015,    0.015
  362,2020090918,    0.195,    0.195,    0.000,    0.000,    0.000,    0.000,   -0.021,   -0.021,    0.049,    0.049,    0.000,    0.000,    0.000,    0.000,   -0.004,   -0.004,   -0.747,   -0.747,    0.004,    0.004,    0.100,    0.100,    0.014,    0.014
  362,2020090912,    0.195,    0.195,    0.000,    0.000,    0.000,    0.000,   -0.020,   -0.020,    0.050,    0.050,    0.000,    0.000,    0.000,    0.000,   -0.004,   -0.004,   -0.748,   -0.748,    0.007,    0.007,    0.100,    0.100,    0.015,    0.015
  362,2020090906,    0.195,    0.195,    0.000,    0.000,    0.000,    0.000,   -0.019,   -0.019,    0.051,    0.051,    0.000,    0.000,    0.000,    0.000,   -0.005,   -0.005,   -0.747,   -0.747,    0.007,    0.007,    0.100,    0.100,    0.015,    0.015
  362,2020090900,    0.197,    0.197,    0.000,    0.000,    0.000,    0.000,   -0.013,   -0.013,    0.054,    0.054,    0.000,    0.000,    0.000,    0.000,   -0.005,   -0.005,   -0.736,   -0.736,    0.001,    0.001,    0.107,    0.107,    0.013,    0.013
  362,2020090818,    0.197,    0.197,    0.000,    0.000,    0.000,    0.000,   -0.015,   -0.015,    0.051,    0.051,    0.000,    0.000,    0.000,    0.000,   -0.005,   -0.005,   -0.743,   -0.743,    0.004,    0.004,    0.105,    0.105,    0.014,    0.014
  362,2020090812,    0.197,    0.197,    0.000,    0.000,    0.000,    0.000,   -0.009,   -0.009,    0.054,    0.054,    0.000,    0.000,    0.000,    0.000,   -0.004,   -0.004,   -0.743,   -0.743,    0.002,    0.002,    0.106,    0.106,    0.012,    0.012
  362,2020090806,    0.195,    0.195,    0.000,    0.000,    0.000,    0.000,   -0.014,   -0.014,    0.050,    0.050,    0.000,    0.000,    0.000,    0.000,   -0.005,   -0.005,   -0.762,   -0.762,    0.004,    0.004,    0.098,    0.098,    0.012,    0.012
  362,2020090800,    0.196,    0.196,    0.000,    0.000,    0.000,    0.000,   -0.009,   -0.009,    0.052,    0.052,    0.000,    0.000,    0.000,    0.000,   -0.005,   -0.005,   -0.753,   -0.753,    0.002,    0.002,    0.102,    0.102,    0.011,    0.011
  362,2020090718,    0.195,    0.195,    0.000,    0.000,    0.000,    0.000,   -0.012,   -0.012,    0.050,    0.050,    0.000,    0.000,    0.000,    0.000,   -0.005,   -0.005,   -0.756,   -0.756,    0.007,    0.007,    0.101,    0.101,    0.013,    0.013
  362,2020090712,    0.195,    0.195,    0.000,    0.000,    0.000,    0.000,   -0.011,   -0.011,    0.048,    0.048,    0.000,    0.000,    0.000,    0.000,   -0.005,   -0.005,   -0.746,   -0.746,    0.016,    0.016,    0.105,    0.105,    0.015,    0.015
  362,2020090706,    0.196,    0.196,    0.000,    0.000,    0.000,    0.000,   -0.017,   -0.017,    0.043,    0.043,    0.000,    0.000,    0.000,    0.000,   -0.005,   -0.005,   -0.746,   -0.746,    0.024,    0.024,    0.107,    0.107,    0.018,    0.018
  362,2020090700,    0.198,    0.198,    0.000,    0.000,    0.000,    0.000,   -0.015,   -0.015,    0.044,    0.044,    0.000,    0.000,    0.000,    0.000,   -0.005,   -0.005,   -0.735,   -0.735,    0.021,    0.021,    0.113,    0.113,    0.016,    0.016
  362,2020090618,    0.195,    0.195,    0.000,    0.000,    0.000,    0.000,   -0.016,   -0.016,    0.045,    0.045,    0.000,    0.000,    0.000,    0.000,   -0.006,   -0.006,   -0.747,   -0.747,    0.016,    0.016,    0.109,    0.109,    0.014,    0.014
  362,2020090612,    0.197,    0.197,    0.000,    0.000,    0.000,    0.000,   -0.016,   -0.016,    0.044,    0.044,    0.000,    0.000,    0.000,    0.000,   -0.006,   -0.006,   -0.749,   -0.749,    0.024,    0.024,    0.111,    0.111,    0.017,    0.017
  362,2020090606,    0.195,    0.195,    0.000,    0.000,    0.000,    0.000,   -0.022,   -0.022,    0.035,    0.035,    0.000,    0.000,    0.000,    0.000,   -0.006,   -0.006,   -0.771,   -0.771,    0.023,    0.023,    0.103,    0.103,    0.017,    0.017
  362,2020090600,    0.197,    0.197,    0.000,    0.000,    0.000,    0.000,   -0.019,   -0.019,    0.036,    0.036,    0.000,    0.000,    0.000,    0.000,   -0.005,   -0.005,   -0.757,   -0.757,    0.023,    0.023,    0.109,    0.109,    0.016,    0.016
  362,2020090518,    0.196,    0.196,    0.000,    0.000,    0.000,    0.000,   -0.023,   -0.023,    0.031,    0.031,    0.000,    0.000,    0.000,    0.000,   -0.005,   -0.005,   -0.759,   -0.759,    0.027,    0.027,    0.109,    0.109,    0.017,    0.017
  362,2020090512,    0.199,    0.199,    0.000,    0.000,    0.000,    0.000,   -0.019,   -0.019,    0.033,    0.033,    0.000,    0.000,    0.000,    0.000,   -0.005,   -0.005,   -0.747,   -0.747,    0.032,    0.032,    0.117,    0.117,    0.018,    0.018
  362,2020090506,    0.200,    0.200,    0.000,    0.000,    0.000,    0.000,   -0.022,   -0.022,    0.031,    0.031,    0.000,    0.000,    0.000,    0.000,   -0.006,   -0.006,   -0.756,   -0.756,    0.046,    0.046,    0.113,    0.113,    0.021,    0.021
  362,2020090500,    0.201,    0.201,    0.000,    0.000,    0.000,    0.000,   -0.024,   -0.024,    0.028,    0.028,    0.000,    0.000,    0.000,    0.000,   -0.005,   -0.005,   -0.745,   -0.745,    0.051,    0.051,    0.118,    0.118,    0.023,    0.023
  362,2020090418,    0.201,    0.201,    0.000,    0.000,    0.000,    0.000,   -0.015,   -0.015,    0.030,    0.030,    0.000,    0.000,    0.000,    0.000,   -0.006,   -0.006,   -0.754,   -0.754,    0.054,    0.054,    0.117,    0.117,    0.025,    0.025
  362,2020090412,    0.204,    0.204,    0.000,    0.000,    0.000,    0.000,   -0.003,   -0.003,    0.033,    0.033,    0.000,    0.000,    0.000,    0.000,   -0.005,   -0.005,   -0.724,   -0.724,    0.078,    0.078,    0.134,    0.134,    0.029,    0.029
  362,2020090406,    0.201,    0.201,    0.000,    0.000,    0.000,    0.000,   -0.007,   -0.007,    0.023,    0.023,    0.000,    0.000,    0.000,    0.000,   -0.006,   -0.006,   -0.757,   -0.757,    0.083,    0.083,    0.125,    0.125,    0.028,    0.028
  362,2020090400,    0.195,    0.195,    0.000,    0.000,    0.000,    0.000,   -0.010,   -0.010,    0.000,    0.000,    0.000,    0.000,    0.000,    0.000,   -0.003,   -0.003,   -0.779,   -0.779,    0.094,    0.094,    0.123,    0.123,    0.030,    0.030
  362,2020090318,    0.162,    0.162,    0.000,    0.000,    0.000,    0.000,   -0.029,   -0.029,   -0.030,   -0.030,    0.000,    0.000,    0.000,    0.000,   -0.002,   -0.002,   -0.749,   -0.749,    0.254,    0.254,    0.240,    0.240,    0.029,    0.029
