  126,2020092000,   -0.038,   -0.038,    0.000,    0.000,    0.000,    0.000,    0.120,    0.120,   -0.123,   -0.123,    0.000,    0.000,    0.000,    0.000,   -0.063,   -0.063,    0.554,    0.554,    0.009,    0.009,   -0.506,   -0.506,   -0.012,   -0.012
  126,2020091918,   -0.039,   -0.039,    0.000,    0.000,    0.000,    0.000,    0.119,    0.119,   -0.124,   -0.124,    0.000,    0.000,    0.000,    0.000,   -0.062,   -0.062,    0.551,    0.551,    0.009,    0.009,   -0.508,   -0.508,   -0.012,   -0.012
  126,2020091912,   -0.038,   -0.038,    0.000,    0.000,    0.000,    0.000,    0.119,    0.119,   -0.125,   -0.125,    0.000,    0.000,    0.000,    0.000,   -0.062,   -0.062,    0.552,    0.552,    0.009,    0.009,   -0.507,   -0.507,   -0.012,   -0.012
  126,2020091906,   -0.039,   -0.039,    0.000,    0.000,    0.000,    0.000,    0.120,    0.120,   -0.124,   -0.124,    0.000,    0.000,    0.000,    0.000,   -0.061,   -0.061,    0.553,    0.553,    0.009,    0.009,   -0.507,   -0.507,   -0.012,   -0.012
  126,2020091900,   -0.039,   -0.039,    0.000,    0.000,    0.000,    0.000,    0.118,    0.118,   -0.124,   -0.124,    0.000,    0.000,    0.000,    0.000,   -0.062,   -0.062,    0.553,    0.553,    0.009,    0.009,   -0.507,   -0.507,   -0.012,   -0.012
  126,2020091818,   -0.040,   -0.040,    0.000,    0.000,    0.000,    0.000,    0.119,    0.119,   -0.124,   -0.124,    0.000,    0.000,    0.000,    0.000,   -0.062,   -0.062,    0.551,    0.551,    0.008,    0.008,   -0.508,   -0.508,   -0.013,   -0.013
  126,2020091812,   -0.040,   -0.040,    0.000,    0.000,    0.000,    0.000,    0.119,    0.119,   -0.125,   -0.125,    0.000,    0.000,    0.000,    0.000,   -0.062,   -0.062,    0.550,    0.550,    0.009,    0.009,   -0.509,   -0.509,   -0.012,   -0.012
  126,2020091806,   -0.040,   -0.040,    0.000,    0.000,    0.000,    0.000,    0.120,    0.120,   -0.124,   -0.124,    0.000,    0.000,    0.000,    0.000,   -0.061,   -0.061,    0.551,    0.551,    0.010,    0.010,   -0.509,   -0.509,   -0.011,   -0.011
  126,2020091800,   -0.039,   -0.039,    0.000,    0.000,    0.000,    0.000,    0.120,    0.120,   -0.124,   -0.124,    0.000,    0.000,    0.000,    0.000,   -0.061,   -0.061,    0.552,    0.552,    0.010,    0.010,   -0.508,   -0.508,   -0.011,   -0.011
  126,2020091718,   -0.041,   -0.041,    0.000,    0.000,    0.000,    0.000,    0.118,    0.118,   -0.125,   -0.125,    0.000,    0.000,    0.000,    0.000,   -0.061,   -0.061,    0.549,    0.549,    0.009,    0.009,   -0.510,   -0.510,   -0.011,   -0.011
  126,2020091712,   -0.041,   -0.041,    0.000,    0.000,    0.000,    0.000,    0.117,    0.117,   -0.125,   -0.125,    0.000,    0.000,    0.000,    0.000,   -0.060,   -0.060,    0.550,    0.550,    0.009,    0.009,   -0.510,   -0.510,   -0.012,   -0.012
  126,2020091706,   -0.041,   -0.041,    0.000,    0.000,    0.000,    0.000,    0.118,    0.118,   -0.126,   -0.126,    0.000,    0.000,    0.000,    0.000,   -0.060,   -0.060,    0.551,    0.551,    0.007,    0.007,   -0.509,   -0.509,   -0.013,   -0.013
  126,2020091700,   -0.041,   -0.041,    0.000,    0.000,    0.000,    0.000,    0.118,    0.118,   -0.125,   -0.125,    0.000,    0.000,    0.000,    0.000,   -0.061,   -0.061,    0.552,    0.552,    0.007,    0.007,   -0.509,   -0.509,   -0.013,   -0.013
  126,2020091618,   -0.042,   -0.042,    0.000,    0.000,    0.000,    0.000,    0.117,    0.117,   -0.126,   -0.126,    0.000,    0.000,    0.000,    0.000,   -0.061,   -0.061,    0.550,    0.550,    0.007,    0.007,   -0.510,   -0.510,   -0.013,   -0.013
  126,2020091612,   -0.042,   -0.042,    0.000,    0.000,    0.000,    0.000,    0.118,    0.118,   -0.125,   -0.125,    0.000,    0.000,    0.000,    0.000,   -0.061,   -0.061,    0.552,    0.552,    0.007,    0.007,   -0.509,   -0.509,   -0.013,   -0.013
  126,2020091606,   -0.042,   -0.042,    0.000,    0.000,    0.000,    0.000,    0.118,    0.118,   -0.125,   -0.125,    0.000,    0.000,    0.000,    0.000,   -0.062,   -0.062,    0.553,    0.553,    0.008,    0.008,   -0.509,   -0.509,   -0.012,   -0.012
  126,2020091600,   -0.042,   -0.042,    0.000,    0.000,    0.000,    0.000,    0.118,    0.118,   -0.124,   -0.124,    0.000,    0.000,    0.000,    0.000,   -0.061,   -0.061,    0.553,    0.553,    0.006,    0.006,   -0.508,   -0.508,   -0.013,   -0.013
  126,2020091518,   -0.043,   -0.043,    0.000,    0.000,    0.000,    0.000,    0.118,    0.118,   -0.125,   -0.125,    0.000,    0.000,    0.000,    0.000,   -0.061,   -0.061,    0.550,    0.550,    0.007,    0.007,   -0.510,   -0.510,   -0.012,   -0.012
  126,2020091512,   -0.042,   -0.042,    0.000,    0.000,    0.000,    0.000,    0.120,    0.120,   -0.125,   -0.125,    0.000,    0.000,    0.000,    0.000,   -0.060,   -0.060,    0.552,    0.552,    0.007,    0.007,   -0.509,   -0.509,   -0.012,   -0.012
  126,2020091506,   -0.042,   -0.042,    0.000,    0.000,    0.000,    0.000,    0.120,    0.120,   -0.125,   -0.125,    0.000,    0.000,    0.000,    0.000,   -0.060,   -0.060,    0.552,    0.552,    0.007,    0.007,   -0.509,   -0.509,   -0.012,   -0.012
  126,2020091500,   -0.042,   -0.042,    0.000,    0.000,    0.000,    0.000,    0.119,    0.119,   -0.126,   -0.126,    0.000,    0.000,    0.000,    0.000,   -0.060,   -0.060,    0.551,    0.551,    0.006,    0.006,   -0.509,   -0.509,   -0.013,   -0.013
  126,2020091418,   -0.042,   -0.042,    0.000,    0.000,    0.000,    0.000,    0.120,    0.120,   -0.125,   -0.125,    0.000,    0.000,    0.000,    0.000,   -0.061,   -0.061,    0.552,    0.552,    0.007,    0.007,   -0.509,   -0.509,   -0.013,   -0.013
  126,2020091412,   -0.042,   -0.042,    0.000,    0.000,    0.000,    0.000,    0.119,    0.119,   -0.125,   -0.125,    0.000,    0.000,    0.000,    0.000,   -0.062,   -0.062,    0.552,    0.552,    0.005,    0.005,   -0.509,   -0.509,   -0.014,   -0.014
  126,2020091406,   -0.043,   -0.043,    0.000,    0.000,    0.000,    0.000,    0.119,    0.119,   -0.125,   -0.125,    0.000,    0.000,    0.000,    0.000,   -0.061,   -0.061,    0.552,    0.552,    0.006,    0.006,   -0.509,   -0.509,   -0.014,   -0.014
  126,2020091400,   -0.043,   -0.043,    0.000,    0.000,    0.000,    0.000,    0.119,    0.119,   -0.125,   -0.125,    0.000,    0.000,    0.000,    0.000,   -0.062,   -0.062,    0.552,    0.552,    0.007,    0.007,   -0.509,   -0.509,   -0.013,   -0.013
  126,2020091318,   -0.044,   -0.044,    0.000,    0.000,    0.000,    0.000,    0.117,    0.117,   -0.126,   -0.126,    0.000,    0.000,    0.000,    0.000,   -0.062,   -0.062,    0.549,    0.549,    0.007,    0.007,   -0.511,   -0.511,   -0.013,   -0.013
  126,2020091312,   -0.044,   -0.044,    0.000,    0.000,    0.000,    0.000,    0.117,    0.117,   -0.125,   -0.125,    0.000,    0.000,    0.000,    0.000,   -0.063,   -0.063,    0.549,    0.549,    0.009,    0.009,   -0.511,   -0.511,   -0.012,   -0.012
  126,2020091306,   -0.043,   -0.043,    0.000,    0.000,    0.000,    0.000,    0.118,    0.118,   -0.125,   -0.125,    0.000,    0.000,    0.000,    0.000,   -0.062,   -0.062,    0.550,    0.550,    0.007,    0.007,   -0.511,   -0.511,   -0.013,   -0.013
  126,2020091300,   -0.042,   -0.042,    0.000,    0.000,    0.000,    0.000,    0.119,    0.119,   -0.123,   -0.123,    0.000,    0.000,    0.000,    0.000,   -0.063,   -0.063,    0.551,    0.551,    0.008,    0.008,   -0.510,   -0.510,   -0.012,   -0.012
  126,2020091218,   -0.043,   -0.043,    0.000,    0.000,    0.000,    0.000,    0.118,    0.118,   -0.124,   -0.124,    0.000,    0.000,    0.000,    0.000,   -0.063,   -0.063,    0.549,    0.549,    0.008,    0.008,   -0.511,   -0.511,   -0.012,   -0.012
  126,2020091212,   -0.044,   -0.044,    0.000,    0.000,    0.000,    0.000,    0.117,    0.117,   -0.125,   -0.125,    0.000,    0.000,    0.000,    0.000,   -0.062,   -0.062,    0.547,    0.547,    0.009,    0.009,   -0.512,   -0.512,   -0.012,   -0.012
  126,2020091206,   -0.044,   -0.044,    0.000,    0.000,    0.000,    0.000,    0.117,    0.117,   -0.125,   -0.125,    0.000,    0.000,    0.000,    0.000,   -0.062,   -0.062,    0.548,    0.548,    0.008,    0.008,   -0.512,   -0.512,   -0.013,   -0.013
  126,2020091200,   -0.044,   -0.044,    0.000,    0.000,    0.000,    0.000,    0.116,    0.116,   -0.126,   -0.126,    0.000,    0.000,    0.000,    0.000,   -0.061,   -0.061,    0.549,    0.549,    0.007,    0.007,   -0.512,   -0.512,   -0.013,   -0.013
  126,2020091118,   -0.045,   -0.045,    0.000,    0.000,    0.000,    0.000,    0.115,    0.115,   -0.126,   -0.126,    0.000,    0.000,    0.000,    0.000,   -0.062,   -0.062,    0.547,    0.547,    0.007,    0.007,   -0.513,   -0.513,   -0.013,   -0.013
  126,2020091112,   -0.045,   -0.045,    0.000,    0.000,    0.000,    0.000,    0.114,    0.114,   -0.126,   -0.126,    0.000,    0.000,    0.000,    0.000,   -0.062,   -0.062,    0.547,    0.547,    0.007,    0.007,   -0.514,   -0.514,   -0.013,   -0.013
  126,2020091106,   -0.043,   -0.043,    0.000,    0.000,    0.000,    0.000,    0.119,    0.119,   -0.123,   -0.123,    0.000,    0.000,    0.000,    0.000,   -0.062,   -0.062,    0.550,    0.550,    0.009,    0.009,   -0.511,   -0.511,   -0.012,   -0.012
  126,2020091100,   -0.044,   -0.044,    0.000,    0.000,    0.000,    0.000,    0.118,    0.118,   -0.124,   -0.124,    0.000,    0.000,    0.000,    0.000,   -0.062,   -0.062,    0.550,    0.550,    0.007,    0.007,   -0.511,   -0.511,   -0.013,   -0.013
  126,2020091018,   -0.043,   -0.043,    0.000,    0.000,    0.000,    0.000,    0.120,    0.120,   -0.122,   -0.122,    0.000,    0.000,    0.000,    0.000,   -0.062,   -0.062,    0.551,    0.551,    0.008,    0.008,   -0.511,   -0.511,   -0.013,   -0.013
  126,2020091012,   -0.044,   -0.044,    0.000,    0.000,    0.000,    0.000,    0.119,    0.119,   -0.123,   -0.123,    0.000,    0.000,    0.000,    0.000,   -0.063,   -0.063,    0.550,    0.550,    0.008,    0.008,   -0.511,   -0.511,   -0.013,   -0.013
  126,2020091006,   -0.044,   -0.044,    0.000,    0.000,    0.000,    0.000,    0.119,    0.119,   -0.124,   -0.124,    0.000,    0.000,    0.000,    0.000,   -0.063,   -0.063,    0.551,    0.551,    0.007,    0.007,   -0.511,   -0.511,   -0.013,   -0.013
  126,2020091000,   -0.044,   -0.044,    0.000,    0.000,    0.000,    0.000,    0.119,    0.119,   -0.124,   -0.124,    0.000,    0.000,    0.000,    0.000,   -0.062,   -0.062,    0.549,    0.549,    0.005,    0.005,   -0.512,   -0.512,   -0.014,   -0.014
  126,2020090918,   -0.043,   -0.043,    0.000,    0.000,    0.000,    0.000,    0.120,    0.120,   -0.123,   -0.123,    0.000,    0.000,    0.000,    0.000,   -0.062,   -0.062,    0.551,    0.551,    0.005,    0.005,   -0.511,   -0.511,   -0.014,   -0.014
  126,2020090912,   -0.043,   -0.043,    0.000,    0.000,    0.000,    0.000,    0.120,    0.120,   -0.124,   -0.124,    0.000,    0.000,    0.000,    0.000,   -0.062,   -0.062,    0.550,    0.550,    0.004,    0.004,   -0.512,   -0.512,   -0.015,   -0.015
  126,2020090906,   -0.044,   -0.044,    0.000,    0.000,    0.000,    0.000,    0.118,    0.118,   -0.125,   -0.125,    0.000,    0.000,    0.000,    0.000,   -0.061,   -0.061,    0.550,    0.550,    0.006,    0.006,   -0.512,   -0.512,   -0.014,   -0.014
  126,2020090900,   -0.044,   -0.044,    0.000,    0.000,    0.000,    0.000,    0.117,    0.117,   -0.126,   -0.126,    0.000,    0.000,    0.000,    0.000,   -0.061,   -0.061,    0.549,    0.549,    0.006,    0.006,   -0.513,   -0.513,   -0.014,   -0.014
  126,2020090818,   -0.045,   -0.045,    0.000,    0.000,    0.000,    0.000,    0.115,    0.115,   -0.126,   -0.126,    0.000,    0.000,    0.000,    0.000,   -0.061,   -0.061,    0.546,    0.546,    0.006,    0.006,   -0.514,   -0.514,   -0.013,   -0.013
  126,2020090812,   -0.045,   -0.045,    0.000,    0.000,    0.000,    0.000,    0.114,    0.114,   -0.126,   -0.126,    0.000,    0.000,    0.000,    0.000,   -0.062,   -0.062,    0.546,    0.546,    0.007,    0.007,   -0.515,   -0.515,   -0.013,   -0.013
  126,2020090806,   -0.045,   -0.045,    0.000,    0.000,    0.000,    0.000,    0.116,    0.116,   -0.125,   -0.125,    0.000,    0.000,    0.000,    0.000,   -0.063,   -0.063,    0.548,    0.548,    0.007,    0.007,   -0.513,   -0.513,   -0.013,   -0.013
  126,2020090800,   -0.044,   -0.044,    0.000,    0.000,    0.000,    0.000,    0.115,    0.115,   -0.125,   -0.125,    0.000,    0.000,    0.000,    0.000,   -0.063,   -0.063,    0.548,    0.548,    0.008,    0.008,   -0.513,   -0.513,   -0.012,   -0.012
  126,2020090718,   -0.045,   -0.045,    0.000,    0.000,    0.000,    0.000,    0.115,    0.115,   -0.125,   -0.125,    0.000,    0.000,    0.000,    0.000,   -0.064,   -0.064,    0.548,    0.548,    0.009,    0.009,   -0.514,   -0.514,   -0.012,   -0.012
  126,2020090712,   -0.045,   -0.045,    0.000,    0.000,    0.000,    0.000,    0.115,    0.115,   -0.126,   -0.126,    0.000,    0.000,    0.000,    0.000,   -0.062,   -0.062,    0.547,    0.547,    0.009,    0.009,   -0.514,   -0.514,   -0.012,   -0.012
  126,2020090706,   -0.045,   -0.045,    0.000,    0.000,    0.000,    0.000,    0.114,    0.114,   -0.125,   -0.125,    0.000,    0.000,    0.000,    0.000,   -0.062,   -0.062,    0.548,    0.548,    0.008,    0.008,   -0.514,   -0.514,   -0.012,   -0.012
  126,2020090700,   -0.045,   -0.045,    0.000,    0.000,    0.000,    0.000,    0.114,    0.114,   -0.124,   -0.124,    0.000,    0.000,    0.000,    0.000,   -0.063,   -0.063,    0.549,    0.549,    0.009,    0.009,   -0.513,   -0.513,   -0.011,   -0.011
  126,2020090618,   -0.046,   -0.046,    0.000,    0.000,    0.000,    0.000,    0.113,    0.113,   -0.125,   -0.125,    0.000,    0.000,    0.000,    0.000,   -0.064,   -0.064,    0.548,    0.548,    0.008,    0.008,   -0.514,   -0.514,   -0.012,   -0.012
  126,2020090612,   -0.046,   -0.046,    0.000,    0.000,    0.000,    0.000,    0.111,    0.111,   -0.125,   -0.125,    0.000,    0.000,    0.000,    0.000,   -0.063,   -0.063,    0.547,    0.547,    0.009,    0.009,   -0.515,   -0.515,   -0.011,   -0.011
  126,2020090606,   -0.046,   -0.046,    0.000,    0.000,    0.000,    0.000,    0.112,    0.112,   -0.125,   -0.125,    0.000,    0.000,    0.000,    0.000,   -0.062,   -0.062,    0.550,    0.550,    0.009,    0.009,   -0.514,   -0.514,   -0.011,   -0.011
  126,2020090600,   -0.046,   -0.046,    0.000,    0.000,    0.000,    0.000,    0.111,    0.111,   -0.125,   -0.125,    0.000,    0.000,    0.000,    0.000,   -0.063,   -0.063,    0.551,    0.551,    0.008,    0.008,   -0.513,   -0.513,   -0.011,   -0.011
  126,2020090518,   -0.047,   -0.047,    0.000,    0.000,    0.000,    0.000,    0.110,    0.110,   -0.125,   -0.125,    0.000,    0.000,    0.000,    0.000,   -0.063,   -0.063,    0.550,    0.550,    0.009,    0.009,   -0.514,   -0.514,   -0.011,   -0.011
  126,2020090512,   -0.046,   -0.046,    0.000,    0.000,    0.000,    0.000,    0.112,    0.112,   -0.124,   -0.124,    0.000,    0.000,    0.000,    0.000,   -0.062,   -0.062,    0.553,    0.553,    0.008,    0.008,   -0.512,   -0.512,   -0.012,   -0.012
  126,2020090506,   -0.046,   -0.046,    0.000,    0.000,    0.000,    0.000,    0.112,    0.112,   -0.123,   -0.123,    0.000,    0.000,    0.000,    0.000,   -0.061,   -0.061,    0.553,    0.553,    0.007,    0.007,   -0.512,   -0.512,   -0.012,   -0.012
  126,2020090500,   -0.045,   -0.045,    0.000,    0.000,    0.000,    0.000,    0.114,    0.114,   -0.122,   -0.122,    0.000,    0.000,    0.000,    0.000,   -0.061,   -0.061,    0.554,    0.554,    0.007,    0.007,   -0.511,   -0.511,   -0.012,   -0.012
  126,2020090418,   -0.046,   -0.046,    0.000,    0.000,    0.000,    0.000,    0.111,    0.111,   -0.123,   -0.123,    0.000,    0.000,    0.000,    0.000,   -0.061,   -0.061,    0.551,    0.551,    0.006,    0.006,   -0.513,   -0.513,   -0.013,   -0.013
  126,2020090412,   -0.046,   -0.046,    0.000,    0.000,    0.000,    0.000,    0.112,    0.112,   -0.123,   -0.123,    0.000,    0.000,    0.000,    0.000,   -0.061,   -0.061,    0.552,    0.552,    0.006,    0.006,   -0.513,   -0.513,   -0.013,   -0.013
  126,2020090406,   -0.047,   -0.047,    0.000,    0.000,    0.000,    0.000,    0.110,    0.110,   -0.125,   -0.125,    0.000,    0.000,    0.000,    0.000,   -0.061,   -0.061,    0.550,    0.550,    0.008,    0.008,   -0.514,   -0.514,   -0.012,   -0.012
  126,2020090400,   -0.046,   -0.046,    0.000,    0.000,    0.000,    0.000,    0.111,    0.111,   -0.124,   -0.124,    0.000,    0.000,    0.000,    0.000,   -0.059,   -0.059,    0.551,    0.551,    0.008,    0.008,   -0.513,   -0.513,   -0.012,   -0.012
  126,2020090318,   -0.047,   -0.047,    0.000,    0.000,    0.000,    0.000,    0.111,    0.111,   -0.124,   -0.124,    0.000,    0.000,    0.000,    0.000,   -0.059,   -0.059,    0.550,    0.550,    0.007,    0.007,   -0.514,   -0.514,   -0.012,   -0.012
  126,2020090312,   -0.047,   -0.047,    0.000,    0.000,    0.000,    0.000,    0.111,    0.111,   -0.123,   -0.123,    0.000,    0.000,    0.000,    0.000,   -0.059,   -0.059,    0.551,    0.551,    0.007,    0.007,   -0.514,   -0.514,   -0.013,   -0.013
  126,2020090306,   -0.047,   -0.047,    0.000,    0.000,    0.000,    0.000,    0.111,    0.111,   -0.124,   -0.124,    0.000,    0.000,    0.000,    0.000,   -0.058,   -0.058,    0.551,    0.551,    0.007,    0.007,   -0.513,   -0.513,   -0.012,   -0.012
  126,2020090300,   -0.048,   -0.048,    0.000,    0.000,    0.000,    0.000,    0.110,    0.110,   -0.125,   -0.125,    0.000,    0.000,    0.000,    0.000,   -0.058,   -0.058,    0.552,    0.552,    0.007,    0.007,   -0.513,   -0.513,   -0.012,   -0.012
  126,2020090218,   -0.049,   -0.049,    0.000,    0.000,    0.000,    0.000,    0.108,    0.108,   -0.126,   -0.126,    0.000,    0.000,    0.000,    0.000,   -0.058,   -0.058,    0.550,    0.550,    0.006,    0.006,   -0.515,   -0.515,   -0.013,   -0.013
  126,2020090212,   -0.049,   -0.049,    0.000,    0.000,    0.000,    0.000,    0.108,    0.108,   -0.126,   -0.126,    0.000,    0.000,    0.000,    0.000,   -0.058,   -0.058,    0.549,    0.549,    0.006,    0.006,   -0.515,   -0.515,   -0.013,   -0.013
  126,2020090206,   -0.048,   -0.048,    0.000,    0.000,    0.000,    0.000,    0.110,    0.110,   -0.125,   -0.125,    0.000,    0.000,    0.000,    0.000,   -0.057,   -0.057,    0.551,    0.551,    0.007,    0.007,   -0.514,   -0.514,   -0.012,   -0.012
  126,2020090200,   -0.048,   -0.048,    0.000,    0.000,    0.000,    0.000,    0.110,    0.110,   -0.124,   -0.124,    0.000,    0.000,    0.000,    0.000,   -0.057,   -0.057,    0.551,    0.551,    0.007,    0.007,   -0.514,   -0.514,   -0.012,   -0.012
  126,2020090118,   -0.048,   -0.048,    0.000,    0.000,    0.000,    0.000,    0.110,    0.110,   -0.124,   -0.124,    0.000,    0.000,    0.000,    0.000,   -0.057,   -0.057,    0.551,    0.551,    0.007,    0.007,   -0.514,   -0.514,   -0.012,   -0.012
  126,2020090112,   -0.047,   -0.047,    0.000,    0.000,    0.000,    0.000,    0.111,    0.111,   -0.123,   -0.123,    0.000,    0.000,    0.000,    0.000,   -0.056,   -0.056,    0.551,    0.551,    0.008,    0.008,   -0.514,   -0.514,   -0.011,   -0.011
  126,2020090106,   -0.047,   -0.047,    0.000,    0.000,    0.000,    0.000,    0.110,    0.110,   -0.124,   -0.124,    0.000,    0.000,    0.000,    0.000,   -0.055,   -0.055,    0.550,    0.550,    0.008,    0.008,   -0.514,   -0.514,   -0.012,   -0.012
  126,2020090100,   -0.047,   -0.047,    0.000,    0.000,    0.000,    0.000,    0.109,    0.109,   -0.125,   -0.125,    0.000,    0.000,    0.000,    0.000,   -0.053,   -0.053,    0.551,    0.551,    0.007,    0.007,   -0.514,   -0.514,   -0.013,   -0.013
  126,2020083118,   -0.048,   -0.048,    0.000,    0.000,    0.000,    0.000,    0.107,    0.107,   -0.126,   -0.126,    0.000,    0.000,    0.000,    0.000,   -0.053,   -0.053,    0.549,    0.549,    0.006,    0.006,   -0.516,   -0.516,   -0.013,   -0.013
  126,2020083112,   -0.048,   -0.048,    0.000,    0.000,    0.000,    0.000,    0.107,    0.107,   -0.126,   -0.126,    0.000,    0.000,    0.000,    0.000,   -0.052,   -0.052,    0.549,    0.549,    0.006,    0.006,   -0.516,   -0.516,   -0.013,   -0.013
  126,2020083106,   -0.048,   -0.048,    0.000,    0.000,    0.000,    0.000,    0.107,    0.107,   -0.127,   -0.127,    0.000,    0.000,    0.000,    0.000,   -0.050,   -0.050,    0.548,    0.548,    0.006,    0.006,   -0.516,   -0.516,   -0.013,   -0.013
  126,2020083100,   -0.047,   -0.047,    0.000,    0.000,    0.000,    0.000,    0.106,    0.106,   -0.128,   -0.128,    0.000,    0.000,    0.000,    0.000,   -0.050,   -0.050,    0.548,    0.548,    0.006,    0.006,   -0.516,   -0.516,   -0.013,   -0.013
  126,2020083018,   -0.048,   -0.048,    0.000,    0.000,    0.000,    0.000,    0.105,    0.105,   -0.128,   -0.128,    0.000,    0.000,    0.000,    0.000,   -0.050,   -0.050,    0.546,    0.546,    0.007,    0.007,   -0.517,   -0.517,   -0.013,   -0.013
  126,2020083012,   -0.048,   -0.048,    0.000,    0.000,    0.000,    0.000,    0.104,    0.104,   -0.128,   -0.128,    0.000,    0.000,    0.000,    0.000,   -0.049,   -0.049,    0.546,    0.546,    0.007,    0.007,   -0.517,   -0.517,   -0.013,   -0.013
  126,2020083006,   -0.047,   -0.047,    0.000,    0.000,    0.000,    0.000,    0.105,    0.105,   -0.127,   -0.127,    0.000,    0.000,    0.000,    0.000,   -0.046,   -0.046,    0.547,    0.547,    0.008,    0.008,   -0.516,   -0.516,   -0.012,   -0.012
  126,2020083000,   -0.046,   -0.046,    0.000,    0.000,    0.000,    0.000,    0.107,    0.107,   -0.127,   -0.127,    0.000,    0.000,    0.000,    0.000,   -0.043,   -0.043,    0.549,    0.549,    0.008,    0.008,   -0.515,   -0.515,   -0.012,   -0.012
