  124,2020092000,    0.001,    0.001,    0.000,    0.000,    0.000,    0.000,    0.084,    0.084,   -0.141,   -0.141,    0.000,    0.000,    0.000,    0.000,   -0.065,   -0.065,    0.711,    0.711,   -0.007,   -0.007,   -0.637,   -0.637,   -0.001,   -0.001
  124,2020091918,   -0.001,   -0.001,    0.000,    0.000,    0.000,    0.000,    0.083,    0.083,   -0.141,   -0.141,    0.000,    0.000,    0.000,    0.000,   -0.066,   -0.066,    0.708,    0.708,   -0.008,   -0.008,   -0.639,   -0.639,   -0.001,   -0.001
  124,2020091912,   -0.000,   -0.000,    0.000,    0.000,    0.000,    0.000,    0.084,    0.084,   -0.141,   -0.141,    0.000,    0.000,    0.000,    0.000,   -0.066,   -0.066,    0.707,    0.707,   -0.007,   -0.007,   -0.639,   -0.639,   -0.001,   -0.001
  124,2020091906,   -0.001,   -0.001,    0.000,    0.000,    0.000,    0.000,    0.084,    0.084,   -0.140,   -0.140,    0.000,    0.000,    0.000,    0.000,   -0.066,   -0.066,    0.707,    0.707,   -0.008,   -0.008,   -0.639,   -0.639,   -0.001,   -0.001
  124,2020091900,   -0.000,   -0.000,    0.000,    0.000,    0.000,    0.000,    0.085,    0.085,   -0.140,   -0.140,    0.000,    0.000,    0.000,    0.000,   -0.066,   -0.066,    0.708,    0.708,   -0.008,   -0.008,   -0.639,   -0.639,   -0.001,   -0.001
  124,2020091818,   -0.000,   -0.000,    0.000,    0.000,    0.000,    0.000,    0.086,    0.086,   -0.139,   -0.139,    0.000,    0.000,    0.000,    0.000,   -0.066,   -0.066,    0.709,    0.709,   -0.006,   -0.006,   -0.638,   -0.638,    0.000,    0.000
  124,2020091812,   -0.001,   -0.001,    0.000,    0.000,    0.000,    0.000,    0.086,    0.086,   -0.140,   -0.140,    0.000,    0.000,    0.000,    0.000,   -0.067,   -0.067,    0.709,    0.709,   -0.006,   -0.006,   -0.638,   -0.638,    0.000,    0.000
  124,2020091806,   -0.001,   -0.001,    0.000,    0.000,    0.000,    0.000,    0.085,    0.085,   -0.140,   -0.140,    0.000,    0.000,    0.000,    0.000,   -0.067,   -0.067,    0.709,    0.709,   -0.004,   -0.004,   -0.639,   -0.639,    0.001,    0.001
  124,2020091800,   -0.002,   -0.002,    0.000,    0.000,    0.000,    0.000,    0.085,    0.085,   -0.140,   -0.140,    0.000,    0.000,    0.000,    0.000,   -0.067,   -0.067,    0.709,    0.709,   -0.005,   -0.005,   -0.639,   -0.639,    0.001,    0.001
  124,2020091718,   -0.002,   -0.002,    0.000,    0.000,    0.000,    0.000,    0.085,    0.085,   -0.141,   -0.141,    0.000,    0.000,    0.000,    0.000,   -0.067,   -0.067,    0.708,    0.708,   -0.006,   -0.006,   -0.639,   -0.639,    0.000,    0.000
  124,2020091712,   -0.002,   -0.002,    0.000,    0.000,    0.000,    0.000,    0.085,    0.085,   -0.141,   -0.141,    0.000,    0.000,    0.000,    0.000,   -0.067,   -0.067,    0.707,    0.707,   -0.007,   -0.007,   -0.640,   -0.640,   -0.000,   -0.000
  124,2020091706,   -0.002,   -0.002,    0.000,    0.000,    0.000,    0.000,    0.086,    0.086,   -0.140,   -0.140,    0.000,    0.000,    0.000,    0.000,   -0.066,   -0.066,    0.707,    0.707,   -0.008,   -0.008,   -0.640,   -0.640,   -0.001,   -0.001
  124,2020091700,   -0.002,   -0.002,    0.000,    0.000,    0.000,    0.000,    0.087,    0.087,   -0.139,   -0.139,    0.000,    0.000,    0.000,    0.000,   -0.069,   -0.069,    0.707,    0.707,   -0.008,   -0.008,   -0.640,   -0.640,    0.000,    0.000
  124,2020091618,   -0.002,   -0.002,    0.000,    0.000,    0.000,    0.000,    0.087,    0.087,   -0.139,   -0.139,    0.000,    0.000,    0.000,    0.000,   -0.069,   -0.069,    0.705,    0.705,   -0.007,   -0.007,   -0.641,   -0.641,    0.000,    0.000
  124,2020091612,   -0.002,   -0.002,    0.000,    0.000,    0.000,    0.000,    0.087,    0.087,   -0.139,   -0.139,    0.000,    0.000,    0.000,    0.000,   -0.069,   -0.069,    0.705,    0.705,   -0.007,   -0.007,   -0.641,   -0.641,    0.000,    0.000
  124,2020091606,   -0.003,   -0.003,    0.000,    0.000,    0.000,    0.000,    0.086,    0.086,   -0.140,   -0.140,    0.000,    0.000,    0.000,    0.000,   -0.069,   -0.069,    0.706,    0.706,   -0.009,   -0.009,   -0.641,   -0.641,   -0.000,   -0.000
  124,2020091600,   -0.003,   -0.003,    0.000,    0.000,    0.000,    0.000,    0.085,    0.085,   -0.140,   -0.140,    0.000,    0.000,    0.000,    0.000,   -0.068,   -0.068,    0.705,    0.705,   -0.008,   -0.008,   -0.642,   -0.642,    0.000,    0.000
  124,2020091518,   -0.003,   -0.003,    0.000,    0.000,    0.000,    0.000,    0.086,    0.086,   -0.140,   -0.140,    0.000,    0.000,    0.000,    0.000,   -0.068,   -0.068,    0.705,    0.705,   -0.008,   -0.008,   -0.642,   -0.642,    0.001,    0.001
  124,2020091512,   -0.003,   -0.003,    0.000,    0.000,    0.000,    0.000,    0.087,    0.087,   -0.140,   -0.140,    0.000,    0.000,    0.000,    0.000,   -0.068,   -0.068,    0.706,    0.706,   -0.007,   -0.007,   -0.641,   -0.641,    0.000,    0.000
  124,2020091506,   -0.004,   -0.004,    0.000,    0.000,    0.000,    0.000,    0.087,    0.087,   -0.140,   -0.140,    0.000,    0.000,    0.000,    0.000,   -0.069,   -0.069,    0.707,    0.707,   -0.008,   -0.008,   -0.641,   -0.641,    0.000,    0.000
  124,2020091500,   -0.004,   -0.004,    0.000,    0.000,    0.000,    0.000,    0.087,    0.087,   -0.141,   -0.141,    0.000,    0.000,    0.000,    0.000,   -0.069,   -0.069,    0.708,    0.708,   -0.007,   -0.007,   -0.641,   -0.641,    0.001,    0.001
  124,2020091418,   -0.005,   -0.005,    0.000,    0.000,    0.000,    0.000,    0.086,    0.086,   -0.141,   -0.141,    0.000,    0.000,    0.000,    0.000,   -0.069,   -0.069,    0.705,    0.705,   -0.007,   -0.007,   -0.643,   -0.643,    0.000,    0.000
  124,2020091412,   -0.005,   -0.005,    0.000,    0.000,    0.000,    0.000,    0.087,    0.087,   -0.140,   -0.140,    0.000,    0.000,    0.000,    0.000,   -0.069,   -0.069,    0.706,    0.706,   -0.006,   -0.006,   -0.642,   -0.642,    0.002,    0.002
  124,2020091406,   -0.005,   -0.005,    0.000,    0.000,    0.000,    0.000,    0.087,    0.087,   -0.140,   -0.140,    0.000,    0.000,    0.000,    0.000,   -0.070,   -0.070,    0.705,    0.705,   -0.006,   -0.006,   -0.643,   -0.643,    0.002,    0.002
  124,2020091400,   -0.004,   -0.004,    0.000,    0.000,    0.000,    0.000,    0.088,    0.088,   -0.140,   -0.140,    0.000,    0.000,    0.000,    0.000,   -0.068,   -0.068,    0.706,    0.706,   -0.007,   -0.007,   -0.642,   -0.642,    0.001,    0.001
  124,2020091318,   -0.005,   -0.005,    0.000,    0.000,    0.000,    0.000,    0.087,    0.087,   -0.140,   -0.140,    0.000,    0.000,    0.000,    0.000,   -0.069,   -0.069,    0.704,    0.704,   -0.006,   -0.006,   -0.643,   -0.643,    0.001,    0.001
  124,2020091312,   -0.005,   -0.005,    0.000,    0.000,    0.000,    0.000,    0.089,    0.089,   -0.140,   -0.140,    0.000,    0.000,    0.000,    0.000,   -0.068,   -0.068,    0.706,    0.706,   -0.005,   -0.005,   -0.642,   -0.642,    0.002,    0.002
  124,2020091306,   -0.006,   -0.006,    0.000,    0.000,    0.000,    0.000,    0.088,    0.088,   -0.140,   -0.140,    0.000,    0.000,    0.000,    0.000,   -0.070,   -0.070,    0.704,    0.704,   -0.006,   -0.006,   -0.643,   -0.643,    0.001,    0.001
  124,2020091300,   -0.006,   -0.006,    0.000,    0.000,    0.000,    0.000,    0.087,    0.087,   -0.140,   -0.140,    0.000,    0.000,    0.000,    0.000,   -0.070,   -0.070,    0.705,    0.705,   -0.006,   -0.006,   -0.643,   -0.643,    0.001,    0.001
  124,2020091218,   -0.007,   -0.007,    0.000,    0.000,    0.000,    0.000,    0.087,    0.087,   -0.140,   -0.140,    0.000,    0.000,    0.000,    0.000,   -0.070,   -0.070,    0.705,    0.705,   -0.006,   -0.006,   -0.643,   -0.643,    0.001,    0.001
  124,2020091212,   -0.006,   -0.006,    0.000,    0.000,    0.000,    0.000,    0.087,    0.087,   -0.140,   -0.140,    0.000,    0.000,    0.000,    0.000,   -0.070,   -0.070,    0.706,    0.706,   -0.007,   -0.007,   -0.643,   -0.643,    0.001,    0.001
  124,2020091206,   -0.006,   -0.006,    0.000,    0.000,    0.000,    0.000,    0.088,    0.088,   -0.140,   -0.140,    0.000,    0.000,    0.000,    0.000,   -0.070,   -0.070,    0.706,    0.706,   -0.007,   -0.007,   -0.643,   -0.643,    0.001,    0.001
  124,2020091200,   -0.006,   -0.006,    0.000,    0.000,    0.000,    0.000,    0.088,    0.088,   -0.140,   -0.140,    0.000,    0.000,    0.000,    0.000,   -0.069,   -0.069,    0.704,    0.704,   -0.007,   -0.007,   -0.644,   -0.644,    0.001,    0.001
  124,2020091118,   -0.006,   -0.006,    0.000,    0.000,    0.000,    0.000,    0.089,    0.089,   -0.139,   -0.139,    0.000,    0.000,    0.000,    0.000,   -0.069,   -0.069,    0.704,    0.704,   -0.009,   -0.009,   -0.644,   -0.644,   -0.000,   -0.000
  124,2020091112,   -0.007,   -0.007,    0.000,    0.000,    0.000,    0.000,    0.088,    0.088,   -0.140,   -0.140,    0.000,    0.000,    0.000,    0.000,   -0.070,   -0.070,    0.703,    0.703,   -0.008,   -0.008,   -0.644,   -0.644,    0.000,    0.000
  124,2020091106,   -0.006,   -0.006,    0.000,    0.000,    0.000,    0.000,    0.089,    0.089,   -0.139,   -0.139,    0.000,    0.000,    0.000,    0.000,   -0.071,   -0.071,    0.706,    0.706,   -0.006,   -0.006,   -0.643,   -0.643,    0.001,    0.001
  124,2020091100,   -0.006,   -0.006,    0.000,    0.000,    0.000,    0.000,    0.089,    0.089,   -0.139,   -0.139,    0.000,    0.000,    0.000,    0.000,   -0.071,   -0.071,    0.708,    0.708,   -0.007,   -0.007,   -0.642,   -0.642,    0.001,    0.001
  124,2020091018,   -0.006,   -0.006,    0.000,    0.000,    0.000,    0.000,    0.090,    0.090,   -0.139,   -0.139,    0.000,    0.000,    0.000,    0.000,   -0.071,   -0.071,    0.708,    0.708,   -0.006,   -0.006,   -0.641,   -0.641,    0.001,    0.001
  124,2020091012,   -0.007,   -0.007,    0.000,    0.000,    0.000,    0.000,    0.087,    0.087,   -0.140,   -0.140,    0.000,    0.000,    0.000,    0.000,   -0.071,   -0.071,    0.706,    0.706,   -0.006,   -0.006,   -0.643,   -0.643,    0.001,    0.001
  124,2020091006,   -0.006,   -0.006,    0.000,    0.000,    0.000,    0.000,    0.088,    0.088,   -0.140,   -0.140,    0.000,    0.000,    0.000,    0.000,   -0.071,   -0.071,    0.709,    0.709,   -0.008,   -0.008,   -0.641,   -0.641,    0.000,    0.000
  124,2020091000,   -0.007,   -0.007,    0.000,    0.000,    0.000,    0.000,    0.088,    0.088,   -0.140,   -0.140,    0.000,    0.000,    0.000,    0.000,   -0.072,   -0.072,    0.709,    0.709,   -0.007,   -0.007,   -0.641,   -0.641,    0.001,    0.001
  124,2020090918,   -0.007,   -0.007,    0.000,    0.000,    0.000,    0.000,    0.088,    0.088,   -0.140,   -0.140,    0.000,    0.000,    0.000,    0.000,   -0.072,   -0.072,    0.709,    0.709,   -0.008,   -0.008,   -0.642,   -0.642,    0.000,    0.000
  124,2020090912,   -0.007,   -0.007,    0.000,    0.000,    0.000,    0.000,    0.088,    0.088,   -0.140,   -0.140,    0.000,    0.000,    0.000,    0.000,   -0.072,   -0.072,    0.709,    0.709,   -0.007,   -0.007,   -0.641,   -0.641,    0.000,    0.000
  124,2020090906,   -0.007,   -0.007,    0.000,    0.000,    0.000,    0.000,    0.088,    0.088,   -0.141,   -0.141,    0.000,    0.000,    0.000,    0.000,   -0.073,   -0.073,    0.711,    0.711,   -0.009,   -0.009,   -0.641,   -0.641,   -0.001,   -0.001
  124,2020090900,   -0.008,   -0.008,    0.000,    0.000,    0.000,    0.000,    0.087,    0.087,   -0.141,   -0.141,    0.000,    0.000,    0.000,    0.000,   -0.074,   -0.074,    0.709,    0.709,   -0.007,   -0.007,   -0.642,   -0.642,    0.001,    0.001
  124,2020090818,   -0.009,   -0.009,    0.000,    0.000,    0.000,    0.000,    0.086,    0.086,   -0.142,   -0.142,    0.000,    0.000,    0.000,    0.000,   -0.074,   -0.074,    0.708,    0.708,   -0.007,   -0.007,   -0.643,   -0.643,    0.000,    0.000
  124,2020090812,   -0.008,   -0.008,    0.000,    0.000,    0.000,    0.000,    0.087,    0.087,   -0.142,   -0.142,    0.000,    0.000,    0.000,    0.000,   -0.074,   -0.074,    0.708,    0.708,   -0.008,   -0.008,   -0.643,   -0.643,   -0.001,   -0.001
  124,2020090806,   -0.009,   -0.009,    0.000,    0.000,    0.000,    0.000,    0.086,    0.086,   -0.141,   -0.141,    0.000,    0.000,    0.000,    0.000,   -0.075,   -0.075,    0.709,    0.709,   -0.009,   -0.009,   -0.642,   -0.642,   -0.002,   -0.002
  124,2020090800,   -0.009,   -0.009,    0.000,    0.000,    0.000,    0.000,    0.085,    0.085,   -0.141,   -0.141,    0.000,    0.000,    0.000,    0.000,   -0.075,   -0.075,    0.709,    0.709,   -0.010,   -0.010,   -0.642,   -0.642,   -0.002,   -0.002
  124,2020090718,   -0.009,   -0.009,    0.000,    0.000,    0.000,    0.000,    0.086,    0.086,   -0.140,   -0.140,    0.000,    0.000,    0.000,    0.000,   -0.076,   -0.076,    0.710,    0.710,   -0.010,   -0.010,   -0.642,   -0.642,   -0.002,   -0.002
  124,2020090712,   -0.009,   -0.009,    0.000,    0.000,    0.000,    0.000,    0.085,    0.085,   -0.141,   -0.141,    0.000,    0.000,    0.000,    0.000,   -0.076,   -0.076,    0.711,    0.711,   -0.011,   -0.011,   -0.642,   -0.642,   -0.002,   -0.002
  124,2020090706,   -0.010,   -0.010,    0.000,    0.000,    0.000,    0.000,    0.082,    0.082,   -0.141,   -0.141,    0.000,    0.000,    0.000,    0.000,   -0.076,   -0.076,    0.710,    0.710,   -0.008,   -0.008,   -0.642,   -0.642,   -0.001,   -0.001
  124,2020090700,   -0.010,   -0.010,    0.000,    0.000,    0.000,    0.000,    0.082,    0.082,   -0.140,   -0.140,    0.000,    0.000,    0.000,    0.000,   -0.077,   -0.077,    0.709,    0.709,   -0.009,   -0.009,   -0.643,   -0.643,   -0.001,   -0.001
  124,2020090618,   -0.010,   -0.010,    0.000,    0.000,    0.000,    0.000,    0.082,    0.082,   -0.139,   -0.139,    0.000,    0.000,    0.000,    0.000,   -0.077,   -0.077,    0.709,    0.709,   -0.008,   -0.008,   -0.643,   -0.643,   -0.000,   -0.000
  124,2020090612,   -0.010,   -0.010,    0.000,    0.000,    0.000,    0.000,    0.082,    0.082,   -0.139,   -0.139,    0.000,    0.000,    0.000,    0.000,   -0.078,   -0.078,    0.708,    0.708,   -0.007,   -0.007,   -0.643,   -0.643,    0.000,    0.000
  124,2020090606,   -0.011,   -0.011,    0.000,    0.000,    0.000,    0.000,    0.081,    0.081,   -0.140,   -0.140,    0.000,    0.000,    0.000,    0.000,   -0.079,   -0.079,    0.708,    0.708,   -0.008,   -0.008,   -0.644,   -0.644,   -0.000,   -0.000
  124,2020090600,   -0.011,   -0.011,    0.000,    0.000,    0.000,    0.000,    0.081,    0.081,   -0.140,   -0.140,    0.000,    0.000,    0.000,    0.000,   -0.080,   -0.080,    0.707,    0.707,   -0.009,   -0.009,   -0.645,   -0.645,   -0.000,   -0.000
  124,2020090518,   -0.012,   -0.012,    0.000,    0.000,    0.000,    0.000,    0.081,    0.081,   -0.140,   -0.140,    0.000,    0.000,    0.000,    0.000,   -0.080,   -0.080,    0.707,    0.707,   -0.009,   -0.009,   -0.645,   -0.645,   -0.001,   -0.001
  124,2020090512,   -0.011,   -0.011,    0.000,    0.000,    0.000,    0.000,    0.081,    0.081,   -0.138,   -0.138,    0.000,    0.000,    0.000,    0.000,   -0.080,   -0.080,    0.708,    0.708,   -0.009,   -0.009,   -0.644,   -0.644,   -0.000,   -0.000
  124,2020090506,   -0.012,   -0.012,    0.000,    0.000,    0.000,    0.000,    0.081,    0.081,   -0.138,   -0.138,    0.000,    0.000,    0.000,    0.000,   -0.081,   -0.081,    0.708,    0.708,   -0.009,   -0.009,   -0.645,   -0.645,   -0.001,   -0.001
  124,2020090500,   -0.012,   -0.012,    0.000,    0.000,    0.000,    0.000,    0.081,    0.081,   -0.138,   -0.138,    0.000,    0.000,    0.000,    0.000,   -0.082,   -0.082,    0.706,    0.706,   -0.009,   -0.009,   -0.646,   -0.646,   -0.001,   -0.001
  124,2020090418,   -0.012,   -0.012,    0.000,    0.000,    0.000,    0.000,    0.081,    0.081,   -0.138,   -0.138,    0.000,    0.000,    0.000,    0.000,   -0.082,   -0.082,    0.706,    0.706,   -0.009,   -0.009,   -0.646,   -0.646,   -0.001,   -0.001
  124,2020090412,   -0.013,   -0.013,    0.000,    0.000,    0.000,    0.000,    0.081,    0.081,   -0.138,   -0.138,    0.000,    0.000,    0.000,    0.000,   -0.083,   -0.083,    0.705,    0.705,   -0.009,   -0.009,   -0.646,   -0.646,   -0.001,   -0.001
  124,2020090406,   -0.013,   -0.013,    0.000,    0.000,    0.000,    0.000,    0.081,    0.081,   -0.138,   -0.138,    0.000,    0.000,    0.000,    0.000,   -0.084,   -0.084,    0.706,    0.706,   -0.008,   -0.008,   -0.646,   -0.646,   -0.000,   -0.000
  124,2020090400,   -0.014,   -0.014,    0.000,    0.000,    0.000,    0.000,    0.080,    0.080,   -0.138,   -0.138,    0.000,    0.000,    0.000,    0.000,   -0.085,   -0.085,    0.705,    0.705,   -0.007,   -0.007,   -0.647,   -0.647,    0.000,    0.000
  124,2020090318,   -0.013,   -0.013,    0.000,    0.000,    0.000,    0.000,    0.081,    0.081,   -0.137,   -0.137,    0.000,    0.000,    0.000,    0.000,   -0.084,   -0.084,    0.706,    0.706,   -0.008,   -0.008,   -0.647,   -0.647,   -0.000,   -0.000
  124,2020090312,   -0.014,   -0.014,    0.000,    0.000,    0.000,    0.000,    0.082,    0.082,   -0.137,   -0.137,    0.000,    0.000,    0.000,    0.000,   -0.084,   -0.084,    0.706,    0.706,   -0.008,   -0.008,   -0.646,   -0.646,   -0.000,   -0.000
  124,2020090306,   -0.014,   -0.014,    0.000,    0.000,    0.000,    0.000,    0.080,    0.080,   -0.137,   -0.137,    0.000,    0.000,    0.000,    0.000,   -0.086,   -0.086,    0.706,    0.706,   -0.008,   -0.008,   -0.647,   -0.647,    0.000,    0.000
  124,2020090300,   -0.015,   -0.015,    0.000,    0.000,    0.000,    0.000,    0.080,    0.080,   -0.137,   -0.137,    0.000,    0.000,    0.000,    0.000,   -0.087,   -0.087,    0.704,    0.704,   -0.010,   -0.010,   -0.648,   -0.648,   -0.001,   -0.001
  124,2020090218,   -0.015,   -0.015,    0.000,    0.000,    0.000,    0.000,    0.080,    0.080,   -0.137,   -0.137,    0.000,    0.000,    0.000,    0.000,   -0.088,   -0.088,    0.704,    0.704,   -0.009,   -0.009,   -0.648,   -0.648,   -0.001,   -0.001
  124,2020090212,   -0.015,   -0.015,    0.000,    0.000,    0.000,    0.000,    0.081,    0.081,   -0.136,   -0.136,    0.000,    0.000,    0.000,    0.000,   -0.088,   -0.088,    0.705,    0.705,   -0.009,   -0.009,   -0.647,   -0.647,   -0.001,   -0.001
  124,2020090206,   -0.015,   -0.015,    0.000,    0.000,    0.000,    0.000,    0.080,    0.080,   -0.135,   -0.135,    0.000,    0.000,    0.000,    0.000,   -0.090,   -0.090,    0.706,    0.706,   -0.009,   -0.009,   -0.647,   -0.647,   -0.001,   -0.001
  124,2020090200,   -0.016,   -0.016,    0.000,    0.000,    0.000,    0.000,    0.079,    0.079,   -0.134,   -0.134,    0.000,    0.000,    0.000,    0.000,   -0.091,   -0.091,    0.705,    0.705,   -0.008,   -0.008,   -0.648,   -0.648,   -0.000,   -0.000
  124,2020090118,   -0.016,   -0.016,    0.000,    0.000,    0.000,    0.000,    0.080,    0.080,   -0.132,   -0.132,    0.000,    0.000,    0.000,    0.000,   -0.092,   -0.092,    0.706,    0.706,   -0.008,   -0.008,   -0.647,   -0.647,   -0.000,   -0.000
  124,2020090112,   -0.016,   -0.016,    0.000,    0.000,    0.000,    0.000,    0.080,    0.080,   -0.132,   -0.132,    0.000,    0.000,    0.000,    0.000,   -0.092,   -0.092,    0.707,    0.707,   -0.008,   -0.008,   -0.647,   -0.647,   -0.000,   -0.000
  124,2020090106,   -0.017,   -0.017,    0.000,    0.000,    0.000,    0.000,    0.079,    0.079,   -0.132,   -0.132,    0.000,    0.000,    0.000,    0.000,   -0.093,   -0.093,    0.708,    0.708,   -0.007,   -0.007,   -0.647,   -0.647,    0.001,    0.001
  124,2020090100,   -0.017,   -0.017,    0.000,    0.000,    0.000,    0.000,    0.077,    0.077,   -0.132,   -0.132,    0.000,    0.000,    0.000,    0.000,   -0.093,   -0.093,    0.707,    0.707,   -0.007,   -0.007,   -0.647,   -0.647,    0.000,    0.000
  124,2020083118,   -0.017,   -0.017,    0.000,    0.000,    0.000,    0.000,    0.077,    0.077,   -0.131,   -0.131,    0.000,    0.000,    0.000,    0.000,   -0.094,   -0.094,    0.707,    0.707,   -0.008,   -0.008,   -0.647,   -0.647,   -0.000,   -0.000
  124,2020083112,   -0.018,   -0.018,    0.000,    0.000,    0.000,    0.000,    0.076,    0.076,   -0.131,   -0.131,    0.000,    0.000,    0.000,    0.000,   -0.095,   -0.095,    0.707,    0.707,   -0.008,   -0.008,   -0.647,   -0.647,   -0.000,   -0.000
  124,2020083106,   -0.019,   -0.019,    0.000,    0.000,    0.000,    0.000,    0.074,    0.074,   -0.131,   -0.131,    0.000,    0.000,    0.000,    0.000,   -0.097,   -0.097,    0.707,    0.707,   -0.009,   -0.009,   -0.648,   -0.648,   -0.001,   -0.001
  124,2020083100,   -0.020,   -0.020,    0.000,    0.000,    0.000,    0.000,    0.072,    0.072,   -0.130,   -0.130,    0.000,    0.000,    0.000,    0.000,   -0.103,   -0.103,    0.706,    0.706,   -0.006,   -0.006,   -0.649,   -0.649,    0.001,    0.001
  124,2020083018,   -0.022,   -0.022,    0.000,    0.000,    0.000,    0.000,    0.071,    0.071,   -0.130,   -0.130,    0.000,    0.000,    0.000,    0.000,   -0.105,   -0.105,    0.705,    0.705,   -0.007,   -0.007,   -0.650,   -0.650,    0.001,    0.001
  124,2020083012,   -0.022,   -0.022,    0.000,    0.000,    0.000,    0.000,    0.070,    0.070,   -0.129,   -0.129,    0.000,    0.000,    0.000,    0.000,   -0.107,   -0.107,    0.704,    0.704,   -0.005,   -0.005,   -0.651,   -0.651,    0.002,    0.002
  124,2020083006,   -0.023,   -0.023,    0.000,    0.000,    0.000,    0.000,    0.069,    0.069,   -0.127,   -0.127,    0.000,    0.000,    0.000,    0.000,   -0.111,   -0.111,    0.704,    0.704,   -0.006,   -0.006,   -0.651,   -0.651,    0.001,    0.001
  124,2020083000,   -0.023,   -0.023,    0.000,    0.000,    0.000,    0.000,    0.069,    0.069,   -0.125,   -0.125,    0.000,    0.000,    0.000,    0.000,   -0.117,   -0.117,    0.704,    0.704,   -0.006,   -0.006,   -0.652,   -0.652,    0.001,    0.001
