   37,2020092000,    0.365,    0.365,    0.000,    0.000,    0.000,    0.000,   -0.008,   -0.008,   -0.168,   -0.168,    0.000,    0.000,    0.000,    0.000,   -0.280,   -0.280,   -0.414,   -0.414,   -0.031,   -0.031,    0.294,    0.294,   -0.006,   -0.006
   37,2020091918,    0.367,    0.367,    0.000,    0.000,    0.000,    0.000,   -0.008,   -0.008,   -0.167,   -0.167,    0.000,    0.000,    0.000,    0.000,   -0.248,   -0.248,   -0.412,   -0.412,   -0.031,   -0.031,    0.296,    0.296,   -0.006,   -0.006
   37,2020091912,    0.366,    0.366,    0.000,    0.000,    0.000,    0.000,   -0.008,   -0.008,   -0.166,   -0.166,    0.000,    0.000,    0.000,    0.000,   -0.233,   -0.233,   -0.413,   -0.413,   -0.030,   -0.030,    0.295,    0.295,   -0.005,   -0.005
   37,2020091906,    0.367,    0.367,    0.000,    0.000,    0.000,    0.000,   -0.008,   -0.008,   -0.166,   -0.166,    0.000,    0.000,    0.000,    0.000,   -0.228,   -0.228,   -0.412,   -0.412,   -0.031,   -0.031,    0.296,    0.296,   -0.007,   -0.007
   37,2020091900,    0.366,    0.366,    0.000,    0.000,    0.000,    0.000,   -0.009,   -0.009,   -0.167,   -0.167,    0.000,    0.000,    0.000,    0.000,   -0.291,   -0.291,   -0.413,   -0.413,   -0.031,   -0.031,    0.295,    0.295,   -0.007,   -0.007
   37,2020091818,    0.368,    0.368,    0.000,    0.000,    0.000,    0.000,   -0.007,   -0.007,   -0.167,   -0.167,    0.000,    0.000,    0.000,    0.000,   -0.299,   -0.299,   -0.412,   -0.412,   -0.031,   -0.031,    0.297,    0.297,   -0.007,   -0.007
   37,2020091812,    0.367,    0.367,    0.000,    0.000,    0.000,    0.000,   -0.007,   -0.007,   -0.168,   -0.168,    0.000,    0.000,    0.000,    0.000,   -0.317,   -0.317,   -0.413,   -0.413,   -0.030,   -0.030,    0.296,    0.296,   -0.006,   -0.006
   37,2020091806,    0.368,    0.368,    0.000,    0.000,    0.000,    0.000,   -0.007,   -0.007,   -0.168,   -0.168,    0.000,    0.000,    0.000,    0.000,   -0.356,   -0.356,   -0.413,   -0.413,   -0.031,   -0.031,    0.296,    0.296,   -0.006,   -0.006
   37,2020091800,    0.367,    0.367,    0.000,    0.000,    0.000,    0.000,   -0.008,   -0.008,   -0.168,   -0.168,    0.000,    0.000,    0.000,    0.000,   -0.385,   -0.385,   -0.413,   -0.413,   -0.031,   -0.031,    0.295,    0.295,   -0.007,   -0.007
   37,2020091718,    0.368,    0.368,    0.000,    0.000,    0.000,    0.000,   -0.007,   -0.007,   -0.169,   -0.169,    0.000,    0.000,    0.000,    0.000,   -0.368,   -0.368,   -0.412,   -0.412,   -0.031,   -0.031,    0.296,    0.296,   -0.007,   -0.007
   37,2020091712,    0.368,    0.368,    0.000,    0.000,    0.000,    0.000,   -0.006,   -0.006,   -0.168,   -0.168,    0.000,    0.000,    0.000,    0.000,   -0.339,   -0.339,   -0.413,   -0.413,   -0.030,   -0.030,    0.296,    0.296,   -0.006,   -0.006
   37,2020091706,    0.368,    0.368,    0.000,    0.000,    0.000,    0.000,   -0.007,   -0.007,   -0.169,   -0.169,    0.000,    0.000,    0.000,    0.000,   -0.357,   -0.357,   -0.412,   -0.412,   -0.031,   -0.031,    0.296,    0.296,   -0.007,   -0.007
   37,2020091700,    0.369,    0.369,    0.000,    0.000,    0.000,    0.000,   -0.007,   -0.007,   -0.168,   -0.168,    0.000,    0.000,    0.000,    0.000,   -0.336,   -0.336,   -0.412,   -0.412,   -0.030,   -0.030,    0.296,    0.296,   -0.007,   -0.007
   37,2020091618,    0.369,    0.369,    0.000,    0.000,    0.000,    0.000,   -0.007,   -0.007,   -0.169,   -0.169,    0.000,    0.000,    0.000,    0.000,   -0.313,   -0.313,   -0.412,   -0.412,   -0.029,   -0.029,    0.296,    0.296,   -0.006,   -0.006
   37,2020091612,    0.370,    0.370,    0.000,    0.000,    0.000,    0.000,   -0.006,   -0.006,   -0.168,   -0.168,    0.000,    0.000,    0.000,    0.000,   -0.285,   -0.285,   -0.412,   -0.412,   -0.030,   -0.030,    0.296,    0.296,   -0.007,   -0.007
   37,2020091606,    0.370,    0.370,    0.000,    0.000,    0.000,    0.000,   -0.006,   -0.006,   -0.168,   -0.168,    0.000,    0.000,    0.000,    0.000,   -0.287,   -0.287,   -0.413,   -0.413,   -0.031,   -0.031,    0.296,    0.296,   -0.008,   -0.008
   37,2020091600,    0.369,    0.369,    0.000,    0.000,    0.000,    0.000,   -0.007,   -0.007,   -0.168,   -0.168,    0.000,    0.000,    0.000,    0.000,   -0.266,   -0.266,   -0.413,   -0.413,   -0.031,   -0.031,    0.295,    0.295,   -0.008,   -0.008
   37,2020091518,    0.370,    0.370,    0.000,    0.000,    0.000,    0.000,   -0.007,   -0.007,   -0.169,   -0.169,    0.000,    0.000,    0.000,    0.000,   -0.245,   -0.245,   -0.412,   -0.412,   -0.032,   -0.032,    0.296,    0.296,   -0.008,   -0.008
   37,2020091512,    0.371,    0.371,    0.000,    0.000,    0.000,    0.000,   -0.005,   -0.005,   -0.169,   -0.169,    0.000,    0.000,    0.000,    0.000,   -0.223,   -0.223,   -0.412,   -0.412,   -0.032,   -0.032,    0.297,    0.297,   -0.008,   -0.008
   37,2020091506,    0.370,    0.370,    0.000,    0.000,    0.000,    0.000,   -0.005,   -0.005,   -0.170,   -0.170,    0.000,    0.000,    0.000,    0.000,   -0.210,   -0.210,   -0.414,   -0.414,   -0.033,   -0.033,    0.295,    0.295,   -0.009,   -0.009
   37,2020091500,    0.370,    0.370,    0.000,    0.000,    0.000,    0.000,   -0.005,   -0.005,   -0.171,   -0.171,    0.000,    0.000,    0.000,    0.000,   -0.174,   -0.174,   -0.414,   -0.414,   -0.033,   -0.033,    0.295,    0.295,   -0.008,   -0.008
   37,2020091418,    0.370,    0.370,    0.000,    0.000,    0.000,    0.000,   -0.005,   -0.005,   -0.172,   -0.172,    0.000,    0.000,    0.000,    0.000,   -0.165,   -0.165,   -0.413,   -0.413,   -0.032,   -0.032,    0.295,    0.295,   -0.008,   -0.008
   37,2020091412,    0.370,    0.370,    0.000,    0.000,    0.000,    0.000,   -0.006,   -0.006,   -0.172,   -0.172,    0.000,    0.000,    0.000,    0.000,   -0.165,   -0.165,   -0.413,   -0.413,   -0.032,   -0.032,    0.295,    0.295,   -0.008,   -0.008
   37,2020091406,    0.370,    0.370,    0.000,    0.000,    0.000,    0.000,   -0.005,   -0.005,   -0.171,   -0.171,    0.000,    0.000,    0.000,    0.000,   -0.170,   -0.170,   -0.414,   -0.414,   -0.033,   -0.033,    0.294,    0.294,   -0.009,   -0.009
   37,2020091400,    0.370,    0.370,    0.000,    0.000,    0.000,    0.000,   -0.007,   -0.007,   -0.173,   -0.173,    0.000,    0.000,    0.000,    0.000,   -0.176,   -0.176,   -0.416,   -0.416,   -0.033,   -0.033,    0.293,    0.293,   -0.009,   -0.009
   37,2020091318,    0.372,    0.372,    0.000,    0.000,    0.000,    0.000,   -0.005,   -0.005,   -0.172,   -0.172,    0.000,    0.000,    0.000,    0.000,   -0.143,   -0.143,   -0.414,   -0.414,   -0.032,   -0.032,    0.295,    0.295,   -0.008,   -0.008
   37,2020091312,    0.372,    0.372,    0.000,    0.000,    0.000,    0.000,   -0.006,   -0.006,   -0.172,   -0.172,    0.000,    0.000,    0.000,    0.000,   -0.138,   -0.138,   -0.415,   -0.415,   -0.032,   -0.032,    0.294,    0.294,   -0.008,   -0.008
   37,2020091306,    0.373,    0.373,    0.000,    0.000,    0.000,    0.000,   -0.006,   -0.006,   -0.171,   -0.171,    0.000,    0.000,    0.000,    0.000,   -0.162,   -0.162,   -0.415,   -0.415,   -0.031,   -0.031,    0.294,    0.294,   -0.007,   -0.007
   37,2020091300,    0.372,    0.372,    0.000,    0.000,    0.000,    0.000,   -0.008,   -0.008,   -0.172,   -0.172,    0.000,    0.000,    0.000,    0.000,   -0.172,   -0.172,   -0.416,   -0.416,   -0.031,   -0.031,    0.293,    0.293,   -0.008,   -0.008
   37,2020091218,    0.375,    0.375,    0.000,    0.000,    0.000,    0.000,   -0.007,   -0.007,   -0.172,   -0.172,    0.000,    0.000,    0.000,    0.000,   -0.160,   -0.160,   -0.415,   -0.415,   -0.032,   -0.032,    0.295,    0.295,   -0.008,   -0.008
   37,2020091212,    0.374,    0.374,    0.000,    0.000,    0.000,    0.000,   -0.008,   -0.008,   -0.173,   -0.173,    0.000,    0.000,    0.000,    0.000,   -0.135,   -0.135,   -0.416,   -0.416,   -0.032,   -0.032,    0.294,    0.294,   -0.009,   -0.009
   37,2020091206,    0.375,    0.375,    0.000,    0.000,    0.000,    0.000,   -0.007,   -0.007,   -0.172,   -0.172,    0.000,    0.000,    0.000,    0.000,   -0.147,   -0.147,   -0.415,   -0.415,   -0.032,   -0.032,    0.295,    0.295,   -0.008,   -0.008
   37,2020091200,    0.375,    0.375,    0.000,    0.000,    0.000,    0.000,   -0.008,   -0.008,   -0.173,   -0.173,    0.000,    0.000,    0.000,    0.000,   -0.138,   -0.138,   -0.415,   -0.415,   -0.032,   -0.032,    0.295,    0.295,   -0.008,   -0.008
   37,2020091118,    0.375,    0.375,    0.000,    0.000,    0.000,    0.000,   -0.007,   -0.007,   -0.173,   -0.173,    0.000,    0.000,    0.000,    0.000,   -0.140,   -0.140,   -0.414,   -0.414,   -0.034,   -0.034,    0.296,    0.296,   -0.009,   -0.009
   37,2020091112,    0.374,    0.374,    0.000,    0.000,    0.000,    0.000,   -0.007,   -0.007,   -0.174,   -0.174,    0.000,    0.000,    0.000,    0.000,   -0.119,   -0.119,   -0.415,   -0.415,   -0.033,   -0.033,    0.295,    0.295,   -0.008,   -0.008
   37,2020091106,    0.374,    0.374,    0.000,    0.000,    0.000,    0.000,   -0.007,   -0.007,   -0.174,   -0.174,    0.000,    0.000,    0.000,    0.000,   -0.153,   -0.153,   -0.415,   -0.415,   -0.032,   -0.032,    0.295,    0.295,   -0.007,   -0.007
   37,2020091100,    0.373,    0.373,    0.000,    0.000,    0.000,    0.000,   -0.007,   -0.007,   -0.174,   -0.174,    0.000,    0.000,    0.000,    0.000,   -0.154,   -0.154,   -0.416,   -0.416,   -0.033,   -0.033,    0.294,    0.294,   -0.009,   -0.009
   37,2020091018,    0.374,    0.374,    0.000,    0.000,    0.000,    0.000,   -0.006,   -0.006,   -0.173,   -0.173,    0.000,    0.000,    0.000,    0.000,   -0.207,   -0.207,   -0.414,   -0.414,   -0.033,   -0.033,    0.295,    0.295,   -0.009,   -0.009
   37,2020091012,    0.374,    0.374,    0.000,    0.000,    0.000,    0.000,   -0.006,   -0.006,   -0.174,   -0.174,    0.000,    0.000,    0.000,    0.000,   -0.242,   -0.242,   -0.415,   -0.415,   -0.034,   -0.034,    0.294,    0.294,   -0.009,   -0.009
   37,2020091006,    0.374,    0.374,    0.000,    0.000,    0.000,    0.000,   -0.006,   -0.006,   -0.175,   -0.175,    0.000,    0.000,    0.000,    0.000,   -0.260,   -0.260,   -0.415,   -0.415,   -0.033,   -0.033,    0.295,    0.295,   -0.009,   -0.009
   37,2020091000,    0.373,    0.373,    0.000,    0.000,    0.000,    0.000,   -0.006,   -0.006,   -0.174,   -0.174,    0.000,    0.000,    0.000,    0.000,   -0.252,   -0.252,   -0.415,   -0.415,   -0.034,   -0.034,    0.294,    0.294,   -0.009,   -0.009
   37,2020090918,    0.375,    0.375,    0.000,    0.000,    0.000,    0.000,   -0.006,   -0.006,   -0.174,   -0.174,    0.000,    0.000,    0.000,    0.000,   -0.231,   -0.231,   -0.414,   -0.414,   -0.033,   -0.033,    0.296,    0.296,   -0.008,   -0.008
   37,2020090912,    0.374,    0.374,    0.000,    0.000,    0.000,    0.000,   -0.007,   -0.007,   -0.175,   -0.175,    0.000,    0.000,    0.000,    0.000,   -0.227,   -0.227,   -0.414,   -0.414,   -0.033,   -0.033,    0.295,    0.295,   -0.008,   -0.008
   37,2020090906,    0.374,    0.374,    0.000,    0.000,    0.000,    0.000,   -0.006,   -0.006,   -0.175,   -0.175,    0.000,    0.000,    0.000,    0.000,   -0.193,   -0.193,   -0.414,   -0.414,   -0.032,   -0.032,    0.295,    0.295,   -0.008,   -0.008
   37,2020090900,    0.374,    0.374,    0.000,    0.000,    0.000,    0.000,   -0.007,   -0.007,   -0.175,   -0.175,    0.000,    0.000,    0.000,    0.000,   -0.180,   -0.180,   -0.414,   -0.414,   -0.033,   -0.033,    0.295,    0.295,   -0.008,   -0.008
   37,2020090818,    0.376,    0.376,    0.000,    0.000,    0.000,    0.000,   -0.006,   -0.006,   -0.176,   -0.176,    0.000,    0.000,    0.000,    0.000,   -0.191,   -0.191,   -0.412,   -0.412,   -0.033,   -0.033,    0.297,    0.297,   -0.008,   -0.008
   37,2020090812,    0.374,    0.374,    0.000,    0.000,    0.000,    0.000,   -0.007,   -0.007,   -0.175,   -0.175,    0.000,    0.000,    0.000,    0.000,   -0.178,   -0.178,   -0.413,   -0.413,   -0.033,   -0.033,    0.296,    0.296,   -0.009,   -0.009
   37,2020090806,    0.375,    0.375,    0.000,    0.000,    0.000,    0.000,   -0.006,   -0.006,   -0.175,   -0.175,    0.000,    0.000,    0.000,    0.000,   -0.214,   -0.214,   -0.412,   -0.412,   -0.032,   -0.032,    0.297,    0.297,   -0.008,   -0.008
   37,2020090800,    0.375,    0.375,    0.000,    0.000,    0.000,    0.000,   -0.007,   -0.007,   -0.175,   -0.175,    0.000,    0.000,    0.000,    0.000,   -0.205,   -0.205,   -0.413,   -0.413,   -0.032,   -0.032,    0.296,    0.296,   -0.008,   -0.008
   37,2020090718,    0.377,    0.377,    0.000,    0.000,    0.000,    0.000,   -0.006,   -0.006,   -0.175,   -0.175,    0.000,    0.000,    0.000,    0.000,   -0.195,   -0.195,   -0.411,   -0.411,   -0.033,   -0.033,    0.298,    0.298,   -0.009,   -0.009
   37,2020090712,    0.376,    0.376,    0.000,    0.000,    0.000,    0.000,   -0.006,   -0.006,   -0.174,   -0.174,    0.000,    0.000,    0.000,    0.000,   -0.227,   -0.227,   -0.412,   -0.412,   -0.033,   -0.033,    0.296,    0.296,   -0.009,   -0.009
   37,2020090706,    0.376,    0.376,    0.000,    0.000,    0.000,    0.000,   -0.006,   -0.006,   -0.174,   -0.174,    0.000,    0.000,    0.000,    0.000,   -0.274,   -0.274,   -0.413,   -0.413,   -0.032,   -0.032,    0.296,    0.296,   -0.008,   -0.008
   37,2020090700,    0.375,    0.375,    0.000,    0.000,    0.000,    0.000,   -0.006,   -0.006,   -0.175,   -0.175,    0.000,    0.000,    0.000,    0.000,   -0.303,   -0.303,   -0.413,   -0.413,   -0.032,   -0.032,    0.296,    0.296,   -0.007,   -0.007
   37,2020090618,    0.377,    0.377,    0.000,    0.000,    0.000,    0.000,   -0.005,   -0.005,   -0.175,   -0.175,    0.000,    0.000,    0.000,    0.000,   -0.285,   -0.285,   -0.412,   -0.412,   -0.032,   -0.032,    0.297,    0.297,   -0.008,   -0.008
   37,2020090612,    0.376,    0.376,    0.000,    0.000,    0.000,    0.000,   -0.005,   -0.005,   -0.175,   -0.175,    0.000,    0.000,    0.000,    0.000,   -0.291,   -0.291,   -0.413,   -0.413,   -0.032,   -0.032,    0.296,    0.296,   -0.008,   -0.008
   37,2020090606,    0.377,    0.377,    0.000,    0.000,    0.000,    0.000,   -0.004,   -0.004,   -0.175,   -0.175,    0.000,    0.000,    0.000,    0.000,   -0.297,   -0.297,   -0.413,   -0.413,   -0.031,   -0.031,    0.296,    0.296,   -0.007,   -0.007
   37,2020090600,    0.376,    0.376,    0.000,    0.000,    0.000,    0.000,   -0.005,   -0.005,   -0.176,   -0.176,    0.000,    0.000,    0.000,    0.000,   -0.271,   -0.271,   -0.414,   -0.414,   -0.032,   -0.032,    0.296,    0.296,   -0.008,   -0.008
   37,2020090518,    0.377,    0.377,    0.000,    0.000,    0.000,    0.000,   -0.004,   -0.004,   -0.175,   -0.175,    0.000,    0.000,    0.000,    0.000,   -0.259,   -0.259,   -0.413,   -0.413,   -0.032,   -0.032,    0.296,    0.296,   -0.009,   -0.009
   37,2020090512,    0.376,    0.376,    0.000,    0.000,    0.000,    0.000,   -0.004,   -0.004,   -0.175,   -0.175,    0.000,    0.000,    0.000,    0.000,   -0.286,   -0.286,   -0.413,   -0.413,   -0.032,   -0.032,    0.296,    0.296,   -0.009,   -0.009
   37,2020090506,    0.377,    0.377,    0.000,    0.000,    0.000,    0.000,   -0.002,   -0.002,   -0.175,   -0.175,    0.000,    0.000,    0.000,    0.000,   -0.281,   -0.281,   -0.413,   -0.413,   -0.031,   -0.031,    0.296,    0.296,   -0.008,   -0.008
   37,2020090500,    0.377,    0.377,    0.000,    0.000,    0.000,    0.000,   -0.003,   -0.003,   -0.175,   -0.175,    0.000,    0.000,    0.000,    0.000,   -0.289,   -0.289,   -0.413,   -0.413,   -0.032,   -0.032,    0.296,    0.296,   -0.009,   -0.009
   37,2020090418,    0.379,    0.379,    0.000,    0.000,    0.000,    0.000,   -0.002,   -0.002,   -0.174,   -0.174,    0.000,    0.000,    0.000,    0.000,   -0.276,   -0.276,   -0.413,   -0.413,   -0.033,   -0.033,    0.297,    0.297,   -0.009,   -0.009
   37,2020090412,    0.378,    0.378,    0.000,    0.000,    0.000,    0.000,   -0.002,   -0.002,   -0.174,   -0.174,    0.000,    0.000,    0.000,    0.000,   -0.257,   -0.257,   -0.412,   -0.412,   -0.032,   -0.032,    0.297,    0.297,   -0.009,   -0.009
   37,2020090406,    0.378,    0.378,    0.000,    0.000,    0.000,    0.000,   -0.002,   -0.002,   -0.175,   -0.175,    0.000,    0.000,    0.000,    0.000,   -0.302,   -0.302,   -0.413,   -0.413,   -0.032,   -0.032,    0.297,    0.297,   -0.008,   -0.008
   37,2020090400,    0.379,    0.379,    0.000,    0.000,    0.000,    0.000,   -0.002,   -0.002,   -0.176,   -0.176,    0.000,    0.000,    0.000,    0.000,   -0.298,   -0.298,   -0.413,   -0.413,   -0.032,   -0.032,    0.296,    0.296,   -0.008,   -0.008
   37,2020090318,    0.379,    0.379,    0.000,    0.000,    0.000,    0.000,   -0.003,   -0.003,   -0.176,   -0.176,    0.000,    0.000,    0.000,    0.000,   -0.281,   -0.281,   -0.414,   -0.414,   -0.034,   -0.034,    0.295,    0.295,   -0.010,   -0.010
   37,2020090312,    0.378,    0.378,    0.000,    0.000,    0.000,    0.000,   -0.002,   -0.002,   -0.175,   -0.175,    0.000,    0.000,    0.000,    0.000,   -0.310,   -0.310,   -0.415,   -0.415,   -0.033,   -0.033,    0.295,    0.295,   -0.009,   -0.009
   37,2020090306,    0.377,    0.377,    0.000,    0.000,    0.000,    0.000,   -0.003,   -0.003,   -0.175,   -0.175,    0.000,    0.000,    0.000,    0.000,   -0.369,   -0.369,   -0.416,   -0.416,   -0.033,   -0.033,    0.293,    0.293,   -0.009,   -0.009
   37,2020090300,    0.378,    0.378,    0.000,    0.000,    0.000,    0.000,   -0.003,   -0.003,   -0.178,   -0.178,    0.000,    0.000,    0.000,    0.000,   -0.385,   -0.385,   -0.415,   -0.415,   -0.035,   -0.035,    0.294,    0.294,   -0.010,   -0.010
   37,2020090218,    0.378,    0.378,    0.000,    0.000,    0.000,    0.000,   -0.004,   -0.004,   -0.178,   -0.178,    0.000,    0.000,    0.000,    0.000,   -0.379,   -0.379,   -0.415,   -0.415,   -0.034,   -0.034,    0.294,    0.294,   -0.010,   -0.010
   37,2020090212,    0.379,    0.379,    0.000,    0.000,    0.000,    0.000,   -0.002,   -0.002,   -0.179,   -0.179,    0.000,    0.000,    0.000,    0.000,   -0.396,   -0.396,   -0.416,   -0.416,   -0.033,   -0.033,    0.294,    0.294,   -0.009,   -0.009
   37,2020090206,    0.378,    0.378,    0.000,    0.000,    0.000,    0.000,   -0.002,   -0.002,   -0.180,   -0.180,    0.000,    0.000,    0.000,    0.000,   -0.381,   -0.381,   -0.417,   -0.417,   -0.033,   -0.033,    0.293,    0.293,   -0.009,   -0.009
   37,2020090200,    0.379,    0.379,    0.000,    0.000,    0.000,    0.000,   -0.001,   -0.001,   -0.180,   -0.180,    0.000,    0.000,    0.000,    0.000,   -0.359,   -0.359,   -0.416,   -0.416,   -0.033,   -0.033,    0.294,    0.294,   -0.009,   -0.009
   37,2020090118,    0.378,    0.378,    0.000,    0.000,    0.000,    0.000,   -0.001,   -0.001,   -0.180,   -0.180,    0.000,    0.000,    0.000,    0.000,   -0.362,   -0.362,   -0.416,   -0.416,   -0.032,   -0.032,    0.294,    0.294,   -0.008,   -0.008
   37,2020090112,    0.379,    0.379,    0.000,    0.000,    0.000,    0.000,    0.001,    0.001,   -0.181,   -0.181,    0.000,    0.000,    0.000,    0.000,   -0.377,   -0.377,   -0.417,   -0.417,   -0.032,   -0.032,    0.293,    0.293,   -0.008,   -0.008
   37,2020090106,    0.379,    0.379,    0.000,    0.000,    0.000,    0.000,   -0.000,   -0.000,   -0.181,   -0.181,    0.000,    0.000,    0.000,    0.000,   -0.412,   -0.412,   -0.418,   -0.418,   -0.032,   -0.032,    0.292,    0.292,   -0.008,   -0.008
   37,2020090100,    0.379,    0.379,    0.000,    0.000,    0.000,    0.000,    0.001,    0.001,   -0.181,   -0.181,    0.000,    0.000,    0.000,    0.000,   -0.435,   -0.435,   -0.419,   -0.419,   -0.033,   -0.033,    0.292,    0.292,   -0.009,   -0.009
   37,2020083118,    0.379,    0.379,    0.000,    0.000,    0.000,    0.000,    0.001,    0.001,   -0.182,   -0.182,    0.000,    0.000,    0.000,    0.000,   -0.436,   -0.436,   -0.420,   -0.420,   -0.033,   -0.033,    0.291,    0.291,   -0.009,   -0.009
   37,2020083112,    0.380,    0.380,    0.000,    0.000,    0.000,    0.000,    0.004,    0.004,   -0.183,   -0.183,    0.000,    0.000,    0.000,    0.000,   -0.438,   -0.438,   -0.419,   -0.419,   -0.032,   -0.032,    0.292,    0.292,   -0.009,   -0.009
   37,2020083106,    0.379,    0.379,    0.000,    0.000,    0.000,    0.000,    0.003,    0.003,   -0.183,   -0.183,    0.000,    0.000,    0.000,    0.000,   -0.447,   -0.447,   -0.421,   -0.421,   -0.033,   -0.033,    0.290,    0.290,   -0.009,   -0.009
   37,2020083100,    0.379,    0.379,    0.000,    0.000,    0.000,    0.000,    0.004,    0.004,   -0.183,   -0.183,    0.000,    0.000,    0.000,    0.000,   -0.496,   -0.496,   -0.421,   -0.421,   -0.034,   -0.034,    0.290,    0.290,   -0.010,   -0.010
   37,2020083018,    0.379,    0.379,    0.000,    0.000,    0.000,    0.000,    0.005,    0.005,   -0.182,   -0.182,    0.000,    0.000,    0.000,    0.000,   -0.486,   -0.486,   -0.422,   -0.422,   -0.033,   -0.033,    0.289,    0.289,   -0.009,   -0.009
   37,2020083012,    0.380,    0.380,    0.000,    0.000,    0.000,    0.000,    0.005,    0.005,   -0.183,   -0.183,    0.000,    0.000,    0.000,    0.000,   -0.480,   -0.480,   -0.420,   -0.420,   -0.032,   -0.032,    0.291,    0.291,   -0.008,   -0.008
   37,2020083006,    0.379,    0.379,    0.000,    0.000,    0.000,    0.000,    0.004,    0.004,   -0.183,   -0.183,    0.000,    0.000,    0.000,    0.000,   -0.495,   -0.495,   -0.421,   -0.421,   -0.032,   -0.032,    0.290,    0.290,   -0.008,   -0.008
   37,2020083000,    0.379,    0.379,    0.000,    0.000,    0.000,    0.000,    0.003,    0.003,   -0.183,   -0.183,    0.000,    0.000,    0.000,    0.000,   -0.479,   -0.479,   -0.422,   -0.422,   -0.032,   -0.032,    0.289,    0.289,   -0.008,   -0.008
