 1325,2020092000,   -0.033,   -0.033,    0.000,    0.000,    0.000,    0.000,    0.037,    0.037,    0.067,    0.067,    0.000,    0.000,    0.000,    0.000,   -0.073,   -0.073,   -0.080,   -0.080,    0.026,    0.026,   -0.116,   -0.116,   -0.032,   -0.032
 1325,2020091918,   -0.032,   -0.032,    0.000,    0.000,    0.000,    0.000,    0.038,    0.038,    0.065,    0.065,    0.000,    0.000,    0.000,    0.000,   -0.080,   -0.080,   -0.074,   -0.074,    0.021,    0.021,   -0.113,   -0.113,   -0.035,   -0.035
 1325,2020091912,   -0.033,   -0.033,    0.000,    0.000,    0.000,    0.000,    0.037,    0.037,    0.066,    0.066,    0.000,    0.000,    0.000,    0.000,   -0.065,   -0.065,   -0.075,   -0.075,    0.020,    0.020,   -0.114,   -0.114,   -0.036,   -0.036
 1325,2020091906,   -0.033,   -0.033,    0.000,    0.000,    0.000,    0.000,    0.038,    0.038,    0.066,    0.066,    0.000,    0.000,    0.000,    0.000,   -0.061,   -0.061,   -0.073,   -0.073,    0.018,    0.018,   -0.113,   -0.113,   -0.036,   -0.036
 1325,2020091900,   -0.035,   -0.035,    0.000,    0.000,    0.000,    0.000,    0.037,    0.037,    0.068,    0.068,    0.000,    0.000,    0.000,    0.000,   -0.059,   -0.059,   -0.072,   -0.072,    0.022,    0.022,   -0.114,   -0.114,   -0.034,   -0.034
 1325,2020091818,   -0.034,   -0.034,    0.000,    0.000,    0.000,    0.000,    0.037,    0.037,    0.069,    0.069,    0.000,    0.000,    0.000,    0.000,   -0.034,   -0.034,   -0.072,   -0.072,    0.021,    0.021,   -0.113,   -0.113,   -0.034,   -0.034
 1325,2020091812,   -0.035,   -0.035,    0.000,    0.000,    0.000,    0.000,    0.037,    0.037,    0.069,    0.069,    0.000,    0.000,    0.000,    0.000,   -0.035,   -0.035,   -0.075,   -0.075,    0.022,    0.022,   -0.114,   -0.114,   -0.033,   -0.033
 1325,2020091806,   -0.035,   -0.035,    0.000,    0.000,    0.000,    0.000,    0.039,    0.039,    0.070,    0.070,    0.000,    0.000,    0.000,    0.000,   -0.030,   -0.030,   -0.074,   -0.074,    0.022,    0.022,   -0.113,   -0.113,   -0.033,   -0.033
 1325,2020091800,   -0.035,   -0.035,    0.000,    0.000,    0.000,    0.000,    0.038,    0.038,    0.073,    0.073,    0.000,    0.000,    0.000,    0.000,   -0.036,   -0.036,   -0.073,   -0.073,    0.025,    0.025,   -0.113,   -0.113,   -0.030,   -0.030
 1325,2020091718,   -0.034,   -0.034,    0.000,    0.000,    0.000,    0.000,    0.036,    0.036,    0.071,    0.071,    0.000,    0.000,    0.000,    0.000,   -0.036,   -0.036,   -0.073,   -0.073,    0.024,    0.024,   -0.113,   -0.113,   -0.030,   -0.030
 1325,2020091712,   -0.037,   -0.037,    0.000,    0.000,    0.000,    0.000,    0.035,    0.035,    0.069,    0.069,    0.000,    0.000,    0.000,    0.000,   -0.046,   -0.046,   -0.075,   -0.075,    0.019,    0.019,   -0.115,   -0.115,   -0.033,   -0.033
 1325,2020091706,   -0.037,   -0.037,    0.000,    0.000,    0.000,    0.000,    0.036,    0.036,    0.069,    0.069,    0.000,    0.000,    0.000,    0.000,   -0.047,   -0.047,   -0.076,   -0.076,    0.019,    0.019,   -0.116,   -0.116,   -0.033,   -0.033
 1325,2020091700,   -0.037,   -0.037,    0.000,    0.000,    0.000,    0.000,    0.035,    0.035,    0.069,    0.069,    0.000,    0.000,    0.000,    0.000,   -0.047,   -0.047,   -0.073,   -0.073,    0.020,    0.020,   -0.114,   -0.114,   -0.032,   -0.032
 1325,2020091618,   -0.039,   -0.039,    0.000,    0.000,    0.000,    0.000,    0.035,    0.035,    0.068,    0.068,    0.000,    0.000,    0.000,    0.000,   -0.052,   -0.052,   -0.074,   -0.074,    0.016,    0.016,   -0.115,   -0.115,   -0.033,   -0.033
 1325,2020091612,   -0.038,   -0.038,    0.000,    0.000,    0.000,    0.000,    0.036,    0.036,    0.067,    0.067,    0.000,    0.000,    0.000,    0.000,   -0.055,   -0.055,   -0.074,   -0.074,    0.017,    0.017,   -0.116,   -0.116,   -0.033,   -0.033
 1325,2020091606,   -0.039,   -0.039,    0.000,    0.000,    0.000,    0.000,    0.038,    0.038,    0.068,    0.068,    0.000,    0.000,    0.000,    0.000,   -0.051,   -0.051,   -0.076,   -0.076,    0.017,    0.017,   -0.117,   -0.117,   -0.033,   -0.033
 1325,2020091600,   -0.039,   -0.039,    0.000,    0.000,    0.000,    0.000,    0.037,    0.037,    0.069,    0.069,    0.000,    0.000,    0.000,    0.000,   -0.058,   -0.058,   -0.073,   -0.073,    0.022,    0.022,   -0.115,   -0.115,   -0.030,   -0.030
 1325,2020091518,   -0.039,   -0.039,    0.000,    0.000,    0.000,    0.000,    0.036,    0.036,    0.069,    0.069,    0.000,    0.000,    0.000,    0.000,   -0.054,   -0.054,   -0.075,   -0.075,    0.022,    0.022,   -0.116,   -0.116,   -0.031,   -0.031
 1325,2020091512,   -0.038,   -0.038,    0.000,    0.000,    0.000,    0.000,    0.039,    0.039,    0.071,    0.071,    0.000,    0.000,    0.000,    0.000,   -0.032,   -0.032,   -0.076,   -0.076,    0.021,    0.021,   -0.117,   -0.117,   -0.031,   -0.031
 1325,2020091506,   -0.038,   -0.038,    0.000,    0.000,    0.000,    0.000,    0.041,    0.041,    0.068,    0.068,    0.000,    0.000,    0.000,    0.000,   -0.002,   -0.002,   -0.075,   -0.075,    0.019,    0.019,   -0.115,   -0.115,   -0.032,   -0.032
 1325,2020091500,   -0.037,   -0.037,    0.000,    0.000,    0.000,    0.000,    0.041,    0.041,    0.067,    0.067,    0.000,    0.000,    0.000,    0.000,   -0.021,   -0.021,   -0.070,   -0.070,    0.019,    0.019,   -0.113,   -0.113,   -0.033,   -0.033
 1325,2020091418,   -0.038,   -0.038,    0.000,    0.000,    0.000,    0.000,    0.042,    0.042,    0.065,    0.065,    0.000,    0.000,    0.000,    0.000,   -0.018,   -0.018,   -0.073,   -0.073,    0.020,    0.020,   -0.114,   -0.114,   -0.031,   -0.031
 1325,2020091412,   -0.037,   -0.037,    0.000,    0.000,    0.000,    0.000,    0.046,    0.046,    0.066,    0.066,    0.000,    0.000,    0.000,    0.000,   -0.024,   -0.024,   -0.074,   -0.074,    0.020,    0.020,   -0.115,   -0.115,   -0.032,   -0.032
 1325,2020091406,   -0.038,   -0.038,    0.000,    0.000,    0.000,    0.000,    0.046,    0.046,    0.066,    0.066,    0.000,    0.000,    0.000,    0.000,   -0.028,   -0.028,   -0.079,   -0.079,    0.024,    0.024,   -0.117,   -0.117,   -0.029,   -0.029
 1325,2020091400,   -0.038,   -0.038,    0.000,    0.000,    0.000,    0.000,    0.045,    0.045,    0.063,    0.063,    0.000,    0.000,    0.000,    0.000,   -0.027,   -0.027,   -0.079,   -0.079,    0.023,    0.023,   -0.117,   -0.117,   -0.030,   -0.030
 1325,2020091318,   -0.037,   -0.037,    0.000,    0.000,    0.000,    0.000,    0.049,    0.049,    0.061,    0.061,    0.000,    0.000,    0.000,    0.000,   -0.051,   -0.051,   -0.079,   -0.079,    0.025,    0.025,   -0.117,   -0.117,   -0.029,   -0.029
 1325,2020091312,   -0.037,   -0.037,    0.000,    0.000,    0.000,    0.000,    0.050,    0.050,    0.058,    0.058,    0.000,    0.000,    0.000,    0.000,   -0.057,   -0.057,   -0.079,   -0.079,    0.027,    0.027,   -0.118,   -0.118,   -0.026,   -0.026
 1325,2020091306,   -0.037,   -0.037,    0.000,    0.000,    0.000,    0.000,    0.053,    0.053,    0.059,    0.059,    0.000,    0.000,    0.000,    0.000,   -0.058,   -0.058,   -0.076,   -0.076,    0.026,    0.026,   -0.117,   -0.117,   -0.027,   -0.027
 1325,2020091300,   -0.040,   -0.040,    0.000,    0.000,    0.000,    0.000,    0.050,    0.050,    0.059,    0.059,    0.000,    0.000,    0.000,    0.000,   -0.076,   -0.076,   -0.080,   -0.080,    0.025,    0.025,   -0.119,   -0.119,   -0.028,   -0.028
 1325,2020091218,   -0.038,   -0.038,    0.000,    0.000,    0.000,    0.000,    0.053,    0.053,    0.058,    0.058,    0.000,    0.000,    0.000,    0.000,   -0.083,   -0.083,   -0.076,   -0.076,    0.025,    0.025,   -0.117,   -0.117,   -0.028,   -0.028
 1325,2020091212,   -0.039,   -0.039,    0.000,    0.000,    0.000,    0.000,    0.053,    0.053,    0.055,    0.055,    0.000,    0.000,    0.000,    0.000,   -0.081,   -0.081,   -0.078,   -0.078,    0.022,    0.022,   -0.119,   -0.119,   -0.029,   -0.029
 1325,2020091206,   -0.040,   -0.040,    0.000,    0.000,    0.000,    0.000,    0.050,    0.050,    0.057,    0.057,    0.000,    0.000,    0.000,    0.000,   -0.093,   -0.093,   -0.074,   -0.074,    0.028,    0.028,   -0.118,   -0.118,   -0.026,   -0.026
 1325,2020091200,   -0.040,   -0.040,    0.000,    0.000,    0.000,    0.000,    0.048,    0.048,    0.055,    0.055,    0.000,    0.000,    0.000,    0.000,   -0.098,   -0.098,   -0.074,   -0.074,    0.029,    0.029,   -0.117,   -0.117,   -0.026,   -0.026
 1325,2020091118,   -0.038,   -0.038,    0.000,    0.000,    0.000,    0.000,    0.050,    0.050,    0.056,    0.056,    0.000,    0.000,    0.000,    0.000,   -0.112,   -0.112,   -0.069,   -0.069,    0.025,    0.025,   -0.113,   -0.113,   -0.029,   -0.029
 1325,2020091112,   -0.037,   -0.037,    0.000,    0.000,    0.000,    0.000,    0.051,    0.051,    0.056,    0.056,    0.000,    0.000,    0.000,    0.000,   -0.102,   -0.102,   -0.068,   -0.068,    0.021,    0.021,   -0.112,   -0.112,   -0.032,   -0.032
 1325,2020091106,   -0.038,   -0.038,    0.000,    0.000,    0.000,    0.000,    0.049,    0.049,    0.062,    0.062,    0.000,    0.000,    0.000,    0.000,   -0.075,   -0.075,   -0.067,   -0.067,    0.021,    0.021,   -0.112,   -0.112,   -0.033,   -0.033
 1325,2020091100,   -0.040,   -0.040,    0.000,    0.000,    0.000,    0.000,    0.047,    0.047,    0.063,    0.063,    0.000,    0.000,    0.000,    0.000,   -0.069,   -0.069,   -0.072,   -0.072,    0.019,    0.019,   -0.115,   -0.115,   -0.033,   -0.033
 1325,2020091018,   -0.042,   -0.042,    0.000,    0.000,    0.000,    0.000,    0.046,    0.046,    0.060,    0.060,    0.000,    0.000,    0.000,    0.000,   -0.059,   -0.059,   -0.075,   -0.075,    0.018,    0.018,   -0.117,   -0.117,   -0.033,   -0.033
 1325,2020091012,   -0.040,   -0.040,    0.000,    0.000,    0.000,    0.000,    0.048,    0.048,    0.059,    0.059,    0.000,    0.000,    0.000,    0.000,   -0.042,   -0.042,   -0.071,   -0.071,    0.019,    0.019,   -0.114,   -0.114,   -0.032,   -0.032
 1325,2020091006,   -0.041,   -0.041,    0.000,    0.000,    0.000,    0.000,    0.046,    0.046,    0.062,    0.062,    0.000,    0.000,    0.000,    0.000,   -0.020,   -0.020,   -0.072,   -0.072,    0.015,    0.015,   -0.116,   -0.116,   -0.034,   -0.034
 1325,2020091000,   -0.041,   -0.041,    0.000,    0.000,    0.000,    0.000,    0.044,    0.044,    0.060,    0.060,    0.000,    0.000,    0.000,    0.000,   -0.023,   -0.023,   -0.070,   -0.070,    0.017,    0.017,   -0.114,   -0.114,   -0.033,   -0.033
 1325,2020090918,   -0.043,   -0.043,    0.000,    0.000,    0.000,    0.000,    0.043,    0.043,    0.059,    0.059,    0.000,    0.000,    0.000,    0.000,   -0.013,   -0.013,   -0.073,   -0.073,    0.015,    0.015,   -0.117,   -0.117,   -0.033,   -0.033
 1325,2020090912,   -0.041,   -0.041,    0.000,    0.000,    0.000,    0.000,    0.045,    0.045,    0.056,    0.056,    0.000,    0.000,    0.000,    0.000,   -0.021,   -0.021,   -0.069,   -0.069,    0.017,    0.017,   -0.114,   -0.114,   -0.031,   -0.031
 1325,2020090906,   -0.041,   -0.041,    0.000,    0.000,    0.000,    0.000,    0.042,    0.042,    0.058,    0.058,    0.000,    0.000,    0.000,    0.000,   -0.010,   -0.010,   -0.069,   -0.069,    0.012,    0.012,   -0.114,   -0.114,   -0.035,   -0.035
 1325,2020090900,   -0.040,   -0.040,    0.000,    0.000,    0.000,    0.000,    0.042,    0.042,    0.057,    0.057,    0.000,    0.000,    0.000,    0.000,   -0.023,   -0.023,   -0.063,   -0.063,    0.014,    0.014,   -0.110,   -0.110,   -0.033,   -0.033
 1325,2020090818,   -0.040,   -0.040,    0.000,    0.000,    0.000,    0.000,    0.040,    0.040,    0.055,    0.055,    0.000,    0.000,    0.000,    0.000,   -0.013,   -0.013,   -0.064,   -0.064,    0.010,    0.010,   -0.111,   -0.111,   -0.036,   -0.036
 1325,2020090812,   -0.040,   -0.040,    0.000,    0.000,    0.000,    0.000,    0.041,    0.041,    0.054,    0.054,    0.000,    0.000,    0.000,    0.000,   -0.003,   -0.003,   -0.061,   -0.061,    0.013,    0.013,   -0.109,   -0.109,   -0.034,   -0.034
 1325,2020090806,   -0.041,   -0.041,    0.000,    0.000,    0.000,    0.000,    0.040,    0.040,    0.057,    0.057,    0.000,    0.000,    0.000,    0.000,    0.003,    0.003,   -0.065,   -0.065,    0.016,    0.016,   -0.112,   -0.112,   -0.031,   -0.031
 1325,2020090800,   -0.042,   -0.042,    0.000,    0.000,    0.000,    0.000,    0.039,    0.039,    0.058,    0.058,    0.000,    0.000,    0.000,    0.000,    0.006,    0.006,   -0.067,   -0.067,    0.015,    0.015,   -0.113,   -0.113,   -0.032,   -0.032
 1325,2020090718,   -0.041,   -0.041,    0.000,    0.000,    0.000,    0.000,    0.040,    0.040,    0.058,    0.058,    0.000,    0.000,    0.000,    0.000,   -0.004,   -0.004,   -0.069,   -0.069,    0.014,    0.014,   -0.114,   -0.114,   -0.033,   -0.033
 1325,2020090712,   -0.042,   -0.042,    0.000,    0.000,    0.000,    0.000,    0.040,    0.040,    0.055,    0.055,    0.000,    0.000,    0.000,    0.000,   -0.005,   -0.005,   -0.070,   -0.070,    0.013,    0.013,   -0.114,   -0.114,   -0.034,   -0.034
 1325,2020090706,   -0.042,   -0.042,    0.000,    0.000,    0.000,    0.000,    0.041,    0.041,    0.057,    0.057,    0.000,    0.000,    0.000,    0.000,    0.008,    0.008,   -0.069,   -0.069,    0.012,    0.012,   -0.114,   -0.114,   -0.035,   -0.035
 1325,2020090700,   -0.042,   -0.042,    0.000,    0.000,    0.000,    0.000,    0.040,    0.040,    0.060,    0.060,    0.000,    0.000,    0.000,    0.000,    0.017,    0.017,   -0.067,   -0.067,    0.016,    0.016,   -0.113,   -0.113,   -0.031,   -0.031
 1325,2020090618,   -0.042,   -0.042,    0.000,    0.000,    0.000,    0.000,    0.041,    0.041,    0.061,    0.061,    0.000,    0.000,    0.000,    0.000,    0.029,    0.029,   -0.066,   -0.066,    0.014,    0.014,   -0.113,   -0.113,   -0.032,   -0.032
 1325,2020090612,   -0.041,   -0.041,    0.000,    0.000,    0.000,    0.000,    0.042,    0.042,    0.057,    0.057,    0.000,    0.000,    0.000,    0.000,    0.044,    0.044,   -0.064,   -0.064,    0.016,    0.016,   -0.112,   -0.112,   -0.031,   -0.031
 1325,2020090606,   -0.041,   -0.041,    0.000,    0.000,    0.000,    0.000,    0.042,    0.042,    0.058,    0.058,    0.000,    0.000,    0.000,    0.000,    0.041,    0.041,   -0.065,   -0.065,    0.015,    0.015,   -0.113,   -0.113,   -0.031,   -0.031
 1325,2020090600,   -0.043,   -0.043,    0.000,    0.000,    0.000,    0.000,    0.041,    0.041,    0.061,    0.061,    0.000,    0.000,    0.000,    0.000,    0.042,    0.042,   -0.066,   -0.066,    0.017,    0.017,   -0.114,   -0.114,   -0.030,   -0.030
 1325,2020090518,   -0.044,   -0.044,    0.000,    0.000,    0.000,    0.000,    0.042,    0.042,    0.058,    0.058,    0.000,    0.000,    0.000,    0.000,    0.028,    0.028,   -0.068,   -0.068,    0.015,    0.015,   -0.116,   -0.116,   -0.032,   -0.032
 1325,2020090512,   -0.041,   -0.041,    0.000,    0.000,    0.000,    0.000,    0.044,    0.044,    0.057,    0.057,    0.000,    0.000,    0.000,    0.000,    0.030,    0.030,   -0.067,   -0.067,    0.014,    0.014,   -0.114,   -0.114,   -0.031,   -0.031
 1325,2020090506,   -0.042,   -0.042,    0.000,    0.000,    0.000,    0.000,    0.045,    0.045,    0.056,    0.056,    0.000,    0.000,    0.000,    0.000,    0.023,    0.023,   -0.069,   -0.069,    0.013,    0.013,   -0.115,   -0.115,   -0.033,   -0.033
 1325,2020090500,   -0.041,   -0.041,    0.000,    0.000,    0.000,    0.000,    0.046,    0.046,    0.058,    0.058,    0.000,    0.000,    0.000,    0.000,    0.004,    0.004,   -0.067,   -0.067,    0.011,    0.011,   -0.115,   -0.115,   -0.035,   -0.035
 1325,2020090418,   -0.042,   -0.042,    0.000,    0.000,    0.000,    0.000,    0.045,    0.045,    0.056,    0.056,    0.000,    0.000,    0.000,    0.000,    0.010,    0.010,   -0.068,   -0.068,    0.008,    0.008,   -0.117,   -0.117,   -0.037,   -0.037
 1325,2020090412,   -0.043,   -0.043,    0.000,    0.000,    0.000,    0.000,    0.044,    0.044,    0.056,    0.056,    0.000,    0.000,    0.000,    0.000,    0.025,    0.025,   -0.073,   -0.073,    0.005,    0.005,   -0.120,   -0.120,   -0.039,   -0.039
 1325,2020090406,   -0.043,   -0.043,    0.000,    0.000,    0.000,    0.000,    0.043,    0.043,    0.056,    0.056,    0.000,    0.000,    0.000,    0.000,    0.035,    0.035,   -0.071,   -0.071,    0.007,    0.007,   -0.119,   -0.119,   -0.037,   -0.037
 1325,2020090400,   -0.043,   -0.043,    0.000,    0.000,    0.000,    0.000,    0.042,    0.042,    0.056,    0.056,    0.000,    0.000,    0.000,    0.000,    0.017,    0.017,   -0.069,   -0.069,    0.010,    0.010,   -0.118,   -0.118,   -0.035,   -0.035
 1325,2020090318,   -0.044,   -0.044,    0.000,    0.000,    0.000,    0.000,    0.042,    0.042,    0.056,    0.056,    0.000,    0.000,    0.000,    0.000,    0.020,    0.020,   -0.072,   -0.072,    0.011,    0.011,   -0.119,   -0.119,   -0.035,   -0.035
 1325,2020090312,   -0.043,   -0.043,    0.000,    0.000,    0.000,    0.000,    0.046,    0.046,    0.053,    0.053,    0.000,    0.000,    0.000,    0.000,    0.004,    0.004,   -0.067,   -0.067,    0.011,    0.011,   -0.117,   -0.117,   -0.035,   -0.035
 1325,2020090306,   -0.043,   -0.043,    0.000,    0.000,    0.000,    0.000,    0.045,    0.045,    0.051,    0.051,    0.000,    0.000,    0.000,    0.000,    0.006,    0.006,   -0.065,   -0.065,    0.009,    0.009,   -0.115,   -0.115,   -0.037,   -0.037
 1325,2020090300,   -0.044,   -0.044,    0.000,    0.000,    0.000,    0.000,    0.044,    0.044,    0.050,    0.050,    0.000,    0.000,    0.000,    0.000,   -0.006,   -0.006,   -0.060,   -0.060,    0.006,    0.006,   -0.114,   -0.114,   -0.039,   -0.039
 1325,2020090218,   -0.043,   -0.043,    0.000,    0.000,    0.000,    0.000,    0.044,    0.044,    0.048,    0.048,    0.000,    0.000,    0.000,    0.000,   -0.030,   -0.030,   -0.058,   -0.058,    0.005,    0.005,   -0.112,   -0.112,   -0.038,   -0.038
 1325,2020090212,   -0.042,   -0.042,    0.000,    0.000,    0.000,    0.000,    0.046,    0.046,    0.043,    0.043,    0.000,    0.000,    0.000,    0.000,    0.032,    0.032,   -0.061,   -0.061,    0.006,    0.006,   -0.113,   -0.113,   -0.038,   -0.038
 1325,2020090206,   -0.041,   -0.041,    0.000,    0.000,    0.000,    0.000,    0.048,    0.048,    0.044,    0.044,    0.000,    0.000,    0.000,    0.000,    0.028,    0.028,   -0.061,   -0.061,    0.010,    0.010,   -0.114,   -0.114,   -0.035,   -0.035
 1325,2020090200,   -0.041,   -0.041,    0.000,    0.000,    0.000,    0.000,    0.047,    0.047,    0.045,    0.045,    0.000,    0.000,    0.000,    0.000,    0.031,    0.031,   -0.058,   -0.058,    0.008,    0.008,   -0.112,   -0.112,   -0.037,   -0.037
 1325,2020090118,   -0.041,   -0.041,    0.000,    0.000,    0.000,    0.000,    0.047,    0.047,    0.046,    0.046,    0.000,    0.000,    0.000,    0.000,    0.038,    0.038,   -0.059,   -0.059,    0.012,    0.012,   -0.112,   -0.112,   -0.033,   -0.033
 1325,2020090112,   -0.038,   -0.038,    0.000,    0.000,    0.000,    0.000,    0.050,    0.050,    0.044,    0.044,    0.000,    0.000,    0.000,    0.000,    0.034,    0.034,   -0.058,   -0.058,    0.009,    0.009,   -0.110,   -0.110,   -0.036,   -0.036
 1325,2020090106,   -0.040,   -0.040,    0.000,    0.000,    0.000,    0.000,    0.048,    0.048,    0.046,    0.046,    0.000,    0.000,    0.000,    0.000,    0.036,    0.036,   -0.060,   -0.060,    0.009,    0.009,   -0.112,   -0.112,   -0.036,   -0.036
 1325,2020090100,   -0.039,   -0.039,    0.000,    0.000,    0.000,    0.000,    0.051,    0.051,    0.049,    0.049,    0.000,    0.000,    0.000,    0.000,    0.031,    0.031,   -0.061,   -0.061,    0.015,    0.015,   -0.112,   -0.112,   -0.032,   -0.032
 1325,2020083118,   -0.041,   -0.041,    0.000,    0.000,    0.000,    0.000,    0.050,    0.050,    0.050,    0.050,    0.000,    0.000,    0.000,    0.000,    0.047,    0.047,   -0.065,   -0.065,    0.015,    0.015,   -0.115,   -0.115,   -0.032,   -0.032
 1325,2020083112,   -0.039,   -0.039,    0.000,    0.000,    0.000,    0.000,    0.053,    0.053,    0.047,    0.047,    0.000,    0.000,    0.000,    0.000,    0.090,    0.090,   -0.062,   -0.062,    0.015,    0.015,   -0.113,   -0.113,   -0.032,   -0.032
 1325,2020083106,   -0.043,   -0.043,    0.000,    0.000,    0.000,    0.000,    0.052,    0.052,    0.046,    0.046,    0.000,    0.000,    0.000,    0.000,    0.084,    0.084,   -0.066,   -0.066,    0.017,    0.017,   -0.117,   -0.117,   -0.030,   -0.030
 1325,2020083100,   -0.046,   -0.046,    0.000,    0.000,    0.000,    0.000,    0.050,    0.050,    0.052,    0.052,    0.000,    0.000,    0.000,    0.000,    0.068,    0.068,   -0.069,   -0.069,    0.017,    0.017,   -0.120,   -0.120,   -0.030,   -0.030
 1325,2020083018,   -0.048,   -0.048,    0.000,    0.000,    0.000,    0.000,    0.052,    0.052,    0.051,    0.051,    0.000,    0.000,    0.000,    0.000,    0.070,    0.070,   -0.070,   -0.070,    0.018,    0.018,   -0.122,   -0.122,   -0.031,   -0.031
 1325,2020083012,   -0.048,   -0.048,    0.000,    0.000,    0.000,    0.000,    0.051,    0.051,    0.051,    0.051,    0.000,    0.000,    0.000,    0.000,    0.069,    0.069,   -0.068,   -0.068,    0.016,    0.016,   -0.122,   -0.122,   -0.032,   -0.032
 1325,2020083006,   -0.048,   -0.048,    0.000,    0.000,    0.000,    0.000,    0.051,    0.051,    0.055,    0.055,    0.000,    0.000,    0.000,    0.000,    0.084,    0.084,   -0.071,   -0.071,    0.019,    0.019,   -0.123,   -0.123,   -0.030,   -0.030
 1325,2020083000,   -0.048,   -0.048,    0.000,    0.000,    0.000,    0.000,    0.050,    0.050,    0.057,    0.057,    0.000,    0.000,    0.000,    0.000,    0.080,    0.080,   -0.071,   -0.071,    0.024,    0.024,   -0.123,   -0.123,   -0.027,   -0.027
