   81,2020092000,   -0.164,   -0.164,    0.000,    0.000,    0.000,    0.000,   -0.003,   -0.003,   -0.050,   -0.050,    0.000,    0.000,    0.000,    0.000,   -2.848,   -2.848,    0.227,    0.227,   -0.002,   -0.002,    0.017,    0.017,   -0.030,   -0.030
   81,2020091918,   -0.163,   -0.163,    0.000,    0.000,    0.000,    0.000,   -0.002,   -0.002,   -0.050,   -0.050,    0.000,    0.000,    0.000,    0.000,   -2.942,   -2.942,    0.228,    0.228,   -0.001,   -0.001,    0.017,    0.017,   -0.030,   -0.030
   81,2020091912,   -0.164,   -0.164,    0.000,    0.000,    0.000,    0.000,   -0.003,   -0.003,   -0.051,   -0.051,    0.000,    0.000,    0.000,    0.000,   -2.588,   -2.588,    0.226,    0.226,   -0.001,   -0.001,    0.016,    0.016,   -0.030,   -0.030
   81,2020091906,   -0.163,   -0.163,    0.000,    0.000,    0.000,    0.000,   -0.002,   -0.002,   -0.051,   -0.051,    0.000,    0.000,    0.000,    0.000,   -2.706,   -2.706,    0.227,    0.227,   -0.001,   -0.001,    0.016,    0.016,   -0.030,   -0.030
   81,2020091900,   -0.164,   -0.164,    0.000,    0.000,    0.000,    0.000,   -0.003,   -0.003,   -0.050,   -0.050,    0.000,    0.000,    0.000,    0.000,   -2.798,   -2.798,    0.226,    0.226,   -0.001,   -0.001,    0.015,    0.015,   -0.030,   -0.030
   81,2020091818,   -0.164,   -0.164,    0.000,    0.000,    0.000,    0.000,   -0.002,   -0.002,   -0.051,   -0.051,    0.000,    0.000,    0.000,    0.000,   -2.753,   -2.753,    0.226,    0.226,   -0.000,   -0.000,    0.015,    0.015,   -0.030,   -0.030
   81,2020091812,   -0.164,   -0.164,    0.000,    0.000,    0.000,    0.000,   -0.002,   -0.002,   -0.051,   -0.051,    0.000,    0.000,    0.000,    0.000,   -2.146,   -2.146,    0.226,    0.226,   -0.003,   -0.003,    0.015,    0.015,   -0.031,   -0.031
   81,2020091806,   -0.164,   -0.164,    0.000,    0.000,    0.000,    0.000,   -0.000,   -0.000,   -0.051,   -0.051,    0.000,    0.000,    0.000,    0.000,   -2.699,   -2.699,    0.226,    0.226,   -0.002,   -0.002,    0.015,    0.015,   -0.030,   -0.030
   81,2020091800,   -0.164,   -0.164,    0.000,    0.000,    0.000,    0.000,   -0.000,   -0.000,   -0.051,   -0.051,    0.000,    0.000,    0.000,    0.000,   -2.983,   -2.983,    0.226,    0.226,   -0.001,   -0.001,    0.015,    0.015,   -0.030,   -0.030
   81,2020091718,   -0.165,   -0.165,    0.000,    0.000,    0.000,    0.000,   -0.000,   -0.000,   -0.051,   -0.051,    0.000,    0.000,    0.000,    0.000,   -2.952,   -2.952,    0.225,    0.225,   -0.002,   -0.002,    0.014,    0.014,   -0.030,   -0.030
   81,2020091712,   -0.165,   -0.165,    0.000,    0.000,    0.000,    0.000,   -0.000,   -0.000,   -0.052,   -0.052,    0.000,    0.000,    0.000,    0.000,   -2.521,   -2.521,    0.226,    0.226,   -0.001,   -0.001,    0.015,    0.015,   -0.029,   -0.029
   81,2020091706,   -0.165,   -0.165,    0.000,    0.000,    0.000,    0.000,   -0.000,   -0.000,   -0.052,   -0.052,    0.000,    0.000,    0.000,    0.000,   -2.760,   -2.760,    0.225,    0.225,   -0.001,   -0.001,    0.014,    0.014,   -0.029,   -0.029
   81,2020091700,   -0.165,   -0.165,    0.000,    0.000,    0.000,    0.000,   -0.000,   -0.000,   -0.053,   -0.053,    0.000,    0.000,    0.000,    0.000,   -2.483,   -2.483,    0.226,    0.226,   -0.001,   -0.001,    0.015,    0.015,   -0.030,   -0.030
   81,2020091618,   -0.166,   -0.166,    0.000,    0.000,    0.000,    0.000,   -0.002,   -0.002,   -0.053,   -0.053,    0.000,    0.000,    0.000,    0.000,   -2.483,   -2.483,    0.225,    0.225,   -0.001,   -0.001,    0.014,    0.014,   -0.030,   -0.030
   81,2020091612,   -0.165,   -0.165,    0.000,    0.000,    0.000,    0.000,   -0.000,   -0.000,   -0.053,   -0.053,    0.000,    0.000,    0.000,    0.000,   -2.502,   -2.502,    0.226,    0.226,   -0.001,   -0.001,    0.015,    0.015,   -0.029,   -0.029
   81,2020091606,   -0.166,   -0.166,    0.000,    0.000,    0.000,    0.000,   -0.001,   -0.001,   -0.053,   -0.053,    0.000,    0.000,    0.000,    0.000,   -2.641,   -2.641,    0.226,    0.226,   -0.002,   -0.002,    0.015,    0.015,   -0.031,   -0.031
   81,2020091600,   -0.166,   -0.166,    0.000,    0.000,    0.000,    0.000,   -0.001,   -0.001,   -0.052,   -0.052,    0.000,    0.000,    0.000,    0.000,   -3.323,   -3.323,    0.227,    0.227,   -0.002,   -0.002,    0.016,    0.016,   -0.030,   -0.030
   81,2020091518,   -0.165,   -0.165,    0.000,    0.000,    0.000,    0.000,   -0.001,   -0.001,   -0.053,   -0.053,    0.000,    0.000,    0.000,    0.000,   -3.416,   -3.416,    0.227,    0.227,   -0.003,   -0.003,    0.015,    0.015,   -0.031,   -0.031
   81,2020091512,   -0.165,   -0.165,    0.000,    0.000,    0.000,    0.000,    0.000,    0.000,   -0.053,   -0.053,    0.000,    0.000,    0.000,    0.000,   -3.312,   -3.312,    0.227,    0.227,   -0.002,   -0.002,    0.015,    0.015,   -0.030,   -0.030
   81,2020091506,   -0.166,   -0.166,    0.000,    0.000,    0.000,    0.000,   -0.002,   -0.002,   -0.053,   -0.053,    0.000,    0.000,    0.000,    0.000,   -3.567,   -3.567,    0.226,    0.226,   -0.003,   -0.003,    0.014,    0.014,   -0.031,   -0.031
   81,2020091500,   -0.165,   -0.165,    0.000,    0.000,    0.000,    0.000,   -0.002,   -0.002,   -0.052,   -0.052,    0.000,    0.000,    0.000,    0.000,   -3.527,   -3.527,    0.226,    0.226,   -0.003,   -0.003,    0.015,    0.015,   -0.031,   -0.031
   81,2020091418,   -0.166,   -0.166,    0.000,    0.000,    0.000,    0.000,   -0.002,   -0.002,   -0.054,   -0.054,    0.000,    0.000,    0.000,    0.000,   -3.533,   -3.533,    0.226,    0.226,   -0.003,   -0.003,    0.015,    0.015,   -0.032,   -0.032
   81,2020091412,   -0.165,   -0.165,    0.000,    0.000,    0.000,    0.000,   -0.001,   -0.001,   -0.052,   -0.052,    0.000,    0.000,    0.000,    0.000,   -3.474,   -3.474,    0.227,    0.227,   -0.002,   -0.002,    0.015,    0.015,   -0.031,   -0.031
   81,2020091406,   -0.165,   -0.165,    0.000,    0.000,    0.000,    0.000,   -0.001,   -0.001,   -0.052,   -0.052,    0.000,    0.000,    0.000,    0.000,   -3.502,   -3.502,    0.227,    0.227,   -0.003,   -0.003,    0.015,    0.015,   -0.031,   -0.031
   81,2020091400,   -0.165,   -0.165,    0.000,    0.000,    0.000,    0.000,   -0.002,   -0.002,   -0.052,   -0.052,    0.000,    0.000,    0.000,    0.000,   -3.472,   -3.472,    0.226,    0.226,   -0.002,   -0.002,    0.014,    0.014,   -0.031,   -0.031
   81,2020091318,   -0.165,   -0.165,    0.000,    0.000,    0.000,    0.000,   -0.002,   -0.002,   -0.053,   -0.053,    0.000,    0.000,    0.000,    0.000,   -3.314,   -3.314,    0.227,    0.227,   -0.002,   -0.002,    0.015,    0.015,   -0.031,   -0.031
   81,2020091312,   -0.165,   -0.165,    0.000,    0.000,    0.000,    0.000,   -0.002,   -0.002,   -0.054,   -0.054,    0.000,    0.000,    0.000,    0.000,   -3.065,   -3.065,    0.227,    0.227,   -0.003,   -0.003,    0.015,    0.015,   -0.031,   -0.031
   81,2020091306,   -0.166,   -0.166,    0.000,    0.000,    0.000,    0.000,   -0.002,   -0.002,   -0.054,   -0.054,    0.000,    0.000,    0.000,    0.000,   -2.565,   -2.565,    0.226,    0.226,   -0.001,   -0.001,    0.015,    0.015,   -0.030,   -0.030
   81,2020091300,   -0.166,   -0.166,    0.000,    0.000,    0.000,    0.000,   -0.001,   -0.001,   -0.053,   -0.053,    0.000,    0.000,    0.000,    0.000,   -2.591,   -2.591,    0.227,    0.227,   -0.002,   -0.002,    0.015,    0.015,   -0.031,   -0.031
   81,2020091218,   -0.166,   -0.166,    0.000,    0.000,    0.000,    0.000,   -0.002,   -0.002,   -0.053,   -0.053,    0.000,    0.000,    0.000,    0.000,   -2.560,   -2.560,    0.226,    0.226,   -0.001,   -0.001,    0.014,    0.014,   -0.031,   -0.031
   81,2020091212,   -0.165,   -0.165,    0.000,    0.000,    0.000,    0.000,   -0.003,   -0.003,   -0.052,   -0.052,    0.000,    0.000,    0.000,    0.000,   -2.522,   -2.522,    0.226,    0.226,   -0.002,   -0.002,    0.014,    0.014,   -0.031,   -0.031
   81,2020091206,   -0.166,   -0.166,    0.000,    0.000,    0.000,    0.000,   -0.003,   -0.003,   -0.054,   -0.054,    0.000,    0.000,    0.000,    0.000,   -2.522,   -2.522,    0.225,    0.225,   -0.002,   -0.002,    0.014,    0.014,   -0.031,   -0.031
   81,2020091200,   -0.165,   -0.165,    0.000,    0.000,    0.000,    0.000,   -0.002,   -0.002,   -0.053,   -0.053,    0.000,    0.000,    0.000,    0.000,   -2.132,   -2.132,    0.226,    0.226,   -0.002,   -0.002,    0.014,    0.014,   -0.032,   -0.032
   81,2020091118,   -0.165,   -0.165,    0.000,    0.000,    0.000,    0.000,   -0.002,   -0.002,   -0.054,   -0.054,    0.000,    0.000,    0.000,    0.000,   -2.125,   -2.125,    0.226,    0.226,   -0.001,   -0.001,    0.014,    0.014,   -0.031,   -0.031
   81,2020091112,   -0.165,   -0.165,    0.000,    0.000,    0.000,    0.000,   -0.003,   -0.003,   -0.052,   -0.052,    0.000,    0.000,    0.000,    0.000,   -2.201,   -2.201,    0.226,    0.226,   -0.002,   -0.002,    0.014,    0.014,   -0.031,   -0.031
   81,2020091106,   -0.165,   -0.165,    0.000,    0.000,    0.000,    0.000,   -0.004,   -0.004,   -0.053,   -0.053,    0.000,    0.000,    0.000,    0.000,   -2.433,   -2.433,    0.226,    0.226,   -0.002,   -0.002,    0.014,    0.014,   -0.031,   -0.031
   81,2020091100,   -0.164,   -0.164,    0.000,    0.000,    0.000,    0.000,   -0.003,   -0.003,   -0.054,   -0.054,    0.000,    0.000,    0.000,    0.000,   -3.313,   -3.313,    0.226,    0.226,   -0.003,   -0.003,    0.014,    0.014,   -0.032,   -0.032
   81,2020091018,   -0.164,   -0.164,    0.000,    0.000,    0.000,    0.000,   -0.003,   -0.003,   -0.053,   -0.053,    0.000,    0.000,    0.000,    0.000,   -3.134,   -3.134,    0.226,    0.226,   -0.002,   -0.002,    0.014,    0.014,   -0.031,   -0.031
   81,2020091012,   -0.163,   -0.163,    0.000,    0.000,    0.000,    0.000,   -0.003,   -0.003,   -0.052,   -0.052,    0.000,    0.000,    0.000,    0.000,   -3.535,   -3.535,    0.226,    0.226,   -0.002,   -0.002,    0.014,    0.014,   -0.031,   -0.031
   81,2020091006,   -0.164,   -0.164,    0.000,    0.000,    0.000,    0.000,   -0.004,   -0.004,   -0.053,   -0.053,    0.000,    0.000,    0.000,    0.000,   -2.975,   -2.975,    0.226,    0.226,   -0.002,   -0.002,    0.014,    0.014,   -0.031,   -0.031
   81,2020091000,   -0.163,   -0.163,    0.000,    0.000,    0.000,    0.000,   -0.003,   -0.003,   -0.054,   -0.054,    0.000,    0.000,    0.000,    0.000,   -3.293,   -3.293,    0.227,    0.227,   -0.002,   -0.002,    0.014,    0.014,   -0.031,   -0.031
   81,2020090918,   -0.163,   -0.163,    0.000,    0.000,    0.000,    0.000,   -0.004,   -0.004,   -0.054,   -0.054,    0.000,    0.000,    0.000,    0.000,   -3.257,   -3.257,    0.227,    0.227,   -0.001,   -0.001,    0.014,    0.014,   -0.030,   -0.030
   81,2020090912,   -0.164,   -0.164,    0.000,    0.000,    0.000,    0.000,   -0.004,   -0.004,   -0.054,   -0.054,    0.000,    0.000,    0.000,    0.000,   -3.388,   -3.388,    0.226,    0.226,   -0.001,   -0.001,    0.013,    0.013,   -0.030,   -0.030
   81,2020090906,   -0.164,   -0.164,    0.000,    0.000,    0.000,    0.000,   -0.004,   -0.004,   -0.054,   -0.054,    0.000,    0.000,    0.000,    0.000,   -3.527,   -3.527,    0.226,    0.226,   -0.001,   -0.001,    0.013,    0.013,   -0.030,   -0.030
   81,2020090900,   -0.163,   -0.163,    0.000,    0.000,    0.000,    0.000,   -0.002,   -0.002,   -0.054,   -0.054,    0.000,    0.000,    0.000,    0.000,   -3.567,   -3.567,    0.226,    0.226,   -0.001,   -0.001,    0.014,    0.014,   -0.030,   -0.030
   81,2020090818,   -0.163,   -0.163,    0.000,    0.000,    0.000,    0.000,   -0.002,   -0.002,   -0.054,   -0.054,    0.000,    0.000,    0.000,    0.000,   -3.531,   -3.531,    0.225,    0.225,   -0.001,   -0.001,    0.013,    0.013,   -0.030,   -0.030
   81,2020090812,   -0.164,   -0.164,    0.000,    0.000,    0.000,    0.000,   -0.002,   -0.002,   -0.053,   -0.053,    0.000,    0.000,    0.000,    0.000,   -4.102,   -4.102,    0.225,    0.225,   -0.002,   -0.002,    0.013,    0.013,   -0.031,   -0.031
   81,2020090806,   -0.164,   -0.164,    0.000,    0.000,    0.000,    0.000,   -0.001,   -0.001,   -0.054,   -0.054,    0.000,    0.000,    0.000,    0.000,   -4.039,   -4.039,    0.225,    0.225,   -0.000,   -0.000,    0.013,    0.013,   -0.029,   -0.029
   81,2020090800,   -0.164,   -0.164,    0.000,    0.000,    0.000,    0.000,   -0.000,   -0.000,   -0.054,   -0.054,    0.000,    0.000,    0.000,    0.000,   -4.263,   -4.263,    0.225,    0.225,   -0.000,   -0.000,    0.012,    0.012,   -0.029,   -0.029
   81,2020090718,   -0.165,   -0.165,    0.000,    0.000,    0.000,    0.000,   -0.000,   -0.000,   -0.056,   -0.056,    0.000,    0.000,    0.000,    0.000,   -3.966,   -3.966,    0.224,    0.224,   -0.000,   -0.000,    0.012,    0.012,   -0.030,   -0.030
   81,2020090712,   -0.165,   -0.165,    0.000,    0.000,    0.000,    0.000,   -0.000,   -0.000,   -0.056,   -0.056,    0.000,    0.000,    0.000,    0.000,   -3.936,   -3.936,    0.224,    0.224,   -0.001,   -0.001,    0.011,    0.011,   -0.030,   -0.030
   81,2020090706,   -0.165,   -0.165,    0.000,    0.000,    0.000,    0.000,    0.001,    0.001,   -0.057,   -0.057,    0.000,    0.000,    0.000,    0.000,   -3.744,   -3.744,    0.224,    0.224,   -0.001,   -0.001,    0.011,    0.011,   -0.030,   -0.030
   81,2020090700,   -0.165,   -0.165,    0.000,    0.000,    0.000,    0.000,    0.002,    0.002,   -0.058,   -0.058,    0.000,    0.000,    0.000,    0.000,   -3.837,   -3.837,    0.224,    0.224,    0.000,    0.000,    0.012,    0.012,   -0.030,   -0.030
   81,2020090618,   -0.165,   -0.165,    0.000,    0.000,    0.000,    0.000,    0.002,    0.002,   -0.060,   -0.060,    0.000,    0.000,    0.000,    0.000,   -3.792,   -3.792,    0.224,    0.224,    0.001,    0.001,    0.011,    0.011,   -0.030,   -0.030
   81,2020090612,   -0.165,   -0.165,    0.000,    0.000,    0.000,    0.000,    0.002,    0.002,   -0.059,   -0.059,    0.000,    0.000,    0.000,    0.000,   -3.963,   -3.963,    0.224,    0.224,    0.001,    0.001,    0.012,    0.012,   -0.029,   -0.029
   81,2020090606,   -0.166,   -0.166,    0.000,    0.000,    0.000,    0.000,    0.003,    0.003,   -0.061,   -0.061,    0.000,    0.000,    0.000,    0.000,   -4.115,   -4.115,    0.223,    0.223,    0.001,    0.001,    0.011,    0.011,   -0.029,   -0.029
   81,2020090600,   -0.166,   -0.166,    0.000,    0.000,    0.000,    0.000,    0.003,    0.003,   -0.062,   -0.062,    0.000,    0.000,    0.000,    0.000,   -5.170,   -5.170,    0.224,    0.224,    0.000,    0.000,    0.011,    0.011,   -0.030,   -0.030
   81,2020090518,   -0.166,   -0.166,    0.000,    0.000,    0.000,    0.000,    0.003,    0.003,   -0.064,   -0.064,    0.000,    0.000,    0.000,    0.000,   -5.170,   -5.170,    0.224,    0.224,    0.000,    0.000,    0.011,    0.011,   -0.030,   -0.030
   81,2020090512,   -0.165,   -0.165,    0.000,    0.000,    0.000,    0.000,    0.004,    0.004,   -0.062,   -0.062,    0.000,    0.000,    0.000,    0.000,   -4.804,   -4.804,    0.224,    0.224,    0.000,    0.000,    0.011,    0.011,   -0.030,   -0.030
   81,2020090506,   -0.166,   -0.166,    0.000,    0.000,    0.000,    0.000,    0.003,    0.003,   -0.062,   -0.062,    0.000,    0.000,    0.000,    0.000,   -4.567,   -4.567,    0.225,    0.225,   -0.001,   -0.001,    0.012,    0.012,   -0.031,   -0.031
   81,2020090500,   -0.166,   -0.166,    0.000,    0.000,    0.000,    0.000,    0.003,    0.003,   -0.061,   -0.061,    0.000,    0.000,    0.000,    0.000,   -4.812,   -4.812,    0.225,    0.225,   -0.001,   -0.001,    0.012,    0.012,   -0.031,   -0.031
   81,2020090418,   -0.166,   -0.166,    0.000,    0.000,    0.000,    0.000,    0.004,    0.004,   -0.062,   -0.062,    0.000,    0.000,    0.000,    0.000,   -4.812,   -4.812,    0.224,    0.224,   -0.001,   -0.001,    0.011,    0.011,   -0.030,   -0.030
   81,2020090412,   -0.166,   -0.166,    0.000,    0.000,    0.000,    0.000,    0.003,    0.003,   -0.062,   -0.062,    0.000,    0.000,    0.000,    0.000,   -4.475,   -4.475,    0.225,    0.225,   -0.001,   -0.001,    0.012,    0.012,   -0.031,   -0.031
   81,2020090406,   -0.165,   -0.165,    0.000,    0.000,    0.000,    0.000,    0.003,    0.003,   -0.062,   -0.062,    0.000,    0.000,    0.000,    0.000,   -4.508,   -4.508,    0.224,    0.224,   -0.002,   -0.002,    0.011,    0.011,   -0.031,   -0.031
   81,2020090400,   -0.165,   -0.165,    0.000,    0.000,    0.000,    0.000,    0.002,    0.002,   -0.063,   -0.063,    0.000,    0.000,    0.000,    0.000,   -4.439,   -4.439,    0.224,    0.224,   -0.001,   -0.001,    0.011,    0.011,   -0.031,   -0.031
   81,2020090318,   -0.165,   -0.165,    0.000,    0.000,    0.000,    0.000,    0.001,    0.001,   -0.063,   -0.063,    0.000,    0.000,    0.000,    0.000,   -4.140,   -4.140,    0.225,    0.225,   -0.000,   -0.000,    0.012,    0.012,   -0.030,   -0.030
   81,2020090312,   -0.164,   -0.164,    0.000,    0.000,    0.000,    0.000,    0.001,    0.001,   -0.063,   -0.063,    0.000,    0.000,    0.000,    0.000,   -3.512,   -3.512,    0.225,    0.225,   -0.001,   -0.001,    0.012,    0.012,   -0.030,   -0.030
   81,2020090306,   -0.164,   -0.164,    0.000,    0.000,    0.000,    0.000,    0.000,    0.000,   -0.064,   -0.064,    0.000,    0.000,    0.000,    0.000,   -3.376,   -3.376,    0.225,    0.225,   -0.001,   -0.001,    0.012,    0.012,   -0.030,   -0.030
   81,2020090300,   -0.163,   -0.163,    0.000,    0.000,    0.000,    0.000,    0.002,    0.002,   -0.065,   -0.065,    0.000,    0.000,    0.000,    0.000,   -3.465,   -3.465,    0.225,    0.225,   -0.000,   -0.000,    0.012,    0.012,   -0.030,   -0.030
   81,2020090218,   -0.163,   -0.163,    0.000,    0.000,    0.000,    0.000,    0.000,    0.000,   -0.064,   -0.064,    0.000,    0.000,    0.000,    0.000,   -3.373,   -3.373,    0.224,    0.224,   -0.000,   -0.000,    0.011,    0.011,   -0.030,   -0.030
   81,2020090212,   -0.163,   -0.163,    0.000,    0.000,    0.000,    0.000,   -0.001,   -0.001,   -0.063,   -0.063,    0.000,    0.000,    0.000,    0.000,   -2.535,   -2.535,    0.225,    0.225,   -0.001,   -0.001,    0.012,    0.012,   -0.031,   -0.031
   81,2020090206,   -0.164,   -0.164,    0.000,    0.000,    0.000,    0.000,   -0.002,   -0.002,   -0.062,   -0.062,    0.000,    0.000,    0.000,    0.000,   -2.442,   -2.442,    0.224,    0.224,   -0.001,   -0.001,    0.011,    0.011,   -0.031,   -0.031
   81,2020090200,   -0.163,   -0.163,    0.000,    0.000,    0.000,    0.000,   -0.002,   -0.002,   -0.064,   -0.064,    0.000,    0.000,    0.000,    0.000,   -2.424,   -2.424,    0.225,    0.225,   -0.000,   -0.000,    0.012,    0.012,   -0.030,   -0.030
   81,2020090118,   -0.163,   -0.163,    0.000,    0.000,    0.000,    0.000,   -0.002,   -0.002,   -0.065,   -0.065,    0.000,    0.000,    0.000,    0.000,   -2.386,   -2.386,    0.224,    0.224,   -0.001,   -0.001,    0.011,    0.011,   -0.031,   -0.031
   81,2020090112,   -0.164,   -0.164,    0.000,    0.000,    0.000,    0.000,   -0.004,   -0.004,   -0.065,   -0.065,    0.000,    0.000,    0.000,    0.000,   -2.561,   -2.561,    0.224,    0.224,   -0.002,   -0.002,    0.010,    0.010,   -0.032,   -0.032
   81,2020090106,   -0.164,   -0.164,    0.000,    0.000,    0.000,    0.000,   -0.004,   -0.004,   -0.064,   -0.064,    0.000,    0.000,    0.000,    0.000,   -2.546,   -2.546,    0.223,    0.223,   -0.002,   -0.002,    0.010,    0.010,   -0.032,   -0.032
   81,2020090100,   -0.165,   -0.165,    0.000,    0.000,    0.000,    0.000,   -0.005,   -0.005,   -0.065,   -0.065,    0.000,    0.000,    0.000,    0.000,   -2.639,   -2.639,    0.223,    0.223,   -0.001,   -0.001,    0.009,    0.009,   -0.031,   -0.031
   81,2020083118,   -0.165,   -0.165,    0.000,    0.000,    0.000,    0.000,   -0.005,   -0.005,   -0.066,   -0.066,    0.000,    0.000,    0.000,    0.000,   -2.639,   -2.639,    0.222,    0.222,   -0.001,   -0.001,    0.009,    0.009,   -0.031,   -0.031
   81,2020083112,   -0.165,   -0.165,    0.000,    0.000,    0.000,    0.000,   -0.006,   -0.006,   -0.066,   -0.066,    0.000,    0.000,    0.000,    0.000,   -2.694,   -2.694,    0.222,    0.222,   -0.001,   -0.001,    0.008,    0.008,   -0.031,   -0.031
   81,2020083106,   -0.165,   -0.165,    0.000,    0.000,    0.000,    0.000,   -0.006,   -0.006,   -0.067,   -0.067,    0.000,    0.000,    0.000,    0.000,   -2.741,   -2.741,    0.221,    0.221,   -0.001,   -0.001,    0.008,    0.008,   -0.030,   -0.030
   81,2020083100,   -0.165,   -0.165,    0.000,    0.000,    0.000,    0.000,   -0.006,   -0.006,   -0.067,   -0.067,    0.000,    0.000,    0.000,    0.000,   -3.439,   -3.439,    0.222,    0.222,   -0.000,   -0.000,    0.008,    0.008,   -0.030,   -0.030
   81,2020083018,   -0.164,   -0.164,    0.000,    0.000,    0.000,    0.000,   -0.006,   -0.006,   -0.066,   -0.066,    0.000,    0.000,    0.000,    0.000,   -3.393,   -3.393,    0.222,    0.222,   -0.001,   -0.001,    0.008,    0.008,   -0.031,   -0.031
   81,2020083012,   -0.165,   -0.165,    0.000,    0.000,    0.000,    0.000,   -0.006,   -0.006,   -0.067,   -0.067,    0.000,    0.000,    0.000,    0.000,   -3.239,   -3.239,    0.222,    0.222,   -0.001,   -0.001,    0.008,    0.008,   -0.030,   -0.030
   81,2020083006,   -0.164,   -0.164,    0.000,    0.000,    0.000,    0.000,   -0.005,   -0.005,   -0.067,   -0.067,    0.000,    0.000,    0.000,    0.000,   -3.153,   -3.153,    0.222,    0.222,    0.000,    0.000,    0.009,    0.009,   -0.029,   -0.029
   81,2020083000,   -0.164,   -0.164,    0.000,    0.000,    0.000,    0.000,   -0.004,   -0.004,   -0.067,   -0.067,    0.000,    0.000,    0.000,    0.000,   -3.142,   -3.142,    0.221,    0.221,    0.001,    0.001,    0.008,    0.008,   -0.029,   -0.029
