  109,2020092000,   -0.114,   -0.114,    0.000,    0.000,    0.000,    0.000,    0.011,    0.011,   -0.091,   -0.091,    0.000,    0.000,    0.000,    0.000,   -0.112,   -0.112,    0.508,    0.508,   -0.006,   -0.006,   -0.456,   -0.456,   -0.005,   -0.005
  109,2020091918,   -0.115,   -0.115,    0.000,    0.000,    0.000,    0.000,    0.012,    0.012,   -0.092,   -0.092,    0.000,    0.000,    0.000,    0.000,   -0.112,   -0.112,    0.507,    0.507,   -0.006,   -0.006,   -0.456,   -0.456,   -0.005,   -0.005
  109,2020091912,   -0.114,   -0.114,    0.000,    0.000,    0.000,    0.000,    0.012,    0.012,   -0.091,   -0.091,    0.000,    0.000,    0.000,    0.000,   -0.115,   -0.115,    0.508,    0.508,   -0.006,   -0.006,   -0.455,   -0.455,   -0.005,   -0.005
  109,2020091906,   -0.114,   -0.114,    0.000,    0.000,    0.000,    0.000,    0.012,    0.012,   -0.092,   -0.092,    0.000,    0.000,    0.000,    0.000,   -0.113,   -0.113,    0.507,    0.507,   -0.005,   -0.005,   -0.456,   -0.456,   -0.005,   -0.005
  109,2020091900,   -0.115,   -0.115,    0.000,    0.000,    0.000,    0.000,    0.012,    0.012,   -0.092,   -0.092,    0.000,    0.000,    0.000,    0.000,   -0.112,   -0.112,    0.508,    0.508,   -0.005,   -0.005,   -0.455,   -0.455,   -0.005,   -0.005
  109,2020091818,   -0.115,   -0.115,    0.000,    0.000,    0.000,    0.000,    0.012,    0.012,   -0.092,   -0.092,    0.000,    0.000,    0.000,    0.000,   -0.112,   -0.112,    0.508,    0.508,   -0.004,   -0.004,   -0.455,   -0.455,   -0.004,   -0.004
  109,2020091812,   -0.114,   -0.114,    0.000,    0.000,    0.000,    0.000,    0.012,    0.012,   -0.091,   -0.091,    0.000,    0.000,    0.000,    0.000,   -0.115,   -0.115,    0.509,    0.509,   -0.005,   -0.005,   -0.454,   -0.454,   -0.005,   -0.005
  109,2020091806,   -0.115,   -0.115,    0.000,    0.000,    0.000,    0.000,    0.012,    0.012,   -0.093,   -0.093,    0.000,    0.000,    0.000,    0.000,   -0.113,   -0.113,    0.509,    0.509,   -0.006,   -0.006,   -0.454,   -0.454,   -0.005,   -0.005
  109,2020091800,   -0.115,   -0.115,    0.000,    0.000,    0.000,    0.000,    0.011,    0.011,   -0.094,   -0.094,    0.000,    0.000,    0.000,    0.000,   -0.112,   -0.112,    0.509,    0.509,   -0.005,   -0.005,   -0.455,   -0.455,   -0.005,   -0.005
  109,2020091718,   -0.115,   -0.115,    0.000,    0.000,    0.000,    0.000,    0.011,    0.011,   -0.093,   -0.093,    0.000,    0.000,    0.000,    0.000,   -0.113,   -0.113,    0.509,    0.509,   -0.005,   -0.005,   -0.454,   -0.454,   -0.005,   -0.005
  109,2020091712,   -0.114,   -0.114,    0.000,    0.000,    0.000,    0.000,    0.012,    0.012,   -0.093,   -0.093,    0.000,    0.000,    0.000,    0.000,   -0.116,   -0.116,    0.509,    0.509,   -0.006,   -0.006,   -0.454,   -0.454,   -0.005,   -0.005
  109,2020091706,   -0.115,   -0.115,    0.000,    0.000,    0.000,    0.000,    0.011,    0.011,   -0.095,   -0.095,    0.000,    0.000,    0.000,    0.000,   -0.114,   -0.114,    0.510,    0.510,   -0.006,   -0.006,   -0.454,   -0.454,   -0.005,   -0.005
  109,2020091700,   -0.115,   -0.115,    0.000,    0.000,    0.000,    0.000,    0.011,    0.011,   -0.094,   -0.094,    0.000,    0.000,    0.000,    0.000,   -0.114,   -0.114,    0.508,    0.508,   -0.005,   -0.005,   -0.455,   -0.455,   -0.005,   -0.005
  109,2020091618,   -0.116,   -0.116,    0.000,    0.000,    0.000,    0.000,    0.010,    0.010,   -0.095,   -0.095,    0.000,    0.000,    0.000,    0.000,   -0.116,   -0.116,    0.508,    0.508,   -0.005,   -0.005,   -0.455,   -0.455,   -0.004,   -0.004
  109,2020091612,   -0.115,   -0.115,    0.000,    0.000,    0.000,    0.000,    0.010,    0.010,   -0.094,   -0.094,    0.000,    0.000,    0.000,    0.000,   -0.120,   -0.120,    0.508,    0.508,   -0.005,   -0.005,   -0.455,   -0.455,   -0.004,   -0.004
  109,2020091606,   -0.117,   -0.117,    0.000,    0.000,    0.000,    0.000,    0.009,    0.009,   -0.095,   -0.095,    0.000,    0.000,    0.000,    0.000,   -0.119,   -0.119,    0.508,    0.508,   -0.005,   -0.005,   -0.455,   -0.455,   -0.005,   -0.005
  109,2020091600,   -0.116,   -0.116,    0.000,    0.000,    0.000,    0.000,    0.010,    0.010,   -0.095,   -0.095,    0.000,    0.000,    0.000,    0.000,   -0.119,   -0.119,    0.509,    0.509,   -0.005,   -0.005,   -0.455,   -0.455,   -0.004,   -0.004
  109,2020091518,   -0.116,   -0.116,    0.000,    0.000,    0.000,    0.000,    0.009,    0.009,   -0.095,   -0.095,    0.000,    0.000,    0.000,    0.000,   -0.120,   -0.120,    0.508,    0.508,   -0.005,   -0.005,   -0.455,   -0.455,   -0.005,   -0.005
  109,2020091512,   -0.116,   -0.116,    0.000,    0.000,    0.000,    0.000,    0.010,    0.010,   -0.094,   -0.094,    0.000,    0.000,    0.000,    0.000,   -0.121,   -0.121,    0.508,    0.508,   -0.005,   -0.005,   -0.455,   -0.455,   -0.005,   -0.005
  109,2020091506,   -0.117,   -0.117,    0.000,    0.000,    0.000,    0.000,    0.009,    0.009,   -0.095,   -0.095,    0.000,    0.000,    0.000,    0.000,   -0.121,   -0.121,    0.507,    0.507,   -0.005,   -0.005,   -0.455,   -0.455,   -0.005,   -0.005
  109,2020091500,   -0.117,   -0.117,    0.000,    0.000,    0.000,    0.000,    0.009,    0.009,   -0.096,   -0.096,    0.000,    0.000,    0.000,    0.000,   -0.123,   -0.123,    0.507,    0.507,   -0.005,   -0.005,   -0.455,   -0.455,   -0.005,   -0.005
  109,2020091418,   -0.117,   -0.117,    0.000,    0.000,    0.000,    0.000,    0.010,    0.010,   -0.095,   -0.095,    0.000,    0.000,    0.000,    0.000,   -0.122,   -0.122,    0.507,    0.507,   -0.005,   -0.005,   -0.456,   -0.456,   -0.005,   -0.005
  109,2020091412,   -0.117,   -0.117,    0.000,    0.000,    0.000,    0.000,    0.010,    0.010,   -0.094,   -0.094,    0.000,    0.000,    0.000,    0.000,   -0.127,   -0.127,    0.507,    0.507,   -0.005,   -0.005,   -0.456,   -0.456,   -0.005,   -0.005
  109,2020091406,   -0.117,   -0.117,    0.000,    0.000,    0.000,    0.000,    0.009,    0.009,   -0.094,   -0.094,    0.000,    0.000,    0.000,    0.000,   -0.126,   -0.126,    0.507,    0.507,   -0.004,   -0.004,   -0.456,   -0.456,   -0.004,   -0.004
  109,2020091400,   -0.117,   -0.117,    0.000,    0.000,    0.000,    0.000,    0.009,    0.009,   -0.095,   -0.095,    0.000,    0.000,    0.000,    0.000,   -0.125,   -0.125,    0.506,    0.506,   -0.005,   -0.005,   -0.456,   -0.456,   -0.005,   -0.005
  109,2020091318,   -0.117,   -0.117,    0.000,    0.000,    0.000,    0.000,    0.010,    0.010,   -0.094,   -0.094,    0.000,    0.000,    0.000,    0.000,   -0.125,   -0.125,    0.507,    0.507,   -0.005,   -0.005,   -0.455,   -0.455,   -0.005,   -0.005
  109,2020091312,   -0.116,   -0.116,    0.000,    0.000,    0.000,    0.000,    0.010,    0.010,   -0.093,   -0.093,    0.000,    0.000,    0.000,    0.000,   -0.127,   -0.127,    0.509,    0.509,   -0.005,   -0.005,   -0.454,   -0.454,   -0.006,   -0.006
  109,2020091306,   -0.116,   -0.116,    0.000,    0.000,    0.000,    0.000,    0.009,    0.009,   -0.094,   -0.094,    0.000,    0.000,    0.000,    0.000,   -0.128,   -0.128,    0.509,    0.509,   -0.005,   -0.005,   -0.454,   -0.454,   -0.005,   -0.005
  109,2020091300,   -0.117,   -0.117,    0.000,    0.000,    0.000,    0.000,    0.008,    0.008,   -0.094,   -0.094,    0.000,    0.000,    0.000,    0.000,   -0.126,   -0.126,    0.509,    0.509,   -0.004,   -0.004,   -0.454,   -0.454,   -0.005,   -0.005
  109,2020091218,   -0.117,   -0.117,    0.000,    0.000,    0.000,    0.000,    0.009,    0.009,   -0.094,   -0.094,    0.000,    0.000,    0.000,    0.000,   -0.127,   -0.127,    0.509,    0.509,   -0.005,   -0.005,   -0.454,   -0.454,   -0.005,   -0.005
  109,2020091212,   -0.116,   -0.116,    0.000,    0.000,    0.000,    0.000,    0.009,    0.009,   -0.093,   -0.093,    0.000,    0.000,    0.000,    0.000,   -0.127,   -0.127,    0.509,    0.509,   -0.005,   -0.005,   -0.453,   -0.453,   -0.005,   -0.005
  109,2020091206,   -0.117,   -0.117,    0.000,    0.000,    0.000,    0.000,    0.008,    0.008,   -0.095,   -0.095,    0.000,    0.000,    0.000,    0.000,   -0.125,   -0.125,    0.509,    0.509,   -0.004,   -0.004,   -0.454,   -0.454,   -0.005,   -0.005
  109,2020091200,   -0.118,   -0.118,    0.000,    0.000,    0.000,    0.000,    0.008,    0.008,   -0.095,   -0.095,    0.000,    0.000,    0.000,    0.000,   -0.124,   -0.124,    0.509,    0.509,   -0.004,   -0.004,   -0.454,   -0.454,   -0.004,   -0.004
  109,2020091118,   -0.118,   -0.118,    0.000,    0.000,    0.000,    0.000,    0.008,    0.008,   -0.095,   -0.095,    0.000,    0.000,    0.000,    0.000,   -0.126,   -0.126,    0.509,    0.509,   -0.005,   -0.005,   -0.454,   -0.454,   -0.005,   -0.005
  109,2020091112,   -0.117,   -0.117,    0.000,    0.000,    0.000,    0.000,    0.008,    0.008,   -0.096,   -0.096,    0.000,    0.000,    0.000,    0.000,   -0.129,   -0.129,    0.510,    0.510,   -0.006,   -0.006,   -0.453,   -0.453,   -0.006,   -0.006
  109,2020091106,   -0.118,   -0.118,    0.000,    0.000,    0.000,    0.000,    0.008,    0.008,   -0.096,   -0.096,    0.000,    0.000,    0.000,    0.000,   -0.127,   -0.127,    0.509,    0.509,   -0.005,   -0.005,   -0.453,   -0.453,   -0.006,   -0.006
  109,2020091100,   -0.117,   -0.117,    0.000,    0.000,    0.000,    0.000,    0.008,    0.008,   -0.096,   -0.096,    0.000,    0.000,    0.000,    0.000,   -0.130,   -0.130,    0.510,    0.510,   -0.005,   -0.005,   -0.453,   -0.453,   -0.006,   -0.006
  109,2020091018,   -0.117,   -0.117,    0.000,    0.000,    0.000,    0.000,    0.009,    0.009,   -0.096,   -0.096,    0.000,    0.000,    0.000,    0.000,   -0.131,   -0.131,    0.510,    0.510,   -0.005,   -0.005,   -0.453,   -0.453,   -0.006,   -0.006
  109,2020091012,   -0.117,   -0.117,    0.000,    0.000,    0.000,    0.000,    0.009,    0.009,   -0.095,   -0.095,    0.000,    0.000,    0.000,    0.000,   -0.134,   -0.134,    0.510,    0.510,   -0.005,   -0.005,   -0.453,   -0.453,   -0.006,   -0.006
  109,2020091006,   -0.118,   -0.118,    0.000,    0.000,    0.000,    0.000,    0.007,    0.007,   -0.096,   -0.096,    0.000,    0.000,    0.000,    0.000,   -0.132,   -0.132,    0.508,    0.508,   -0.006,   -0.006,   -0.454,   -0.454,   -0.006,   -0.006
  109,2020091000,   -0.118,   -0.118,    0.000,    0.000,    0.000,    0.000,    0.008,    0.008,   -0.096,   -0.096,    0.000,    0.000,    0.000,    0.000,   -0.132,   -0.132,    0.509,    0.509,   -0.005,   -0.005,   -0.454,   -0.454,   -0.006,   -0.006
  109,2020090918,   -0.118,   -0.118,    0.000,    0.000,    0.000,    0.000,    0.008,    0.008,   -0.096,   -0.096,    0.000,    0.000,    0.000,    0.000,   -0.133,   -0.133,    0.508,    0.508,   -0.006,   -0.006,   -0.454,   -0.454,   -0.006,   -0.006
  109,2020090912,   -0.118,   -0.118,    0.000,    0.000,    0.000,    0.000,    0.008,    0.008,   -0.095,   -0.095,    0.000,    0.000,    0.000,    0.000,   -0.134,   -0.134,    0.509,    0.509,   -0.005,   -0.005,   -0.454,   -0.454,   -0.005,   -0.005
  109,2020090906,   -0.119,   -0.119,    0.000,    0.000,    0.000,    0.000,    0.007,    0.007,   -0.097,   -0.097,    0.000,    0.000,    0.000,    0.000,   -0.131,   -0.131,    0.508,    0.508,   -0.004,   -0.004,   -0.454,   -0.454,   -0.005,   -0.005
  109,2020090900,   -0.118,   -0.118,    0.000,    0.000,    0.000,    0.000,    0.008,    0.008,   -0.097,   -0.097,    0.000,    0.000,    0.000,    0.000,   -0.131,   -0.131,    0.508,    0.508,   -0.004,   -0.004,   -0.454,   -0.454,   -0.005,   -0.005
  109,2020090818,   -0.120,   -0.120,    0.000,    0.000,    0.000,    0.000,    0.008,    0.008,   -0.097,   -0.097,    0.000,    0.000,    0.000,    0.000,   -0.131,   -0.131,    0.508,    0.508,   -0.006,   -0.006,   -0.455,   -0.455,   -0.006,   -0.006
  109,2020090812,   -0.120,   -0.120,    0.000,    0.000,    0.000,    0.000,    0.008,    0.008,   -0.096,   -0.096,    0.000,    0.000,    0.000,    0.000,   -0.134,   -0.134,    0.508,    0.508,   -0.006,   -0.006,   -0.454,   -0.454,   -0.006,   -0.006
  109,2020090806,   -0.121,   -0.121,    0.000,    0.000,    0.000,    0.000,    0.008,    0.008,   -0.096,   -0.096,    0.000,    0.000,    0.000,    0.000,   -0.132,   -0.132,    0.508,    0.508,   -0.006,   -0.006,   -0.455,   -0.455,   -0.007,   -0.007
  109,2020090800,   -0.121,   -0.121,    0.000,    0.000,    0.000,    0.000,    0.007,    0.007,   -0.097,   -0.097,    0.000,    0.000,    0.000,    0.000,   -0.130,   -0.130,    0.508,    0.508,   -0.005,   -0.005,   -0.455,   -0.455,   -0.006,   -0.006
  109,2020090718,   -0.121,   -0.121,    0.000,    0.000,    0.000,    0.000,    0.008,    0.008,   -0.096,   -0.096,    0.000,    0.000,    0.000,    0.000,   -0.132,   -0.132,    0.507,    0.507,   -0.005,   -0.005,   -0.455,   -0.455,   -0.006,   -0.006
  109,2020090712,   -0.121,   -0.121,    0.000,    0.000,    0.000,    0.000,    0.008,    0.008,   -0.096,   -0.096,    0.000,    0.000,    0.000,    0.000,   -0.134,   -0.134,    0.508,    0.508,   -0.006,   -0.006,   -0.454,   -0.454,   -0.006,   -0.006
  109,2020090706,   -0.122,   -0.122,    0.000,    0.000,    0.000,    0.000,    0.008,    0.008,   -0.097,   -0.097,    0.000,    0.000,    0.000,    0.000,   -0.134,   -0.134,    0.508,    0.508,   -0.005,   -0.005,   -0.454,   -0.454,   -0.005,   -0.005
  109,2020090700,   -0.122,   -0.122,    0.000,    0.000,    0.000,    0.000,    0.008,    0.008,   -0.097,   -0.097,    0.000,    0.000,    0.000,    0.000,   -0.130,   -0.130,    0.508,    0.508,   -0.006,   -0.006,   -0.454,   -0.454,   -0.006,   -0.006
  109,2020090618,   -0.122,   -0.122,    0.000,    0.000,    0.000,    0.000,    0.008,    0.008,   -0.097,   -0.097,    0.000,    0.000,    0.000,    0.000,   -0.133,   -0.133,    0.508,    0.508,   -0.005,   -0.005,   -0.455,   -0.455,   -0.006,   -0.006
  109,2020090612,   -0.121,   -0.121,    0.000,    0.000,    0.000,    0.000,    0.009,    0.009,   -0.095,   -0.095,    0.000,    0.000,    0.000,    0.000,   -0.136,   -0.136,    0.508,    0.508,   -0.005,   -0.005,   -0.454,   -0.454,   -0.005,   -0.005
  109,2020090606,   -0.121,   -0.121,    0.000,    0.000,    0.000,    0.000,    0.008,    0.008,   -0.096,   -0.096,    0.000,    0.000,    0.000,    0.000,   -0.134,   -0.134,    0.508,    0.508,   -0.005,   -0.005,   -0.454,   -0.454,   -0.005,   -0.005
  109,2020090600,   -0.121,   -0.121,    0.000,    0.000,    0.000,    0.000,    0.008,    0.008,   -0.095,   -0.095,    0.000,    0.000,    0.000,    0.000,   -0.135,   -0.135,    0.508,    0.508,   -0.005,   -0.005,   -0.454,   -0.454,   -0.005,   -0.005
  109,2020090518,   -0.121,   -0.121,    0.000,    0.000,    0.000,    0.000,    0.008,    0.008,   -0.095,   -0.095,    0.000,    0.000,    0.000,    0.000,   -0.136,   -0.136,    0.508,    0.508,   -0.005,   -0.005,   -0.455,   -0.455,   -0.005,   -0.005
  109,2020090512,   -0.121,   -0.121,    0.000,    0.000,    0.000,    0.000,    0.008,    0.008,   -0.095,   -0.095,    0.000,    0.000,    0.000,    0.000,   -0.138,   -0.138,    0.507,    0.507,   -0.005,   -0.005,   -0.455,   -0.455,   -0.005,   -0.005
  109,2020090506,   -0.123,   -0.123,    0.000,    0.000,    0.000,    0.000,    0.007,    0.007,   -0.096,   -0.096,    0.000,    0.000,    0.000,    0.000,   -0.137,   -0.137,    0.507,    0.507,   -0.005,   -0.005,   -0.455,   -0.455,   -0.005,   -0.005
  109,2020090500,   -0.122,   -0.122,    0.000,    0.000,    0.000,    0.000,    0.008,    0.008,   -0.096,   -0.096,    0.000,    0.000,    0.000,    0.000,   -0.137,   -0.137,    0.507,    0.507,   -0.004,   -0.004,   -0.455,   -0.455,   -0.005,   -0.005
  109,2020090418,   -0.123,   -0.123,    0.000,    0.000,    0.000,    0.000,    0.007,    0.007,   -0.096,   -0.096,    0.000,    0.000,    0.000,    0.000,   -0.137,   -0.137,    0.507,    0.507,   -0.005,   -0.005,   -0.455,   -0.455,   -0.006,   -0.006
  109,2020090412,   -0.123,   -0.123,    0.000,    0.000,    0.000,    0.000,    0.007,    0.007,   -0.096,   -0.096,    0.000,    0.000,    0.000,    0.000,   -0.143,   -0.143,    0.506,    0.506,   -0.005,   -0.005,   -0.455,   -0.455,   -0.006,   -0.006
  109,2020090406,   -0.123,   -0.123,    0.000,    0.000,    0.000,    0.000,    0.006,    0.006,   -0.096,   -0.096,    0.000,    0.000,    0.000,    0.000,   -0.142,   -0.142,    0.507,    0.507,   -0.004,   -0.004,   -0.455,   -0.455,   -0.005,   -0.005
  109,2020090400,   -0.123,   -0.123,    0.000,    0.000,    0.000,    0.000,    0.006,    0.006,   -0.096,   -0.096,    0.000,    0.000,    0.000,    0.000,   -0.139,   -0.139,    0.507,    0.507,   -0.004,   -0.004,   -0.455,   -0.455,   -0.005,   -0.005
  109,2020090318,   -0.124,   -0.124,    0.000,    0.000,    0.000,    0.000,    0.005,    0.005,   -0.096,   -0.096,    0.000,    0.000,    0.000,    0.000,   -0.139,   -0.139,    0.506,    0.506,   -0.003,   -0.003,   -0.456,   -0.456,   -0.005,   -0.005
  109,2020090312,   -0.124,   -0.124,    0.000,    0.000,    0.000,    0.000,    0.005,    0.005,   -0.095,   -0.095,    0.000,    0.000,    0.000,    0.000,   -0.141,   -0.141,    0.507,    0.507,   -0.004,   -0.004,   -0.456,   -0.456,   -0.005,   -0.005
  109,2020090306,   -0.125,   -0.125,    0.000,    0.000,    0.000,    0.000,    0.004,    0.004,   -0.096,   -0.096,    0.000,    0.000,    0.000,    0.000,   -0.141,   -0.141,    0.505,    0.505,   -0.005,   -0.005,   -0.457,   -0.457,   -0.006,   -0.006
  109,2020090300,   -0.126,   -0.126,    0.000,    0.000,    0.000,    0.000,    0.004,    0.004,   -0.097,   -0.097,    0.000,    0.000,    0.000,    0.000,   -0.142,   -0.142,    0.505,    0.505,   -0.005,   -0.005,   -0.457,   -0.457,   -0.006,   -0.006
  109,2020090218,   -0.125,   -0.125,    0.000,    0.000,    0.000,    0.000,    0.004,    0.004,   -0.096,   -0.096,    0.000,    0.000,    0.000,    0.000,   -0.143,   -0.143,    0.505,    0.505,   -0.005,   -0.005,   -0.457,   -0.457,   -0.006,   -0.006
  109,2020090212,   -0.125,   -0.125,    0.000,    0.000,    0.000,    0.000,    0.004,    0.004,   -0.095,   -0.095,    0.000,    0.000,    0.000,    0.000,   -0.151,   -0.151,    0.505,    0.505,   -0.005,   -0.005,   -0.457,   -0.457,   -0.006,   -0.006
  109,2020090206,   -0.126,   -0.126,    0.000,    0.000,    0.000,    0.000,    0.004,    0.004,   -0.095,   -0.095,    0.000,    0.000,    0.000,    0.000,   -0.151,   -0.151,    0.505,    0.505,   -0.005,   -0.005,   -0.457,   -0.457,   -0.006,   -0.006
  109,2020090200,   -0.126,   -0.126,    0.000,    0.000,    0.000,    0.000,    0.003,    0.003,   -0.096,   -0.096,    0.000,    0.000,    0.000,    0.000,   -0.151,   -0.151,    0.504,    0.504,   -0.005,   -0.005,   -0.458,   -0.458,   -0.006,   -0.006
  109,2020090118,   -0.125,   -0.125,    0.000,    0.000,    0.000,    0.000,    0.004,    0.004,   -0.095,   -0.095,    0.000,    0.000,    0.000,    0.000,   -0.154,   -0.154,    0.505,    0.505,   -0.005,   -0.005,   -0.457,   -0.457,   -0.006,   -0.006
  109,2020090112,   -0.125,   -0.125,    0.000,    0.000,    0.000,    0.000,    0.004,    0.004,   -0.095,   -0.095,    0.000,    0.000,    0.000,    0.000,   -0.160,   -0.160,    0.505,    0.505,   -0.004,   -0.004,   -0.457,   -0.457,   -0.005,   -0.005
  109,2020090106,   -0.127,   -0.127,    0.000,    0.000,    0.000,    0.000,    0.003,    0.003,   -0.095,   -0.095,    0.000,    0.000,    0.000,    0.000,   -0.161,   -0.161,    0.504,    0.504,   -0.003,   -0.003,   -0.457,   -0.457,   -0.005,   -0.005
  109,2020090100,   -0.127,   -0.127,    0.000,    0.000,    0.000,    0.000,    0.003,    0.003,   -0.096,   -0.096,    0.000,    0.000,    0.000,    0.000,   -0.160,   -0.160,    0.504,    0.504,   -0.003,   -0.003,   -0.457,   -0.457,   -0.005,   -0.005
  109,2020083118,   -0.127,   -0.127,    0.000,    0.000,    0.000,    0.000,    0.002,    0.002,   -0.096,   -0.096,    0.000,    0.000,    0.000,    0.000,   -0.162,   -0.162,    0.503,    0.503,   -0.003,   -0.003,   -0.458,   -0.458,   -0.004,   -0.004
  109,2020083112,   -0.128,   -0.128,    0.000,    0.000,    0.000,    0.000,    0.002,    0.002,   -0.096,   -0.096,    0.000,    0.000,    0.000,    0.000,   -0.165,   -0.165,    0.503,    0.503,   -0.003,   -0.003,   -0.458,   -0.458,   -0.005,   -0.005
  109,2020083106,   -0.128,   -0.128,    0.000,    0.000,    0.000,    0.000,    0.001,    0.001,   -0.097,   -0.097,    0.000,    0.000,    0.000,    0.000,   -0.163,   -0.163,    0.503,    0.503,   -0.004,   -0.004,   -0.458,   -0.458,   -0.006,   -0.006
  109,2020083100,   -0.128,   -0.128,    0.000,    0.000,    0.000,    0.000,    0.001,    0.001,   -0.097,   -0.097,    0.000,    0.000,    0.000,    0.000,   -0.165,   -0.165,    0.503,    0.503,   -0.003,   -0.003,   -0.458,   -0.458,   -0.004,   -0.004
  109,2020083018,   -0.128,   -0.128,    0.000,    0.000,    0.000,    0.000,    0.001,    0.001,   -0.097,   -0.097,    0.000,    0.000,    0.000,    0.000,   -0.166,   -0.166,    0.502,    0.502,   -0.002,   -0.002,   -0.459,   -0.459,   -0.004,   -0.004
  109,2020083012,   -0.129,   -0.129,    0.000,    0.000,    0.000,    0.000,    0.001,    0.001,   -0.096,   -0.096,    0.000,    0.000,    0.000,    0.000,   -0.167,   -0.167,    0.501,    0.501,   -0.003,   -0.003,   -0.460,   -0.460,   -0.005,   -0.005
  109,2020083006,   -0.129,   -0.129,    0.000,    0.000,    0.000,    0.000,    0.000,    0.000,   -0.096,   -0.096,    0.000,    0.000,    0.000,    0.000,   -0.166,   -0.166,    0.501,    0.501,   -0.004,   -0.004,   -0.460,   -0.460,   -0.006,   -0.006
  109,2020083000,   -0.129,   -0.129,    0.000,    0.000,    0.000,    0.000,    0.001,    0.001,   -0.095,   -0.095,    0.000,    0.000,    0.000,    0.000,   -0.165,   -0.165,    0.502,    0.502,   -0.003,   -0.003,   -0.459,   -0.459,   -0.005,   -0.005
