 2175,2020092000,   -0.205,   -0.205,    0.000,    0.000,    0.000,    0.000,    5.476,    5.476,   -5.229,   -5.229,    0.000,    0.000,    0.000,    0.000,   -0.004,   -0.004,    0.033,    0.033,    0.005,    0.005,    0.331,    0.331,    0.046,    0.046
 2175,2020091918,   -0.210,   -0.210,    0.000,    0.000,    0.000,    0.000,    5.354,    5.354,   -5.224,   -5.224,    0.000,    0.000,    0.000,    0.000,   -0.003,   -0.003,    0.037,    0.037,   -0.006,   -0.006,    0.331,    0.331,    0.040,    0.040
 2175,2020091912,   -0.202,   -0.202,    0.000,    0.000,    0.000,    0.000,    5.818,    5.818,   -5.150,   -5.150,    0.000,    0.000,    0.000,    0.000,   -0.001,   -0.001,    0.066,    0.066,    0.011,    0.011,    0.350,    0.350,    0.049,    0.049
 2175,2020091906,   -0.203,   -0.203,    0.000,    0.000,    0.000,    0.000,    5.613,    5.613,   -5.134,   -5.134,    0.000,    0.000,    0.000,    0.000,   -0.004,   -0.004,    0.059,    0.059,    0.013,    0.013,    0.349,    0.349,    0.047,    0.047
 2175,2020091900,   -0.205,   -0.205,    0.000,    0.000,    0.000,    0.000,    5.447,    5.447,   -5.142,   -5.142,    0.000,    0.000,    0.000,    0.000,   -0.004,   -0.004,    0.051,    0.051,    0.007,    0.007,    0.345,    0.345,    0.041,    0.041
 2175,2020091818,   -0.207,   -0.207,    0.000,    0.000,    0.000,    0.000,    5.498,    5.498,   -5.131,   -5.131,    0.000,    0.000,    0.000,    0.000,   -0.003,   -0.003,    0.050,    0.050,   -0.002,   -0.002,    0.343,    0.343,    0.035,    0.035
 2175,2020091812,   -0.205,   -0.205,    0.000,    0.000,    0.000,    0.000,    4.991,    4.991,   -5.198,   -5.198,    0.000,    0.000,    0.000,    0.000,   -0.001,   -0.001,    0.046,    0.046,   -0.006,   -0.006,    0.342,    0.342,    0.032,    0.032
 2175,2020091806,   -0.200,   -0.200,    0.000,    0.000,    0.000,    0.000,    5.323,    5.323,   -5.162,   -5.162,    0.000,    0.000,    0.000,    0.000,   -0.003,   -0.003,    0.061,    0.061,   -0.001,   -0.001,    0.351,    0.351,    0.034,    0.034
 2175,2020091800,   -0.204,   -0.204,    0.000,    0.000,    0.000,    0.000,    5.227,    5.227,   -5.216,   -5.216,    0.000,    0.000,    0.000,    0.000,   -0.003,   -0.003,    0.039,    0.039,    0.013,    0.013,    0.338,    0.338,    0.041,    0.041
 2175,2020091718,   -0.210,   -0.210,    0.000,    0.000,    0.000,    0.000,    5.174,    5.174,   -5.214,   -5.214,    0.000,    0.000,    0.000,    0.000,   -0.002,   -0.002,    0.032,    0.032,    0.015,    0.015,    0.332,    0.332,    0.045,    0.045
 2175,2020091712,   -0.207,   -0.207,    0.000,    0.000,    0.000,    0.000,    5.459,    5.459,   -5.233,   -5.233,    0.000,    0.000,    0.000,    0.000,   -0.001,   -0.001,    0.037,    0.037,    0.023,    0.023,    0.336,    0.336,    0.048,    0.048
 2175,2020091706,   -0.206,   -0.206,    0.000,    0.000,    0.000,    0.000,    5.590,    5.590,   -5.149,   -5.149,    0.000,    0.000,    0.000,    0.000,   -0.004,   -0.004,    0.047,    0.047,    0.023,    0.023,    0.343,    0.343,    0.051,    0.051
 2175,2020091700,   -0.208,   -0.208,    0.000,    0.000,    0.000,    0.000,    5.857,    5.857,   -5.145,   -5.145,    0.000,    0.000,    0.000,    0.000,   -0.003,   -0.003,    0.049,    0.049,    0.024,    0.024,    0.342,    0.342,    0.053,    0.053
 2175,2020091618,   -0.214,   -0.214,    0.000,    0.000,    0.000,    0.000,    5.449,    5.449,   -5.188,   -5.188,    0.000,    0.000,    0.000,    0.000,   -0.002,   -0.002,    0.035,    0.035,    0.028,    0.028,    0.333,    0.333,    0.054,    0.054
 2175,2020091612,   -0.214,   -0.214,    0.000,    0.000,    0.000,    0.000,    5.571,    5.571,   -5.228,   -5.228,    0.000,    0.000,    0.000,    0.000,   -0.000,   -0.000,    0.042,    0.042,    0.022,    0.022,    0.336,    0.336,    0.049,    0.049
 2175,2020091606,   -0.210,   -0.210,    0.000,    0.000,    0.000,    0.000,    5.835,    5.835,   -5.158,   -5.158,    0.000,    0.000,    0.000,    0.000,   -0.002,   -0.002,    0.056,    0.056,    0.002,    0.002,    0.348,    0.348,    0.036,    0.036
 2175,2020091600,   -0.213,   -0.213,    0.000,    0.000,    0.000,    0.000,    5.570,    5.570,   -5.137,   -5.137,    0.000,    0.000,    0.000,    0.000,   -0.003,   -0.003,    0.046,    0.046,   -0.006,   -0.006,    0.341,    0.341,    0.031,    0.031
 2175,2020091518,   -0.215,   -0.215,    0.000,    0.000,    0.000,    0.000,    5.698,    5.698,   -5.133,   -5.133,    0.000,    0.000,    0.000,    0.000,   -0.002,   -0.002,    0.043,    0.043,    0.007,    0.007,    0.338,    0.338,    0.037,    0.037
 2175,2020091512,   -0.217,   -0.217,    0.000,    0.000,    0.000,    0.000,    5.367,    5.367,   -5.175,   -5.175,    0.000,    0.000,    0.000,    0.000,   -0.001,   -0.001,    0.027,    0.027,    0.005,    0.005,    0.330,    0.330,    0.036,    0.036
 2175,2020091506,   -0.213,   -0.213,    0.000,    0.000,    0.000,    0.000,    5.787,    5.787,   -5.110,   -5.110,    0.000,    0.000,    0.000,    0.000,   -0.004,   -0.004,    0.039,    0.039,    0.002,    0.002,    0.338,    0.338,    0.032,    0.032
 2175,2020091500,   -0.218,   -0.218,    0.000,    0.000,    0.000,    0.000,    5.640,    5.640,   -5.082,   -5.082,    0.000,    0.000,    0.000,    0.000,   -0.004,   -0.004,    0.037,    0.037,   -0.003,   -0.003,    0.335,    0.335,    0.027,    0.027
 2175,2020091418,   -0.220,   -0.220,    0.000,    0.000,    0.000,    0.000,    5.456,    5.456,   -5.108,   -5.108,    0.000,    0.000,    0.000,    0.000,   -0.004,   -0.004,    0.027,    0.027,    0.008,    0.008,    0.329,    0.329,    0.031,    0.031
 2175,2020091412,   -0.222,   -0.222,    0.000,    0.000,    0.000,    0.000,    5.479,    5.479,   -5.120,   -5.120,    0.000,    0.000,    0.000,    0.000,   -0.003,   -0.003,    0.027,    0.027,    0.019,    0.019,    0.328,    0.328,    0.038,    0.038
 2175,2020091406,   -0.219,   -0.219,    0.000,    0.000,    0.000,    0.000,    5.780,    5.780,   -5.030,   -5.030,    0.000,    0.000,    0.000,    0.000,   -0.006,   -0.006,    0.041,    0.041,    0.017,    0.017,    0.337,    0.337,    0.034,    0.034
 2175,2020091400,   -0.225,   -0.225,    0.000,    0.000,    0.000,    0.000,    5.529,    5.529,   -5.038,   -5.038,    0.000,    0.000,    0.000,    0.000,   -0.005,   -0.005,    0.035,    0.035,    0.019,    0.019,    0.332,    0.332,    0.035,    0.035
 2175,2020091318,   -0.226,   -0.226,    0.000,    0.000,    0.000,    0.000,    5.701,    5.701,   -5.065,   -5.065,    0.000,    0.000,    0.000,    0.000,   -0.004,   -0.004,    0.036,    0.036,    0.005,    0.005,    0.331,    0.331,    0.028,    0.028
 2175,2020091312,   -0.222,   -0.222,    0.000,    0.000,    0.000,    0.000,    5.732,    5.732,   -5.073,   -5.073,    0.000,    0.000,    0.000,    0.000,   -0.002,   -0.002,    0.047,    0.047,    0.013,    0.013,    0.338,    0.338,    0.030,    0.030
 2175,2020091306,   -0.221,   -0.221,    0.000,    0.000,    0.000,    0.000,    6.091,    6.091,   -5.028,   -5.028,    0.000,    0.000,    0.000,    0.000,   -0.005,   -0.005,    0.048,    0.048,    0.012,    0.012,    0.340,    0.340,    0.029,    0.029
 2175,2020091300,   -0.228,   -0.228,    0.000,    0.000,    0.000,    0.000,    5.523,    5.523,   -5.108,   -5.108,    0.000,    0.000,    0.000,    0.000,   -0.006,   -0.006,    0.023,    0.023,    0.021,    0.021,    0.322,    0.322,    0.034,    0.034
 2175,2020091218,   -0.228,   -0.228,    0.000,    0.000,    0.000,    0.000,    5.610,    5.610,   -5.094,   -5.094,    0.000,    0.000,    0.000,    0.000,   -0.005,   -0.005,    0.035,    0.035,    0.018,    0.018,    0.328,    0.328,    0.033,    0.033
 2175,2020091212,   -0.224,   -0.224,    0.000,    0.000,    0.000,    0.000,    5.717,    5.717,   -5.088,   -5.088,    0.000,    0.000,    0.000,    0.000,   -0.004,   -0.004,    0.042,    0.042,    0.022,    0.022,    0.334,    0.334,    0.034,    0.034
 2175,2020091206,   -0.222,   -0.222,    0.000,    0.000,    0.000,    0.000,    5.980,    5.980,   -5.031,   -5.031,    0.000,    0.000,    0.000,    0.000,   -0.007,   -0.007,    0.050,    0.050,    0.017,    0.017,    0.340,    0.340,    0.034,    0.034
 2175,2020091200,   -0.223,   -0.223,    0.000,    0.000,    0.000,    0.000,    6.021,    6.021,   -5.028,   -5.028,    0.000,    0.000,    0.000,    0.000,   -0.007,   -0.007,    0.050,    0.050,    0.020,    0.020,    0.339,    0.339,    0.034,    0.034
 2175,2020091118,   -0.229,   -0.229,    0.000,    0.000,    0.000,    0.000,    6.008,    6.008,   -5.021,   -5.021,    0.000,    0.000,    0.000,    0.000,   -0.008,   -0.008,    0.040,    0.040,    0.016,    0.016,    0.331,    0.331,    0.034,    0.034
 2175,2020091112,   -0.229,   -0.229,    0.000,    0.000,    0.000,    0.000,    6.019,    6.019,   -5.039,   -5.039,    0.000,    0.000,    0.000,    0.000,   -0.005,   -0.005,    0.045,    0.045,    0.028,    0.028,    0.334,    0.334,    0.038,    0.038
 2175,2020091106,   -0.229,   -0.229,    0.000,    0.000,    0.000,    0.000,    6.246,    6.246,   -4.982,   -4.982,    0.000,    0.000,    0.000,    0.000,   -0.008,   -0.008,    0.046,    0.046,    0.016,    0.016,    0.337,    0.337,    0.030,    0.030
 2175,2020091100,   -0.232,   -0.232,    0.000,    0.000,    0.000,    0.000,    6.334,    6.334,   -4.974,   -4.974,    0.000,    0.000,    0.000,    0.000,   -0.008,   -0.008,    0.052,    0.052,    0.020,    0.020,    0.337,    0.337,    0.031,    0.031
 2175,2020091018,   -0.234,   -0.234,    0.000,    0.000,    0.000,    0.000,    6.370,    6.370,   -4.970,   -4.970,    0.000,    0.000,    0.000,    0.000,   -0.007,   -0.007,    0.051,    0.051,    0.001,    0.001,    0.336,    0.336,    0.021,    0.021
 2175,2020091012,   -0.235,   -0.235,    0.000,    0.000,    0.000,    0.000,    6.113,    6.113,   -5.026,   -5.026,    0.000,    0.000,    0.000,    0.000,   -0.006,   -0.006,    0.042,    0.042,    0.004,    0.004,    0.331,    0.331,    0.024,    0.024
 2175,2020091006,   -0.227,   -0.227,    0.000,    0.000,    0.000,    0.000,    6.719,    6.719,   -4.942,   -4.942,    0.000,    0.000,    0.000,    0.000,   -0.009,   -0.009,    0.062,    0.062,    0.020,    0.020,    0.346,    0.346,    0.029,    0.029
 2175,2020091000,   -0.227,   -0.227,    0.000,    0.000,    0.000,    0.000,    6.853,    6.853,   -4.950,   -4.950,    0.000,    0.000,    0.000,    0.000,   -0.009,   -0.009,    0.066,    0.066,    0.014,    0.014,    0.348,    0.348,    0.025,    0.025
 2175,2020090918,   -0.232,   -0.232,    0.000,    0.000,    0.000,    0.000,    6.709,    6.709,   -4.975,   -4.975,    0.000,    0.000,    0.000,    0.000,   -0.008,   -0.008,    0.050,    0.050,    0.022,    0.022,    0.338,    0.338,    0.032,    0.032
 2175,2020090912,   -0.230,   -0.230,    0.000,    0.000,    0.000,    0.000,    6.543,    6.543,   -5.020,   -5.020,    0.000,    0.000,    0.000,    0.000,   -0.006,   -0.006,    0.043,    0.043,    0.022,    0.022,    0.336,    0.336,    0.033,    0.033
 2175,2020090906,   -0.225,   -0.225,    0.000,    0.000,    0.000,    0.000,    7.242,    7.242,   -4.939,   -4.939,    0.000,    0.000,    0.000,    0.000,   -0.009,   -0.009,    0.073,    0.073,    0.026,    0.026,    0.351,    0.351,    0.034,    0.034
 2175,2020090900,   -0.228,   -0.228,    0.000,    0.000,    0.000,    0.000,    7.176,    7.176,   -4.953,   -4.953,    0.000,    0.000,    0.000,    0.000,   -0.007,   -0.007,    0.074,    0.074,    0.031,    0.031,    0.349,    0.349,    0.038,    0.038
 2175,2020090818,   -0.234,   -0.234,    0.000,    0.000,    0.000,    0.000,    7.204,    7.204,   -4.943,   -4.943,    0.000,    0.000,    0.000,    0.000,   -0.008,   -0.008,    0.064,    0.064,    0.023,    0.023,    0.341,    0.341,    0.033,    0.033
 2175,2020090812,   -0.233,   -0.233,    0.000,    0.000,    0.000,    0.000,    7.095,    7.095,   -5.001,   -5.001,    0.000,    0.000,    0.000,    0.000,   -0.006,   -0.006,    0.067,    0.067,    0.024,    0.024,    0.343,    0.343,    0.032,    0.032
 2175,2020090806,   -0.227,   -0.227,    0.000,    0.000,    0.000,    0.000,    7.573,    7.573,   -4.992,   -4.992,    0.000,    0.000,    0.000,    0.000,   -0.007,   -0.007,    0.080,    0.080,    0.018,    0.018,    0.352,    0.352,    0.027,    0.027
 2175,2020090800,   -0.235,   -0.235,    0.000,    0.000,    0.000,    0.000,    7.002,    7.002,   -5.068,   -5.068,    0.000,    0.000,    0.000,    0.000,   -0.008,   -0.008,    0.056,    0.056,    0.015,    0.015,    0.337,    0.337,    0.025,    0.025
 2175,2020090718,   -0.237,   -0.237,    0.000,    0.000,    0.000,    0.000,    6.979,    6.979,   -5.091,   -5.091,    0.000,    0.000,    0.000,    0.000,   -0.008,   -0.008,    0.053,    0.053,    0.011,    0.011,    0.333,    0.333,    0.021,    0.021
 2175,2020090712,   -0.233,   -0.233,    0.000,    0.000,    0.000,    0.000,    7.141,    7.141,   -5.081,   -5.081,    0.000,    0.000,    0.000,    0.000,   -0.006,   -0.006,    0.055,    0.055,    0.019,    0.019,    0.337,    0.337,    0.024,    0.024
 2175,2020090706,   -0.227,   -0.227,    0.000,    0.000,    0.000,    0.000,    7.462,    7.462,   -5.029,   -5.029,    0.000,    0.000,    0.000,    0.000,   -0.008,   -0.008,    0.065,    0.065,    0.019,    0.019,    0.348,    0.348,    0.025,    0.025
 2175,2020090700,   -0.232,   -0.232,    0.000,    0.000,    0.000,    0.000,    7.529,    7.529,   -5.051,   -5.051,    0.000,    0.000,    0.000,    0.000,   -0.008,   -0.008,    0.063,    0.063,    0.036,    0.036,    0.344,    0.344,    0.036,    0.036
 2175,2020090618,   -0.236,   -0.236,    0.000,    0.000,    0.000,    0.000,    7.225,    7.225,   -5.110,   -5.110,    0.000,    0.000,    0.000,    0.000,   -0.008,   -0.008,    0.047,    0.047,    0.039,    0.039,    0.333,    0.333,    0.036,    0.036
 2175,2020090612,   -0.238,   -0.238,    0.000,    0.000,    0.000,    0.000,    7.100,    7.100,   -5.148,   -5.148,    0.000,    0.000,    0.000,    0.000,   -0.007,   -0.007,    0.050,    0.050,    0.041,    0.041,    0.334,    0.334,    0.037,    0.037
 2175,2020090606,   -0.233,   -0.233,    0.000,    0.000,    0.000,    0.000,    7.722,    7.722,   -5.013,   -5.013,    0.000,    0.000,    0.000,    0.000,   -0.010,   -0.010,    0.079,    0.079,    0.042,    0.042,    0.354,    0.354,    0.035,    0.035
 2175,2020090600,   -0.238,   -0.238,    0.000,    0.000,    0.000,    0.000,    7.856,    7.856,   -4.994,   -4.994,    0.000,    0.000,    0.000,    0.000,   -0.010,   -0.010,    0.078,    0.078,    0.041,    0.041,    0.349,    0.349,    0.030,    0.030
 2175,2020090518,   -0.244,   -0.244,    0.000,    0.000,    0.000,    0.000,    7.480,    7.480,   -5.055,   -5.055,    0.000,    0.000,    0.000,    0.000,   -0.010,   -0.010,    0.061,    0.061,    0.035,    0.035,    0.337,    0.337,    0.028,    0.028
 2175,2020090512,   -0.244,   -0.244,    0.000,    0.000,    0.000,    0.000,    7.382,    7.382,   -5.072,   -5.072,    0.000,    0.000,    0.000,    0.000,   -0.009,   -0.009,    0.064,    0.064,    0.027,    0.027,    0.340,    0.340,    0.024,    0.024
 2175,2020090506,   -0.238,   -0.238,    0.000,    0.000,    0.000,    0.000,    7.731,    7.731,   -4.993,   -4.993,    0.000,    0.000,    0.000,    0.000,   -0.010,   -0.010,    0.081,    0.081,    0.027,    0.027,    0.354,    0.354,    0.024,    0.024
 2175,2020090500,   -0.240,   -0.240,    0.000,    0.000,    0.000,    0.000,    7.893,    7.893,   -4.994,   -4.994,    0.000,    0.000,    0.000,    0.000,   -0.012,   -0.012,    0.077,    0.077,    0.013,    0.013,    0.350,    0.350,    0.018,    0.018
 2175,2020090418,   -0.243,   -0.243,    0.000,    0.000,    0.000,    0.000,    7.730,    7.730,   -5.086,   -5.086,    0.000,    0.000,    0.000,    0.000,   -0.011,   -0.011,    0.074,    0.074,    0.011,    0.011,    0.347,    0.347,    0.017,    0.017
 2175,2020090412,   -0.245,   -0.245,    0.000,    0.000,    0.000,    0.000,    7.641,    7.641,   -5.128,   -5.128,    0.000,    0.000,    0.000,    0.000,   -0.010,   -0.010,    0.067,    0.067,    0.022,    0.022,    0.341,    0.341,    0.024,    0.024
 2175,2020090406,   -0.244,   -0.244,    0.000,    0.000,    0.000,    0.000,    8.051,    8.051,   -5.061,   -5.061,    0.000,    0.000,    0.000,    0.000,   -0.013,   -0.013,    0.080,    0.080,    0.023,    0.023,    0.348,    0.348,    0.024,    0.024
 2175,2020090400,   -0.250,   -0.250,    0.000,    0.000,    0.000,    0.000,    7.720,    7.720,   -5.091,   -5.091,    0.000,    0.000,    0.000,    0.000,   -0.013,   -0.013,    0.066,    0.066,    0.021,    0.021,    0.338,    0.338,    0.024,    0.024
 2175,2020090318,   -0.257,   -0.257,    0.000,    0.000,    0.000,    0.000,    7.635,    7.635,   -5.161,   -5.161,    0.000,    0.000,    0.000,    0.000,   -0.012,   -0.012,    0.051,    0.051,    0.021,    0.021,    0.325,    0.325,    0.024,    0.024
 2175,2020090312,   -0.252,   -0.252,    0.000,    0.000,    0.000,    0.000,    7.901,    7.901,   -5.197,   -5.197,    0.000,    0.000,    0.000,    0.000,   -0.010,   -0.010,    0.072,    0.072,    0.020,    0.020,    0.339,    0.339,    0.022,    0.022
 2175,2020090306,   -0.243,   -0.243,    0.000,    0.000,    0.000,    0.000,    8.606,    8.606,   -5.097,   -5.097,    0.000,    0.000,    0.000,    0.000,   -0.012,   -0.012,    0.104,    0.104,    0.019,    0.019,    0.362,    0.362,    0.022,    0.022
 2175,2020090300,   -0.250,   -0.250,    0.000,    0.000,    0.000,    0.000,    7.811,    7.811,   -5.202,   -5.202,    0.000,    0.000,    0.000,    0.000,   -0.011,   -0.011,    0.076,    0.076,    0.011,    0.011,    0.343,    0.343,    0.020,    0.020
 2175,2020090218,   -0.253,   -0.253,    0.000,    0.000,    0.000,    0.000,    7.349,    7.349,   -5.270,   -5.270,    0.000,    0.000,    0.000,    0.000,   -0.011,   -0.011,    0.056,    0.056,    0.018,    0.018,    0.333,    0.333,    0.024,    0.024
 2175,2020090212,   -0.250,   -0.250,    0.000,    0.000,    0.000,    0.000,    7.588,    7.588,   -5.296,   -5.296,    0.000,    0.000,    0.000,    0.000,   -0.009,   -0.009,    0.067,    0.067,    0.026,    0.026,    0.340,    0.340,    0.029,    0.029
 2175,2020090206,   -0.241,   -0.241,    0.000,    0.000,    0.000,    0.000,    8.372,    8.372,   -5.213,   -5.213,    0.000,    0.000,    0.000,    0.000,   -0.011,   -0.011,    0.098,    0.098,    0.026,    0.026,    0.359,    0.359,    0.027,    0.027
 2175,2020090200,   -0.243,   -0.243,    0.000,    0.000,    0.000,    0.000,    7.904,    7.904,   -5.327,   -5.327,    0.000,    0.000,    0.000,    0.000,   -0.011,   -0.011,    0.085,    0.085,    0.028,    0.028,    0.353,    0.353,    0.027,    0.027
 2175,2020090118,   -0.246,   -0.246,    0.000,    0.000,    0.000,    0.000,    7.660,    7.660,   -5.407,   -5.407,    0.000,    0.000,    0.000,    0.000,   -0.011,   -0.011,    0.062,    0.062,    0.032,    0.032,    0.339,    0.339,    0.027,    0.027
 2175,2020090112,   -0.247,   -0.247,    0.000,    0.000,    0.000,    0.000,    7.525,    7.525,   -5.503,   -5.503,    0.000,    0.000,    0.000,    0.000,   -0.009,   -0.009,    0.056,    0.056,    0.035,    0.035,    0.336,    0.336,    0.027,    0.027
 2175,2020090106,   -0.240,   -0.240,    0.000,    0.000,    0.000,    0.000,    8.180,    8.180,   -5.441,   -5.441,    0.000,    0.000,    0.000,    0.000,   -0.011,   -0.011,    0.078,    0.078,    0.039,    0.039,    0.353,    0.353,    0.029,    0.029
 2175,2020090100,   -0.244,   -0.244,    0.000,    0.000,    0.000,    0.000,    8.124,    8.124,   -5.505,   -5.505,    0.000,    0.000,    0.000,    0.000,   -0.011,   -0.011,    0.071,    0.071,    0.043,    0.043,    0.347,    0.347,    0.030,    0.030
 2175,2020083118,   -0.242,   -0.242,    0.000,    0.000,    0.000,    0.000,    8.029,    8.029,   -5.545,   -5.545,    0.000,    0.000,    0.000,    0.000,   -0.011,   -0.011,    0.069,    0.069,    0.051,    0.051,    0.348,    0.348,    0.035,    0.035
 2175,2020083112,   -0.243,   -0.243,    0.000,    0.000,    0.000,    0.000,    8.139,    8.139,   -5.604,   -5.604,    0.000,    0.000,    0.000,    0.000,   -0.010,   -0.010,    0.063,    0.063,    0.049,    0.049,    0.343,    0.343,    0.033,    0.033
 2175,2020083106,   -0.235,   -0.235,    0.000,    0.000,    0.000,    0.000,    8.583,    8.583,   -5.536,   -5.536,    0.000,    0.000,    0.000,    0.000,   -0.012,   -0.012,    0.085,    0.085,    0.055,    0.055,    0.360,    0.360,    0.035,    0.035
 2175,2020083100,   -0.243,   -0.243,    0.000,    0.000,    0.000,    0.000,    8.298,    8.298,   -5.623,   -5.623,    0.000,    0.000,    0.000,    0.000,   -0.012,   -0.012,    0.062,    0.062,    0.050,    0.050,    0.344,    0.344,    0.032,    0.032
 2175,2020083018,   -0.247,   -0.247,    0.000,    0.000,    0.000,    0.000,    8.032,    8.032,   -5.656,   -5.656,    0.000,    0.000,    0.000,    0.000,   -0.011,   -0.011,    0.049,    0.049,    0.046,    0.046,    0.334,    0.334,    0.028,    0.028
 2175,2020083012,   -0.248,   -0.248,    0.000,    0.000,    0.000,    0.000,    7.901,    7.901,   -5.753,   -5.753,    0.000,    0.000,    0.000,    0.000,   -0.006,   -0.006,    0.036,    0.036,    0.044,    0.044,    0.326,    0.326,    0.028,    0.028
 2175,2020083006,   -0.236,   -0.236,    0.000,    0.000,    0.000,    0.000,    8.416,    8.416,   -5.694,   -5.694,    0.000,    0.000,    0.000,    0.000,   -0.009,   -0.009,    0.066,    0.066,    0.045,    0.045,    0.348,    0.348,    0.029,    0.029
 2175,2020083000,   -0.240,   -0.240,    0.000,    0.000,    0.000,    0.000,    8.083,    8.083,   -5.799,   -5.799,    0.000,    0.000,    0.000,    0.000,    0.000,    0.000,    0.049,    0.049,    0.020,    0.020,    0.338,    0.338,    0.016,    0.016
