  486,2020092000,    0.185,    0.185,    0.000,    0.000,    0.000,    0.000,    0.250,    0.250,   -0.318,   -0.318,    0.000,    0.000,    0.000,    0.000,    0.002,    0.002,   -0.398,   -0.398,    0.007,    0.007,    0.143,    0.143,    0.006,    0.006
  486,2020091918,    0.186,    0.186,    0.000,    0.000,    0.000,    0.000,    0.248,    0.248,   -0.320,   -0.320,    0.000,    0.000,    0.000,    0.000,    0.002,    0.002,   -0.394,   -0.394,    0.009,    0.009,    0.145,    0.145,    0.007,    0.007
  486,2020091912,    0.186,    0.186,    0.000,    0.000,    0.000,    0.000,    0.252,    0.252,   -0.318,   -0.318,    0.000,    0.000,    0.000,    0.000,    0.003,    0.003,   -0.395,   -0.395,    0.008,    0.008,    0.145,    0.145,    0.007,    0.007
  486,2020091906,    0.187,    0.187,    0.000,    0.000,    0.000,    0.000,    0.250,    0.250,   -0.317,   -0.317,    0.000,    0.000,    0.000,    0.000,    0.002,    0.002,   -0.393,   -0.393,    0.011,    0.011,    0.146,    0.146,    0.008,    0.008
  486,2020091900,    0.186,    0.186,    0.000,    0.000,    0.000,    0.000,    0.248,    0.248,   -0.317,   -0.317,    0.000,    0.000,    0.000,    0.000,    0.001,    0.001,   -0.393,   -0.393,    0.010,    0.010,    0.146,    0.146,    0.008,    0.008
  486,2020091818,    0.188,    0.188,    0.000,    0.000,    0.000,    0.000,    0.249,    0.249,   -0.315,   -0.315,    0.000,    0.000,    0.000,    0.000,    0.002,    0.002,   -0.389,   -0.389,    0.011,    0.011,    0.149,    0.149,    0.009,    0.009
  486,2020091812,    0.186,    0.186,    0.000,    0.000,    0.000,    0.000,    0.248,    0.248,   -0.317,   -0.317,    0.000,    0.000,    0.000,    0.000,    0.002,    0.002,   -0.393,   -0.393,    0.011,    0.011,    0.147,    0.147,    0.009,    0.009
  486,2020091806,    0.186,    0.186,    0.000,    0.000,    0.000,    0.000,    0.248,    0.248,   -0.318,   -0.318,    0.000,    0.000,    0.000,    0.000,    0.002,    0.002,   -0.392,   -0.392,    0.009,    0.009,    0.147,    0.147,    0.008,    0.008
  486,2020091800,    0.185,    0.185,    0.000,    0.000,    0.000,    0.000,    0.246,    0.246,   -0.317,   -0.317,    0.000,    0.000,    0.000,    0.000,    0.002,    0.002,   -0.394,   -0.394,    0.008,    0.008,    0.145,    0.145,    0.007,    0.007
  486,2020091718,    0.187,    0.187,    0.000,    0.000,    0.000,    0.000,    0.247,    0.247,   -0.314,   -0.314,    0.000,    0.000,    0.000,    0.000,    0.003,    0.003,   -0.392,   -0.392,    0.009,    0.009,    0.148,    0.148,    0.007,    0.007
  486,2020091712,    0.187,    0.187,    0.000,    0.000,    0.000,    0.000,    0.251,    0.251,   -0.313,   -0.313,    0.000,    0.000,    0.000,    0.000,    0.003,    0.003,   -0.391,   -0.391,    0.009,    0.009,    0.148,    0.148,    0.007,    0.007
  486,2020091706,    0.187,    0.187,    0.000,    0.000,    0.000,    0.000,    0.251,    0.251,   -0.312,   -0.312,    0.000,    0.000,    0.000,    0.000,    0.002,    0.002,   -0.395,   -0.395,    0.007,    0.007,    0.146,    0.146,    0.006,    0.006
  486,2020091700,    0.187,    0.187,    0.000,    0.000,    0.000,    0.000,    0.251,    0.251,   -0.312,   -0.312,    0.000,    0.000,    0.000,    0.000,    0.002,    0.002,   -0.396,   -0.396,    0.007,    0.007,    0.145,    0.145,    0.006,    0.006
  486,2020091618,    0.188,    0.188,    0.000,    0.000,    0.000,    0.000,    0.251,    0.251,   -0.311,   -0.311,    0.000,    0.000,    0.000,    0.000,    0.002,    0.002,   -0.392,   -0.392,    0.008,    0.008,    0.148,    0.148,    0.007,    0.007
  486,2020091612,    0.188,    0.188,    0.000,    0.000,    0.000,    0.000,    0.251,    0.251,   -0.312,   -0.312,    0.000,    0.000,    0.000,    0.000,    0.003,    0.003,   -0.393,   -0.393,    0.009,    0.009,    0.147,    0.147,    0.007,    0.007
  486,2020091606,    0.187,    0.187,    0.000,    0.000,    0.000,    0.000,    0.255,    0.255,   -0.311,   -0.311,    0.000,    0.000,    0.000,    0.000,    0.002,    0.002,   -0.393,   -0.393,    0.010,    0.010,    0.146,    0.146,    0.007,    0.007
  486,2020091600,    0.186,    0.186,    0.000,    0.000,    0.000,    0.000,    0.252,    0.252,   -0.311,   -0.311,    0.000,    0.000,    0.000,    0.000,    0.001,    0.001,   -0.393,   -0.393,    0.011,    0.011,    0.146,    0.146,    0.008,    0.008
  486,2020091518,    0.187,    0.187,    0.000,    0.000,    0.000,    0.000,    0.252,    0.252,   -0.312,   -0.312,    0.000,    0.000,    0.000,    0.000,    0.002,    0.002,   -0.392,   -0.392,    0.010,    0.010,    0.147,    0.147,    0.007,    0.007
  486,2020091512,    0.186,    0.186,    0.000,    0.000,    0.000,    0.000,    0.252,    0.252,   -0.314,   -0.314,    0.000,    0.000,    0.000,    0.000,    0.003,    0.003,   -0.391,   -0.391,    0.009,    0.009,    0.147,    0.147,    0.006,    0.006
  486,2020091506,    0.186,    0.186,    0.000,    0.000,    0.000,    0.000,    0.252,    0.252,   -0.314,   -0.314,    0.000,    0.000,    0.000,    0.000,    0.002,    0.002,   -0.392,   -0.392,    0.008,    0.008,    0.146,    0.146,    0.006,    0.006
  486,2020091500,    0.186,    0.186,    0.000,    0.000,    0.000,    0.000,    0.251,    0.251,   -0.313,   -0.313,    0.000,    0.000,    0.000,    0.000,    0.001,    0.001,   -0.393,   -0.393,    0.007,    0.007,    0.146,    0.146,    0.005,    0.005
  486,2020091418,    0.186,    0.186,    0.000,    0.000,    0.000,    0.000,    0.247,    0.247,   -0.315,   -0.315,    0.000,    0.000,    0.000,    0.000,    0.002,    0.002,   -0.392,   -0.392,    0.008,    0.008,    0.147,    0.147,    0.006,    0.006
  486,2020091412,    0.186,    0.186,    0.000,    0.000,    0.000,    0.000,    0.247,    0.247,   -0.315,   -0.315,    0.000,    0.000,    0.000,    0.000,    0.003,    0.003,   -0.394,   -0.394,    0.009,    0.009,    0.146,    0.146,    0.006,    0.006
  486,2020091406,    0.185,    0.185,    0.000,    0.000,    0.000,    0.000,    0.246,    0.246,   -0.315,   -0.315,    0.000,    0.000,    0.000,    0.000,    0.002,    0.002,   -0.392,   -0.392,    0.008,    0.008,    0.146,    0.146,    0.005,    0.005
  486,2020091400,    0.184,    0.184,    0.000,    0.000,    0.000,    0.000,    0.245,    0.245,   -0.315,   -0.315,    0.000,    0.000,    0.000,    0.000,    0.001,    0.001,   -0.393,   -0.393,    0.008,    0.008,    0.145,    0.145,    0.006,    0.006
  486,2020091318,    0.185,    0.185,    0.000,    0.000,    0.000,    0.000,    0.246,    0.246,   -0.314,   -0.314,    0.000,    0.000,    0.000,    0.000,    0.002,    0.002,   -0.390,   -0.390,    0.010,    0.010,    0.147,    0.147,    0.008,    0.008
  486,2020091312,    0.185,    0.185,    0.000,    0.000,    0.000,    0.000,    0.244,    0.244,   -0.317,   -0.317,    0.000,    0.000,    0.000,    0.000,    0.002,    0.002,   -0.390,   -0.390,    0.011,    0.011,    0.147,    0.147,    0.008,    0.008
  486,2020091306,    0.185,    0.185,    0.000,    0.000,    0.000,    0.000,    0.245,    0.245,   -0.317,   -0.317,    0.000,    0.000,    0.000,    0.000,    0.002,    0.002,   -0.390,   -0.390,    0.011,    0.011,    0.148,    0.148,    0.008,    0.008
  486,2020091300,    0.184,    0.184,    0.000,    0.000,    0.000,    0.000,    0.242,    0.242,   -0.319,   -0.319,    0.000,    0.000,    0.000,    0.000,    0.001,    0.001,   -0.394,   -0.394,    0.010,    0.010,    0.145,    0.145,    0.007,    0.007
  486,2020091218,    0.184,    0.184,    0.000,    0.000,    0.000,    0.000,    0.242,    0.242,   -0.318,   -0.318,    0.000,    0.000,    0.000,    0.000,    0.002,    0.002,   -0.393,   -0.393,    0.010,    0.010,    0.146,    0.146,    0.007,    0.007
  486,2020091212,    0.184,    0.184,    0.000,    0.000,    0.000,    0.000,    0.243,    0.243,   -0.321,   -0.321,    0.000,    0.000,    0.000,    0.000,    0.003,    0.003,   -0.392,   -0.392,    0.010,    0.010,    0.146,    0.146,    0.007,    0.007
  486,2020091206,    0.184,    0.184,    0.000,    0.000,    0.000,    0.000,    0.244,    0.244,   -0.320,   -0.320,    0.000,    0.000,    0.000,    0.000,    0.003,    0.003,   -0.391,   -0.391,    0.009,    0.009,    0.147,    0.147,    0.007,    0.007
  486,2020091200,    0.184,    0.184,    0.000,    0.000,    0.000,    0.000,    0.245,    0.245,   -0.319,   -0.319,    0.000,    0.000,    0.000,    0.000,    0.002,    0.002,   -0.391,   -0.391,    0.009,    0.009,    0.147,    0.147,    0.007,    0.007
  486,2020091118,    0.185,    0.185,    0.000,    0.000,    0.000,    0.000,    0.248,    0.248,   -0.318,   -0.318,    0.000,    0.000,    0.000,    0.000,    0.004,    0.004,   -0.390,   -0.390,    0.009,    0.009,    0.149,    0.149,    0.007,    0.007
  486,2020091112,    0.185,    0.185,    0.000,    0.000,    0.000,    0.000,    0.250,    0.250,   -0.318,   -0.318,    0.000,    0.000,    0.000,    0.000,    0.004,    0.004,   -0.391,   -0.391,    0.009,    0.009,    0.148,    0.148,    0.007,    0.007
  486,2020091106,    0.184,    0.184,    0.000,    0.000,    0.000,    0.000,    0.248,    0.248,   -0.319,   -0.319,    0.000,    0.000,    0.000,    0.000,    0.003,    0.003,   -0.394,   -0.394,    0.010,    0.010,    0.146,    0.146,    0.007,    0.007
  486,2020091100,    0.183,    0.183,    0.000,    0.000,    0.000,    0.000,    0.251,    0.251,   -0.318,   -0.318,    0.000,    0.000,    0.000,    0.000,    0.002,    0.002,   -0.398,   -0.398,    0.010,    0.010,    0.144,    0.144,    0.008,    0.008
  486,2020091018,    0.183,    0.183,    0.000,    0.000,    0.000,    0.000,    0.247,    0.247,   -0.322,   -0.322,    0.000,    0.000,    0.000,    0.000,    0.003,    0.003,   -0.402,   -0.402,    0.011,    0.011,    0.142,    0.142,    0.008,    0.008
  486,2020091012,    0.183,    0.183,    0.000,    0.000,    0.000,    0.000,    0.252,    0.252,   -0.322,   -0.322,    0.000,    0.000,    0.000,    0.000,    0.003,    0.003,   -0.400,   -0.400,    0.009,    0.009,    0.143,    0.143,    0.007,    0.007
  486,2020091006,    0.183,    0.183,    0.000,    0.000,    0.000,    0.000,    0.252,    0.252,   -0.320,   -0.320,    0.000,    0.000,    0.000,    0.000,    0.003,    0.003,   -0.403,   -0.403,    0.011,    0.011,    0.141,    0.141,    0.008,    0.008
  486,2020091000,    0.182,    0.182,    0.000,    0.000,    0.000,    0.000,    0.257,    0.257,   -0.317,   -0.317,    0.000,    0.000,    0.000,    0.000,    0.002,    0.002,   -0.400,   -0.400,    0.009,    0.009,    0.142,    0.142,    0.006,    0.006
  486,2020090918,    0.183,    0.183,    0.000,    0.000,    0.000,    0.000,    0.260,    0.260,   -0.316,   -0.316,    0.000,    0.000,    0.000,    0.000,    0.003,    0.003,   -0.400,   -0.400,    0.008,    0.008,    0.142,    0.142,    0.006,    0.006
  486,2020090912,    0.182,    0.182,    0.000,    0.000,    0.000,    0.000,    0.260,    0.260,   -0.318,   -0.318,    0.000,    0.000,    0.000,    0.000,    0.003,    0.003,   -0.402,   -0.402,    0.008,    0.008,    0.141,    0.141,    0.005,    0.005
  486,2020090906,    0.182,    0.182,    0.000,    0.000,    0.000,    0.000,    0.261,    0.261,   -0.317,   -0.317,    0.000,    0.000,    0.000,    0.000,    0.002,    0.002,   -0.400,   -0.400,    0.012,    0.012,    0.142,    0.142,    0.008,    0.008
  486,2020090900,    0.181,    0.181,    0.000,    0.000,    0.000,    0.000,    0.259,    0.259,   -0.318,   -0.318,    0.000,    0.000,    0.000,    0.000,    0.002,    0.002,   -0.402,   -0.402,    0.010,    0.010,    0.141,    0.141,    0.007,    0.007
  486,2020090818,    0.181,    0.181,    0.000,    0.000,    0.000,    0.000,    0.264,    0.264,   -0.315,   -0.315,    0.000,    0.000,    0.000,    0.000,    0.003,    0.003,   -0.399,   -0.399,    0.011,    0.011,    0.143,    0.143,    0.008,    0.008
  486,2020090812,    0.181,    0.181,    0.000,    0.000,    0.000,    0.000,    0.265,    0.265,   -0.315,   -0.315,    0.000,    0.000,    0.000,    0.000,    0.003,    0.003,   -0.397,   -0.397,    0.011,    0.011,    0.143,    0.143,    0.008,    0.008
  486,2020090806,    0.181,    0.181,    0.000,    0.000,    0.000,    0.000,    0.266,    0.266,   -0.314,   -0.314,    0.000,    0.000,    0.000,    0.000,    0.002,    0.002,   -0.396,   -0.396,    0.010,    0.010,    0.144,    0.144,    0.007,    0.007
  486,2020090800,    0.180,    0.180,    0.000,    0.000,    0.000,    0.000,    0.267,    0.267,   -0.313,   -0.313,    0.000,    0.000,    0.000,    0.000,    0.002,    0.002,   -0.395,   -0.395,    0.008,    0.008,    0.145,    0.145,    0.006,    0.006
  486,2020090718,    0.181,    0.181,    0.000,    0.000,    0.000,    0.000,    0.270,    0.270,   -0.314,   -0.314,    0.000,    0.000,    0.000,    0.000,    0.003,    0.003,   -0.394,   -0.394,    0.007,    0.007,    0.146,    0.146,    0.006,    0.006
  486,2020090712,    0.180,    0.180,    0.000,    0.000,    0.000,    0.000,    0.269,    0.269,   -0.315,   -0.315,    0.000,    0.000,    0.000,    0.000,    0.003,    0.003,   -0.395,   -0.395,    0.008,    0.008,    0.145,    0.145,    0.007,    0.007
  486,2020090706,    0.181,    0.181,    0.000,    0.000,    0.000,    0.000,    0.272,    0.272,   -0.313,   -0.313,    0.000,    0.000,    0.000,    0.000,    0.003,    0.003,   -0.392,   -0.392,    0.006,    0.006,    0.147,    0.147,    0.005,    0.005
  486,2020090700,    0.179,    0.179,    0.000,    0.000,    0.000,    0.000,    0.270,    0.270,   -0.314,   -0.314,    0.000,    0.000,    0.000,    0.000,    0.002,    0.002,   -0.396,   -0.396,    0.006,    0.006,    0.145,    0.145,    0.005,    0.005
  486,2020090618,    0.181,    0.181,    0.000,    0.000,    0.000,    0.000,    0.273,    0.273,   -0.314,   -0.314,    0.000,    0.000,    0.000,    0.000,    0.003,    0.003,   -0.394,   -0.394,    0.006,    0.006,    0.147,    0.147,    0.005,    0.005
  486,2020090612,    0.181,    0.181,    0.000,    0.000,    0.000,    0.000,    0.273,    0.273,   -0.316,   -0.316,    0.000,    0.000,    0.000,    0.000,    0.004,    0.004,   -0.395,   -0.395,    0.006,    0.006,    0.146,    0.146,    0.005,    0.005
  486,2020090606,    0.181,    0.181,    0.000,    0.000,    0.000,    0.000,    0.273,    0.273,   -0.316,   -0.316,    0.000,    0.000,    0.000,    0.000,    0.003,    0.003,   -0.395,   -0.395,    0.008,    0.008,    0.146,    0.146,    0.007,    0.007
  486,2020090600,    0.180,    0.180,    0.000,    0.000,    0.000,    0.000,    0.272,    0.272,   -0.316,   -0.316,    0.000,    0.000,    0.000,    0.000,    0.003,    0.003,   -0.397,   -0.397,    0.006,    0.006,    0.145,    0.145,    0.005,    0.005
  486,2020090518,    0.181,    0.181,    0.000,    0.000,    0.000,    0.000,    0.274,    0.274,   -0.315,   -0.315,    0.000,    0.000,    0.000,    0.000,    0.004,    0.004,   -0.397,   -0.397,    0.003,    0.003,    0.145,    0.145,    0.004,    0.004
  486,2020090512,    0.180,    0.180,    0.000,    0.000,    0.000,    0.000,    0.270,    0.270,   -0.319,   -0.319,    0.000,    0.000,    0.000,    0.000,    0.004,    0.004,   -0.400,   -0.400,    0.006,    0.006,    0.143,    0.143,    0.006,    0.006
  486,2020090506,    0.180,    0.180,    0.000,    0.000,    0.000,    0.000,    0.274,    0.274,   -0.319,   -0.319,    0.000,    0.000,    0.000,    0.000,    0.003,    0.003,   -0.396,   -0.396,    0.007,    0.007,    0.145,    0.145,    0.006,    0.006
  486,2020090500,    0.179,    0.179,    0.000,    0.000,    0.000,    0.000,    0.271,    0.271,   -0.321,   -0.321,    0.000,    0.000,    0.000,    0.000,    0.003,    0.003,   -0.398,   -0.398,    0.007,    0.007,    0.143,    0.143,    0.006,    0.006
  486,2020090418,    0.181,    0.181,    0.000,    0.000,    0.000,    0.000,    0.274,    0.274,   -0.320,   -0.320,    0.000,    0.000,    0.000,    0.000,    0.004,    0.004,   -0.394,   -0.394,    0.007,    0.007,    0.146,    0.146,    0.006,    0.006
  486,2020090412,    0.180,    0.180,    0.000,    0.000,    0.000,    0.000,    0.272,    0.272,   -0.324,   -0.324,    0.000,    0.000,    0.000,    0.000,    0.004,    0.004,   -0.396,   -0.396,    0.007,    0.007,    0.145,    0.145,    0.005,    0.005
  486,2020090406,    0.180,    0.180,    0.000,    0.000,    0.000,    0.000,    0.275,    0.275,   -0.323,   -0.323,    0.000,    0.000,    0.000,    0.000,    0.004,    0.004,   -0.394,   -0.394,    0.008,    0.008,    0.146,    0.146,    0.005,    0.005
  486,2020090400,    0.180,    0.180,    0.000,    0.000,    0.000,    0.000,    0.272,    0.272,   -0.326,   -0.326,    0.000,    0.000,    0.000,    0.000,    0.003,    0.003,   -0.395,   -0.395,    0.006,    0.006,    0.146,    0.146,    0.005,    0.005
  486,2020090318,    0.181,    0.181,    0.000,    0.000,    0.000,    0.000,    0.274,    0.274,   -0.328,   -0.328,    0.000,    0.000,    0.000,    0.000,    0.005,    0.005,   -0.391,   -0.391,    0.008,    0.008,    0.148,    0.148,    0.006,    0.006
  486,2020090312,    0.181,    0.181,    0.000,    0.000,    0.000,    0.000,    0.272,    0.272,   -0.332,   -0.332,    0.000,    0.000,    0.000,    0.000,    0.005,    0.005,   -0.393,   -0.393,    0.007,    0.007,    0.147,    0.147,    0.005,    0.005
  486,2020090306,    0.180,    0.180,    0.000,    0.000,    0.000,    0.000,    0.272,    0.272,   -0.332,   -0.332,    0.000,    0.000,    0.000,    0.000,    0.004,    0.004,   -0.393,   -0.393,    0.007,    0.007,    0.146,    0.146,    0.005,    0.005
  486,2020090300,    0.180,    0.180,    0.000,    0.000,    0.000,    0.000,    0.271,    0.271,   -0.332,   -0.332,    0.000,    0.000,    0.000,    0.000,    0.004,    0.004,   -0.394,   -0.394,    0.004,    0.004,    0.146,    0.146,    0.003,    0.003
  486,2020090218,    0.180,    0.180,    0.000,    0.000,    0.000,    0.000,    0.272,    0.272,   -0.332,   -0.332,    0.000,    0.000,    0.000,    0.000,    0.005,    0.005,   -0.390,   -0.390,    0.006,    0.006,    0.148,    0.148,    0.004,    0.004
  486,2020090212,    0.180,    0.180,    0.000,    0.000,    0.000,    0.000,    0.269,    0.269,   -0.337,   -0.337,    0.000,    0.000,    0.000,    0.000,    0.005,    0.005,   -0.390,   -0.390,    0.008,    0.008,    0.148,    0.148,    0.004,    0.004
  486,2020090206,    0.179,    0.179,    0.000,    0.000,    0.000,    0.000,    0.262,    0.262,   -0.341,   -0.341,    0.000,    0.000,    0.000,    0.000,    0.005,    0.005,   -0.394,   -0.394,    0.007,    0.007,    0.146,    0.146,    0.004,    0.004
  486,2020090200,    0.179,    0.179,    0.000,    0.000,    0.000,    0.000,    0.263,    0.263,   -0.341,   -0.341,    0.000,    0.000,    0.000,    0.000,    0.004,    0.004,   -0.392,   -0.392,    0.009,    0.009,    0.147,    0.147,    0.005,    0.005
  486,2020090118,    0.178,    0.178,    0.000,    0.000,    0.000,    0.000,    0.262,    0.262,   -0.342,   -0.342,    0.000,    0.000,    0.000,    0.000,    0.006,    0.006,   -0.391,   -0.391,    0.010,    0.010,    0.148,    0.148,    0.005,    0.005
  486,2020090112,    0.179,    0.179,    0.000,    0.000,    0.000,    0.000,    0.267,    0.267,   -0.342,   -0.342,    0.000,    0.000,    0.000,    0.000,    0.006,    0.006,   -0.387,   -0.387,    0.012,    0.012,    0.150,    0.150,    0.006,    0.006
  486,2020090106,    0.178,    0.178,    0.000,    0.000,    0.000,    0.000,    0.265,    0.265,   -0.343,   -0.343,    0.000,    0.000,    0.000,    0.000,    0.006,    0.006,   -0.389,   -0.389,    0.011,    0.011,    0.149,    0.149,    0.006,    0.006
  486,2020090100,    0.177,    0.177,    0.000,    0.000,    0.000,    0.000,    0.266,    0.266,   -0.342,   -0.342,    0.000,    0.000,    0.000,    0.000,    0.005,    0.005,   -0.389,   -0.389,    0.012,    0.012,    0.148,    0.148,    0.007,    0.007
  486,2020083118,    0.178,    0.178,    0.000,    0.000,    0.000,    0.000,    0.269,    0.269,   -0.343,   -0.343,    0.000,    0.000,    0.000,    0.000,    0.006,    0.006,   -0.388,   -0.388,    0.012,    0.012,    0.149,    0.149,    0.007,    0.007
  486,2020083112,    0.178,    0.178,    0.000,    0.000,    0.000,    0.000,    0.270,    0.270,   -0.345,   -0.345,    0.000,    0.000,    0.000,    0.000,    0.006,    0.006,   -0.390,   -0.390,    0.011,    0.011,    0.148,    0.148,    0.006,    0.006
  486,2020083106,    0.178,    0.178,    0.000,    0.000,    0.000,    0.000,    0.271,    0.271,   -0.344,   -0.344,    0.000,    0.000,    0.000,    0.000,    0.007,    0.007,   -0.391,   -0.391,    0.011,    0.011,    0.148,    0.148,    0.007,    0.007
  486,2020083100,    0.179,    0.179,    0.000,    0.000,    0.000,    0.000,    0.269,    0.269,   -0.346,   -0.346,    0.000,    0.000,    0.000,    0.000,    0.007,    0.007,   -0.391,   -0.391,    0.009,    0.009,    0.148,    0.148,    0.006,    0.006
  486,2020083018,    0.178,    0.178,    0.000,    0.000,    0.000,    0.000,    0.261,    0.261,   -0.352,   -0.352,    0.000,    0.000,    0.000,    0.000,    0.009,    0.009,   -0.393,   -0.393,    0.009,    0.009,    0.147,    0.147,    0.006,    0.006
  486,2020083012,    0.178,    0.178,    0.000,    0.000,    0.000,    0.000,    0.257,    0.257,   -0.356,   -0.356,    0.000,    0.000,    0.000,    0.000,    0.011,    0.011,   -0.396,   -0.396,    0.009,    0.009,    0.145,    0.145,    0.006,    0.006
  486,2020083006,    0.177,    0.177,    0.000,    0.000,    0.000,    0.000,    0.257,    0.257,   -0.358,   -0.358,    0.000,    0.000,    0.000,    0.000,    0.014,    0.014,   -0.398,   -0.398,    0.009,    0.009,    0.144,    0.144,    0.006,    0.006
  486,2020083000,    0.178,    0.178,    0.000,    0.000,    0.000,    0.000,    0.254,    0.254,   -0.359,   -0.359,    0.000,    0.000,    0.000,    0.000,    0.062,    0.062,   -0.396,   -0.396,    0.012,    0.012,    0.145,    0.145,    0.008,    0.008
