  475,2020092000,    0.013,    0.013,    0.000,    0.000,    0.000,    0.000,    0.560,    0.560,   -0.523,   -0.523,    0.000,    0.000,    0.000,    0.000,    0.004,    0.004,   -0.501,   -0.501,    0.018,    0.018,    0.092,    0.092,    0.007,    0.007
  475,2020091918,    0.014,    0.014,    0.000,    0.000,    0.000,    0.000,    0.557,    0.557,   -0.525,   -0.525,    0.000,    0.000,    0.000,    0.000,    0.004,    0.004,   -0.497,   -0.497,    0.018,    0.018,    0.095,    0.095,    0.007,    0.007
  475,2020091912,    0.014,    0.014,    0.000,    0.000,    0.000,    0.000,    0.565,    0.565,   -0.522,   -0.522,    0.000,    0.000,    0.000,    0.000,    0.004,    0.004,   -0.498,   -0.498,    0.018,    0.018,    0.094,    0.094,    0.007,    0.007
  475,2020091906,    0.015,    0.015,    0.000,    0.000,    0.000,    0.000,    0.563,    0.563,   -0.521,   -0.521,    0.000,    0.000,    0.000,    0.000,    0.004,    0.004,   -0.497,   -0.497,    0.021,    0.021,    0.095,    0.095,    0.008,    0.008
  475,2020091900,    0.014,    0.014,    0.000,    0.000,    0.000,    0.000,    0.558,    0.558,   -0.522,   -0.522,    0.000,    0.000,    0.000,    0.000,    0.003,    0.003,   -0.497,   -0.497,    0.021,    0.021,    0.095,    0.095,    0.008,    0.008
  475,2020091818,    0.015,    0.015,    0.000,    0.000,    0.000,    0.000,    0.558,    0.558,   -0.521,   -0.521,    0.000,    0.000,    0.000,    0.000,    0.004,    0.004,   -0.493,   -0.493,    0.020,    0.020,    0.098,    0.098,    0.008,    0.008
  475,2020091812,    0.013,    0.013,    0.000,    0.000,    0.000,    0.000,    0.556,    0.556,   -0.524,   -0.524,    0.000,    0.000,    0.000,    0.000,    0.004,    0.004,   -0.496,   -0.496,    0.020,    0.020,    0.095,    0.095,    0.009,    0.009
  475,2020091806,    0.013,    0.013,    0.000,    0.000,    0.000,    0.000,    0.559,    0.559,   -0.524,   -0.524,    0.000,    0.000,    0.000,    0.000,    0.004,    0.004,   -0.496,   -0.496,    0.019,    0.019,    0.095,    0.095,    0.008,    0.008
  475,2020091800,    0.013,    0.013,    0.000,    0.000,    0.000,    0.000,    0.558,    0.558,   -0.523,   -0.523,    0.000,    0.000,    0.000,    0.000,    0.003,    0.003,   -0.497,   -0.497,    0.017,    0.017,    0.095,    0.095,    0.006,    0.006
  475,2020091718,    0.014,    0.014,    0.000,    0.000,    0.000,    0.000,    0.557,    0.557,   -0.520,   -0.520,    0.000,    0.000,    0.000,    0.000,    0.004,    0.004,   -0.495,   -0.495,    0.017,    0.017,    0.096,    0.096,    0.006,    0.006
  475,2020091712,    0.014,    0.014,    0.000,    0.000,    0.000,    0.000,    0.562,    0.562,   -0.520,   -0.520,    0.000,    0.000,    0.000,    0.000,    0.004,    0.004,   -0.495,   -0.495,    0.018,    0.018,    0.096,    0.096,    0.006,    0.006
  475,2020091706,    0.014,    0.014,    0.000,    0.000,    0.000,    0.000,    0.562,    0.562,   -0.519,   -0.519,    0.000,    0.000,    0.000,    0.000,    0.004,    0.004,   -0.500,   -0.500,    0.016,    0.016,    0.094,    0.094,    0.005,    0.005
  475,2020091700,    0.014,    0.014,    0.000,    0.000,    0.000,    0.000,    0.562,    0.562,   -0.519,   -0.519,    0.000,    0.000,    0.000,    0.000,    0.003,    0.003,   -0.501,   -0.501,    0.017,    0.017,    0.093,    0.093,    0.005,    0.005
  475,2020091618,    0.015,    0.015,    0.000,    0.000,    0.000,    0.000,    0.561,    0.561,   -0.518,   -0.518,    0.000,    0.000,    0.000,    0.000,    0.004,    0.004,   -0.498,   -0.498,    0.017,    0.017,    0.095,    0.095,    0.006,    0.006
  475,2020091612,    0.015,    0.015,    0.000,    0.000,    0.000,    0.000,    0.564,    0.564,   -0.518,   -0.518,    0.000,    0.000,    0.000,    0.000,    0.004,    0.004,   -0.498,   -0.498,    0.019,    0.019,    0.095,    0.095,    0.006,    0.006
  475,2020091606,    0.014,    0.014,    0.000,    0.000,    0.000,    0.000,    0.569,    0.569,   -0.516,   -0.516,    0.000,    0.000,    0.000,    0.000,    0.004,    0.004,   -0.499,   -0.499,    0.021,    0.021,    0.094,    0.094,    0.007,    0.007
  475,2020091600,    0.013,    0.013,    0.000,    0.000,    0.000,    0.000,    0.565,    0.565,   -0.517,   -0.517,    0.000,    0.000,    0.000,    0.000,    0.003,    0.003,   -0.498,   -0.498,    0.022,    0.022,    0.093,    0.093,    0.008,    0.008
  475,2020091518,    0.014,    0.014,    0.000,    0.000,    0.000,    0.000,    0.564,    0.564,   -0.519,   -0.519,    0.000,    0.000,    0.000,    0.000,    0.004,    0.004,   -0.498,   -0.498,    0.020,    0.020,    0.094,    0.094,    0.007,    0.007
  475,2020091512,    0.013,    0.013,    0.000,    0.000,    0.000,    0.000,    0.568,    0.568,   -0.519,   -0.519,    0.000,    0.000,    0.000,    0.000,    0.004,    0.004,   -0.497,   -0.497,    0.019,    0.019,    0.094,    0.094,    0.006,    0.006
  475,2020091506,    0.012,    0.012,    0.000,    0.000,    0.000,    0.000,    0.565,    0.565,   -0.520,   -0.520,    0.000,    0.000,    0.000,    0.000,    0.004,    0.004,   -0.498,   -0.498,    0.018,    0.018,    0.093,    0.093,    0.005,    0.005
  475,2020091500,    0.012,    0.012,    0.000,    0.000,    0.000,    0.000,    0.562,    0.562,   -0.521,   -0.521,    0.000,    0.000,    0.000,    0.000,    0.003,    0.003,   -0.498,   -0.498,    0.017,    0.017,    0.093,    0.093,    0.005,    0.005
  475,2020091418,    0.014,    0.014,    0.000,    0.000,    0.000,    0.000,    0.559,    0.559,   -0.522,   -0.522,    0.000,    0.000,    0.000,    0.000,    0.004,    0.004,   -0.498,   -0.498,    0.018,    0.018,    0.094,    0.094,    0.005,    0.005
  475,2020091412,    0.013,    0.013,    0.000,    0.000,    0.000,    0.000,    0.562,    0.562,   -0.521,   -0.521,    0.000,    0.000,    0.000,    0.000,    0.004,    0.004,   -0.500,   -0.500,    0.020,    0.020,    0.093,    0.093,    0.006,    0.006
  475,2020091406,    0.013,    0.013,    0.000,    0.000,    0.000,    0.000,    0.561,    0.561,   -0.520,   -0.520,    0.000,    0.000,    0.000,    0.000,    0.003,    0.003,   -0.497,   -0.497,    0.018,    0.018,    0.094,    0.094,    0.005,    0.005
  475,2020091400,    0.012,    0.012,    0.000,    0.000,    0.000,    0.000,    0.560,    0.560,   -0.519,   -0.519,    0.000,    0.000,    0.000,    0.000,    0.003,    0.003,   -0.497,   -0.497,    0.019,    0.019,    0.093,    0.093,    0.006,    0.006
  475,2020091318,    0.013,    0.013,    0.000,    0.000,    0.000,    0.000,    0.562,    0.562,   -0.518,   -0.518,    0.000,    0.000,    0.000,    0.000,    0.004,    0.004,   -0.494,   -0.494,    0.021,    0.021,    0.096,    0.096,    0.008,    0.008
  475,2020091312,    0.013,    0.013,    0.000,    0.000,    0.000,    0.000,    0.559,    0.559,   -0.521,   -0.521,    0.000,    0.000,    0.000,    0.000,    0.004,    0.004,   -0.493,   -0.493,    0.022,    0.022,    0.096,    0.096,    0.008,    0.008
  475,2020091306,    0.013,    0.013,    0.000,    0.000,    0.000,    0.000,    0.561,    0.561,   -0.521,   -0.521,    0.000,    0.000,    0.000,    0.000,    0.004,    0.004,   -0.492,   -0.492,    0.022,    0.022,    0.097,    0.097,    0.008,    0.008
  475,2020091300,    0.012,    0.012,    0.000,    0.000,    0.000,    0.000,    0.556,    0.556,   -0.523,   -0.523,    0.000,    0.000,    0.000,    0.000,    0.003,    0.003,   -0.496,   -0.496,    0.020,    0.020,    0.095,    0.095,    0.007,    0.007
  475,2020091218,    0.011,    0.011,    0.000,    0.000,    0.000,    0.000,    0.556,    0.556,   -0.523,   -0.523,    0.000,    0.000,    0.000,    0.000,    0.004,    0.004,   -0.497,   -0.497,    0.020,    0.020,    0.094,    0.094,    0.006,    0.006
  475,2020091212,    0.012,    0.012,    0.000,    0.000,    0.000,    0.000,    0.558,    0.558,   -0.525,   -0.525,    0.000,    0.000,    0.000,    0.000,    0.004,    0.004,   -0.495,   -0.495,    0.020,    0.020,    0.095,    0.095,    0.006,    0.006
  475,2020091206,    0.012,    0.012,    0.000,    0.000,    0.000,    0.000,    0.560,    0.560,   -0.524,   -0.524,    0.000,    0.000,    0.000,    0.000,    0.004,    0.004,   -0.495,   -0.495,    0.018,    0.018,    0.096,    0.096,    0.006,    0.006
  475,2020091200,    0.012,    0.012,    0.000,    0.000,    0.000,    0.000,    0.561,    0.561,   -0.522,   -0.522,    0.000,    0.000,    0.000,    0.000,    0.004,    0.004,   -0.495,   -0.495,    0.018,    0.018,    0.096,    0.096,    0.005,    0.005
  475,2020091118,    0.013,    0.013,    0.000,    0.000,    0.000,    0.000,    0.563,    0.563,   -0.522,   -0.522,    0.000,    0.000,    0.000,    0.000,    0.005,    0.005,   -0.495,   -0.495,    0.018,    0.018,    0.097,    0.097,    0.005,    0.005
  475,2020091112,    0.013,    0.013,    0.000,    0.000,    0.000,    0.000,    0.565,    0.565,   -0.521,   -0.521,    0.000,    0.000,    0.000,    0.000,    0.005,    0.005,   -0.496,   -0.496,    0.019,    0.019,    0.096,    0.096,    0.005,    0.005
  475,2020091106,    0.012,    0.012,    0.000,    0.000,    0.000,    0.000,    0.562,    0.562,   -0.523,   -0.523,    0.000,    0.000,    0.000,    0.000,    0.005,    0.005,   -0.501,   -0.501,    0.020,    0.020,    0.093,    0.093,    0.006,    0.006
  475,2020091100,    0.011,    0.011,    0.000,    0.000,    0.000,    0.000,    0.566,    0.566,   -0.522,   -0.522,    0.000,    0.000,    0.000,    0.000,    0.004,    0.004,   -0.505,   -0.505,    0.020,    0.020,    0.090,    0.090,    0.006,    0.006
  475,2020091018,    0.012,    0.012,    0.000,    0.000,    0.000,    0.000,    0.562,    0.562,   -0.526,   -0.526,    0.000,    0.000,    0.000,    0.000,    0.005,    0.005,   -0.510,   -0.510,    0.021,    0.021,    0.088,    0.088,    0.007,    0.007
  475,2020091012,    0.011,    0.011,    0.000,    0.000,    0.000,    0.000,    0.570,    0.570,   -0.526,   -0.526,    0.000,    0.000,    0.000,    0.000,    0.005,    0.005,   -0.507,   -0.507,    0.018,    0.018,    0.090,    0.090,    0.005,    0.005
  475,2020091006,    0.011,    0.011,    0.000,    0.000,    0.000,    0.000,    0.568,    0.568,   -0.525,   -0.525,    0.000,    0.000,    0.000,    0.000,    0.005,    0.005,   -0.510,   -0.510,    0.020,    0.020,    0.088,    0.088,    0.006,    0.006
  475,2020091000,    0.010,    0.010,    0.000,    0.000,    0.000,    0.000,    0.575,    0.575,   -0.522,   -0.522,    0.000,    0.000,    0.000,    0.000,    0.004,    0.004,   -0.506,   -0.506,    0.021,    0.021,    0.090,    0.090,    0.006,    0.006
  475,2020090918,    0.011,    0.011,    0.000,    0.000,    0.000,    0.000,    0.581,    0.581,   -0.519,   -0.519,    0.000,    0.000,    0.000,    0.000,    0.004,    0.004,   -0.505,   -0.505,    0.019,    0.019,    0.091,    0.091,    0.005,    0.005
  475,2020090912,    0.010,    0.010,    0.000,    0.000,    0.000,    0.000,    0.582,    0.582,   -0.522,   -0.522,    0.000,    0.000,    0.000,    0.000,    0.004,    0.004,   -0.505,   -0.505,    0.018,    0.018,    0.090,    0.090,    0.004,    0.004
  475,2020090906,    0.011,    0.011,    0.000,    0.000,    0.000,    0.000,    0.582,    0.582,   -0.521,   -0.521,    0.000,    0.000,    0.000,    0.000,    0.004,    0.004,   -0.502,   -0.502,    0.021,    0.021,    0.092,    0.092,    0.007,    0.007
  475,2020090900,    0.009,    0.009,    0.000,    0.000,    0.000,    0.000,    0.578,    0.578,   -0.523,   -0.523,    0.000,    0.000,    0.000,    0.000,    0.004,    0.004,   -0.503,   -0.503,    0.021,    0.021,    0.091,    0.091,    0.007,    0.007
  475,2020090818,    0.009,    0.009,    0.000,    0.000,    0.000,    0.000,    0.584,    0.584,   -0.521,   -0.521,    0.000,    0.000,    0.000,    0.000,    0.004,    0.004,   -0.500,   -0.500,    0.021,    0.021,    0.092,    0.092,    0.007,    0.007
  475,2020090812,    0.009,    0.009,    0.000,    0.000,    0.000,    0.000,    0.585,    0.585,   -0.521,   -0.521,    0.000,    0.000,    0.000,    0.000,    0.005,    0.005,   -0.499,   -0.499,    0.020,    0.020,    0.093,    0.093,    0.007,    0.007
  475,2020090806,    0.009,    0.009,    0.000,    0.000,    0.000,    0.000,    0.588,    0.588,   -0.520,   -0.520,    0.000,    0.000,    0.000,    0.000,    0.004,    0.004,   -0.496,   -0.496,    0.021,    0.021,    0.095,    0.095,    0.007,    0.007
  475,2020090800,    0.008,    0.008,    0.000,    0.000,    0.000,    0.000,    0.591,    0.591,   -0.519,   -0.519,    0.000,    0.000,    0.000,    0.000,    0.004,    0.004,   -0.494,   -0.494,    0.019,    0.019,    0.096,    0.096,    0.007,    0.007
  475,2020090718,    0.009,    0.009,    0.000,    0.000,    0.000,    0.000,    0.594,    0.594,   -0.520,   -0.520,    0.000,    0.000,    0.000,    0.000,    0.005,    0.005,   -0.493,   -0.493,    0.017,    0.017,    0.097,    0.097,    0.007,    0.007
  475,2020090712,    0.007,    0.007,    0.000,    0.000,    0.000,    0.000,    0.589,    0.589,   -0.523,   -0.523,    0.000,    0.000,    0.000,    0.000,    0.005,    0.005,   -0.494,   -0.494,    0.018,    0.018,    0.095,    0.095,    0.007,    0.007
  475,2020090706,    0.007,    0.007,    0.000,    0.000,    0.000,    0.000,    0.592,    0.592,   -0.521,   -0.521,    0.000,    0.000,    0.000,    0.000,    0.005,    0.005,   -0.492,   -0.492,    0.016,    0.016,    0.097,    0.097,    0.005,    0.005
  475,2020090700,    0.006,    0.006,    0.000,    0.000,    0.000,    0.000,    0.591,    0.591,   -0.523,   -0.523,    0.000,    0.000,    0.000,    0.000,    0.004,    0.004,   -0.495,   -0.495,    0.015,    0.015,    0.095,    0.095,    0.005,    0.005
  475,2020090618,    0.008,    0.008,    0.000,    0.000,    0.000,    0.000,    0.596,    0.596,   -0.522,   -0.522,    0.000,    0.000,    0.000,    0.000,    0.005,    0.005,   -0.493,   -0.493,    0.015,    0.015,    0.097,    0.097,    0.004,    0.004
  475,2020090612,    0.007,    0.007,    0.000,    0.000,    0.000,    0.000,    0.597,    0.597,   -0.525,   -0.525,    0.000,    0.000,    0.000,    0.000,    0.005,    0.005,   -0.494,   -0.494,    0.015,    0.015,    0.096,    0.096,    0.005,    0.005
  475,2020090606,    0.007,    0.007,    0.000,    0.000,    0.000,    0.000,    0.598,    0.598,   -0.525,   -0.525,    0.000,    0.000,    0.000,    0.000,    0.005,    0.005,   -0.494,   -0.494,    0.018,    0.018,    0.096,    0.096,    0.006,    0.006
  475,2020090600,    0.007,    0.007,    0.000,    0.000,    0.000,    0.000,    0.599,    0.599,   -0.525,   -0.525,    0.000,    0.000,    0.000,    0.000,    0.005,    0.005,   -0.495,   -0.495,    0.017,    0.017,    0.095,    0.095,    0.005,    0.005
  475,2020090518,    0.007,    0.007,    0.000,    0.000,    0.000,    0.000,    0.600,    0.600,   -0.525,   -0.525,    0.000,    0.000,    0.000,    0.000,    0.005,    0.005,   -0.496,   -0.496,    0.013,    0.013,    0.095,    0.095,    0.004,    0.004
  475,2020090512,    0.006,    0.006,    0.000,    0.000,    0.000,    0.000,    0.597,    0.597,   -0.529,   -0.529,    0.000,    0.000,    0.000,    0.000,    0.005,    0.005,   -0.498,   -0.498,    0.015,    0.015,    0.093,    0.093,    0.006,    0.006
  475,2020090506,    0.006,    0.006,    0.000,    0.000,    0.000,    0.000,    0.601,    0.601,   -0.529,   -0.529,    0.000,    0.000,    0.000,    0.000,    0.005,    0.005,   -0.495,   -0.495,    0.017,    0.017,    0.095,    0.095,    0.006,    0.006
  475,2020090500,    0.006,    0.006,    0.000,    0.000,    0.000,    0.000,    0.602,    0.602,   -0.530,   -0.530,    0.000,    0.000,    0.000,    0.000,    0.005,    0.005,   -0.495,   -0.495,    0.018,    0.018,    0.094,    0.094,    0.007,    0.007
  475,2020090418,    0.007,    0.007,    0.000,    0.000,    0.000,    0.000,    0.601,    0.601,   -0.530,   -0.530,    0.000,    0.000,    0.000,    0.000,    0.005,    0.005,   -0.492,   -0.492,    0.018,    0.018,    0.097,    0.097,    0.006,    0.006
  475,2020090412,    0.006,    0.006,    0.000,    0.000,    0.000,    0.000,    0.598,    0.598,   -0.534,   -0.534,    0.000,    0.000,    0.000,    0.000,    0.006,    0.006,   -0.494,   -0.494,    0.017,    0.017,    0.095,    0.095,    0.005,    0.005
  475,2020090406,    0.006,    0.006,    0.000,    0.000,    0.000,    0.000,    0.597,    0.597,   -0.534,   -0.534,    0.000,    0.000,    0.000,    0.000,    0.005,    0.005,   -0.493,   -0.493,    0.018,    0.018,    0.096,    0.096,    0.005,    0.005
  475,2020090400,    0.005,    0.005,    0.000,    0.000,    0.000,    0.000,    0.590,    0.590,   -0.540,   -0.540,    0.000,    0.000,    0.000,    0.000,    0.005,    0.005,   -0.493,   -0.493,    0.018,    0.018,    0.095,    0.095,    0.005,    0.005
  475,2020090318,    0.007,    0.007,    0.000,    0.000,    0.000,    0.000,    0.591,    0.591,   -0.542,   -0.542,    0.000,    0.000,    0.000,    0.000,    0.006,    0.006,   -0.490,   -0.490,    0.020,    0.020,    0.098,    0.098,    0.006,    0.006
  475,2020090312,    0.006,    0.006,    0.000,    0.000,    0.000,    0.000,    0.589,    0.589,   -0.547,   -0.547,    0.000,    0.000,    0.000,    0.000,    0.006,    0.006,   -0.492,   -0.492,    0.019,    0.019,    0.096,    0.096,    0.006,    0.006
  475,2020090306,    0.005,    0.005,    0.000,    0.000,    0.000,    0.000,    0.587,    0.587,   -0.547,   -0.547,    0.000,    0.000,    0.000,    0.000,    0.005,    0.005,   -0.492,   -0.492,    0.019,    0.019,    0.096,    0.096,    0.006,    0.006
  475,2020090300,    0.005,    0.005,    0.000,    0.000,    0.000,    0.000,    0.586,    0.586,   -0.548,   -0.548,    0.000,    0.000,    0.000,    0.000,    0.005,    0.005,   -0.491,   -0.491,    0.017,    0.017,    0.097,    0.097,    0.004,    0.004
  475,2020090218,    0.005,    0.005,    0.000,    0.000,    0.000,    0.000,    0.587,    0.587,   -0.548,   -0.548,    0.000,    0.000,    0.000,    0.000,    0.006,    0.006,   -0.488,   -0.488,    0.019,    0.019,    0.098,    0.098,    0.004,    0.004
  475,2020090212,    0.005,    0.005,    0.000,    0.000,    0.000,    0.000,    0.584,    0.584,   -0.554,   -0.554,    0.000,    0.000,    0.000,    0.000,    0.006,    0.006,   -0.488,   -0.488,    0.020,    0.020,    0.097,    0.097,    0.005,    0.005
  475,2020090206,    0.004,    0.004,    0.000,    0.000,    0.000,    0.000,    0.577,    0.577,   -0.558,   -0.558,    0.000,    0.000,    0.000,    0.000,    0.006,    0.006,   -0.491,   -0.491,    0.020,    0.020,    0.096,    0.096,    0.004,    0.004
  475,2020090200,    0.003,    0.003,    0.000,    0.000,    0.000,    0.000,    0.577,    0.577,   -0.558,   -0.558,    0.000,    0.000,    0.000,    0.000,    0.006,    0.006,   -0.489,   -0.489,    0.021,    0.021,    0.097,    0.097,    0.004,    0.004
  475,2020090118,    0.003,    0.003,    0.000,    0.000,    0.000,    0.000,    0.576,    0.576,   -0.559,   -0.559,    0.000,    0.000,    0.000,    0.000,    0.007,    0.007,   -0.488,   -0.488,    0.023,    0.023,    0.097,    0.097,    0.005,    0.005
  475,2020090112,    0.003,    0.003,    0.000,    0.000,    0.000,    0.000,    0.577,    0.577,   -0.562,   -0.562,    0.000,    0.000,    0.000,    0.000,    0.007,    0.007,   -0.486,   -0.486,    0.023,    0.023,    0.099,    0.099,    0.006,    0.006
  475,2020090106,    0.002,    0.002,    0.000,    0.000,    0.000,    0.000,    0.579,    0.579,   -0.562,   -0.562,    0.000,    0.000,    0.000,    0.000,    0.007,    0.007,   -0.488,   -0.488,    0.023,    0.023,    0.097,    0.097,    0.006,    0.006
  475,2020090100,    0.001,    0.001,    0.000,    0.000,    0.000,    0.000,    0.578,    0.578,   -0.562,   -0.562,    0.000,    0.000,    0.000,    0.000,    0.007,    0.007,   -0.489,   -0.489,    0.026,    0.026,    0.096,    0.096,    0.008,    0.008
  475,2020083118,    0.002,    0.002,    0.000,    0.000,    0.000,    0.000,    0.578,    0.578,   -0.564,   -0.564,    0.000,    0.000,    0.000,    0.000,    0.007,    0.007,   -0.487,   -0.487,    0.024,    0.024,    0.097,    0.097,    0.007,    0.007
  475,2020083112,    0.001,    0.001,    0.000,    0.000,    0.000,    0.000,    0.580,    0.580,   -0.566,   -0.566,    0.000,    0.000,    0.000,    0.000,    0.008,    0.008,   -0.489,   -0.489,    0.022,    0.022,    0.096,    0.096,    0.006,    0.006
  475,2020083106,    0.001,    0.001,    0.000,    0.000,    0.000,    0.000,    0.583,    0.583,   -0.563,   -0.563,    0.000,    0.000,    0.000,    0.000,    0.008,    0.008,   -0.489,   -0.489,    0.021,    0.021,    0.096,    0.096,    0.006,    0.006
  475,2020083100,    0.002,    0.002,    0.000,    0.000,    0.000,    0.000,    0.581,    0.581,   -0.566,   -0.566,    0.000,    0.000,    0.000,    0.000,    0.008,    0.008,   -0.488,   -0.488,    0.019,    0.019,    0.097,    0.097,    0.005,    0.005
  475,2020083018,    0.002,    0.002,    0.000,    0.000,    0.000,    0.000,    0.571,    0.571,   -0.571,   -0.571,    0.000,    0.000,    0.000,    0.000,    0.009,    0.009,   -0.491,   -0.491,    0.020,    0.020,    0.096,    0.096,    0.005,    0.005
  475,2020083012,    0.002,    0.002,    0.000,    0.000,    0.000,    0.000,    0.567,    0.567,   -0.576,   -0.576,    0.000,    0.000,    0.000,    0.000,    0.010,    0.010,   -0.494,   -0.494,    0.019,    0.019,    0.094,    0.094,    0.005,    0.005
  475,2020083006,    0.000,    0.000,    0.000,    0.000,    0.000,    0.000,    0.565,    0.565,   -0.578,   -0.578,    0.000,    0.000,    0.000,    0.000,    0.010,    0.010,   -0.496,   -0.496,    0.020,    0.020,    0.092,    0.092,    0.005,    0.005
  475,2020083000,    0.001,    0.001,    0.000,    0.000,    0.000,    0.000,    0.556,    0.556,   -0.583,   -0.583,    0.000,    0.000,    0.000,    0.000,    0.028,    0.028,   -0.495,   -0.495,    0.023,    0.023,    0.092,    0.092,    0.007,    0.007
