 1473,2020092000,   -0.168,   -0.168,    0.000,    0.000,    0.000,    0.000,   -0.036,   -0.036,   -0.066,   -0.066,    0.000,    0.000,    0.000,    0.000,   46.130,   46.130,    0.058,    0.058,   -0.018,   -0.018,   -0.032,   -0.032,   -0.018,   -0.018
 1473,2020091918,   -0.161,   -0.161,    0.000,    0.000,    0.000,    0.000,   -0.033,   -0.033,   -0.061,   -0.061,    0.000,    0.000,    0.000,    0.000,   46.169,   46.169,    0.077,    0.077,   -0.027,   -0.027,   -0.018,   -0.018,   -0.023,   -0.023
 1473,2020091912,   -0.165,   -0.165,    0.000,    0.000,    0.000,    0.000,   -0.034,   -0.034,   -0.062,   -0.062,    0.000,    0.000,    0.000,    0.000,   45.972,   45.972,    0.070,    0.070,   -0.025,   -0.025,   -0.025,   -0.025,   -0.020,   -0.020
 1473,2020091906,   -0.162,   -0.162,    0.000,    0.000,    0.000,    0.000,   -0.030,   -0.030,   -0.058,   -0.058,    0.000,    0.000,    0.000,    0.000,   45.998,   45.998,    0.074,    0.074,   -0.026,   -0.026,   -0.022,   -0.022,   -0.021,   -0.021
 1473,2020091900,   -0.161,   -0.161,    0.000,    0.000,    0.000,    0.000,   -0.030,   -0.030,   -0.060,   -0.060,    0.000,    0.000,    0.000,    0.000,   46.046,   46.046,    0.075,    0.075,   -0.028,   -0.028,   -0.021,   -0.021,   -0.022,   -0.022
 1473,2020091818,   -0.160,   -0.160,    0.000,    0.000,    0.000,    0.000,   -0.030,   -0.030,   -0.058,   -0.058,    0.000,    0.000,    0.000,    0.000,   46.026,   46.026,    0.073,    0.073,   -0.031,   -0.031,   -0.021,   -0.021,   -0.022,   -0.022
 1473,2020091812,   -0.162,   -0.162,    0.000,    0.000,    0.000,    0.000,   -0.028,   -0.028,   -0.057,   -0.057,    0.000,    0.000,    0.000,    0.000,   45.993,   45.993,    0.078,    0.078,   -0.026,   -0.026,   -0.019,   -0.019,   -0.018,   -0.018
 1473,2020091806,   -0.162,   -0.162,    0.000,    0.000,    0.000,    0.000,   -0.026,   -0.026,   -0.056,   -0.056,    0.000,    0.000,    0.000,    0.000,   46.213,   46.213,    0.077,    0.077,   -0.026,   -0.026,   -0.019,   -0.019,   -0.017,   -0.017
 1473,2020091800,   -0.160,   -0.160,    0.000,    0.000,    0.000,    0.000,   -0.021,   -0.021,   -0.055,   -0.055,    0.000,    0.000,    0.000,    0.000,   46.217,   46.217,    0.081,    0.081,   -0.027,   -0.027,   -0.015,   -0.015,   -0.017,   -0.017
 1473,2020091718,   -0.162,   -0.162,    0.000,    0.000,    0.000,    0.000,   -0.022,   -0.022,   -0.055,   -0.055,    0.000,    0.000,    0.000,    0.000,   46.317,   46.317,    0.081,    0.081,   -0.029,   -0.029,   -0.015,   -0.015,   -0.019,   -0.019
 1473,2020091712,   -0.162,   -0.162,    0.000,    0.000,    0.000,    0.000,   -0.022,   -0.022,   -0.055,   -0.055,    0.000,    0.000,    0.000,    0.000,   46.353,   46.353,    0.081,    0.081,   -0.023,   -0.023,   -0.015,   -0.015,   -0.014,   -0.014
 1473,2020091706,   -0.167,   -0.167,    0.000,    0.000,    0.000,    0.000,   -0.021,   -0.021,   -0.053,   -0.053,    0.000,    0.000,    0.000,    0.000,   46.330,   46.330,    0.080,    0.080,   -0.022,   -0.022,   -0.018,   -0.018,   -0.014,   -0.014
 1473,2020091700,   -0.167,   -0.167,    0.000,    0.000,    0.000,    0.000,   -0.021,   -0.021,   -0.056,   -0.056,    0.000,    0.000,    0.000,    0.000,   46.263,   46.263,    0.085,    0.085,   -0.023,   -0.023,   -0.016,   -0.016,   -0.013,   -0.013
 1473,2020091618,   -0.171,   -0.171,    0.000,    0.000,    0.000,    0.000,   -0.019,   -0.019,   -0.054,   -0.054,    0.000,    0.000,    0.000,    0.000,   46.017,   46.017,    0.084,    0.084,   -0.020,   -0.020,   -0.017,   -0.017,   -0.013,   -0.013
 1473,2020091612,   -0.172,   -0.172,    0.000,    0.000,    0.000,    0.000,   -0.018,   -0.018,   -0.055,   -0.055,    0.000,    0.000,    0.000,    0.000,   45.787,   45.787,    0.087,    0.087,   -0.018,   -0.018,   -0.015,   -0.015,   -0.011,   -0.011
 1473,2020091606,   -0.175,   -0.175,    0.000,    0.000,    0.000,    0.000,   -0.016,   -0.016,   -0.050,   -0.050,    0.000,    0.000,    0.000,    0.000,   45.747,   45.747,    0.092,    0.092,   -0.016,   -0.016,   -0.015,   -0.015,   -0.008,   -0.008
 1473,2020091600,   -0.176,   -0.176,    0.000,    0.000,    0.000,    0.000,   -0.017,   -0.017,   -0.055,   -0.055,    0.000,    0.000,    0.000,    0.000,   45.800,   45.800,    0.091,    0.091,   -0.020,   -0.020,   -0.016,   -0.016,   -0.011,   -0.011
 1473,2020091518,   -0.178,   -0.178,    0.000,    0.000,    0.000,    0.000,   -0.016,   -0.016,   -0.052,   -0.052,    0.000,    0.000,    0.000,    0.000,   45.783,   45.783,    0.088,    0.088,   -0.018,   -0.018,   -0.018,   -0.018,   -0.011,   -0.011
 1473,2020091512,   -0.177,   -0.177,    0.000,    0.000,    0.000,    0.000,   -0.017,   -0.017,   -0.055,   -0.055,    0.000,    0.000,    0.000,    0.000,   45.597,   45.597,    0.080,    0.080,   -0.022,   -0.022,   -0.022,   -0.022,   -0.013,   -0.013
 1473,2020091506,   -0.178,   -0.178,    0.000,    0.000,    0.000,    0.000,   -0.014,   -0.014,   -0.051,   -0.051,    0.000,    0.000,    0.000,    0.000,   45.402,   45.402,    0.079,    0.079,   -0.022,   -0.022,   -0.022,   -0.022,   -0.013,   -0.013
 1473,2020091500,   -0.181,   -0.181,    0.000,    0.000,    0.000,    0.000,   -0.016,   -0.016,   -0.058,   -0.058,    0.000,    0.000,    0.000,    0.000,   45.380,   45.380,    0.082,    0.082,   -0.027,   -0.027,   -0.020,   -0.020,   -0.016,   -0.016
 1473,2020091418,   -0.176,   -0.176,    0.000,    0.000,    0.000,    0.000,   -0.014,   -0.014,   -0.058,   -0.058,    0.000,    0.000,    0.000,    0.000,   45.349,   45.349,    0.094,    0.094,   -0.025,   -0.025,   -0.012,   -0.012,   -0.015,   -0.015
 1473,2020091412,   -0.182,   -0.182,    0.000,    0.000,    0.000,    0.000,   -0.018,   -0.018,   -0.062,   -0.062,    0.000,    0.000,    0.000,    0.000,   45.231,   45.231,    0.081,    0.081,   -0.018,   -0.018,   -0.022,   -0.022,   -0.012,   -0.012
 1473,2020091406,   -0.181,   -0.181,    0.000,    0.000,    0.000,    0.000,   -0.016,   -0.016,   -0.060,   -0.060,    0.000,    0.000,    0.000,    0.000,   45.154,   45.154,    0.087,    0.087,   -0.019,   -0.019,   -0.017,   -0.017,   -0.012,   -0.012
 1473,2020091400,   -0.187,   -0.187,    0.000,    0.000,    0.000,    0.000,   -0.018,   -0.018,   -0.066,   -0.066,    0.000,    0.000,    0.000,    0.000,   45.392,   45.392,    0.076,    0.076,   -0.019,   -0.019,   -0.026,   -0.026,   -0.014,   -0.014
 1473,2020091318,   -0.183,   -0.183,    0.000,    0.000,    0.000,    0.000,   -0.016,   -0.016,   -0.064,   -0.064,    0.000,    0.000,    0.000,    0.000,   45.365,   45.365,    0.085,    0.085,   -0.014,   -0.014,   -0.019,   -0.019,   -0.011,   -0.011
 1473,2020091312,   -0.188,   -0.188,    0.000,    0.000,    0.000,    0.000,   -0.019,   -0.019,   -0.066,   -0.066,    0.000,    0.000,    0.000,    0.000,   45.314,   45.314,    0.082,    0.082,   -0.015,   -0.015,   -0.021,   -0.021,   -0.011,   -0.011
 1473,2020091306,   -0.185,   -0.185,    0.000,    0.000,    0.000,    0.000,   -0.018,   -0.018,   -0.065,   -0.065,    0.000,    0.000,    0.000,    0.000,   46.178,   46.178,    0.084,    0.084,   -0.025,   -0.025,   -0.018,   -0.018,   -0.019,   -0.019
 1473,2020091300,   -0.189,   -0.189,    0.000,    0.000,    0.000,    0.000,   -0.020,   -0.020,   -0.068,   -0.068,    0.000,    0.000,    0.000,    0.000,   46.086,   46.086,    0.076,    0.076,   -0.024,   -0.024,   -0.025,   -0.025,   -0.017,   -0.017
 1473,2020091218,   -0.189,   -0.189,    0.000,    0.000,    0.000,    0.000,   -0.022,   -0.022,   -0.070,   -0.070,    0.000,    0.000,    0.000,    0.000,   46.018,   46.018,    0.076,    0.076,   -0.018,   -0.018,   -0.024,   -0.024,   -0.016,   -0.016
 1473,2020091212,   -0.193,   -0.193,    0.000,    0.000,    0.000,    0.000,   -0.024,   -0.024,   -0.072,   -0.072,    0.000,    0.000,    0.000,    0.000,   46.025,   46.025,    0.065,    0.065,   -0.017,   -0.017,   -0.032,   -0.032,   -0.014,   -0.014
 1473,2020091206,   -0.191,   -0.191,    0.000,    0.000,    0.000,    0.000,   -0.023,   -0.023,   -0.071,   -0.071,    0.000,    0.000,    0.000,    0.000,   46.259,   46.259,    0.070,    0.070,   -0.025,   -0.025,   -0.028,   -0.028,   -0.020,   -0.020
 1473,2020091200,   -0.194,   -0.194,    0.000,    0.000,    0.000,    0.000,   -0.026,   -0.026,   -0.075,   -0.075,    0.000,    0.000,    0.000,    0.000,   46.157,   46.157,    0.066,    0.066,   -0.024,   -0.024,   -0.032,   -0.032,   -0.018,   -0.018
 1473,2020091118,   -0.189,   -0.189,    0.000,    0.000,    0.000,    0.000,   -0.025,   -0.025,   -0.075,   -0.075,    0.000,    0.000,    0.000,    0.000,   46.055,   46.055,    0.075,    0.075,   -0.025,   -0.025,   -0.026,   -0.026,   -0.019,   -0.019
 1473,2020091112,   -0.193,   -0.193,    0.000,    0.000,    0.000,    0.000,   -0.025,   -0.025,   -0.075,   -0.075,    0.000,    0.000,    0.000,    0.000,   45.900,   45.900,    0.067,    0.067,   -0.030,   -0.030,   -0.031,   -0.031,   -0.022,   -0.022
 1473,2020091106,   -0.188,   -0.188,    0.000,    0.000,    0.000,    0.000,   -0.021,   -0.021,   -0.072,   -0.072,    0.000,    0.000,    0.000,    0.000,   45.743,   45.743,    0.075,    0.075,   -0.029,   -0.029,   -0.025,   -0.025,   -0.021,   -0.021
 1473,2020091100,   -0.188,   -0.188,    0.000,    0.000,    0.000,    0.000,   -0.021,   -0.021,   -0.075,   -0.075,    0.000,    0.000,    0.000,    0.000,   45.632,   45.632,    0.074,    0.074,   -0.022,   -0.022,   -0.025,   -0.025,   -0.017,   -0.017
 1473,2020091018,   -0.183,   -0.183,    0.000,    0.000,    0.000,    0.000,   -0.019,   -0.019,   -0.072,   -0.072,    0.000,    0.000,    0.000,    0.000,   45.524,   45.524,    0.081,    0.081,   -0.016,   -0.016,   -0.020,   -0.020,   -0.013,   -0.013
 1473,2020091012,   -0.188,   -0.188,    0.000,    0.000,    0.000,    0.000,   -0.020,   -0.020,   -0.071,   -0.071,    0.000,    0.000,    0.000,    0.000,   45.458,   45.458,    0.068,    0.068,   -0.018,   -0.018,   -0.030,   -0.030,   -0.013,   -0.013
 1473,2020091006,   -0.186,   -0.186,    0.000,    0.000,    0.000,    0.000,   -0.018,   -0.018,   -0.074,   -0.074,    0.000,    0.000,    0.000,    0.000,   45.497,   45.497,    0.073,    0.073,   -0.024,   -0.024,   -0.026,   -0.026,   -0.018,   -0.018
 1473,2020091000,   -0.192,   -0.192,    0.000,    0.000,    0.000,    0.000,   -0.020,   -0.020,   -0.076,   -0.076,    0.000,    0.000,    0.000,    0.000,   45.510,   45.510,    0.068,    0.068,   -0.022,   -0.022,   -0.032,   -0.032,   -0.015,   -0.015
 1473,2020090918,   -0.189,   -0.189,    0.000,    0.000,    0.000,    0.000,   -0.019,   -0.019,   -0.074,   -0.074,    0.000,    0.000,    0.000,    0.000,   45.414,   45.414,    0.074,    0.074,   -0.021,   -0.021,   -0.027,   -0.027,   -0.015,   -0.015
 1473,2020090912,   -0.194,   -0.194,    0.000,    0.000,    0.000,    0.000,   -0.021,   -0.021,   -0.072,   -0.072,    0.000,    0.000,    0.000,    0.000,   45.286,   45.286,    0.071,    0.071,   -0.022,   -0.022,   -0.030,   -0.030,   -0.015,   -0.015
 1473,2020090906,   -0.194,   -0.194,    0.000,    0.000,    0.000,    0.000,   -0.019,   -0.019,   -0.071,   -0.071,    0.000,    0.000,    0.000,    0.000,   45.372,   45.372,    0.070,    0.070,   -0.028,   -0.028,   -0.030,   -0.030,   -0.019,   -0.019
 1473,2020090900,   -0.195,   -0.195,    0.000,    0.000,    0.000,    0.000,   -0.020,   -0.020,   -0.074,   -0.074,    0.000,    0.000,    0.000,    0.000,   45.306,   45.306,    0.072,    0.072,   -0.032,   -0.032,   -0.030,   -0.030,   -0.022,   -0.022
 1473,2020090818,   -0.190,   -0.190,    0.000,    0.000,    0.000,    0.000,   -0.018,   -0.018,   -0.071,   -0.071,    0.000,    0.000,    0.000,    0.000,   45.199,   45.199,    0.077,    0.077,   -0.031,   -0.031,   -0.025,   -0.025,   -0.021,   -0.021
 1473,2020090812,   -0.193,   -0.193,    0.000,    0.000,    0.000,    0.000,   -0.018,   -0.018,   -0.071,   -0.071,    0.000,    0.000,    0.000,    0.000,   45.173,   45.173,    0.070,    0.070,   -0.028,   -0.028,   -0.030,   -0.030,   -0.019,   -0.019
 1473,2020090806,   -0.193,   -0.193,    0.000,    0.000,    0.000,    0.000,   -0.016,   -0.016,   -0.069,   -0.069,    0.000,    0.000,    0.000,    0.000,   45.248,   45.248,    0.069,    0.069,   -0.026,   -0.026,   -0.030,   -0.030,   -0.018,   -0.018
 1473,2020090800,   -0.194,   -0.194,    0.000,    0.000,    0.000,    0.000,   -0.017,   -0.017,   -0.072,   -0.072,    0.000,    0.000,    0.000,    0.000,   45.217,   45.217,    0.071,    0.071,   -0.020,   -0.020,   -0.030,   -0.030,   -0.014,   -0.014
 1473,2020090718,   -0.195,   -0.195,    0.000,    0.000,    0.000,    0.000,   -0.019,   -0.019,   -0.074,   -0.074,    0.000,    0.000,    0.000,    0.000,   45.200,   45.200,    0.076,    0.076,   -0.011,   -0.011,   -0.027,   -0.027,   -0.010,   -0.010
 1473,2020090712,   -0.197,   -0.197,    0.000,    0.000,    0.000,    0.000,   -0.020,   -0.020,   -0.075,   -0.075,    0.000,    0.000,    0.000,    0.000,   45.355,   45.355,    0.076,    0.076,   -0.009,   -0.009,   -0.028,   -0.028,   -0.009,   -0.009
 1473,2020090706,   -0.200,   -0.200,    0.000,    0.000,    0.000,    0.000,   -0.020,   -0.020,   -0.075,   -0.075,    0.000,    0.000,    0.000,    0.000,   45.271,   45.271,    0.073,    0.073,   -0.017,   -0.017,   -0.030,   -0.030,   -0.013,   -0.013
 1473,2020090700,   -0.199,   -0.199,    0.000,    0.000,    0.000,    0.000,   -0.022,   -0.022,   -0.077,   -0.077,    0.000,    0.000,    0.000,    0.000,   45.270,   45.270,    0.074,    0.074,   -0.023,   -0.023,   -0.029,   -0.029,   -0.017,   -0.017
 1473,2020090618,   -0.199,   -0.199,    0.000,    0.000,    0.000,    0.000,   -0.021,   -0.021,   -0.079,   -0.079,    0.000,    0.000,    0.000,    0.000,   45.222,   45.222,    0.078,    0.078,   -0.010,   -0.010,   -0.026,   -0.026,   -0.011,   -0.011
 1473,2020090612,   -0.195,   -0.195,    0.000,    0.000,    0.000,    0.000,   -0.019,   -0.019,   -0.079,   -0.079,    0.000,    0.000,    0.000,    0.000,   45.692,   45.692,    0.088,    0.088,   -0.013,   -0.013,   -0.019,   -0.019,   -0.013,   -0.013
 1473,2020090606,   -0.198,   -0.198,    0.000,    0.000,    0.000,    0.000,   -0.019,   -0.019,   -0.083,   -0.083,    0.000,    0.000,    0.000,    0.000,   45.641,   45.641,    0.085,    0.085,   -0.025,   -0.025,   -0.022,   -0.022,   -0.021,   -0.021
 1473,2020090600,   -0.200,   -0.200,    0.000,    0.000,    0.000,    0.000,   -0.020,   -0.020,   -0.083,   -0.083,    0.000,    0.000,    0.000,    0.000,   45.489,   45.489,    0.082,    0.082,   -0.026,   -0.026,   -0.024,   -0.024,   -0.022,   -0.022
 1473,2020090518,   -0.201,   -0.201,    0.000,    0.000,    0.000,    0.000,   -0.021,   -0.021,   -0.082,   -0.082,    0.000,    0.000,    0.000,    0.000,   45.482,   45.482,    0.088,    0.088,   -0.027,   -0.027,   -0.022,   -0.022,   -0.022,   -0.022
 1473,2020090512,   -0.200,   -0.200,    0.000,    0.000,    0.000,    0.000,   -0.019,   -0.019,   -0.084,   -0.084,    0.000,    0.000,    0.000,    0.000,   45.524,   45.524,    0.091,    0.091,   -0.026,   -0.026,   -0.020,   -0.020,   -0.020,   -0.020
 1473,2020090506,   -0.203,   -0.203,    0.000,    0.000,    0.000,    0.000,   -0.019,   -0.019,   -0.085,   -0.085,    0.000,    0.000,    0.000,    0.000,   45.475,   45.475,    0.087,    0.087,   -0.030,   -0.030,   -0.023,   -0.023,   -0.023,   -0.023
 1473,2020090500,   -0.203,   -0.203,    0.000,    0.000,    0.000,    0.000,   -0.019,   -0.019,   -0.083,   -0.083,    0.000,    0.000,    0.000,    0.000,   45.420,   45.420,    0.091,    0.091,   -0.022,   -0.022,   -0.021,   -0.021,   -0.019,   -0.019
 1473,2020090418,   -0.203,   -0.203,    0.000,    0.000,    0.000,    0.000,   -0.018,   -0.018,   -0.085,   -0.085,    0.000,    0.000,    0.000,    0.000,   45.419,   45.419,    0.089,    0.089,   -0.028,   -0.028,   -0.021,   -0.021,   -0.023,   -0.023
 1473,2020090412,   -0.203,   -0.203,    0.000,    0.000,    0.000,    0.000,   -0.016,   -0.016,   -0.084,   -0.084,    0.000,    0.000,    0.000,    0.000,   45.325,   45.325,    0.085,    0.085,   -0.025,   -0.025,   -0.023,   -0.023,   -0.021,   -0.021
 1473,2020090406,   -0.205,   -0.205,    0.000,    0.000,    0.000,    0.000,   -0.015,   -0.015,   -0.085,   -0.085,    0.000,    0.000,    0.000,    0.000,   45.335,   45.335,    0.081,    0.081,   -0.024,   -0.024,   -0.024,   -0.024,   -0.020,   -0.020
 1473,2020090400,   -0.207,   -0.207,    0.000,    0.000,    0.000,    0.000,   -0.018,   -0.018,   -0.085,   -0.085,    0.000,    0.000,    0.000,    0.000,   45.365,   45.365,    0.083,    0.083,   -0.021,   -0.021,   -0.025,   -0.025,   -0.018,   -0.018
 1473,2020090318,   -0.208,   -0.208,    0.000,    0.000,    0.000,    0.000,   -0.017,   -0.017,   -0.082,   -0.082,    0.000,    0.000,    0.000,    0.000,   45.023,   45.023,    0.087,    0.087,   -0.024,   -0.024,   -0.023,   -0.023,   -0.020,   -0.020
 1473,2020090312,   -0.211,   -0.211,    0.000,    0.000,    0.000,    0.000,   -0.018,   -0.018,   -0.083,   -0.083,    0.000,    0.000,    0.000,    0.000,   45.036,   45.036,    0.081,    0.081,   -0.028,   -0.028,   -0.028,   -0.028,   -0.024,   -0.024
 1473,2020090306,   -0.213,   -0.213,    0.000,    0.000,    0.000,    0.000,   -0.018,   -0.018,   -0.082,   -0.082,    0.000,    0.000,    0.000,    0.000,   45.087,   45.087,    0.089,    0.089,   -0.028,   -0.028,   -0.025,   -0.025,   -0.025,   -0.025
 1473,2020090300,   -0.215,   -0.215,    0.000,    0.000,    0.000,    0.000,   -0.018,   -0.018,   -0.079,   -0.079,    0.000,    0.000,    0.000,    0.000,   44.677,   44.677,    0.094,    0.094,   -0.037,   -0.037,   -0.023,   -0.023,   -0.030,   -0.030
 1473,2020090218,   -0.217,   -0.217,    0.000,    0.000,    0.000,    0.000,   -0.018,   -0.018,   -0.078,   -0.078,    0.000,    0.000,    0.000,    0.000,   44.475,   44.475,    0.094,    0.094,   -0.036,   -0.036,   -0.024,   -0.024,   -0.029,   -0.029
 1473,2020090212,   -0.214,   -0.214,    0.000,    0.000,    0.000,    0.000,   -0.016,   -0.016,   -0.078,   -0.078,    0.000,    0.000,    0.000,    0.000,   45.106,   45.106,    0.092,    0.092,   -0.027,   -0.027,   -0.024,   -0.024,   -0.024,   -0.024
 1473,2020090206,   -0.221,   -0.221,    0.000,    0.000,    0.000,    0.000,   -0.017,   -0.017,   -0.078,   -0.078,    0.000,    0.000,    0.000,    0.000,   45.202,   45.202,    0.091,    0.091,   -0.027,   -0.027,   -0.027,   -0.027,   -0.024,   -0.024
 1473,2020090200,   -0.219,   -0.219,    0.000,    0.000,    0.000,    0.000,   -0.016,   -0.016,   -0.077,   -0.077,    0.000,    0.000,    0.000,    0.000,   45.023,   45.023,    0.096,    0.096,   -0.027,   -0.027,   -0.023,   -0.023,   -0.024,   -0.024
 1473,2020090118,   -0.224,   -0.224,    0.000,    0.000,    0.000,    0.000,   -0.017,   -0.017,   -0.078,   -0.078,    0.000,    0.000,    0.000,    0.000,   45.037,   45.037,    0.091,    0.091,   -0.025,   -0.025,   -0.028,   -0.028,   -0.024,   -0.024
 1473,2020090112,   -0.218,   -0.218,    0.000,    0.000,    0.000,    0.000,   -0.013,   -0.013,   -0.077,   -0.077,    0.000,    0.000,    0.000,    0.000,   44.929,   44.929,    0.099,    0.099,   -0.024,   -0.024,   -0.021,   -0.021,   -0.023,   -0.023
 1473,2020090106,   -0.228,   -0.228,    0.000,    0.000,    0.000,    0.000,   -0.015,   -0.015,   -0.078,   -0.078,    0.000,    0.000,    0.000,    0.000,   44.929,   44.929,    0.082,    0.082,   -0.025,   -0.025,   -0.034,   -0.034,   -0.024,   -0.024
 1473,2020090100,   -0.224,   -0.224,    0.000,    0.000,    0.000,    0.000,   -0.015,   -0.015,   -0.077,   -0.077,    0.000,    0.000,    0.000,    0.000,   45.064,   45.064,    0.090,    0.090,   -0.027,   -0.027,   -0.028,   -0.028,   -0.025,   -0.025
 1473,2020083118,   -0.228,   -0.228,    0.000,    0.000,    0.000,    0.000,   -0.014,   -0.014,   -0.077,   -0.077,    0.000,    0.000,    0.000,    0.000,   44.860,   44.860,    0.088,    0.088,   -0.026,   -0.026,   -0.031,   -0.031,   -0.023,   -0.023
 1473,2020083112,   -0.225,   -0.225,    0.000,    0.000,    0.000,    0.000,   -0.011,   -0.011,   -0.079,   -0.079,    0.000,    0.000,    0.000,    0.000,   44.642,   44.642,    0.102,    0.102,   -0.027,   -0.027,   -0.021,   -0.021,   -0.026,   -0.026
 1473,2020083106,   -0.232,   -0.232,    0.000,    0.000,    0.000,    0.000,   -0.012,   -0.012,   -0.080,   -0.080,    0.000,    0.000,    0.000,    0.000,   44.402,   44.402,    0.101,    0.101,   -0.024,   -0.024,   -0.025,   -0.025,   -0.024,   -0.024
 1473,2020083100,   -0.233,   -0.233,    0.000,    0.000,    0.000,    0.000,   -0.014,   -0.014,   -0.082,   -0.082,    0.000,    0.000,    0.000,    0.000,   44.352,   44.352,    0.104,    0.104,   -0.030,   -0.030,   -0.023,   -0.023,   -0.027,   -0.027
 1473,2020083018,   -0.232,   -0.232,    0.000,    0.000,    0.000,    0.000,   -0.012,   -0.012,   -0.082,   -0.082,    0.000,    0.000,    0.000,    0.000,   43.346,   43.346,    0.101,    0.101,   -0.019,   -0.019,   -0.024,   -0.024,   -0.021,   -0.021
 1473,2020083012,   -0.229,   -0.229,    0.000,    0.000,    0.000,    0.000,   -0.009,   -0.009,   -0.082,   -0.082,    0.000,    0.000,    0.000,    0.000,   42.944,   42.944,    0.111,    0.111,   -0.023,   -0.023,   -0.017,   -0.017,   -0.023,   -0.023
 1473,2020083006,   -0.232,   -0.232,    0.000,    0.000,    0.000,    0.000,   -0.008,   -0.008,   -0.083,   -0.083,    0.000,    0.000,    0.000,    0.000,   42.986,   42.986,    0.108,    0.108,   -0.025,   -0.025,   -0.019,   -0.019,   -0.024,   -0.024
 1473,2020083000,   -0.232,   -0.232,    0.000,    0.000,    0.000,    0.000,   -0.008,   -0.008,   -0.084,   -0.084,    0.000,    0.000,    0.000,    0.000,   42.887,   42.887,    0.110,    0.110,   -0.035,   -0.035,   -0.018,   -0.018,   -0.033,   -0.033
