  242,2020092000,    0.065,    0.065,    0.000,    0.000,    0.000,    0.000,    0.093,    0.093,   -0.084,   -0.084,    0.000,    0.000,    0.000,    0.000,    0.001,    0.001,    0.150,    0.150,   -0.044,   -0.044,   -0.207,   -0.207,    0.039,    0.039
  242,2020091918,    0.065,    0.065,    0.000,    0.000,    0.000,    0.000,    0.093,    0.093,   -0.085,   -0.085,    0.000,    0.000,    0.000,    0.000,    0.002,    0.002,    0.151,    0.151,   -0.043,   -0.043,   -0.206,   -0.206,    0.039,    0.039
  242,2020091912,    0.065,    0.065,    0.000,    0.000,    0.000,    0.000,    0.095,    0.095,   -0.085,   -0.085,    0.000,    0.000,    0.000,    0.000,    0.001,    0.001,    0.151,    0.151,   -0.043,   -0.043,   -0.206,   -0.206,    0.039,    0.039
  242,2020091906,    0.065,    0.065,    0.000,    0.000,    0.000,    0.000,    0.094,    0.094,   -0.086,   -0.086,    0.000,    0.000,    0.000,    0.000,    0.001,    0.001,    0.150,    0.150,   -0.043,   -0.043,   -0.207,   -0.207,    0.040,    0.040
  242,2020091900,    0.064,    0.064,    0.000,    0.000,    0.000,    0.000,    0.095,    0.095,   -0.085,   -0.085,    0.000,    0.000,    0.000,    0.000,    0.001,    0.001,    0.149,    0.149,   -0.041,   -0.041,   -0.208,   -0.208,    0.040,    0.040
  242,2020091818,    0.064,    0.064,    0.000,    0.000,    0.000,    0.000,    0.094,    0.094,   -0.087,   -0.087,    0.000,    0.000,    0.000,    0.000,    0.001,    0.001,    0.146,    0.146,   -0.042,   -0.042,   -0.210,   -0.210,    0.040,    0.040
  242,2020091812,    0.065,    0.065,    0.000,    0.000,    0.000,    0.000,    0.096,    0.096,   -0.087,   -0.087,    0.000,    0.000,    0.000,    0.000,    0.001,    0.001,    0.148,    0.148,   -0.041,   -0.041,   -0.208,   -0.208,    0.041,    0.041
  242,2020091806,    0.065,    0.065,    0.000,    0.000,    0.000,    0.000,    0.097,    0.097,   -0.088,   -0.088,    0.000,    0.000,    0.000,    0.000,    0.001,    0.001,    0.150,    0.150,   -0.041,   -0.041,   -0.208,   -0.208,    0.041,    0.041
  242,2020091800,    0.064,    0.064,    0.000,    0.000,    0.000,    0.000,    0.096,    0.096,   -0.088,   -0.088,    0.000,    0.000,    0.000,    0.000,    0.001,    0.001,    0.151,    0.151,   -0.042,   -0.042,   -0.207,   -0.207,    0.040,    0.040
  242,2020091718,    0.064,    0.064,    0.000,    0.000,    0.000,    0.000,    0.096,    0.096,   -0.089,   -0.089,    0.000,    0.000,    0.000,    0.000,    0.001,    0.001,    0.152,    0.152,   -0.043,   -0.043,   -0.207,   -0.207,    0.040,    0.040
  242,2020091712,    0.064,    0.064,    0.000,    0.000,    0.000,    0.000,    0.096,    0.096,   -0.089,   -0.089,    0.000,    0.000,    0.000,    0.000,    0.001,    0.001,    0.154,    0.154,   -0.044,   -0.044,   -0.206,   -0.206,    0.039,    0.039
  242,2020091706,    0.064,    0.064,    0.000,    0.000,    0.000,    0.000,    0.095,    0.095,   -0.091,   -0.091,    0.000,    0.000,    0.000,    0.000,    0.001,    0.001,    0.153,    0.153,   -0.044,   -0.044,   -0.207,   -0.207,    0.039,    0.039
  242,2020091700,    0.063,    0.063,    0.000,    0.000,    0.000,    0.000,    0.096,    0.096,   -0.090,   -0.090,    0.000,    0.000,    0.000,    0.000,    0.000,    0.000,    0.155,    0.155,   -0.043,   -0.043,   -0.206,   -0.206,    0.039,    0.039
  242,2020091618,    0.063,    0.063,    0.000,    0.000,    0.000,    0.000,    0.096,    0.096,   -0.093,   -0.093,    0.000,    0.000,    0.000,    0.000,    0.001,    0.001,    0.155,    0.155,   -0.044,   -0.044,   -0.206,   -0.206,    0.039,    0.039
  242,2020091612,    0.064,    0.064,    0.000,    0.000,    0.000,    0.000,    0.096,    0.096,   -0.093,   -0.093,    0.000,    0.000,    0.000,    0.000,    0.000,    0.000,    0.159,    0.159,   -0.045,   -0.045,   -0.204,   -0.204,    0.039,    0.039
  242,2020091606,    0.063,    0.063,    0.000,    0.000,    0.000,    0.000,    0.096,    0.096,   -0.094,   -0.094,    0.000,    0.000,    0.000,    0.000,    0.001,    0.001,    0.158,    0.158,   -0.044,   -0.044,   -0.204,   -0.204,    0.040,    0.040
  242,2020091600,    0.064,    0.064,    0.000,    0.000,    0.000,    0.000,    0.097,    0.097,   -0.093,   -0.093,    0.000,    0.000,    0.000,    0.000,    0.001,    0.001,    0.159,    0.159,   -0.044,   -0.044,   -0.204,   -0.204,    0.040,    0.040
  242,2020091518,    0.063,    0.063,    0.000,    0.000,    0.000,    0.000,    0.097,    0.097,   -0.095,   -0.095,    0.000,    0.000,    0.000,    0.000,    0.001,    0.001,    0.157,    0.157,   -0.044,   -0.044,   -0.205,   -0.205,    0.040,    0.040
  242,2020091512,    0.064,    0.064,    0.000,    0.000,    0.000,    0.000,    0.098,    0.098,   -0.094,   -0.094,    0.000,    0.000,    0.000,    0.000,    0.000,    0.000,    0.160,    0.160,   -0.043,   -0.043,   -0.203,   -0.203,    0.041,    0.041
  242,2020091506,    0.063,    0.063,    0.000,    0.000,    0.000,    0.000,    0.098,    0.098,   -0.096,   -0.096,    0.000,    0.000,    0.000,    0.000,    0.001,    0.001,    0.157,    0.157,   -0.042,   -0.042,   -0.205,   -0.205,    0.041,    0.041
  242,2020091500,    0.063,    0.063,    0.000,    0.000,    0.000,    0.000,    0.098,    0.098,   -0.096,   -0.096,    0.000,    0.000,    0.000,    0.000,    0.000,    0.000,    0.157,    0.157,   -0.043,   -0.043,   -0.205,   -0.205,    0.041,    0.041
  242,2020091418,    0.063,    0.063,    0.000,    0.000,    0.000,    0.000,    0.098,    0.098,   -0.097,   -0.097,    0.000,    0.000,    0.000,    0.000,    0.000,    0.000,    0.157,    0.157,   -0.043,   -0.043,   -0.205,   -0.205,    0.041,    0.041
  242,2020091412,    0.063,    0.063,    0.000,    0.000,    0.000,    0.000,    0.102,    0.102,   -0.096,   -0.096,    0.000,    0.000,    0.000,    0.000,    0.000,    0.000,    0.158,    0.158,   -0.042,   -0.042,   -0.204,   -0.204,    0.042,    0.042
  242,2020091406,    0.063,    0.063,    0.000,    0.000,    0.000,    0.000,    0.104,    0.104,   -0.096,   -0.096,    0.000,    0.000,    0.000,    0.000,    0.000,    0.000,    0.159,    0.159,   -0.042,   -0.042,   -0.203,   -0.203,    0.042,    0.042
  242,2020091400,    0.063,    0.063,    0.000,    0.000,    0.000,    0.000,    0.105,    0.105,   -0.095,   -0.095,    0.000,    0.000,    0.000,    0.000,   -0.000,   -0.000,    0.161,    0.161,   -0.042,   -0.042,   -0.203,   -0.203,    0.042,    0.042
  242,2020091318,    0.063,    0.063,    0.000,    0.000,    0.000,    0.000,    0.104,    0.104,   -0.098,   -0.098,    0.000,    0.000,    0.000,    0.000,    0.000,    0.000,    0.160,    0.160,   -0.041,   -0.041,   -0.204,   -0.204,    0.042,    0.042
  242,2020091312,    0.063,    0.063,    0.000,    0.000,    0.000,    0.000,    0.105,    0.105,   -0.098,   -0.098,    0.000,    0.000,    0.000,    0.000,    0.000,    0.000,    0.162,    0.162,   -0.041,   -0.041,   -0.202,   -0.202,    0.042,    0.042
  242,2020091306,    0.064,    0.064,    0.000,    0.000,    0.000,    0.000,    0.105,    0.105,   -0.101,   -0.101,    0.000,    0.000,    0.000,    0.000,    0.000,    0.000,    0.163,    0.163,   -0.042,   -0.042,   -0.202,   -0.202,    0.042,    0.042
  242,2020091300,    0.064,    0.064,    0.000,    0.000,    0.000,    0.000,    0.107,    0.107,   -0.100,   -0.100,    0.000,    0.000,    0.000,    0.000,   -0.000,   -0.000,    0.164,    0.164,   -0.044,   -0.044,   -0.201,   -0.201,    0.040,    0.040
  242,2020091218,    0.063,    0.063,    0.000,    0.000,    0.000,    0.000,    0.107,    0.107,   -0.101,   -0.101,    0.000,    0.000,    0.000,    0.000,   -0.000,   -0.000,    0.163,    0.163,   -0.044,   -0.044,   -0.202,   -0.202,    0.040,    0.040
  242,2020091212,    0.064,    0.064,    0.000,    0.000,    0.000,    0.000,    0.111,    0.111,   -0.100,   -0.100,    0.000,    0.000,    0.000,    0.000,   -0.000,   -0.000,    0.164,    0.164,   -0.044,   -0.044,   -0.201,   -0.201,    0.041,    0.041
  242,2020091206,    0.063,    0.063,    0.000,    0.000,    0.000,    0.000,    0.108,    0.108,   -0.101,   -0.101,    0.000,    0.000,    0.000,    0.000,   -0.000,   -0.000,    0.162,    0.162,   -0.045,   -0.045,   -0.202,   -0.202,    0.040,    0.040
  242,2020091200,    0.063,    0.063,    0.000,    0.000,    0.000,    0.000,    0.111,    0.111,   -0.100,   -0.100,    0.000,    0.000,    0.000,    0.000,   -0.001,   -0.001,    0.165,    0.165,   -0.046,   -0.046,   -0.201,   -0.201,    0.039,    0.039
  242,2020091118,    0.062,    0.062,    0.000,    0.000,    0.000,    0.000,    0.108,    0.108,   -0.104,   -0.104,    0.000,    0.000,    0.000,    0.000,   -0.000,   -0.000,    0.163,    0.163,   -0.045,   -0.045,   -0.202,   -0.202,    0.039,    0.039
  242,2020091112,    0.063,    0.063,    0.000,    0.000,    0.000,    0.000,    0.110,    0.110,   -0.102,   -0.102,    0.000,    0.000,    0.000,    0.000,   -0.001,   -0.001,    0.166,    0.166,   -0.043,   -0.043,   -0.200,   -0.200,    0.040,    0.040
  242,2020091106,    0.063,    0.063,    0.000,    0.000,    0.000,    0.000,    0.107,    0.107,   -0.105,   -0.105,    0.000,    0.000,    0.000,    0.000,   -0.000,   -0.000,    0.164,    0.164,   -0.044,   -0.044,   -0.202,   -0.202,    0.040,    0.040
  242,2020091100,    0.062,    0.062,    0.000,    0.000,    0.000,    0.000,    0.109,    0.109,   -0.104,   -0.104,    0.000,    0.000,    0.000,    0.000,   -0.000,   -0.000,    0.165,    0.165,   -0.045,   -0.045,   -0.201,   -0.201,    0.039,    0.039
  242,2020091018,    0.061,    0.061,    0.000,    0.000,    0.000,    0.000,    0.108,    0.108,   -0.105,   -0.105,    0.000,    0.000,    0.000,    0.000,   -0.000,   -0.000,    0.163,    0.163,   -0.046,   -0.046,   -0.203,   -0.203,    0.039,    0.039
  242,2020091012,    0.062,    0.062,    0.000,    0.000,    0.000,    0.000,    0.112,    0.112,   -0.104,   -0.104,    0.000,    0.000,    0.000,    0.000,   -0.000,   -0.000,    0.166,    0.166,   -0.044,   -0.044,   -0.200,   -0.200,    0.040,    0.040
  242,2020091006,    0.062,    0.062,    0.000,    0.000,    0.000,    0.000,    0.110,    0.110,   -0.106,   -0.106,    0.000,    0.000,    0.000,    0.000,   -0.000,   -0.000,    0.165,    0.165,   -0.044,   -0.044,   -0.202,   -0.202,    0.040,    0.040
  242,2020091000,    0.061,    0.061,    0.000,    0.000,    0.000,    0.000,    0.112,    0.112,   -0.105,   -0.105,    0.000,    0.000,    0.000,    0.000,   -0.001,   -0.001,    0.164,    0.164,   -0.042,   -0.042,   -0.202,   -0.202,    0.041,    0.041
  242,2020090918,    0.061,    0.061,    0.000,    0.000,    0.000,    0.000,    0.112,    0.112,   -0.107,   -0.107,    0.000,    0.000,    0.000,    0.000,   -0.001,   -0.001,    0.165,    0.165,   -0.043,   -0.043,   -0.202,   -0.202,    0.041,    0.041
  242,2020090912,    0.061,    0.061,    0.000,    0.000,    0.000,    0.000,    0.114,    0.114,   -0.107,   -0.107,    0.000,    0.000,    0.000,    0.000,   -0.001,   -0.001,    0.166,    0.166,   -0.041,   -0.041,   -0.201,   -0.201,    0.042,    0.042
  242,2020090906,    0.060,    0.060,    0.000,    0.000,    0.000,    0.000,    0.113,    0.113,   -0.109,   -0.109,    0.000,    0.000,    0.000,    0.000,   -0.001,   -0.001,    0.163,    0.163,   -0.041,   -0.041,   -0.203,   -0.203,    0.042,    0.042
  242,2020090900,    0.060,    0.060,    0.000,    0.000,    0.000,    0.000,    0.116,    0.116,   -0.107,   -0.107,    0.000,    0.000,    0.000,    0.000,   -0.001,   -0.001,    0.166,    0.166,   -0.042,   -0.042,   -0.202,   -0.202,    0.041,    0.041
  242,2020090818,    0.060,    0.060,    0.000,    0.000,    0.000,    0.000,    0.116,    0.116,   -0.108,   -0.108,    0.000,    0.000,    0.000,    0.000,   -0.001,   -0.001,    0.165,    0.165,   -0.043,   -0.043,   -0.203,   -0.203,    0.041,    0.041
  242,2020090812,    0.060,    0.060,    0.000,    0.000,    0.000,    0.000,    0.117,    0.117,   -0.108,   -0.108,    0.000,    0.000,    0.000,    0.000,   -0.001,   -0.001,    0.165,    0.165,   -0.041,   -0.041,   -0.203,   -0.203,    0.042,    0.042
  242,2020090806,    0.060,    0.060,    0.000,    0.000,    0.000,    0.000,    0.117,    0.117,   -0.109,   -0.109,    0.000,    0.000,    0.000,    0.000,   -0.001,   -0.001,    0.166,    0.166,   -0.041,   -0.041,   -0.203,   -0.203,    0.042,    0.042
  242,2020090800,    0.061,    0.061,    0.000,    0.000,    0.000,    0.000,    0.121,    0.121,   -0.106,   -0.106,    0.000,    0.000,    0.000,    0.000,   -0.001,   -0.001,    0.169,    0.169,   -0.040,   -0.040,   -0.200,   -0.200,    0.042,    0.042
  242,2020090718,    0.060,    0.060,    0.000,    0.000,    0.000,    0.000,    0.121,    0.121,   -0.108,   -0.108,    0.000,    0.000,    0.000,    0.000,   -0.001,   -0.001,    0.167,    0.167,   -0.039,   -0.039,   -0.202,   -0.202,    0.043,    0.043
  242,2020090712,    0.060,    0.060,    0.000,    0.000,    0.000,    0.000,    0.124,    0.124,   -0.107,   -0.107,    0.000,    0.000,    0.000,    0.000,   -0.002,   -0.002,    0.170,    0.170,   -0.039,   -0.039,   -0.201,   -0.201,    0.042,    0.042
  242,2020090706,    0.059,    0.059,    0.000,    0.000,    0.000,    0.000,    0.123,    0.123,   -0.109,   -0.109,    0.000,    0.000,    0.000,    0.000,   -0.002,   -0.002,    0.169,    0.169,   -0.040,   -0.040,   -0.201,   -0.201,    0.041,    0.041
  242,2020090700,    0.059,    0.059,    0.000,    0.000,    0.000,    0.000,    0.126,    0.126,   -0.108,   -0.108,    0.000,    0.000,    0.000,    0.000,   -0.002,   -0.002,    0.170,    0.170,   -0.041,   -0.041,   -0.201,   -0.201,    0.041,    0.041
  242,2020090618,    0.059,    0.059,    0.000,    0.000,    0.000,    0.000,    0.128,    0.128,   -0.109,   -0.109,    0.000,    0.000,    0.000,    0.000,   -0.002,   -0.002,    0.168,    0.168,   -0.042,   -0.042,   -0.202,   -0.202,    0.040,    0.040
  242,2020090612,    0.059,    0.059,    0.000,    0.000,    0.000,    0.000,    0.128,    0.128,   -0.110,   -0.110,    0.000,    0.000,    0.000,    0.000,   -0.002,   -0.002,    0.172,    0.172,   -0.042,   -0.042,   -0.201,   -0.201,    0.040,    0.040
  242,2020090606,    0.058,    0.058,    0.000,    0.000,    0.000,    0.000,    0.127,    0.127,   -0.112,   -0.112,    0.000,    0.000,    0.000,    0.000,   -0.002,   -0.002,    0.170,    0.170,   -0.042,   -0.042,   -0.202,   -0.202,    0.040,    0.040
  242,2020090600,    0.059,    0.059,    0.000,    0.000,    0.000,    0.000,    0.129,    0.129,   -0.110,   -0.110,    0.000,    0.000,    0.000,    0.000,   -0.002,   -0.002,    0.172,    0.172,   -0.044,   -0.044,   -0.201,   -0.201,    0.039,    0.039
  242,2020090518,    0.057,    0.057,    0.000,    0.000,    0.000,    0.000,    0.129,    0.129,   -0.112,   -0.112,    0.000,    0.000,    0.000,    0.000,   -0.002,   -0.002,    0.171,    0.171,   -0.043,   -0.043,   -0.202,   -0.202,    0.040,    0.040
  242,2020090512,    0.058,    0.058,    0.000,    0.000,    0.000,    0.000,    0.132,    0.132,   -0.111,   -0.111,    0.000,    0.000,    0.000,    0.000,   -0.003,   -0.003,    0.173,    0.173,   -0.042,   -0.042,   -0.200,   -0.200,    0.040,    0.040
  242,2020090506,    0.057,    0.057,    0.000,    0.000,    0.000,    0.000,    0.130,    0.130,   -0.112,   -0.112,    0.000,    0.000,    0.000,    0.000,   -0.003,   -0.003,    0.170,    0.170,   -0.042,   -0.042,   -0.203,   -0.203,    0.040,    0.040
  242,2020090500,    0.057,    0.057,    0.000,    0.000,    0.000,    0.000,    0.131,    0.131,   -0.113,   -0.113,    0.000,    0.000,    0.000,    0.000,   -0.003,   -0.003,    0.169,    0.169,   -0.042,   -0.042,   -0.203,   -0.203,    0.041,    0.041
  242,2020090418,    0.056,    0.056,    0.000,    0.000,    0.000,    0.000,    0.131,    0.131,   -0.113,   -0.113,    0.000,    0.000,    0.000,    0.000,   -0.003,   -0.003,    0.166,    0.166,   -0.043,   -0.043,   -0.205,   -0.205,    0.041,    0.041
  242,2020090412,    0.057,    0.057,    0.000,    0.000,    0.000,    0.000,    0.132,    0.132,   -0.113,   -0.113,    0.000,    0.000,    0.000,    0.000,   -0.003,   -0.003,    0.168,    0.168,   -0.044,   -0.044,   -0.204,   -0.204,    0.040,    0.040
  242,2020090406,    0.057,    0.057,    0.000,    0.000,    0.000,    0.000,    0.132,    0.132,   -0.115,   -0.115,    0.000,    0.000,    0.000,    0.000,   -0.003,   -0.003,    0.167,    0.167,   -0.044,   -0.044,   -0.205,   -0.205,    0.040,    0.040
  242,2020090400,    0.057,    0.057,    0.000,    0.000,    0.000,    0.000,    0.135,    0.135,   -0.112,   -0.112,    0.000,    0.000,    0.000,    0.000,   -0.004,   -0.004,    0.167,    0.167,   -0.045,   -0.045,   -0.204,   -0.204,    0.040,    0.040
  242,2020090318,    0.057,    0.057,    0.000,    0.000,    0.000,    0.000,    0.136,    0.136,   -0.112,   -0.112,    0.000,    0.000,    0.000,    0.000,   -0.004,   -0.004,    0.168,    0.168,   -0.045,   -0.045,   -0.204,   -0.204,    0.040,    0.040
  242,2020090312,    0.057,    0.057,    0.000,    0.000,    0.000,    0.000,    0.136,    0.136,   -0.114,   -0.114,    0.000,    0.000,    0.000,    0.000,   -0.004,   -0.004,    0.168,    0.168,   -0.046,   -0.046,   -0.204,   -0.204,    0.039,    0.039
  242,2020090306,    0.057,    0.057,    0.000,    0.000,    0.000,    0.000,    0.133,    0.133,   -0.117,   -0.117,    0.000,    0.000,    0.000,    0.000,   -0.005,   -0.005,    0.164,    0.164,   -0.045,   -0.045,   -0.206,   -0.206,    0.040,    0.040
  242,2020090300,    0.057,    0.057,    0.000,    0.000,    0.000,    0.000,    0.135,    0.135,   -0.117,   -0.117,    0.000,    0.000,    0.000,    0.000,   -0.006,   -0.006,    0.165,    0.165,   -0.044,   -0.044,   -0.206,   -0.206,    0.040,    0.040
  242,2020090218,    0.057,    0.057,    0.000,    0.000,    0.000,    0.000,    0.137,    0.137,   -0.117,   -0.117,    0.000,    0.000,    0.000,    0.000,   -0.006,   -0.006,    0.166,    0.166,   -0.045,   -0.045,   -0.206,   -0.206,    0.039,    0.039
  242,2020090212,    0.057,    0.057,    0.000,    0.000,    0.000,    0.000,    0.139,    0.139,   -0.116,   -0.116,    0.000,    0.000,    0.000,    0.000,   -0.006,   -0.006,    0.167,    0.167,   -0.044,   -0.044,   -0.205,   -0.205,    0.039,    0.039
  242,2020090206,    0.057,    0.057,    0.000,    0.000,    0.000,    0.000,    0.137,    0.137,   -0.119,   -0.119,    0.000,    0.000,    0.000,    0.000,   -0.006,   -0.006,    0.164,    0.164,   -0.042,   -0.042,   -0.207,   -0.207,    0.040,    0.040
  242,2020090200,    0.057,    0.057,    0.000,    0.000,    0.000,    0.000,    0.140,    0.140,   -0.118,   -0.118,    0.000,    0.000,    0.000,    0.000,   -0.006,   -0.006,    0.166,    0.166,   -0.043,   -0.043,   -0.206,   -0.206,    0.039,    0.039
  242,2020090118,    0.057,    0.057,    0.000,    0.000,    0.000,    0.000,    0.142,    0.142,   -0.121,   -0.121,    0.000,    0.000,    0.000,    0.000,   -0.006,   -0.006,    0.166,    0.166,   -0.044,   -0.044,   -0.206,   -0.206,    0.039,    0.039
  242,2020090112,    0.058,    0.058,    0.000,    0.000,    0.000,    0.000,    0.145,    0.145,   -0.121,   -0.121,    0.000,    0.000,    0.000,    0.000,   -0.006,   -0.006,    0.170,    0.170,   -0.043,   -0.043,   -0.203,   -0.203,    0.040,    0.040
  242,2020090106,    0.058,    0.058,    0.000,    0.000,    0.000,    0.000,    0.145,    0.145,   -0.123,   -0.123,    0.000,    0.000,    0.000,    0.000,   -0.006,   -0.006,    0.169,    0.169,   -0.044,   -0.044,   -0.203,   -0.203,    0.039,    0.039
  242,2020090100,    0.058,    0.058,    0.000,    0.000,    0.000,    0.000,    0.144,    0.144,   -0.124,   -0.124,    0.000,    0.000,    0.000,    0.000,   -0.007,   -0.007,    0.170,    0.170,   -0.043,   -0.043,   -0.203,   -0.203,    0.040,    0.040
  242,2020083118,    0.058,    0.058,    0.000,    0.000,    0.000,    0.000,    0.144,    0.144,   -0.126,   -0.126,    0.000,    0.000,    0.000,    0.000,   -0.007,   -0.007,    0.169,    0.169,   -0.043,   -0.043,   -0.203,   -0.203,    0.039,    0.039
  242,2020083112,    0.059,    0.059,    0.000,    0.000,    0.000,    0.000,    0.148,    0.148,   -0.125,   -0.125,    0.000,    0.000,    0.000,    0.000,   -0.007,   -0.007,    0.173,    0.173,   -0.041,   -0.041,   -0.201,   -0.201,    0.040,    0.040
  242,2020083106,    0.058,    0.058,    0.000,    0.000,    0.000,    0.000,    0.141,    0.141,   -0.129,   -0.129,    0.000,    0.000,    0.000,    0.000,   -0.007,   -0.007,    0.172,    0.172,   -0.041,   -0.041,   -0.202,   -0.202,    0.040,    0.040
  242,2020083100,    0.059,    0.059,    0.000,    0.000,    0.000,    0.000,    0.142,    0.142,   -0.129,   -0.129,    0.000,    0.000,    0.000,    0.000,   -0.008,   -0.008,    0.173,    0.173,   -0.041,   -0.041,   -0.202,   -0.202,    0.040,    0.040
  242,2020083018,    0.058,    0.058,    0.000,    0.000,    0.000,    0.000,    0.138,    0.138,   -0.133,   -0.133,    0.000,    0.000,    0.000,    0.000,   -0.008,   -0.008,    0.171,    0.171,   -0.040,   -0.040,   -0.203,   -0.203,    0.041,    0.041
  242,2020083012,    0.058,    0.058,    0.000,    0.000,    0.000,    0.000,    0.144,    0.144,   -0.131,   -0.131,    0.000,    0.000,    0.000,    0.000,   -0.008,   -0.008,    0.173,    0.173,   -0.041,   -0.041,   -0.202,   -0.202,    0.040,    0.040
  242,2020083006,    0.058,    0.058,    0.000,    0.000,    0.000,    0.000,    0.141,    0.141,   -0.136,   -0.136,    0.000,    0.000,    0.000,    0.000,   -0.008,   -0.008,    0.172,    0.172,   -0.041,   -0.041,   -0.203,   -0.203,    0.040,    0.040
  242,2020083000,    0.057,    0.057,    0.000,    0.000,    0.000,    0.000,    0.139,    0.139,   -0.139,   -0.139,    0.000,    0.000,    0.000,    0.000,   -0.035,   -0.035,    0.171,    0.171,   -0.041,   -0.041,   -0.204,   -0.204,    0.040,    0.040
