   70,2020092000,    0.058,    0.058,    0.000,    0.000,    0.000,    0.000,   -0.032,   -0.032,   -0.164,   -0.164,    0.000,    0.000,    0.000,    0.000,   17.337,   17.337,   -0.084,   -0.084,   -0.013,   -0.013,    0.171,    0.171,   -0.021,   -0.021
   70,2020091918,    0.059,    0.059,    0.000,    0.000,    0.000,    0.000,   -0.032,   -0.032,   -0.164,   -0.164,    0.000,    0.000,    0.000,    0.000,   17.335,   17.335,   -0.084,   -0.084,   -0.013,   -0.013,    0.171,    0.171,   -0.021,   -0.021
   70,2020091912,    0.059,    0.059,    0.000,    0.000,    0.000,    0.000,   -0.031,   -0.031,   -0.164,   -0.164,    0.000,    0.000,    0.000,    0.000,   17.353,   17.353,   -0.084,   -0.084,   -0.013,   -0.013,    0.171,    0.171,   -0.021,   -0.021
   70,2020091906,    0.059,    0.059,    0.000,    0.000,    0.000,    0.000,   -0.031,   -0.031,   -0.165,   -0.165,    0.000,    0.000,    0.000,    0.000,   17.357,   17.357,   -0.084,   -0.084,   -0.013,   -0.013,    0.172,    0.172,   -0.021,   -0.021
   70,2020091900,    0.058,    0.058,    0.000,    0.000,    0.000,    0.000,   -0.032,   -0.032,   -0.165,   -0.165,    0.000,    0.000,    0.000,    0.000,   17.384,   17.384,   -0.085,   -0.085,   -0.013,   -0.013,    0.171,    0.171,   -0.021,   -0.021
   70,2020091818,    0.059,    0.059,    0.000,    0.000,    0.000,    0.000,   -0.031,   -0.031,   -0.166,   -0.166,    0.000,    0.000,    0.000,    0.000,   17.382,   17.382,   -0.085,   -0.085,   -0.012,   -0.012,    0.172,    0.172,   -0.021,   -0.021
   70,2020091812,    0.059,    0.059,    0.000,    0.000,    0.000,    0.000,   -0.031,   -0.031,   -0.165,   -0.165,    0.000,    0.000,    0.000,    0.000,   17.387,   17.387,   -0.085,   -0.085,   -0.013,   -0.013,    0.172,    0.172,   -0.021,   -0.021
   70,2020091806,    0.059,    0.059,    0.000,    0.000,    0.000,    0.000,   -0.031,   -0.031,   -0.166,   -0.166,    0.000,    0.000,    0.000,    0.000,   17.380,   17.380,   -0.085,   -0.085,   -0.013,   -0.013,    0.171,    0.171,   -0.021,   -0.021
   70,2020091800,    0.058,    0.058,    0.000,    0.000,    0.000,    0.000,   -0.032,   -0.032,   -0.165,   -0.165,    0.000,    0.000,    0.000,    0.000,   17.376,   17.376,   -0.087,   -0.087,   -0.014,   -0.014,    0.171,    0.171,   -0.021,   -0.021
   70,2020091718,    0.058,    0.058,    0.000,    0.000,    0.000,    0.000,   -0.032,   -0.032,   -0.166,   -0.166,    0.000,    0.000,    0.000,    0.000,   17.386,   17.386,   -0.087,   -0.087,   -0.013,   -0.013,    0.170,    0.170,   -0.021,   -0.021
   70,2020091712,    0.059,    0.059,    0.000,    0.000,    0.000,    0.000,   -0.029,   -0.029,   -0.166,   -0.166,    0.000,    0.000,    0.000,    0.000,   17.359,   17.359,   -0.086,   -0.086,   -0.013,   -0.013,    0.171,    0.171,   -0.021,   -0.021
   70,2020091706,    0.058,    0.058,    0.000,    0.000,    0.000,    0.000,   -0.031,   -0.031,   -0.166,   -0.166,    0.000,    0.000,    0.000,    0.000,   17.343,   17.343,   -0.088,   -0.088,   -0.014,   -0.014,    0.170,    0.170,   -0.022,   -0.022
   70,2020091700,    0.059,    0.059,    0.000,    0.000,    0.000,    0.000,   -0.028,   -0.028,   -0.167,   -0.167,    0.000,    0.000,    0.000,    0.000,   17.339,   17.339,   -0.087,   -0.087,   -0.014,   -0.014,    0.171,    0.171,   -0.021,   -0.021
   70,2020091618,    0.058,    0.058,    0.000,    0.000,    0.000,    0.000,   -0.029,   -0.029,   -0.167,   -0.167,    0.000,    0.000,    0.000,    0.000,   17.304,   17.304,   -0.088,   -0.088,   -0.014,   -0.014,    0.170,    0.170,   -0.022,   -0.022
   70,2020091612,    0.060,    0.060,    0.000,    0.000,    0.000,    0.000,   -0.026,   -0.026,   -0.167,   -0.167,    0.000,    0.000,    0.000,    0.000,   17.287,   17.287,   -0.087,   -0.087,   -0.014,   -0.014,    0.172,    0.172,   -0.021,   -0.021
   70,2020091606,    0.059,    0.059,    0.000,    0.000,    0.000,    0.000,   -0.027,   -0.027,   -0.167,   -0.167,    0.000,    0.000,    0.000,    0.000,   17.275,   17.275,   -0.087,   -0.087,   -0.014,   -0.014,    0.171,    0.171,   -0.022,   -0.022
   70,2020091600,    0.060,    0.060,    0.000,    0.000,    0.000,    0.000,   -0.025,   -0.025,   -0.168,   -0.168,    0.000,    0.000,    0.000,    0.000,   17.283,   17.283,   -0.087,   -0.087,   -0.014,   -0.014,    0.172,    0.172,   -0.021,   -0.021
   70,2020091518,    0.059,    0.059,    0.000,    0.000,    0.000,    0.000,   -0.027,   -0.027,   -0.168,   -0.168,    0.000,    0.000,    0.000,    0.000,   17.297,   17.297,   -0.089,   -0.089,   -0.015,   -0.015,    0.171,    0.171,   -0.022,   -0.022
   70,2020091512,    0.060,    0.060,    0.000,    0.000,    0.000,    0.000,   -0.024,   -0.024,   -0.167,   -0.167,    0.000,    0.000,    0.000,    0.000,   17.265,   17.265,   -0.087,   -0.087,   -0.015,   -0.015,    0.172,    0.172,   -0.022,   -0.022
   70,2020091506,    0.059,    0.059,    0.000,    0.000,    0.000,    0.000,   -0.026,   -0.026,   -0.168,   -0.168,    0.000,    0.000,    0.000,    0.000,   17.252,   17.252,   -0.090,   -0.090,   -0.016,   -0.016,    0.171,    0.171,   -0.022,   -0.022
   70,2020091500,    0.060,    0.060,    0.000,    0.000,    0.000,    0.000,   -0.024,   -0.024,   -0.168,   -0.168,    0.000,    0.000,    0.000,    0.000,   17.287,   17.287,   -0.089,   -0.089,   -0.015,   -0.015,    0.171,    0.171,   -0.022,   -0.022
   70,2020091418,    0.060,    0.060,    0.000,    0.000,    0.000,    0.000,   -0.025,   -0.025,   -0.169,   -0.169,    0.000,    0.000,    0.000,    0.000,   17.239,   17.239,   -0.089,   -0.089,   -0.016,   -0.016,    0.171,    0.171,   -0.022,   -0.022
   70,2020091412,    0.060,    0.060,    0.000,    0.000,    0.000,    0.000,   -0.025,   -0.025,   -0.168,   -0.168,    0.000,    0.000,    0.000,    0.000,   17.230,   17.230,   -0.089,   -0.089,   -0.016,   -0.016,    0.171,    0.171,   -0.022,   -0.022
   70,2020091406,    0.060,    0.060,    0.000,    0.000,    0.000,    0.000,   -0.025,   -0.025,   -0.169,   -0.169,    0.000,    0.000,    0.000,    0.000,   17.213,   17.213,   -0.091,   -0.091,   -0.015,   -0.015,    0.170,    0.170,   -0.022,   -0.022
   70,2020091400,    0.060,    0.060,    0.000,    0.000,    0.000,    0.000,   -0.024,   -0.024,   -0.169,   -0.169,    0.000,    0.000,    0.000,    0.000,   17.218,   17.218,   -0.091,   -0.091,   -0.016,   -0.016,    0.170,    0.170,   -0.023,   -0.023
   70,2020091318,    0.060,    0.060,    0.000,    0.000,    0.000,    0.000,   -0.025,   -0.025,   -0.169,   -0.169,    0.000,    0.000,    0.000,    0.000,   17.219,   17.219,   -0.091,   -0.091,   -0.016,   -0.016,    0.171,    0.171,   -0.023,   -0.023
   70,2020091312,    0.061,    0.061,    0.000,    0.000,    0.000,    0.000,   -0.025,   -0.025,   -0.168,   -0.168,    0.000,    0.000,    0.000,    0.000,   17.209,   17.209,   -0.090,   -0.090,   -0.015,   -0.015,    0.172,    0.172,   -0.022,   -0.022
   70,2020091306,    0.060,    0.060,    0.000,    0.000,    0.000,    0.000,   -0.025,   -0.025,   -0.169,   -0.169,    0.000,    0.000,    0.000,    0.000,   17.208,   17.208,   -0.091,   -0.091,   -0.015,   -0.015,    0.171,    0.171,   -0.022,   -0.022
   70,2020091300,    0.060,    0.060,    0.000,    0.000,    0.000,    0.000,   -0.027,   -0.027,   -0.170,   -0.170,    0.000,    0.000,    0.000,    0.000,   17.218,   17.218,   -0.091,   -0.091,   -0.016,   -0.016,    0.171,    0.171,   -0.022,   -0.022
   70,2020091218,    0.061,    0.061,    0.000,    0.000,    0.000,    0.000,   -0.029,   -0.029,   -0.171,   -0.171,    0.000,    0.000,    0.000,    0.000,   17.218,   17.218,   -0.090,   -0.090,   -0.016,   -0.016,    0.172,    0.172,   -0.022,   -0.022
   70,2020091212,    0.061,    0.061,    0.000,    0.000,    0.000,    0.000,   -0.028,   -0.028,   -0.170,   -0.170,    0.000,    0.000,    0.000,    0.000,   17.224,   17.224,   -0.091,   -0.091,   -0.015,   -0.015,    0.172,    0.172,   -0.022,   -0.022
   70,2020091206,    0.061,    0.061,    0.000,    0.000,    0.000,    0.000,   -0.028,   -0.028,   -0.171,   -0.171,    0.000,    0.000,    0.000,    0.000,   17.242,   17.242,   -0.091,   -0.091,   -0.015,   -0.015,    0.172,    0.172,   -0.022,   -0.022
   70,2020091200,    0.061,    0.061,    0.000,    0.000,    0.000,    0.000,   -0.029,   -0.029,   -0.171,   -0.171,    0.000,    0.000,    0.000,    0.000,   17.241,   17.241,   -0.092,   -0.092,   -0.015,   -0.015,    0.171,    0.171,   -0.022,   -0.022
   70,2020091118,    0.061,    0.061,    0.000,    0.000,    0.000,    0.000,   -0.031,   -0.031,   -0.171,   -0.171,    0.000,    0.000,    0.000,    0.000,   17.248,   17.248,   -0.092,   -0.092,   -0.016,   -0.016,    0.172,    0.172,   -0.022,   -0.022
   70,2020091112,    0.061,    0.061,    0.000,    0.000,    0.000,    0.000,   -0.029,   -0.029,   -0.171,   -0.171,    0.000,    0.000,    0.000,    0.000,   17.234,   17.234,   -0.092,   -0.092,   -0.016,   -0.016,    0.172,    0.172,   -0.022,   -0.022
   70,2020091106,    0.061,    0.061,    0.000,    0.000,    0.000,    0.000,   -0.030,   -0.030,   -0.172,   -0.172,    0.000,    0.000,    0.000,    0.000,   17.238,   17.238,   -0.092,   -0.092,   -0.016,   -0.016,    0.172,    0.172,   -0.022,   -0.022
   70,2020091100,    0.061,    0.061,    0.000,    0.000,    0.000,    0.000,   -0.031,   -0.031,   -0.172,   -0.172,    0.000,    0.000,    0.000,    0.000,   17.251,   17.251,   -0.092,   -0.092,   -0.017,   -0.017,    0.172,    0.172,   -0.023,   -0.023
   70,2020091018,    0.061,    0.061,    0.000,    0.000,    0.000,    0.000,   -0.032,   -0.032,   -0.172,   -0.172,    0.000,    0.000,    0.000,    0.000,   17.255,   17.255,   -0.092,   -0.092,   -0.016,   -0.016,    0.172,    0.172,   -0.022,   -0.022
   70,2020091012,    0.061,    0.061,    0.000,    0.000,    0.000,    0.000,   -0.030,   -0.030,   -0.172,   -0.172,    0.000,    0.000,    0.000,    0.000,   17.279,   17.279,   -0.093,   -0.093,   -0.016,   -0.016,    0.172,    0.172,   -0.022,   -0.022
   70,2020091006,    0.060,    0.060,    0.000,    0.000,    0.000,    0.000,   -0.031,   -0.031,   -0.174,   -0.174,    0.000,    0.000,    0.000,    0.000,   17.278,   17.278,   -0.093,   -0.093,   -0.016,   -0.016,    0.171,    0.171,   -0.022,   -0.022
   70,2020091000,    0.061,    0.061,    0.000,    0.000,    0.000,    0.000,   -0.031,   -0.031,   -0.174,   -0.174,    0.000,    0.000,    0.000,    0.000,   17.283,   17.283,   -0.093,   -0.093,   -0.017,   -0.017,    0.171,    0.171,   -0.023,   -0.023
   70,2020090918,    0.061,    0.061,    0.000,    0.000,    0.000,    0.000,   -0.031,   -0.031,   -0.173,   -0.173,    0.000,    0.000,    0.000,    0.000,   17.281,   17.281,   -0.094,   -0.094,   -0.017,   -0.017,    0.171,    0.171,   -0.023,   -0.023
   70,2020090912,    0.061,    0.061,    0.000,    0.000,    0.000,    0.000,   -0.029,   -0.029,   -0.172,   -0.172,    0.000,    0.000,    0.000,    0.000,   17.273,   17.273,   -0.094,   -0.094,   -0.017,   -0.017,    0.171,    0.171,   -0.023,   -0.023
   70,2020090906,    0.061,    0.061,    0.000,    0.000,    0.000,    0.000,   -0.029,   -0.029,   -0.173,   -0.173,    0.000,    0.000,    0.000,    0.000,   17.285,   17.285,   -0.094,   -0.094,   -0.016,   -0.016,    0.172,    0.172,   -0.023,   -0.023
   70,2020090900,    0.062,    0.062,    0.000,    0.000,    0.000,    0.000,   -0.029,   -0.029,   -0.172,   -0.172,    0.000,    0.000,    0.000,    0.000,   17.285,   17.285,   -0.095,   -0.095,   -0.017,   -0.017,    0.171,    0.171,   -0.023,   -0.023
   70,2020090818,    0.062,    0.062,    0.000,    0.000,    0.000,    0.000,   -0.028,   -0.028,   -0.172,   -0.172,    0.000,    0.000,    0.000,    0.000,   17.282,   17.282,   -0.094,   -0.094,   -0.017,   -0.017,    0.172,    0.172,   -0.023,   -0.023
   70,2020090812,    0.062,    0.062,    0.000,    0.000,    0.000,    0.000,   -0.027,   -0.027,   -0.172,   -0.172,    0.000,    0.000,    0.000,    0.000,   17.269,   17.269,   -0.094,   -0.094,   -0.016,   -0.016,    0.172,    0.172,   -0.023,   -0.023
   70,2020090806,    0.062,    0.062,    0.000,    0.000,    0.000,    0.000,   -0.026,   -0.026,   -0.173,   -0.173,    0.000,    0.000,    0.000,    0.000,   17.303,   17.303,   -0.095,   -0.095,   -0.016,   -0.016,    0.172,    0.172,   -0.023,   -0.023
   70,2020090800,    0.062,    0.062,    0.000,    0.000,    0.000,    0.000,   -0.026,   -0.026,   -0.173,   -0.173,    0.000,    0.000,    0.000,    0.000,   17.330,   17.330,   -0.095,   -0.095,   -0.017,   -0.017,    0.172,    0.172,   -0.023,   -0.023
   70,2020090718,    0.062,    0.062,    0.000,    0.000,    0.000,    0.000,   -0.026,   -0.026,   -0.173,   -0.173,    0.000,    0.000,    0.000,    0.000,   17.321,   17.321,   -0.094,   -0.094,   -0.017,   -0.017,    0.173,    0.173,   -0.023,   -0.023
   70,2020090712,    0.062,    0.062,    0.000,    0.000,    0.000,    0.000,   -0.026,   -0.026,   -0.173,   -0.173,    0.000,    0.000,    0.000,    0.000,   17.315,   17.315,   -0.094,   -0.094,   -0.017,   -0.017,    0.173,    0.173,   -0.023,   -0.023
   70,2020090706,    0.062,    0.062,    0.000,    0.000,    0.000,    0.000,   -0.026,   -0.026,   -0.174,   -0.174,    0.000,    0.000,    0.000,    0.000,   17.283,   17.283,   -0.095,   -0.095,   -0.016,   -0.016,    0.172,    0.172,   -0.022,   -0.022
   70,2020090700,    0.062,    0.062,    0.000,    0.000,    0.000,    0.000,   -0.026,   -0.026,   -0.175,   -0.175,    0.000,    0.000,    0.000,    0.000,   17.274,   17.274,   -0.095,   -0.095,   -0.016,   -0.016,    0.173,    0.173,   -0.022,   -0.022
   70,2020090618,    0.062,    0.062,    0.000,    0.000,    0.000,    0.000,   -0.027,   -0.027,   -0.175,   -0.175,    0.000,    0.000,    0.000,    0.000,   17.269,   17.269,   -0.094,   -0.094,   -0.017,   -0.017,    0.173,    0.173,   -0.023,   -0.023
   70,2020090612,    0.063,    0.063,    0.000,    0.000,    0.000,    0.000,   -0.026,   -0.026,   -0.174,   -0.174,    0.000,    0.000,    0.000,    0.000,   17.264,   17.264,   -0.094,   -0.094,   -0.016,   -0.016,    0.173,    0.173,   -0.023,   -0.023
   70,2020090606,    0.062,    0.062,    0.000,    0.000,    0.000,    0.000,   -0.025,   -0.025,   -0.174,   -0.174,    0.000,    0.000,    0.000,    0.000,   17.247,   17.247,   -0.095,   -0.095,   -0.016,   -0.016,    0.173,    0.173,   -0.022,   -0.022
   70,2020090600,    0.063,    0.063,    0.000,    0.000,    0.000,    0.000,   -0.025,   -0.025,   -0.175,   -0.175,    0.000,    0.000,    0.000,    0.000,   17.251,   17.251,   -0.095,   -0.095,   -0.016,   -0.016,    0.173,    0.173,   -0.022,   -0.022
   70,2020090518,    0.063,    0.063,    0.000,    0.000,    0.000,    0.000,   -0.026,   -0.026,   -0.174,   -0.174,    0.000,    0.000,    0.000,    0.000,   17.251,   17.251,   -0.096,   -0.096,   -0.016,   -0.016,    0.173,    0.173,   -0.022,   -0.022
   70,2020090512,    0.063,    0.063,    0.000,    0.000,    0.000,    0.000,   -0.025,   -0.025,   -0.174,   -0.174,    0.000,    0.000,    0.000,    0.000,   17.262,   17.262,   -0.095,   -0.095,   -0.016,   -0.016,    0.174,    0.174,   -0.022,   -0.022
   70,2020090506,    0.063,    0.063,    0.000,    0.000,    0.000,    0.000,   -0.024,   -0.024,   -0.175,   -0.175,    0.000,    0.000,    0.000,    0.000,   17.287,   17.287,   -0.096,   -0.096,   -0.015,   -0.015,    0.173,    0.173,   -0.022,   -0.022
   70,2020090500,    0.063,    0.063,    0.000,    0.000,    0.000,    0.000,   -0.024,   -0.024,   -0.175,   -0.175,    0.000,    0.000,    0.000,    0.000,   17.289,   17.289,   -0.095,   -0.095,   -0.016,   -0.016,    0.174,    0.174,   -0.022,   -0.022
   70,2020090418,    0.063,    0.063,    0.000,    0.000,    0.000,    0.000,   -0.025,   -0.025,   -0.176,   -0.176,    0.000,    0.000,    0.000,    0.000,   17.279,   17.279,   -0.095,   -0.095,   -0.017,   -0.017,    0.174,    0.174,   -0.023,   -0.023
   70,2020090412,    0.064,    0.064,    0.000,    0.000,    0.000,    0.000,   -0.024,   -0.024,   -0.176,   -0.176,    0.000,    0.000,    0.000,    0.000,   17.259,   17.259,   -0.095,   -0.095,   -0.016,   -0.016,    0.175,    0.175,   -0.022,   -0.022
   70,2020090406,    0.063,    0.063,    0.000,    0.000,    0.000,    0.000,   -0.025,   -0.025,   -0.177,   -0.177,    0.000,    0.000,    0.000,    0.000,   17.245,   17.245,   -0.096,   -0.096,   -0.015,   -0.015,    0.174,    0.174,   -0.022,   -0.022
   70,2020090400,    0.063,    0.063,    0.000,    0.000,    0.000,    0.000,   -0.026,   -0.026,   -0.178,   -0.178,    0.000,    0.000,    0.000,    0.000,   17.248,   17.248,   -0.096,   -0.096,   -0.016,   -0.016,    0.174,    0.174,   -0.023,   -0.023
   70,2020090318,    0.062,    0.062,    0.000,    0.000,    0.000,    0.000,   -0.027,   -0.027,   -0.179,   -0.179,    0.000,    0.000,    0.000,    0.000,   17.261,   17.261,   -0.097,   -0.097,   -0.017,   -0.017,    0.173,    0.173,   -0.024,   -0.024
   70,2020090312,    0.063,    0.063,    0.000,    0.000,    0.000,    0.000,   -0.025,   -0.025,   -0.179,   -0.179,    0.000,    0.000,    0.000,    0.000,   17.210,   17.210,   -0.097,   -0.097,   -0.016,   -0.016,    0.174,    0.174,   -0.023,   -0.023
   70,2020090306,    0.062,    0.062,    0.000,    0.000,    0.000,    0.000,   -0.026,   -0.026,   -0.181,   -0.181,    0.000,    0.000,    0.000,    0.000,   17.101,   17.101,   -0.098,   -0.098,   -0.016,   -0.016,    0.173,    0.173,   -0.023,   -0.023
   70,2020090300,    0.062,    0.062,    0.000,    0.000,    0.000,    0.000,   -0.025,   -0.025,   -0.181,   -0.181,    0.000,    0.000,    0.000,    0.000,   17.003,   17.003,   -0.098,   -0.098,   -0.017,   -0.017,    0.173,    0.173,   -0.023,   -0.023
   70,2020090218,    0.061,    0.061,    0.000,    0.000,    0.000,    0.000,   -0.028,   -0.028,   -0.181,   -0.181,    0.000,    0.000,    0.000,    0.000,   17.032,   17.032,   -0.100,   -0.100,   -0.017,   -0.017,    0.172,    0.172,   -0.023,   -0.023
   70,2020090212,    0.062,    0.062,    0.000,    0.000,    0.000,    0.000,   -0.025,   -0.025,   -0.182,   -0.182,    0.000,    0.000,    0.000,    0.000,   16.958,   16.958,   -0.098,   -0.098,   -0.016,   -0.016,    0.173,    0.173,   -0.022,   -0.022
   70,2020090206,    0.062,    0.062,    0.000,    0.000,    0.000,    0.000,   -0.026,   -0.026,   -0.183,   -0.183,    0.000,    0.000,    0.000,    0.000,   16.932,   16.932,   -0.100,   -0.100,   -0.016,   -0.016,    0.172,    0.172,   -0.022,   -0.022
   70,2020090200,    0.062,    0.062,    0.000,    0.000,    0.000,    0.000,   -0.025,   -0.025,   -0.183,   -0.183,    0.000,    0.000,    0.000,    0.000,   16.934,   16.934,   -0.100,   -0.100,   -0.016,   -0.016,    0.173,    0.173,   -0.023,   -0.023
   70,2020090118,    0.061,    0.061,    0.000,    0.000,    0.000,    0.000,   -0.027,   -0.027,   -0.183,   -0.183,    0.000,    0.000,    0.000,    0.000,   16.930,   16.930,   -0.101,   -0.101,   -0.017,   -0.017,    0.172,    0.172,   -0.023,   -0.023
   70,2020090112,    0.062,    0.062,    0.000,    0.000,    0.000,    0.000,   -0.021,   -0.021,   -0.185,   -0.185,    0.000,    0.000,    0.000,    0.000,   16.755,   16.755,   -0.100,   -0.100,   -0.016,   -0.016,    0.173,    0.173,   -0.022,   -0.022
   70,2020090106,    0.061,    0.061,    0.000,    0.000,    0.000,    0.000,   -0.022,   -0.022,   -0.186,   -0.186,    0.000,    0.000,    0.000,    0.000,   16.683,   16.683,   -0.102,   -0.102,   -0.016,   -0.016,    0.171,    0.171,   -0.023,   -0.023
   70,2020090100,    0.061,    0.061,    0.000,    0.000,    0.000,    0.000,   -0.020,   -0.020,   -0.186,   -0.186,    0.000,    0.000,    0.000,    0.000,   16.652,   16.652,   -0.101,   -0.101,   -0.017,   -0.017,    0.172,    0.172,   -0.023,   -0.023
   70,2020083118,    0.061,    0.061,    0.000,    0.000,    0.000,    0.000,   -0.021,   -0.021,   -0.186,   -0.186,    0.000,    0.000,    0.000,    0.000,   16.654,   16.654,   -0.102,   -0.102,   -0.017,   -0.017,    0.171,    0.171,   -0.023,   -0.023
   70,2020083112,    0.061,    0.061,    0.000,    0.000,    0.000,    0.000,   -0.017,   -0.017,   -0.187,   -0.187,    0.000,    0.000,    0.000,    0.000,   16.627,   16.627,   -0.101,   -0.101,   -0.016,   -0.016,    0.172,    0.172,   -0.023,   -0.023
   70,2020083106,    0.061,    0.061,    0.000,    0.000,    0.000,    0.000,   -0.018,   -0.018,   -0.187,   -0.187,    0.000,    0.000,    0.000,    0.000,   16.565,   16.565,   -0.103,   -0.103,   -0.017,   -0.017,    0.171,    0.171,   -0.023,   -0.023
   70,2020083100,    0.061,    0.061,    0.000,    0.000,    0.000,    0.000,   -0.016,   -0.016,   -0.187,   -0.187,    0.000,    0.000,    0.000,    0.000,   16.547,   16.547,   -0.102,   -0.102,   -0.017,   -0.017,    0.172,    0.172,   -0.023,   -0.023
   70,2020083018,    0.061,    0.061,    0.000,    0.000,    0.000,    0.000,   -0.016,   -0.016,   -0.187,   -0.187,    0.000,    0.000,    0.000,    0.000,   16.525,   16.525,   -0.102,   -0.102,   -0.016,   -0.016,    0.172,    0.172,   -0.023,   -0.023
   70,2020083012,    0.062,    0.062,    0.000,    0.000,    0.000,    0.000,   -0.014,   -0.014,   -0.186,   -0.186,    0.000,    0.000,    0.000,    0.000,   16.462,   16.462,   -0.101,   -0.101,   -0.017,   -0.017,    0.173,    0.173,   -0.023,   -0.023
   70,2020083006,    0.061,    0.061,    0.000,    0.000,    0.000,    0.000,   -0.015,   -0.015,   -0.186,   -0.186,    0.000,    0.000,    0.000,    0.000,   16.466,   16.466,   -0.103,   -0.103,   -0.016,   -0.016,    0.172,    0.172,   -0.023,   -0.023
   70,2020083000,    0.061,    0.061,    0.000,    0.000,    0.000,    0.000,   -0.013,   -0.013,   -0.186,   -0.186,    0.000,    0.000,    0.000,    0.000,   16.469,   16.469,   -0.103,   -0.103,   -0.015,   -0.015,    0.172,    0.172,   -0.022,   -0.022
