  981,2020092000,   -0.183,   -0.183,    0.000,    0.000,    0.000,    0.000,    0.059,    0.059,   -0.124,   -0.124,    0.000,    0.000,    0.000,    0.000,   -0.056,   -0.056,   -0.170,   -0.170,    0.020,    0.020,   -0.055,   -0.055,    0.006,    0.006
  981,2020091918,   -0.184,   -0.184,    0.000,    0.000,    0.000,    0.000,    0.059,    0.059,   -0.126,   -0.126,    0.000,    0.000,    0.000,    0.000,   -0.056,   -0.056,   -0.172,   -0.172,    0.017,    0.017,   -0.056,   -0.056,    0.004,    0.004
  981,2020091912,   -0.184,   -0.184,    0.000,    0.000,    0.000,    0.000,    0.060,    0.060,   -0.127,   -0.127,    0.000,    0.000,    0.000,    0.000,   -0.058,   -0.058,   -0.169,   -0.169,    0.015,    0.015,   -0.055,   -0.055,    0.003,    0.003
  981,2020091906,   -0.183,   -0.183,    0.000,    0.000,    0.000,    0.000,    0.062,    0.062,   -0.129,   -0.129,    0.000,    0.000,    0.000,    0.000,   -0.057,   -0.057,   -0.168,   -0.168,    0.012,    0.012,   -0.054,   -0.054,    0.000,    0.000
  981,2020091900,   -0.184,   -0.184,    0.000,    0.000,    0.000,    0.000,    0.061,    0.061,   -0.130,   -0.130,    0.000,    0.000,    0.000,    0.000,   -0.058,   -0.058,   -0.169,   -0.169,    0.016,    0.016,   -0.054,   -0.054,    0.003,    0.003
  981,2020091818,   -0.180,   -0.180,    0.000,    0.000,    0.000,    0.000,    0.063,    0.063,   -0.131,   -0.131,    0.000,    0.000,    0.000,    0.000,   -0.059,   -0.059,   -0.164,   -0.164,    0.015,    0.015,   -0.050,   -0.050,    0.002,    0.002
  981,2020091812,   -0.181,   -0.181,    0.000,    0.000,    0.000,    0.000,    0.061,    0.061,   -0.131,   -0.131,    0.000,    0.000,    0.000,    0.000,   -0.063,   -0.063,   -0.167,   -0.167,    0.012,    0.012,   -0.052,   -0.052,    0.000,    0.000
  981,2020091806,   -0.179,   -0.179,    0.000,    0.000,    0.000,    0.000,    0.070,    0.070,   -0.135,   -0.135,    0.000,    0.000,    0.000,    0.000,   -0.064,   -0.064,   -0.162,   -0.162,    0.010,    0.010,   -0.049,   -0.049,   -0.001,   -0.001
  981,2020091800,   -0.180,   -0.180,    0.000,    0.000,    0.000,    0.000,    0.067,    0.067,   -0.138,   -0.138,    0.000,    0.000,    0.000,    0.000,   -0.063,   -0.063,   -0.171,   -0.171,    0.009,    0.009,   -0.054,   -0.054,   -0.002,   -0.002
  981,2020091718,   -0.177,   -0.177,    0.000,    0.000,    0.000,    0.000,    0.069,    0.069,   -0.139,   -0.139,    0.000,    0.000,    0.000,    0.000,   -0.063,   -0.063,   -0.165,   -0.165,    0.016,    0.016,   -0.050,   -0.050,    0.003,    0.003
  981,2020091712,   -0.180,   -0.180,    0.000,    0.000,    0.000,    0.000,    0.067,    0.067,   -0.139,   -0.139,    0.000,    0.000,    0.000,    0.000,   -0.064,   -0.064,   -0.171,   -0.171,    0.020,    0.020,   -0.054,   -0.054,    0.006,    0.006
  981,2020091706,   -0.178,   -0.178,    0.000,    0.000,    0.000,    0.000,    0.072,    0.072,   -0.141,   -0.141,    0.000,    0.000,    0.000,    0.000,   -0.067,   -0.067,   -0.170,   -0.170,    0.017,    0.017,   -0.053,   -0.053,    0.004,    0.004
  981,2020091700,   -0.181,   -0.181,    0.000,    0.000,    0.000,    0.000,    0.068,    0.068,   -0.145,   -0.145,    0.000,    0.000,    0.000,    0.000,   -0.067,   -0.067,   -0.175,   -0.175,    0.021,    0.021,   -0.057,   -0.057,    0.006,    0.006
  981,2020091618,   -0.179,   -0.179,    0.000,    0.000,    0.000,    0.000,    0.072,    0.072,   -0.147,   -0.147,    0.000,    0.000,    0.000,    0.000,   -0.067,   -0.067,   -0.176,   -0.176,    0.023,    0.023,   -0.056,   -0.056,    0.007,    0.007
  981,2020091612,   -0.179,   -0.179,    0.000,    0.000,    0.000,    0.000,    0.068,    0.068,   -0.148,   -0.148,    0.000,    0.000,    0.000,    0.000,   -0.067,   -0.067,   -0.174,   -0.174,    0.025,    0.025,   -0.056,   -0.056,    0.008,    0.008
  981,2020091606,   -0.179,   -0.179,    0.000,    0.000,    0.000,    0.000,    0.072,    0.072,   -0.149,   -0.149,    0.000,    0.000,    0.000,    0.000,   -0.067,   -0.067,   -0.171,   -0.171,    0.023,    0.023,   -0.054,   -0.054,    0.005,    0.005
  981,2020091600,   -0.183,   -0.183,    0.000,    0.000,    0.000,    0.000,    0.070,    0.070,   -0.149,   -0.149,    0.000,    0.000,    0.000,    0.000,   -0.066,   -0.066,   -0.177,   -0.177,    0.024,    0.024,   -0.059,   -0.059,    0.005,    0.005
  981,2020091518,   -0.178,   -0.178,    0.000,    0.000,    0.000,    0.000,    0.079,    0.079,   -0.152,   -0.152,    0.000,    0.000,    0.000,    0.000,   -0.067,   -0.067,   -0.166,   -0.166,    0.021,    0.021,   -0.051,   -0.051,    0.004,    0.004
  981,2020091512,   -0.181,   -0.181,    0.000,    0.000,    0.000,    0.000,    0.077,    0.077,   -0.152,   -0.152,    0.000,    0.000,    0.000,    0.000,   -0.069,   -0.069,   -0.169,   -0.169,    0.021,    0.021,   -0.053,   -0.053,    0.004,    0.004
  981,2020091506,   -0.180,   -0.180,    0.000,    0.000,    0.000,    0.000,    0.081,    0.081,   -0.150,   -0.150,    0.000,    0.000,    0.000,    0.000,   -0.070,   -0.070,   -0.167,   -0.167,    0.020,    0.020,   -0.051,   -0.051,    0.003,    0.003
  981,2020091500,   -0.182,   -0.182,    0.000,    0.000,    0.000,    0.000,    0.081,    0.081,   -0.153,   -0.153,    0.000,    0.000,    0.000,    0.000,   -0.070,   -0.070,   -0.170,   -0.170,    0.019,    0.019,   -0.054,   -0.054,    0.003,    0.003
  981,2020091418,   -0.178,   -0.178,    0.000,    0.000,    0.000,    0.000,    0.086,    0.086,   -0.155,   -0.155,    0.000,    0.000,    0.000,    0.000,   -0.072,   -0.072,   -0.164,   -0.164,    0.017,    0.017,   -0.049,   -0.049,    0.003,    0.003
  981,2020091412,   -0.180,   -0.180,    0.000,    0.000,    0.000,    0.000,    0.087,    0.087,   -0.155,   -0.155,    0.000,    0.000,    0.000,    0.000,   -0.073,   -0.073,   -0.165,   -0.165,    0.020,    0.020,   -0.050,   -0.050,    0.004,    0.004
  981,2020091406,   -0.177,   -0.177,    0.000,    0.000,    0.000,    0.000,    0.091,    0.091,   -0.153,   -0.153,    0.000,    0.000,    0.000,    0.000,   -0.074,   -0.074,   -0.164,   -0.164,    0.014,    0.014,   -0.048,   -0.048,   -0.000,   -0.000
  981,2020091400,   -0.180,   -0.180,    0.000,    0.000,    0.000,    0.000,    0.088,    0.088,   -0.156,   -0.156,    0.000,    0.000,    0.000,    0.000,   -0.073,   -0.073,   -0.171,   -0.171,    0.013,    0.013,   -0.053,   -0.053,   -0.000,   -0.000
  981,2020091318,   -0.175,   -0.175,    0.000,    0.000,    0.000,    0.000,    0.093,    0.093,   -0.156,   -0.156,    0.000,    0.000,    0.000,    0.000,   -0.073,   -0.073,   -0.158,   -0.158,    0.013,    0.013,   -0.045,   -0.045,    0.001,    0.001
  981,2020091312,   -0.176,   -0.176,    0.000,    0.000,    0.000,    0.000,    0.092,    0.092,   -0.156,   -0.156,    0.000,    0.000,    0.000,    0.000,   -0.068,   -0.068,   -0.161,   -0.161,    0.012,    0.012,   -0.047,   -0.047,    0.000,    0.000
  981,2020091306,   -0.176,   -0.176,    0.000,    0.000,    0.000,    0.000,    0.091,    0.091,   -0.154,   -0.154,    0.000,    0.000,    0.000,    0.000,   -0.069,   -0.069,   -0.167,   -0.167,    0.008,    0.008,   -0.050,   -0.050,   -0.002,   -0.002
  981,2020091300,   -0.176,   -0.176,    0.000,    0.000,    0.000,    0.000,    0.089,    0.089,   -0.157,   -0.157,    0.000,    0.000,    0.000,    0.000,   -0.071,   -0.071,   -0.166,   -0.166,    0.009,    0.009,   -0.050,   -0.050,   -0.002,   -0.002
  981,2020091218,   -0.174,   -0.174,    0.000,    0.000,    0.000,    0.000,    0.091,    0.091,   -0.160,   -0.160,    0.000,    0.000,    0.000,    0.000,   -0.072,   -0.072,   -0.163,   -0.163,    0.013,    0.013,   -0.048,   -0.048,   -0.001,   -0.001
  981,2020091212,   -0.173,   -0.173,    0.000,    0.000,    0.000,    0.000,    0.093,    0.093,   -0.161,   -0.161,    0.000,    0.000,    0.000,    0.000,   -0.072,   -0.072,   -0.160,   -0.160,    0.019,    0.019,   -0.045,   -0.045,    0.004,    0.004
  981,2020091206,   -0.173,   -0.173,    0.000,    0.000,    0.000,    0.000,    0.091,    0.091,   -0.157,   -0.157,    0.000,    0.000,    0.000,    0.000,   -0.072,   -0.072,   -0.165,   -0.165,    0.017,    0.017,   -0.048,   -0.048,    0.003,    0.003
  981,2020091200,   -0.175,   -0.175,    0.000,    0.000,    0.000,    0.000,    0.089,    0.089,   -0.162,   -0.162,    0.000,    0.000,    0.000,    0.000,   -0.069,   -0.069,   -0.172,   -0.172,    0.021,    0.021,   -0.053,   -0.053,    0.005,    0.005
  981,2020091118,   -0.170,   -0.170,    0.000,    0.000,    0.000,    0.000,    0.091,    0.091,   -0.162,   -0.162,    0.000,    0.000,    0.000,    0.000,   -0.069,   -0.069,   -0.168,   -0.168,    0.021,    0.021,   -0.049,   -0.049,    0.005,    0.005
  981,2020091112,   -0.170,   -0.170,    0.000,    0.000,    0.000,    0.000,    0.089,    0.089,   -0.163,   -0.163,    0.000,    0.000,    0.000,    0.000,   -0.067,   -0.067,   -0.167,   -0.167,    0.024,    0.024,   -0.048,   -0.048,    0.006,    0.006
  981,2020091106,   -0.173,   -0.173,    0.000,    0.000,    0.000,    0.000,    0.083,    0.083,   -0.156,   -0.156,    0.000,    0.000,    0.000,    0.000,   -0.069,   -0.069,   -0.170,   -0.170,    0.018,    0.018,   -0.051,   -0.051,    0.002,    0.002
  981,2020091100,   -0.174,   -0.174,    0.000,    0.000,    0.000,    0.000,    0.081,    0.081,   -0.159,   -0.159,    0.000,    0.000,    0.000,    0.000,   -0.070,   -0.070,   -0.172,   -0.172,    0.018,    0.018,   -0.052,   -0.052,    0.003,    0.003
  981,2020091018,   -0.171,   -0.171,    0.000,    0.000,    0.000,    0.000,    0.081,    0.081,   -0.157,   -0.157,    0.000,    0.000,    0.000,    0.000,   -0.072,   -0.072,   -0.171,   -0.171,    0.019,    0.019,   -0.051,   -0.051,    0.003,    0.003
  981,2020091012,   -0.172,   -0.172,    0.000,    0.000,    0.000,    0.000,    0.077,    0.077,   -0.158,   -0.158,    0.000,    0.000,    0.000,    0.000,   -0.071,   -0.071,   -0.174,   -0.174,    0.015,    0.015,   -0.053,   -0.053,    0.000,    0.000
  981,2020091006,   -0.171,   -0.171,    0.000,    0.000,    0.000,    0.000,    0.076,    0.076,   -0.154,   -0.154,    0.000,    0.000,    0.000,    0.000,   -0.070,   -0.070,   -0.177,   -0.177,    0.015,    0.015,   -0.054,   -0.054,    0.001,    0.001
  981,2020091000,   -0.172,   -0.172,    0.000,    0.000,    0.000,    0.000,    0.075,    0.075,   -0.155,   -0.155,    0.000,    0.000,    0.000,    0.000,   -0.072,   -0.072,   -0.179,   -0.179,    0.017,    0.017,   -0.055,   -0.055,    0.002,    0.002
  981,2020090918,   -0.169,   -0.169,    0.000,    0.000,    0.000,    0.000,    0.076,    0.076,   -0.152,   -0.152,    0.000,    0.000,    0.000,    0.000,   -0.072,   -0.072,   -0.172,   -0.172,    0.023,    0.023,   -0.050,   -0.050,    0.006,    0.006
  981,2020090912,   -0.167,   -0.167,    0.000,    0.000,    0.000,    0.000,    0.073,    0.073,   -0.151,   -0.151,    0.000,    0.000,    0.000,    0.000,   -0.069,   -0.069,   -0.172,   -0.172,    0.016,    0.016,   -0.048,   -0.048,    0.001,    0.001
  981,2020090906,   -0.164,   -0.164,    0.000,    0.000,    0.000,    0.000,    0.075,    0.075,   -0.147,   -0.147,    0.000,    0.000,    0.000,    0.000,   -0.071,   -0.071,   -0.169,   -0.169,    0.014,    0.014,   -0.045,   -0.045,    0.000,    0.000
  981,2020090900,   -0.165,   -0.165,    0.000,    0.000,    0.000,    0.000,    0.074,    0.074,   -0.149,   -0.149,    0.000,    0.000,    0.000,    0.000,   -0.070,   -0.070,   -0.168,   -0.168,    0.020,    0.020,   -0.047,   -0.047,    0.004,    0.004
  981,2020090818,   -0.162,   -0.162,    0.000,    0.000,    0.000,    0.000,    0.073,    0.073,   -0.149,   -0.149,    0.000,    0.000,    0.000,    0.000,   -0.069,   -0.069,   -0.165,   -0.165,    0.026,    0.026,   -0.044,   -0.044,    0.007,    0.007
  981,2020090812,   -0.163,   -0.163,    0.000,    0.000,    0.000,    0.000,    0.070,    0.070,   -0.148,   -0.148,    0.000,    0.000,    0.000,    0.000,   -0.067,   -0.067,   -0.163,   -0.163,    0.028,    0.028,   -0.043,   -0.043,    0.008,    0.008
  981,2020090806,   -0.162,   -0.162,    0.000,    0.000,    0.000,    0.000,    0.070,    0.070,   -0.142,   -0.142,    0.000,    0.000,    0.000,    0.000,   -0.068,   -0.068,   -0.161,   -0.161,    0.026,    0.026,   -0.042,   -0.042,    0.006,    0.006
  981,2020090800,   -0.163,   -0.163,    0.000,    0.000,    0.000,    0.000,    0.067,    0.067,   -0.141,   -0.141,    0.000,    0.000,    0.000,    0.000,   -0.068,   -0.068,   -0.163,   -0.163,    0.023,    0.023,   -0.044,   -0.044,    0.005,    0.005
  981,2020090718,   -0.162,   -0.162,    0.000,    0.000,    0.000,    0.000,    0.066,    0.066,   -0.141,   -0.141,    0.000,    0.000,    0.000,    0.000,   -0.067,   -0.067,   -0.163,   -0.163,    0.018,    0.018,   -0.043,   -0.043,    0.002,    0.002
  981,2020090712,   -0.165,   -0.165,    0.000,    0.000,    0.000,    0.000,    0.061,    0.061,   -0.143,   -0.143,    0.000,    0.000,    0.000,    0.000,   -0.069,   -0.069,   -0.171,   -0.171,    0.021,    0.021,   -0.049,   -0.049,    0.004,    0.004
  981,2020090706,   -0.162,   -0.162,    0.000,    0.000,    0.000,    0.000,    0.061,    0.061,   -0.138,   -0.138,    0.000,    0.000,    0.000,    0.000,   -0.072,   -0.072,   -0.168,   -0.168,    0.018,    0.018,   -0.047,   -0.047,    0.002,    0.002
  981,2020090700,   -0.162,   -0.162,    0.000,    0.000,    0.000,    0.000,    0.059,    0.059,   -0.137,   -0.137,    0.000,    0.000,    0.000,    0.000,   -0.073,   -0.073,   -0.168,   -0.168,    0.019,    0.019,   -0.048,   -0.048,    0.003,    0.003
  981,2020090618,   -0.158,   -0.158,    0.000,    0.000,    0.000,    0.000,    0.061,    0.061,   -0.137,   -0.137,    0.000,    0.000,    0.000,    0.000,   -0.073,   -0.073,   -0.166,   -0.166,    0.019,    0.019,   -0.045,   -0.045,    0.003,    0.003
  981,2020090612,   -0.162,   -0.162,    0.000,    0.000,    0.000,    0.000,    0.055,    0.055,   -0.135,   -0.135,    0.000,    0.000,    0.000,    0.000,   -0.073,   -0.073,   -0.170,   -0.170,    0.020,    0.020,   -0.048,   -0.048,    0.004,    0.004
  981,2020090606,   -0.159,   -0.159,    0.000,    0.000,    0.000,    0.000,    0.055,    0.055,   -0.132,   -0.132,    0.000,    0.000,    0.000,    0.000,   -0.073,   -0.073,   -0.165,   -0.165,    0.023,    0.023,   -0.044,   -0.044,    0.006,    0.006
  981,2020090600,   -0.160,   -0.160,    0.000,    0.000,    0.000,    0.000,    0.052,    0.052,   -0.130,   -0.130,    0.000,    0.000,    0.000,    0.000,   -0.073,   -0.073,   -0.168,   -0.168,    0.019,    0.019,   -0.046,   -0.046,    0.004,    0.004
  981,2020090518,   -0.157,   -0.157,    0.000,    0.000,    0.000,    0.000,    0.055,    0.055,   -0.131,   -0.131,    0.000,    0.000,    0.000,    0.000,   -0.074,   -0.074,   -0.163,   -0.163,    0.020,    0.020,   -0.042,   -0.042,    0.004,    0.004
  981,2020090512,   -0.159,   -0.159,    0.000,    0.000,    0.000,    0.000,    0.051,    0.051,   -0.128,   -0.128,    0.000,    0.000,    0.000,    0.000,   -0.076,   -0.076,   -0.166,   -0.166,    0.018,    0.018,   -0.045,   -0.045,    0.003,    0.003
  981,2020090506,   -0.160,   -0.160,    0.000,    0.000,    0.000,    0.000,    0.049,    0.049,   -0.126,   -0.126,    0.000,    0.000,    0.000,    0.000,   -0.076,   -0.076,   -0.167,   -0.167,    0.016,    0.016,   -0.046,   -0.046,    0.001,    0.001
  981,2020090500,   -0.162,   -0.162,    0.000,    0.000,    0.000,    0.000,    0.047,    0.047,   -0.125,   -0.125,    0.000,    0.000,    0.000,    0.000,   -0.076,   -0.076,   -0.168,   -0.168,    0.017,    0.017,   -0.046,   -0.046,    0.001,    0.001
  981,2020090418,   -0.160,   -0.160,    0.000,    0.000,    0.000,    0.000,    0.048,    0.048,   -0.124,   -0.124,    0.000,    0.000,    0.000,    0.000,   -0.078,   -0.078,   -0.166,   -0.166,    0.022,    0.022,   -0.045,   -0.045,    0.004,    0.004
  981,2020090412,   -0.163,   -0.163,    0.000,    0.000,    0.000,    0.000,    0.045,    0.045,   -0.125,   -0.125,    0.000,    0.000,    0.000,    0.000,   -0.079,   -0.079,   -0.168,   -0.168,    0.020,    0.020,   -0.048,   -0.048,    0.002,    0.002
  981,2020090406,   -0.163,   -0.163,    0.000,    0.000,    0.000,    0.000,    0.043,    0.043,   -0.122,   -0.122,    0.000,    0.000,    0.000,    0.000,   -0.081,   -0.081,   -0.167,   -0.167,    0.014,    0.014,   -0.047,   -0.047,   -0.002,   -0.002
  981,2020090400,   -0.164,   -0.164,    0.000,    0.000,    0.000,    0.000,    0.045,    0.045,   -0.126,   -0.126,    0.000,    0.000,    0.000,    0.000,   -0.083,   -0.083,   -0.168,   -0.168,    0.019,    0.019,   -0.048,   -0.048,    0.001,    0.001
  981,2020090318,   -0.163,   -0.163,    0.000,    0.000,    0.000,    0.000,    0.045,    0.045,   -0.125,   -0.125,    0.000,    0.000,    0.000,    0.000,   -0.084,   -0.084,   -0.169,   -0.169,    0.026,    0.026,   -0.049,   -0.049,    0.005,    0.005
  981,2020090312,   -0.164,   -0.164,    0.000,    0.000,    0.000,    0.000,    0.050,    0.050,   -0.131,   -0.131,    0.000,    0.000,    0.000,    0.000,   -0.086,   -0.086,   -0.169,   -0.169,    0.023,    0.023,   -0.049,   -0.049,    0.003,    0.003
  981,2020090306,   -0.163,   -0.163,    0.000,    0.000,    0.000,    0.000,    0.050,    0.050,   -0.129,   -0.129,    0.000,    0.000,    0.000,    0.000,   -0.084,   -0.084,   -0.168,   -0.168,    0.021,    0.021,   -0.048,   -0.048,    0.002,    0.002
  981,2020090300,   -0.163,   -0.163,    0.000,    0.000,    0.000,    0.000,    0.056,    0.056,   -0.132,   -0.132,    0.000,    0.000,    0.000,    0.000,   -0.084,   -0.084,   -0.170,   -0.170,    0.020,    0.020,   -0.049,   -0.049,    0.001,    0.001
  981,2020090218,   -0.162,   -0.162,    0.000,    0.000,    0.000,    0.000,    0.058,    0.058,   -0.132,   -0.132,    0.000,    0.000,    0.000,    0.000,   -0.085,   -0.085,   -0.169,   -0.169,    0.017,    0.017,   -0.049,   -0.049,   -0.001,   -0.001
  981,2020090212,   -0.162,   -0.162,    0.000,    0.000,    0.000,    0.000,    0.060,    0.060,   -0.135,   -0.135,    0.000,    0.000,    0.000,    0.000,   -0.085,   -0.085,   -0.170,   -0.170,    0.015,    0.015,   -0.049,   -0.049,   -0.002,   -0.002
  981,2020090206,   -0.162,   -0.162,    0.000,    0.000,    0.000,    0.000,    0.059,    0.059,   -0.133,   -0.133,    0.000,    0.000,    0.000,    0.000,   -0.086,   -0.086,   -0.173,   -0.173,    0.016,    0.016,   -0.051,   -0.051,   -0.001,   -0.001
  981,2020090200,   -0.163,   -0.163,    0.000,    0.000,    0.000,    0.000,    0.060,    0.060,   -0.131,   -0.131,    0.000,    0.000,    0.000,    0.000,   -0.088,   -0.088,   -0.171,   -0.171,    0.014,    0.014,   -0.050,   -0.050,   -0.003,   -0.003
  981,2020090118,   -0.163,   -0.163,    0.000,    0.000,    0.000,    0.000,    0.060,    0.060,   -0.133,   -0.133,    0.000,    0.000,    0.000,    0.000,   -0.091,   -0.091,   -0.171,   -0.171,    0.013,    0.013,   -0.050,   -0.050,   -0.004,   -0.004
  981,2020090112,   -0.165,   -0.165,    0.000,    0.000,    0.000,    0.000,    0.066,    0.066,   -0.137,   -0.137,    0.000,    0.000,    0.000,    0.000,   -0.091,   -0.091,   -0.174,   -0.174,    0.016,    0.016,   -0.052,   -0.052,   -0.002,   -0.002
  981,2020090106,   -0.166,   -0.166,    0.000,    0.000,    0.000,    0.000,    0.066,    0.066,   -0.135,   -0.135,    0.000,    0.000,    0.000,    0.000,   -0.090,   -0.090,   -0.170,   -0.170,    0.015,    0.015,   -0.050,   -0.050,   -0.003,   -0.003
  981,2020090100,   -0.166,   -0.166,    0.000,    0.000,    0.000,    0.000,    0.067,    0.067,   -0.137,   -0.137,    0.000,    0.000,    0.000,    0.000,   -0.091,   -0.091,   -0.173,   -0.173,    0.013,    0.013,   -0.052,   -0.052,   -0.004,   -0.004
  981,2020083118,   -0.166,   -0.166,    0.000,    0.000,    0.000,    0.000,    0.067,    0.067,   -0.136,   -0.136,    0.000,    0.000,    0.000,    0.000,   -0.092,   -0.092,   -0.174,   -0.174,    0.012,    0.012,   -0.052,   -0.052,   -0.006,   -0.006
  981,2020083112,   -0.165,   -0.165,    0.000,    0.000,    0.000,    0.000,    0.068,    0.068,   -0.138,   -0.138,    0.000,    0.000,    0.000,    0.000,   -0.104,   -0.104,   -0.169,   -0.169,    0.018,    0.018,   -0.049,   -0.049,   -0.002,   -0.002
  981,2020083106,   -0.165,   -0.165,    0.000,    0.000,    0.000,    0.000,    0.069,    0.069,   -0.136,   -0.136,    0.000,    0.000,    0.000,    0.000,   -0.108,   -0.108,   -0.168,   -0.168,    0.014,    0.014,   -0.049,   -0.049,   -0.004,   -0.004
  981,2020083100,   -0.165,   -0.165,    0.000,    0.000,    0.000,    0.000,    0.068,    0.068,   -0.134,   -0.134,    0.000,    0.000,    0.000,    0.000,   -0.106,   -0.106,   -0.167,   -0.167,    0.014,    0.014,   -0.048,   -0.048,   -0.004,   -0.004
  981,2020083018,   -0.164,   -0.164,    0.000,    0.000,    0.000,    0.000,    0.072,    0.072,   -0.136,   -0.136,    0.000,    0.000,    0.000,    0.000,   -0.114,   -0.114,   -0.165,   -0.165,    0.016,    0.016,   -0.047,   -0.047,   -0.004,   -0.004
  981,2020083012,   -0.164,   -0.164,    0.000,    0.000,    0.000,    0.000,    0.071,    0.071,   -0.134,   -0.134,    0.000,    0.000,    0.000,    0.000,   -0.150,   -0.150,   -0.163,   -0.163,    0.021,    0.021,   -0.046,   -0.046,   -0.001,   -0.001
  981,2020083006,   -0.165,   -0.165,    0.000,    0.000,    0.000,    0.000,    0.072,    0.072,   -0.136,   -0.136,    0.000,    0.000,    0.000,    0.000,   -0.192,   -0.192,   -0.168,   -0.168,    0.020,    0.020,   -0.049,   -0.049,   -0.002,   -0.002
  981,2020083000,   -0.167,   -0.167,    0.000,    0.000,    0.000,    0.000,    0.071,    0.071,   -0.137,   -0.137,    0.000,    0.000,    0.000,    0.000,   -0.287,   -0.287,   -0.174,   -0.174,    0.014,    0.014,   -0.053,   -0.053,   -0.005,   -0.005
