  742,2020092000,   -0.027,   -0.027,    0.000,    0.000,    0.000,    0.000,    0.234,    0.234,   -0.031,   -0.031,    0.000,    0.000,    0.000,    0.000,   -0.017,   -0.017,   -0.602,   -0.602,    0.016,    0.016,    0.018,    0.018,   -0.000,   -0.000
  742,2020091918,   -0.028,   -0.028,    0.000,    0.000,    0.000,    0.000,    0.231,    0.231,   -0.034,   -0.034,    0.000,    0.000,    0.000,    0.000,   -0.016,   -0.016,   -0.606,   -0.606,    0.016,    0.016,    0.016,    0.016,   -0.000,   -0.000
  742,2020091912,   -0.027,   -0.027,    0.000,    0.000,    0.000,    0.000,    0.232,    0.232,   -0.033,   -0.033,    0.000,    0.000,    0.000,    0.000,   -0.017,   -0.017,   -0.602,   -0.602,    0.016,    0.016,    0.018,    0.018,   -0.001,   -0.001
  742,2020091906,   -0.027,   -0.027,    0.000,    0.000,    0.000,    0.000,    0.231,    0.231,   -0.034,   -0.034,    0.000,    0.000,    0.000,    0.000,   -0.016,   -0.016,   -0.603,   -0.603,    0.017,    0.017,    0.018,    0.018,    0.000,    0.000
  742,2020091900,   -0.027,   -0.027,    0.000,    0.000,    0.000,    0.000,    0.229,    0.229,   -0.033,   -0.033,    0.000,    0.000,    0.000,    0.000,   -0.016,   -0.016,   -0.603,   -0.603,    0.019,    0.019,    0.018,    0.018,    0.001,    0.001
  742,2020091818,   -0.027,   -0.027,    0.000,    0.000,    0.000,    0.000,    0.228,    0.228,   -0.033,   -0.033,    0.000,    0.000,    0.000,    0.000,   -0.016,   -0.016,   -0.602,   -0.602,    0.017,    0.017,    0.019,    0.019,    0.001,    0.001
  742,2020091812,   -0.026,   -0.026,    0.000,    0.000,    0.000,    0.000,    0.229,    0.229,   -0.033,   -0.033,    0.000,    0.000,    0.000,    0.000,   -0.016,   -0.016,   -0.601,   -0.601,    0.018,    0.018,    0.019,    0.019,    0.000,    0.000
  742,2020091806,   -0.026,   -0.026,    0.000,    0.000,    0.000,    0.000,    0.226,    0.226,   -0.034,   -0.034,    0.000,    0.000,    0.000,    0.000,   -0.016,   -0.016,   -0.602,   -0.602,    0.018,    0.018,    0.019,    0.019,    0.001,    0.001
  742,2020091800,   -0.026,   -0.026,    0.000,    0.000,    0.000,    0.000,    0.226,    0.226,   -0.033,   -0.033,    0.000,    0.000,    0.000,    0.000,   -0.017,   -0.017,   -0.601,   -0.601,    0.018,    0.018,    0.020,    0.020,    0.000,    0.000
  742,2020091718,   -0.025,   -0.025,    0.000,    0.000,    0.000,    0.000,    0.224,    0.224,   -0.034,   -0.034,    0.000,    0.000,    0.000,    0.000,   -0.016,   -0.016,   -0.603,   -0.603,    0.019,    0.019,    0.019,    0.019,    0.001,    0.001
  742,2020091712,   -0.023,   -0.023,    0.000,    0.000,    0.000,    0.000,    0.228,    0.228,   -0.032,   -0.032,    0.000,    0.000,    0.000,    0.000,   -0.017,   -0.017,   -0.599,   -0.599,    0.023,    0.023,    0.022,    0.022,    0.003,    0.003
  742,2020091706,   -0.023,   -0.023,    0.000,    0.000,    0.000,    0.000,    0.229,    0.229,   -0.032,   -0.032,    0.000,    0.000,    0.000,    0.000,   -0.016,   -0.016,   -0.597,   -0.597,    0.021,    0.021,    0.023,    0.023,    0.003,    0.003
  742,2020091700,   -0.022,   -0.022,    0.000,    0.000,    0.000,    0.000,    0.229,    0.229,   -0.032,   -0.032,    0.000,    0.000,    0.000,    0.000,   -0.017,   -0.017,   -0.596,   -0.596,    0.019,    0.019,    0.024,    0.024,    0.002,    0.002
  742,2020091618,   -0.022,   -0.022,    0.000,    0.000,    0.000,    0.000,    0.227,    0.227,   -0.033,   -0.033,    0.000,    0.000,    0.000,    0.000,   -0.017,   -0.017,   -0.596,   -0.596,    0.020,    0.020,    0.024,    0.024,    0.002,    0.002
  742,2020091612,   -0.022,   -0.022,    0.000,    0.000,    0.000,    0.000,    0.226,    0.226,   -0.034,   -0.034,    0.000,    0.000,    0.000,    0.000,   -0.017,   -0.017,   -0.594,   -0.594,    0.019,    0.019,    0.025,    0.025,    0.002,    0.002
  742,2020091606,   -0.022,   -0.022,    0.000,    0.000,    0.000,    0.000,    0.223,    0.223,   -0.036,   -0.036,    0.000,    0.000,    0.000,    0.000,   -0.016,   -0.016,   -0.593,   -0.593,    0.019,    0.019,    0.026,    0.026,    0.002,    0.002
  742,2020091600,   -0.022,   -0.022,    0.000,    0.000,    0.000,    0.000,    0.223,    0.223,   -0.036,   -0.036,    0.000,    0.000,    0.000,    0.000,   -0.017,   -0.017,   -0.592,   -0.592,    0.020,    0.020,    0.026,    0.026,    0.003,    0.003
  742,2020091518,   -0.020,   -0.020,    0.000,    0.000,    0.000,    0.000,    0.221,    0.221,   -0.036,   -0.036,    0.000,    0.000,    0.000,    0.000,   -0.017,   -0.017,   -0.593,   -0.593,    0.020,    0.020,    0.026,    0.026,    0.002,    0.002
  742,2020091512,   -0.020,   -0.020,    0.000,    0.000,    0.000,    0.000,    0.222,    0.222,   -0.035,   -0.035,    0.000,    0.000,    0.000,    0.000,   -0.017,   -0.017,   -0.593,   -0.593,    0.021,    0.021,    0.027,    0.027,    0.003,    0.003
  742,2020091506,   -0.019,   -0.019,    0.000,    0.000,    0.000,    0.000,    0.221,    0.221,   -0.036,   -0.036,    0.000,    0.000,    0.000,    0.000,   -0.017,   -0.017,   -0.593,   -0.593,    0.021,    0.021,    0.027,    0.027,    0.002,    0.002
  742,2020091500,   -0.019,   -0.019,    0.000,    0.000,    0.000,    0.000,    0.224,    0.224,   -0.034,   -0.034,    0.000,    0.000,    0.000,    0.000,   -0.018,   -0.018,   -0.592,   -0.592,    0.022,    0.022,    0.028,    0.028,    0.003,    0.003
  742,2020091418,   -0.020,   -0.020,    0.000,    0.000,    0.000,    0.000,    0.221,    0.221,   -0.036,   -0.036,    0.000,    0.000,    0.000,    0.000,   -0.018,   -0.018,   -0.595,   -0.595,    0.020,    0.020,    0.026,    0.026,    0.002,    0.002
  742,2020091412,   -0.020,   -0.020,    0.000,    0.000,    0.000,    0.000,    0.223,    0.223,   -0.036,   -0.036,    0.000,    0.000,    0.000,    0.000,   -0.018,   -0.018,   -0.594,   -0.594,    0.018,    0.018,    0.027,    0.027,    0.000,    0.000
  742,2020091406,   -0.019,   -0.019,    0.000,    0.000,    0.000,    0.000,    0.220,    0.220,   -0.036,   -0.036,    0.000,    0.000,    0.000,    0.000,   -0.018,   -0.018,   -0.593,   -0.593,    0.016,    0.016,    0.027,    0.027,   -0.001,   -0.001
  742,2020091400,   -0.019,   -0.019,    0.000,    0.000,    0.000,    0.000,    0.219,    0.219,   -0.037,   -0.037,    0.000,    0.000,    0.000,    0.000,   -0.018,   -0.018,   -0.593,   -0.593,    0.015,    0.015,    0.027,    0.027,   -0.001,   -0.001
  742,2020091318,   -0.019,   -0.019,    0.000,    0.000,    0.000,    0.000,    0.218,    0.218,   -0.038,   -0.038,    0.000,    0.000,    0.000,    0.000,   -0.017,   -0.017,   -0.595,   -0.595,    0.018,    0.018,    0.027,    0.027,    0.000,    0.000
  742,2020091312,   -0.018,   -0.018,    0.000,    0.000,    0.000,    0.000,    0.220,    0.220,   -0.037,   -0.037,    0.000,    0.000,    0.000,    0.000,   -0.017,   -0.017,   -0.594,   -0.594,    0.017,    0.017,    0.028,    0.028,    0.000,    0.000
  742,2020091306,   -0.018,   -0.018,    0.000,    0.000,    0.000,    0.000,    0.219,    0.219,   -0.038,   -0.038,    0.000,    0.000,    0.000,    0.000,   -0.017,   -0.017,   -0.595,   -0.595,    0.019,    0.019,    0.028,    0.028,    0.001,    0.001
  742,2020091300,   -0.019,   -0.019,    0.000,    0.000,    0.000,    0.000,    0.217,    0.217,   -0.040,   -0.040,    0.000,    0.000,    0.000,    0.000,   -0.018,   -0.018,   -0.596,   -0.596,    0.019,    0.019,    0.027,    0.027,    0.001,    0.001
  742,2020091218,   -0.019,   -0.019,    0.000,    0.000,    0.000,    0.000,    0.214,    0.214,   -0.042,   -0.042,    0.000,    0.000,    0.000,    0.000,   -0.017,   -0.017,   -0.597,   -0.597,    0.019,    0.019,    0.026,    0.026,    0.001,    0.001
  742,2020091212,   -0.019,   -0.019,    0.000,    0.000,    0.000,    0.000,    0.214,    0.214,   -0.043,   -0.043,    0.000,    0.000,    0.000,    0.000,   -0.017,   -0.017,   -0.596,   -0.596,    0.018,    0.018,    0.027,    0.027,    0.001,    0.001
  742,2020091206,   -0.020,   -0.020,    0.000,    0.000,    0.000,    0.000,    0.211,    0.211,   -0.046,   -0.046,    0.000,    0.000,    0.000,    0.000,   -0.016,   -0.016,   -0.598,   -0.598,    0.018,    0.018,    0.025,    0.025,    0.000,    0.000
  742,2020091200,   -0.020,   -0.020,    0.000,    0.000,    0.000,    0.000,    0.210,    0.210,   -0.046,   -0.046,    0.000,    0.000,    0.000,    0.000,   -0.016,   -0.016,   -0.597,   -0.597,    0.017,    0.017,    0.025,    0.025,    0.000,    0.000
  742,2020091118,   -0.020,   -0.020,    0.000,    0.000,    0.000,    0.000,    0.210,    0.210,   -0.048,   -0.048,    0.000,    0.000,    0.000,    0.000,   -0.015,   -0.015,   -0.601,   -0.601,    0.018,    0.018,    0.023,    0.023,    0.000,    0.000
  742,2020091112,   -0.018,   -0.018,    0.000,    0.000,    0.000,    0.000,    0.213,    0.213,   -0.046,   -0.046,    0.000,    0.000,    0.000,    0.000,   -0.016,   -0.016,   -0.597,   -0.597,    0.021,    0.021,    0.027,    0.027,    0.002,    0.002
  742,2020091106,   -0.019,   -0.019,    0.000,    0.000,    0.000,    0.000,    0.209,    0.209,   -0.049,   -0.049,    0.000,    0.000,    0.000,    0.000,   -0.016,   -0.016,   -0.600,   -0.600,    0.019,    0.019,    0.024,    0.024,    0.001,    0.001
  742,2020091100,   -0.017,   -0.017,    0.000,    0.000,    0.000,    0.000,    0.213,    0.213,   -0.045,   -0.045,    0.000,    0.000,    0.000,    0.000,   -0.016,   -0.016,   -0.599,   -0.599,    0.018,    0.018,    0.026,    0.026,    0.001,    0.001
  742,2020091018,   -0.018,   -0.018,    0.000,    0.000,    0.000,    0.000,    0.210,    0.210,   -0.048,   -0.048,    0.000,    0.000,    0.000,    0.000,   -0.016,   -0.016,   -0.602,   -0.602,    0.021,    0.021,    0.024,    0.024,    0.003,    0.003
  742,2020091012,   -0.016,   -0.016,    0.000,    0.000,    0.000,    0.000,    0.213,    0.213,   -0.046,   -0.046,    0.000,    0.000,    0.000,    0.000,   -0.017,   -0.017,   -0.600,   -0.600,    0.024,    0.024,    0.026,    0.026,    0.004,    0.004
  742,2020091006,   -0.017,   -0.017,    0.000,    0.000,    0.000,    0.000,    0.209,    0.209,   -0.049,   -0.049,    0.000,    0.000,    0.000,    0.000,   -0.017,   -0.017,   -0.604,   -0.604,    0.023,    0.023,    0.023,    0.023,    0.004,    0.004
  742,2020091000,   -0.016,   -0.016,    0.000,    0.000,    0.000,    0.000,    0.212,    0.212,   -0.047,   -0.047,    0.000,    0.000,    0.000,    0.000,   -0.017,   -0.017,   -0.602,   -0.602,    0.024,    0.024,    0.025,    0.025,    0.004,    0.004
  742,2020090918,   -0.016,   -0.016,    0.000,    0.000,    0.000,    0.000,    0.211,    0.211,   -0.048,   -0.048,    0.000,    0.000,    0.000,    0.000,   -0.017,   -0.017,   -0.605,   -0.605,    0.022,    0.022,    0.023,    0.023,    0.002,    0.002
  742,2020090912,   -0.015,   -0.015,    0.000,    0.000,    0.000,    0.000,    0.218,    0.218,   -0.043,   -0.043,    0.000,    0.000,    0.000,    0.000,   -0.018,   -0.018,   -0.602,   -0.602,    0.021,    0.021,    0.025,    0.025,    0.002,    0.002
  742,2020090906,   -0.015,   -0.015,    0.000,    0.000,    0.000,    0.000,    0.213,    0.213,   -0.047,   -0.047,    0.000,    0.000,    0.000,    0.000,   -0.017,   -0.017,   -0.604,   -0.604,    0.021,    0.021,    0.024,    0.024,    0.002,    0.002
  742,2020090900,   -0.015,   -0.015,    0.000,    0.000,    0.000,    0.000,    0.216,    0.216,   -0.045,   -0.045,    0.000,    0.000,    0.000,    0.000,   -0.018,   -0.018,   -0.605,   -0.605,    0.024,    0.024,    0.024,    0.024,    0.004,    0.004
  742,2020090818,   -0.015,   -0.015,    0.000,    0.000,    0.000,    0.000,    0.215,    0.215,   -0.046,   -0.046,    0.000,    0.000,    0.000,    0.000,   -0.017,   -0.017,   -0.608,   -0.608,    0.023,    0.023,    0.022,    0.022,    0.003,    0.003
  742,2020090812,   -0.013,   -0.013,    0.000,    0.000,    0.000,    0.000,    0.216,    0.216,   -0.046,   -0.046,    0.000,    0.000,    0.000,    0.000,   -0.017,   -0.017,   -0.605,   -0.605,    0.021,    0.021,    0.025,    0.025,    0.002,    0.002
  742,2020090806,   -0.013,   -0.013,    0.000,    0.000,    0.000,    0.000,    0.213,    0.213,   -0.047,   -0.047,    0.000,    0.000,    0.000,    0.000,   -0.017,   -0.017,   -0.605,   -0.605,    0.020,    0.020,    0.025,    0.025,    0.002,    0.002
  742,2020090800,   -0.013,   -0.013,    0.000,    0.000,    0.000,    0.000,    0.216,    0.216,   -0.045,   -0.045,    0.000,    0.000,    0.000,    0.000,   -0.017,   -0.017,   -0.604,   -0.604,    0.020,    0.020,    0.025,    0.025,    0.003,    0.003
  742,2020090718,   -0.013,   -0.013,    0.000,    0.000,    0.000,    0.000,    0.215,    0.215,   -0.047,   -0.047,    0.000,    0.000,    0.000,    0.000,   -0.016,   -0.016,   -0.604,   -0.604,    0.019,    0.019,    0.026,    0.026,    0.002,    0.002
  742,2020090712,   -0.011,   -0.011,    0.000,    0.000,    0.000,    0.000,    0.218,    0.218,   -0.045,   -0.045,    0.000,    0.000,    0.000,    0.000,   -0.016,   -0.016,   -0.603,   -0.603,    0.017,    0.017,    0.027,    0.027,    0.001,    0.001
  742,2020090706,   -0.011,   -0.011,    0.000,    0.000,    0.000,    0.000,    0.214,    0.214,   -0.047,   -0.047,    0.000,    0.000,    0.000,    0.000,   -0.016,   -0.016,   -0.603,   -0.603,    0.016,    0.016,    0.026,    0.026,   -0.001,   -0.001
  742,2020090700,   -0.012,   -0.012,    0.000,    0.000,    0.000,    0.000,    0.214,    0.214,   -0.047,   -0.047,    0.000,    0.000,    0.000,    0.000,   -0.016,   -0.016,   -0.606,   -0.606,    0.014,    0.014,    0.025,    0.025,   -0.002,   -0.002
  742,2020090618,   -0.011,   -0.011,    0.000,    0.000,    0.000,    0.000,    0.211,    0.211,   -0.049,   -0.049,    0.000,    0.000,    0.000,    0.000,   -0.015,   -0.015,   -0.609,   -0.609,    0.016,    0.016,    0.024,    0.024,   -0.001,   -0.001
  742,2020090612,   -0.010,   -0.010,    0.000,    0.000,    0.000,    0.000,    0.211,    0.211,   -0.050,   -0.050,    0.000,    0.000,    0.000,    0.000,   -0.015,   -0.015,   -0.609,   -0.609,    0.018,    0.018,    0.024,    0.024,   -0.000,   -0.000
  742,2020090606,   -0.010,   -0.010,    0.000,    0.000,    0.000,    0.000,    0.209,    0.209,   -0.051,   -0.051,    0.000,    0.000,    0.000,    0.000,   -0.015,   -0.015,   -0.610,   -0.610,    0.018,    0.018,    0.024,    0.024,    0.001,    0.001
  742,2020090600,   -0.010,   -0.010,    0.000,    0.000,    0.000,    0.000,    0.210,    0.210,   -0.051,   -0.051,    0.000,    0.000,    0.000,    0.000,   -0.015,   -0.015,   -0.609,   -0.609,    0.017,    0.017,    0.024,    0.024,    0.000,    0.000
  742,2020090518,   -0.011,   -0.011,    0.000,    0.000,    0.000,    0.000,    0.207,    0.207,   -0.053,   -0.053,    0.000,    0.000,    0.000,    0.000,   -0.015,   -0.015,   -0.614,   -0.614,    0.019,    0.019,    0.021,    0.021,    0.001,    0.001
  742,2020090512,   -0.010,   -0.010,    0.000,    0.000,    0.000,    0.000,    0.212,    0.212,   -0.051,   -0.051,    0.000,    0.000,    0.000,    0.000,   -0.016,   -0.016,   -0.611,   -0.611,    0.022,    0.022,    0.023,    0.023,    0.003,    0.003
  742,2020090506,   -0.010,   -0.010,    0.000,    0.000,    0.000,    0.000,    0.208,    0.208,   -0.054,   -0.054,    0.000,    0.000,    0.000,    0.000,   -0.015,   -0.015,   -0.614,   -0.614,    0.019,    0.019,    0.022,    0.022,    0.001,    0.001
  742,2020090500,   -0.010,   -0.010,    0.000,    0.000,    0.000,    0.000,    0.209,    0.209,   -0.054,   -0.054,    0.000,    0.000,    0.000,    0.000,   -0.016,   -0.016,   -0.614,   -0.614,    0.022,    0.022,    0.022,    0.022,    0.002,    0.002
  742,2020090418,   -0.010,   -0.010,    0.000,    0.000,    0.000,    0.000,    0.208,    0.208,   -0.055,   -0.055,    0.000,    0.000,    0.000,    0.000,   -0.015,   -0.015,   -0.617,   -0.617,    0.023,    0.023,    0.020,    0.020,    0.003,    0.003
  742,2020090412,   -0.010,   -0.010,    0.000,    0.000,    0.000,    0.000,    0.212,    0.212,   -0.053,   -0.053,    0.000,    0.000,    0.000,    0.000,   -0.016,   -0.016,   -0.614,   -0.614,    0.021,    0.021,    0.022,    0.022,    0.001,    0.001
  742,2020090406,   -0.009,   -0.009,    0.000,    0.000,    0.000,    0.000,    0.213,    0.213,   -0.053,   -0.053,    0.000,    0.000,    0.000,    0.000,   -0.015,   -0.015,   -0.611,   -0.611,    0.020,    0.020,    0.024,    0.024,    0.001,    0.001
  742,2020090400,   -0.009,   -0.009,    0.000,    0.000,    0.000,    0.000,    0.216,    0.216,   -0.052,   -0.052,    0.000,    0.000,    0.000,    0.000,   -0.014,   -0.014,   -0.610,   -0.610,    0.020,    0.020,    0.025,    0.025,    0.001,    0.001
  742,2020090318,   -0.010,   -0.010,    0.000,    0.000,    0.000,    0.000,    0.212,    0.212,   -0.056,   -0.056,    0.000,    0.000,    0.000,    0.000,   -0.014,   -0.014,   -0.613,   -0.613,    0.019,    0.019,    0.023,    0.023,   -0.000,   -0.000
  742,2020090312,   -0.009,   -0.009,    0.000,    0.000,    0.000,    0.000,    0.214,    0.214,   -0.055,   -0.055,    0.000,    0.000,    0.000,    0.000,   -0.015,   -0.015,   -0.609,   -0.609,    0.016,    0.016,    0.025,    0.025,   -0.002,   -0.002
  742,2020090306,   -0.008,   -0.008,    0.000,    0.000,    0.000,    0.000,    0.215,    0.215,   -0.055,   -0.055,    0.000,    0.000,    0.000,    0.000,   -0.015,   -0.015,   -0.608,   -0.608,    0.017,    0.017,    0.025,    0.025,   -0.002,   -0.002
  742,2020090300,   -0.009,   -0.009,    0.000,    0.000,    0.000,    0.000,    0.217,    0.217,   -0.055,   -0.055,    0.000,    0.000,    0.000,    0.000,   -0.014,   -0.014,   -0.609,   -0.609,    0.015,    0.015,    0.025,    0.025,   -0.003,   -0.003
  742,2020090218,   -0.008,   -0.008,    0.000,    0.000,    0.000,    0.000,    0.216,    0.216,   -0.057,   -0.057,    0.000,    0.000,    0.000,    0.000,   -0.013,   -0.013,   -0.607,   -0.607,    0.015,    0.015,    0.026,    0.026,   -0.003,   -0.003
  742,2020090212,   -0.006,   -0.006,    0.000,    0.000,    0.000,    0.000,    0.218,    0.218,   -0.057,   -0.057,    0.000,    0.000,    0.000,    0.000,   -0.014,   -0.014,   -0.604,   -0.604,    0.017,    0.017,    0.029,    0.029,   -0.003,   -0.003
  742,2020090206,   -0.006,   -0.006,    0.000,    0.000,    0.000,    0.000,    0.214,    0.214,   -0.059,   -0.059,    0.000,    0.000,    0.000,    0.000,   -0.014,   -0.014,   -0.604,   -0.604,    0.016,    0.016,    0.029,    0.029,   -0.003,   -0.003
  742,2020090200,   -0.007,   -0.007,    0.000,    0.000,    0.000,    0.000,    0.215,    0.215,   -0.061,   -0.061,    0.000,    0.000,    0.000,    0.000,   -0.014,   -0.014,   -0.603,   -0.603,    0.018,    0.018,    0.029,    0.029,   -0.002,   -0.002
  742,2020090118,   -0.007,   -0.007,    0.000,    0.000,    0.000,    0.000,    0.215,    0.215,   -0.061,   -0.061,    0.000,    0.000,    0.000,    0.000,   -0.013,   -0.013,   -0.601,   -0.601,    0.015,    0.015,    0.031,    0.031,   -0.004,   -0.004
  742,2020090112,   -0.007,   -0.007,    0.000,    0.000,    0.000,    0.000,    0.215,    0.215,   -0.063,   -0.063,    0.000,    0.000,    0.000,    0.000,   -0.013,   -0.013,   -0.599,   -0.599,    0.018,    0.018,    0.032,    0.032,   -0.003,   -0.003
  742,2020090106,   -0.006,   -0.006,    0.000,    0.000,    0.000,    0.000,    0.220,    0.220,   -0.061,   -0.061,    0.000,    0.000,    0.000,    0.000,   -0.013,   -0.013,   -0.598,   -0.598,    0.019,    0.019,    0.032,    0.032,   -0.002,   -0.002
  742,2020090100,   -0.007,   -0.007,    0.000,    0.000,    0.000,    0.000,    0.218,    0.218,   -0.063,   -0.063,    0.000,    0.000,    0.000,    0.000,   -0.013,   -0.013,   -0.599,   -0.599,    0.019,    0.019,    0.032,    0.032,   -0.002,   -0.002
  742,2020083118,   -0.006,   -0.006,    0.000,    0.000,    0.000,    0.000,    0.222,    0.222,   -0.061,   -0.061,    0.000,    0.000,    0.000,    0.000,   -0.011,   -0.011,   -0.596,   -0.596,    0.020,    0.020,    0.034,    0.034,   -0.001,   -0.001
  742,2020083112,   -0.008,   -0.008,    0.000,    0.000,    0.000,    0.000,    0.221,    0.221,   -0.063,   -0.063,    0.000,    0.000,    0.000,    0.000,   -0.012,   -0.012,   -0.594,   -0.594,    0.021,    0.021,    0.034,    0.034,   -0.001,   -0.001
  742,2020083106,   -0.006,   -0.006,    0.000,    0.000,    0.000,    0.000,    0.223,    0.223,   -0.062,   -0.062,    0.000,    0.000,    0.000,    0.000,   -0.011,   -0.011,   -0.591,   -0.591,    0.019,    0.019,    0.037,    0.037,   -0.002,   -0.002
  742,2020083100,   -0.008,   -0.008,    0.000,    0.000,    0.000,    0.000,    0.222,    0.222,   -0.065,   -0.065,    0.000,    0.000,    0.000,    0.000,   -0.010,   -0.010,   -0.590,   -0.590,    0.018,    0.018,    0.037,    0.037,   -0.002,   -0.002
  742,2020083018,   -0.008,   -0.008,    0.000,    0.000,    0.000,    0.000,    0.218,    0.218,   -0.068,   -0.068,    0.000,    0.000,    0.000,    0.000,   -0.008,   -0.008,   -0.591,   -0.591,    0.017,    0.017,    0.036,    0.036,   -0.003,   -0.003
  742,2020083012,   -0.008,   -0.008,    0.000,    0.000,    0.000,    0.000,    0.217,    0.217,   -0.070,   -0.070,    0.000,    0.000,    0.000,    0.000,   -0.008,   -0.008,   -0.590,   -0.590,    0.021,    0.021,    0.036,    0.036,   -0.000,   -0.000
  742,2020083006,   -0.007,   -0.007,    0.000,    0.000,    0.000,    0.000,    0.214,    0.214,   -0.072,   -0.072,    0.000,    0.000,    0.000,    0.000,   -0.007,   -0.007,   -0.589,   -0.589,    0.020,    0.020,    0.037,    0.037,   -0.001,   -0.001
  742,2020083000,   -0.008,   -0.008,    0.000,    0.000,    0.000,    0.000,    0.215,    0.215,   -0.072,   -0.072,    0.000,    0.000,    0.000,    0.000,    0.046,    0.046,   -0.588,   -0.588,    0.019,    0.019,    0.038,    0.038,   -0.002,   -0.002
