    7,2020092000,   -0.643,   -0.643,    0.000,    0.000,    0.000,    0.000,    0.040,    0.040,   -0.068,   -0.068,    0.000,    0.000,    0.000,    0.000,    0.080,    0.080,   -0.570,   -0.570,    0.123,    0.123,   -0.354,   -0.354,   -0.005,   -0.005
    7,2020091918,   -0.646,   -0.646,    0.000,    0.000,    0.000,    0.000,    0.039,    0.039,   -0.069,   -0.069,    0.000,    0.000,    0.000,    0.000,    0.081,    0.081,   -0.584,   -0.584,    0.117,    0.117,   -0.362,   -0.362,   -0.006,   -0.006
    7,2020091912,   -0.647,   -0.647,    0.000,    0.000,    0.000,    0.000,    0.037,    0.037,   -0.070,   -0.070,    0.000,    0.000,    0.000,    0.000,    0.080,    0.080,   -0.580,   -0.580,    0.111,    0.111,   -0.360,   -0.360,   -0.009,   -0.009
    7,2020091906,   -0.648,   -0.648,    0.000,    0.000,    0.000,    0.000,    0.039,    0.039,   -0.067,   -0.067,    0.000,    0.000,    0.000,    0.000,    0.082,    0.082,   -0.583,   -0.583,    0.106,    0.106,   -0.361,   -0.361,   -0.011,   -0.011
    7,2020091900,   -0.645,   -0.645,    0.000,    0.000,    0.000,    0.000,    0.043,    0.043,   -0.062,   -0.062,    0.000,    0.000,    0.000,    0.000,    0.082,    0.082,   -0.569,   -0.569,    0.102,    0.102,   -0.355,   -0.355,   -0.012,   -0.012
    7,2020091818,   -0.647,   -0.647,    0.000,    0.000,    0.000,    0.000,    0.042,    0.042,   -0.064,   -0.064,    0.000,    0.000,    0.000,    0.000,    0.080,    0.080,   -0.584,   -0.584,    0.099,    0.099,   -0.360,   -0.360,   -0.013,   -0.013
    7,2020091812,   -0.646,   -0.646,    0.000,    0.000,    0.000,    0.000,    0.038,    0.038,   -0.066,   -0.066,    0.000,    0.000,    0.000,    0.000,    0.081,    0.081,   -0.580,   -0.580,    0.100,    0.100,   -0.358,   -0.358,   -0.012,   -0.012
    7,2020091806,   -0.647,   -0.647,    0.000,    0.000,    0.000,    0.000,    0.035,    0.035,   -0.068,   -0.068,    0.000,    0.000,    0.000,    0.000,    0.083,    0.083,   -0.594,   -0.594,    0.110,    0.110,   -0.363,   -0.363,   -0.008,   -0.008
    7,2020091800,   -0.646,   -0.646,    0.000,    0.000,    0.000,    0.000,    0.037,    0.037,   -0.066,   -0.066,    0.000,    0.000,    0.000,    0.000,    0.082,    0.082,   -0.594,   -0.594,    0.111,    0.111,   -0.362,   -0.362,   -0.008,   -0.008
    7,2020091718,   -0.647,   -0.647,    0.000,    0.000,    0.000,    0.000,    0.032,    0.032,   -0.069,   -0.069,    0.000,    0.000,    0.000,    0.000,    0.082,    0.082,   -0.614,   -0.614,    0.114,    0.114,   -0.369,   -0.369,   -0.007,   -0.007
    7,2020091712,   -0.647,   -0.647,    0.000,    0.000,    0.000,    0.000,    0.034,    0.034,   -0.066,   -0.066,    0.000,    0.000,    0.000,    0.000,    0.082,    0.082,   -0.616,   -0.616,    0.111,    0.111,   -0.369,   -0.369,   -0.008,   -0.008
    7,2020091706,   -0.647,   -0.647,    0.000,    0.000,    0.000,    0.000,    0.034,    0.034,   -0.066,   -0.066,    0.000,    0.000,    0.000,    0.000,    0.083,    0.083,   -0.610,   -0.610,    0.113,    0.113,   -0.366,   -0.366,   -0.006,   -0.006
    7,2020091700,   -0.644,   -0.644,    0.000,    0.000,    0.000,    0.000,    0.040,    0.040,   -0.060,   -0.060,    0.000,    0.000,    0.000,    0.000,    0.082,    0.082,   -0.604,   -0.604,    0.104,    0.104,   -0.361,   -0.361,   -0.008,   -0.008
    7,2020091618,   -0.645,   -0.645,    0.000,    0.000,    0.000,    0.000,    0.039,    0.039,   -0.062,   -0.062,    0.000,    0.000,    0.000,    0.000,    0.082,    0.082,   -0.618,   -0.618,    0.102,    0.102,   -0.366,   -0.366,   -0.010,   -0.010
    7,2020091612,   -0.645,   -0.645,    0.000,    0.000,    0.000,    0.000,    0.040,    0.040,   -0.061,   -0.061,    0.000,    0.000,    0.000,    0.000,    0.081,    0.081,   -0.623,   -0.623,    0.095,    0.095,   -0.366,   -0.366,   -0.011,   -0.011
    7,2020091606,   -0.644,   -0.644,    0.000,    0.000,    0.000,    0.000,    0.040,    0.040,   -0.061,   -0.061,    0.000,    0.000,    0.000,    0.000,    0.082,    0.082,   -0.626,   -0.626,    0.092,    0.092,   -0.366,   -0.366,   -0.012,   -0.012
    7,2020091600,   -0.642,   -0.642,    0.000,    0.000,    0.000,    0.000,    0.041,    0.041,   -0.059,   -0.059,    0.000,    0.000,    0.000,    0.000,    0.081,    0.081,   -0.616,   -0.616,    0.100,    0.100,   -0.362,   -0.362,   -0.010,   -0.010
    7,2020091518,   -0.642,   -0.642,    0.000,    0.000,    0.000,    0.000,    0.037,    0.037,   -0.062,   -0.062,    0.000,    0.000,    0.000,    0.000,    0.081,    0.081,   -0.620,   -0.620,    0.102,    0.102,   -0.363,   -0.363,   -0.008,   -0.008
    7,2020091512,   -0.642,   -0.642,    0.000,    0.000,    0.000,    0.000,    0.038,    0.038,   -0.061,   -0.061,    0.000,    0.000,    0.000,    0.000,    0.082,    0.082,   -0.614,   -0.614,    0.099,    0.099,   -0.361,   -0.361,   -0.010,   -0.010
    7,2020091506,   -0.641,   -0.641,    0.000,    0.000,    0.000,    0.000,    0.031,    0.031,   -0.067,   -0.067,    0.000,    0.000,    0.000,    0.000,    0.082,    0.082,   -0.617,   -0.617,    0.109,    0.109,   -0.361,   -0.361,   -0.006,   -0.006
    7,2020091500,   -0.638,   -0.638,    0.000,    0.000,    0.000,    0.000,    0.038,    0.038,   -0.060,   -0.060,    0.000,    0.000,    0.000,    0.000,    0.082,    0.082,   -0.603,   -0.603,    0.110,    0.110,   -0.354,   -0.354,   -0.007,   -0.007
    7,2020091418,   -0.638,   -0.638,    0.000,    0.000,    0.000,    0.000,    0.036,    0.036,   -0.063,   -0.063,    0.000,    0.000,    0.000,    0.000,    0.082,    0.082,   -0.605,   -0.605,    0.112,    0.112,   -0.354,   -0.354,   -0.005,   -0.005
    7,2020091412,   -0.639,   -0.639,    0.000,    0.000,    0.000,    0.000,    0.034,    0.034,   -0.065,   -0.065,    0.000,    0.000,    0.000,    0.000,    0.083,    0.083,   -0.608,   -0.608,    0.112,    0.112,   -0.354,   -0.354,   -0.005,   -0.005
    7,2020091406,   -0.638,   -0.638,    0.000,    0.000,    0.000,    0.000,    0.034,    0.034,   -0.066,   -0.066,    0.000,    0.000,    0.000,    0.000,    0.084,    0.084,   -0.606,   -0.606,    0.104,    0.104,   -0.353,   -0.353,   -0.008,   -0.008
    7,2020091400,   -0.637,   -0.637,    0.000,    0.000,    0.000,    0.000,    0.037,    0.037,   -0.061,   -0.061,    0.000,    0.000,    0.000,    0.000,    0.082,    0.082,   -0.600,   -0.600,    0.104,    0.104,   -0.350,   -0.350,   -0.007,   -0.007
    7,2020091318,   -0.639,   -0.639,    0.000,    0.000,    0.000,    0.000,    0.034,    0.034,   -0.065,   -0.065,    0.000,    0.000,    0.000,    0.000,    0.083,    0.083,   -0.617,   -0.617,    0.106,    0.106,   -0.356,   -0.356,   -0.006,   -0.006
    7,2020091312,   -0.639,   -0.639,    0.000,    0.000,    0.000,    0.000,    0.033,    0.033,   -0.063,   -0.063,    0.000,    0.000,    0.000,    0.000,    0.084,    0.084,   -0.617,   -0.617,    0.109,    0.109,   -0.355,   -0.355,   -0.004,   -0.004
    7,2020091306,   -0.637,   -0.637,    0.000,    0.000,    0.000,    0.000,    0.036,    0.036,   -0.066,   -0.066,    0.000,    0.000,    0.000,    0.000,    0.085,    0.085,   -0.606,   -0.606,    0.099,    0.099,   -0.351,   -0.351,   -0.008,   -0.008
    7,2020091300,   -0.639,   -0.639,    0.000,    0.000,    0.000,    0.000,    0.033,    0.033,   -0.066,   -0.066,    0.000,    0.000,    0.000,    0.000,    0.083,    0.083,   -0.612,   -0.612,    0.101,    0.101,   -0.354,   -0.354,   -0.008,   -0.008
    7,2020091218,   -0.639,   -0.639,    0.000,    0.000,    0.000,    0.000,    0.036,    0.036,   -0.064,   -0.064,    0.000,    0.000,    0.000,    0.000,    0.083,    0.083,   -0.602,   -0.602,    0.118,    0.118,   -0.350,   -0.350,   -0.002,   -0.002
    7,2020091212,   -0.638,   -0.638,    0.000,    0.000,    0.000,    0.000,    0.036,    0.036,   -0.064,   -0.064,    0.000,    0.000,    0.000,    0.000,    0.084,    0.084,   -0.605,   -0.605,    0.119,    0.119,   -0.351,   -0.351,   -0.001,   -0.001
    7,2020091206,   -0.639,   -0.639,    0.000,    0.000,    0.000,    0.000,    0.036,    0.036,   -0.067,   -0.067,    0.000,    0.000,    0.000,    0.000,    0.085,    0.085,   -0.602,   -0.602,    0.105,    0.105,   -0.351,   -0.351,   -0.006,   -0.006
    7,2020091200,   -0.639,   -0.639,    0.000,    0.000,    0.000,    0.000,    0.037,    0.037,   -0.063,   -0.063,    0.000,    0.000,    0.000,    0.000,    0.083,    0.083,   -0.601,   -0.601,    0.113,    0.113,   -0.350,   -0.350,   -0.003,   -0.003
    7,2020091118,   -0.641,   -0.641,    0.000,    0.000,    0.000,    0.000,    0.033,    0.033,   -0.067,   -0.067,    0.000,    0.000,    0.000,    0.000,    0.084,    0.084,   -0.608,   -0.608,    0.122,    0.122,   -0.353,   -0.353,    0.000,    0.000
    7,2020091112,   -0.643,   -0.643,    0.000,    0.000,    0.000,    0.000,    0.031,    0.031,   -0.069,   -0.069,    0.000,    0.000,    0.000,    0.000,    0.083,    0.083,   -0.609,   -0.609,    0.117,    0.117,   -0.356,   -0.356,    0.000,    0.000
    7,2020091106,   -0.644,   -0.644,    0.000,    0.000,    0.000,    0.000,    0.030,    0.030,   -0.071,   -0.071,    0.000,    0.000,    0.000,    0.000,    0.084,    0.084,   -0.618,   -0.618,    0.115,    0.115,   -0.359,   -0.359,    0.001,    0.001
    7,2020091100,   -0.643,   -0.643,    0.000,    0.000,    0.000,    0.000,    0.036,    0.036,   -0.066,   -0.066,    0.000,    0.000,    0.000,    0.000,    0.084,    0.084,   -0.604,   -0.604,    0.111,    0.111,   -0.352,   -0.352,    0.000,    0.000
    7,2020091018,   -0.646,   -0.646,    0.000,    0.000,    0.000,    0.000,    0.029,    0.029,   -0.072,   -0.072,    0.000,    0.000,    0.000,    0.000,    0.083,    0.083,   -0.632,   -0.632,    0.114,    0.114,   -0.363,   -0.363,    0.002,    0.002
    7,2020091012,   -0.645,   -0.645,    0.000,    0.000,    0.000,    0.000,    0.029,    0.029,   -0.074,   -0.074,    0.000,    0.000,    0.000,    0.000,    0.084,    0.084,   -0.627,   -0.627,    0.118,    0.118,   -0.359,   -0.359,    0.002,    0.002
    7,2020091006,   -0.644,   -0.644,    0.000,    0.000,    0.000,    0.000,    0.030,    0.030,   -0.076,   -0.076,    0.000,    0.000,    0.000,    0.000,    0.087,    0.087,   -0.623,   -0.623,    0.118,    0.118,   -0.357,   -0.357,    0.001,    0.001
    7,2020091000,   -0.643,   -0.643,    0.000,    0.000,    0.000,    0.000,    0.035,    0.035,   -0.074,   -0.074,    0.000,    0.000,    0.000,    0.000,    0.086,    0.086,   -0.607,   -0.607,    0.117,    0.117,   -0.350,   -0.350,    0.001,    0.001
    7,2020090918,   -0.645,   -0.645,    0.000,    0.000,    0.000,    0.000,    0.032,    0.032,   -0.076,   -0.076,    0.000,    0.000,    0.000,    0.000,    0.086,    0.086,   -0.614,   -0.614,    0.111,    0.111,   -0.353,   -0.353,   -0.004,   -0.004
    7,2020090912,   -0.643,   -0.643,    0.000,    0.000,    0.000,    0.000,    0.035,    0.035,   -0.073,   -0.073,    0.000,    0.000,    0.000,    0.000,    0.085,    0.085,   -0.609,   -0.609,    0.112,    0.112,   -0.350,   -0.350,   -0.003,   -0.003
    7,2020090906,   -0.643,   -0.643,    0.000,    0.000,    0.000,    0.000,    0.034,    0.034,   -0.075,   -0.075,    0.000,    0.000,    0.000,    0.000,    0.086,    0.086,   -0.610,   -0.610,    0.117,    0.117,   -0.351,   -0.351,   -0.002,   -0.002
    7,2020090900,   -0.644,   -0.644,    0.000,    0.000,    0.000,    0.000,    0.036,    0.036,   -0.073,   -0.073,    0.000,    0.000,    0.000,    0.000,    0.084,    0.084,   -0.616,   -0.616,    0.118,    0.118,   -0.351,   -0.351,   -0.001,   -0.001
    7,2020090818,   -0.643,   -0.643,    0.000,    0.000,    0.000,    0.000,    0.038,    0.038,   -0.074,   -0.074,    0.000,    0.000,    0.000,    0.000,    0.084,    0.084,   -0.613,   -0.613,    0.115,    0.115,   -0.349,   -0.349,   -0.002,   -0.002
    7,2020090812,   -0.640,   -0.640,    0.000,    0.000,    0.000,    0.000,    0.042,    0.042,   -0.071,   -0.071,    0.000,    0.000,    0.000,    0.000,    0.084,    0.084,   -0.616,   -0.616,    0.107,    0.107,   -0.347,   -0.347,   -0.005,   -0.005
    7,2020090806,   -0.640,   -0.640,    0.000,    0.000,    0.000,    0.000,    0.043,    0.043,   -0.072,   -0.072,    0.000,    0.000,    0.000,    0.000,    0.086,    0.086,   -0.617,   -0.617,    0.104,    0.104,   -0.347,   -0.347,   -0.006,   -0.006
    7,2020090800,   -0.640,   -0.640,    0.000,    0.000,    0.000,    0.000,    0.043,    0.043,   -0.072,   -0.072,    0.000,    0.000,    0.000,    0.000,    0.085,    0.085,   -0.603,   -0.603,    0.103,    0.103,   -0.344,   -0.344,   -0.004,   -0.004
    7,2020090718,   -0.642,   -0.642,    0.000,    0.000,    0.000,    0.000,    0.040,    0.040,   -0.079,   -0.079,    0.000,    0.000,    0.000,    0.000,    0.086,    0.086,   -0.609,   -0.609,    0.098,    0.098,   -0.347,   -0.347,   -0.007,   -0.007
    7,2020090712,   -0.641,   -0.641,    0.000,    0.000,    0.000,    0.000,    0.038,    0.038,   -0.079,   -0.079,    0.000,    0.000,    0.000,    0.000,    0.086,    0.086,   -0.616,   -0.616,    0.110,    0.110,   -0.348,   -0.348,   -0.002,   -0.002
    7,2020090706,   -0.640,   -0.640,    0.000,    0.000,    0.000,    0.000,    0.038,    0.038,   -0.080,   -0.080,    0.000,    0.000,    0.000,    0.000,    0.086,    0.086,   -0.609,   -0.609,    0.111,    0.111,   -0.344,   -0.344,   -0.002,   -0.002
    7,2020090700,   -0.643,   -0.643,    0.000,    0.000,    0.000,    0.000,    0.033,    0.033,   -0.082,   -0.082,    0.000,    0.000,    0.000,    0.000,    0.086,    0.086,   -0.629,   -0.629,    0.112,    0.112,   -0.351,   -0.351,   -0.002,   -0.002
    7,2020090618,   -0.642,   -0.642,    0.000,    0.000,    0.000,    0.000,    0.033,    0.033,   -0.084,   -0.084,    0.000,    0.000,    0.000,    0.000,    0.086,    0.086,   -0.626,   -0.626,    0.117,    0.117,   -0.349,   -0.349,   -0.000,   -0.000
    7,2020090612,   -0.644,   -0.644,    0.000,    0.000,    0.000,    0.000,    0.028,    0.028,   -0.083,   -0.083,    0.000,    0.000,    0.000,    0.000,    0.087,    0.087,   -0.628,   -0.628,    0.122,    0.122,   -0.352,   -0.352,    0.001,    0.001
    7,2020090606,   -0.643,   -0.643,    0.000,    0.000,    0.000,    0.000,    0.024,    0.024,   -0.086,   -0.086,    0.000,    0.000,    0.000,    0.000,    0.087,    0.087,   -0.623,   -0.623,    0.121,    0.121,   -0.349,   -0.349,    0.001,    0.001
    7,2020090600,   -0.645,   -0.645,    0.000,    0.000,    0.000,    0.000,    0.023,    0.023,   -0.086,   -0.086,    0.000,    0.000,    0.000,    0.000,    0.086,    0.086,   -0.633,   -0.633,    0.121,    0.121,   -0.354,   -0.354,    0.001,    0.001
    7,2020090518,   -0.646,   -0.646,    0.000,    0.000,    0.000,    0.000,    0.020,    0.020,   -0.088,   -0.088,    0.000,    0.000,    0.000,    0.000,    0.086,    0.086,   -0.641,   -0.641,    0.112,    0.112,   -0.357,   -0.357,   -0.002,   -0.002
    7,2020090512,   -0.648,   -0.648,    0.000,    0.000,    0.000,    0.000,    0.020,    0.020,   -0.085,   -0.085,    0.000,    0.000,    0.000,    0.000,    0.086,    0.086,   -0.655,   -0.655,    0.109,    0.109,   -0.362,   -0.362,   -0.003,   -0.003
    7,2020090506,   -0.645,   -0.645,    0.000,    0.000,    0.000,    0.000,    0.027,    0.027,   -0.080,   -0.080,    0.000,    0.000,    0.000,    0.000,    0.087,    0.087,   -0.643,   -0.643,    0.099,    0.099,   -0.355,   -0.355,   -0.008,   -0.008
    7,2020090500,   -0.643,   -0.643,    0.000,    0.000,    0.000,    0.000,    0.034,    0.034,   -0.076,   -0.076,    0.000,    0.000,    0.000,    0.000,    0.087,    0.087,   -0.628,   -0.628,    0.103,    0.103,   -0.348,   -0.348,   -0.008,   -0.008
    7,2020090418,   -0.642,   -0.642,    0.000,    0.000,    0.000,    0.000,    0.036,    0.036,   -0.077,   -0.077,    0.000,    0.000,    0.000,    0.000,    0.087,    0.087,   -0.636,   -0.636,    0.099,    0.099,   -0.349,   -0.349,   -0.010,   -0.010
    7,2020090412,   -0.643,   -0.643,    0.000,    0.000,    0.000,    0.000,    0.036,    0.036,   -0.074,   -0.074,    0.000,    0.000,    0.000,    0.000,    0.088,    0.088,   -0.640,   -0.640,    0.108,    0.108,   -0.351,   -0.351,   -0.006,   -0.006
    7,2020090406,   -0.641,   -0.641,    0.000,    0.000,    0.000,    0.000,    0.040,    0.040,   -0.074,   -0.074,    0.000,    0.000,    0.000,    0.000,    0.089,    0.089,   -0.629,   -0.629,    0.104,    0.104,   -0.345,   -0.345,   -0.007,   -0.007
    7,2020090400,   -0.640,   -0.640,    0.000,    0.000,    0.000,    0.000,    0.042,    0.042,   -0.072,   -0.072,    0.000,    0.000,    0.000,    0.000,    0.089,    0.089,   -0.620,   -0.620,    0.095,    0.095,   -0.340,   -0.340,   -0.012,   -0.012
    7,2020090318,   -0.642,   -0.642,    0.000,    0.000,    0.000,    0.000,    0.038,    0.038,   -0.073,   -0.073,    0.000,    0.000,    0.000,    0.000,    0.087,    0.087,   -0.635,   -0.635,    0.100,    0.100,   -0.346,   -0.346,   -0.011,   -0.011
    7,2020090312,   -0.644,   -0.644,    0.000,    0.000,    0.000,    0.000,    0.035,    0.035,   -0.074,   -0.074,    0.000,    0.000,    0.000,    0.000,    0.087,    0.087,   -0.639,   -0.639,    0.096,    0.096,   -0.350,   -0.350,   -0.011,   -0.011
    7,2020090306,   -0.644,   -0.644,    0.000,    0.000,    0.000,    0.000,    0.041,    0.041,   -0.070,   -0.070,    0.000,    0.000,    0.000,    0.000,    0.087,    0.087,   -0.631,   -0.631,    0.097,    0.097,   -0.346,   -0.346,   -0.011,   -0.011
    7,2020090300,   -0.644,   -0.644,    0.000,    0.000,    0.000,    0.000,    0.039,    0.039,   -0.072,   -0.072,    0.000,    0.000,    0.000,    0.000,    0.087,    0.087,   -0.621,   -0.621,    0.096,    0.096,   -0.342,   -0.342,   -0.012,   -0.012
    7,2020090218,   -0.647,   -0.647,    0.000,    0.000,    0.000,    0.000,    0.034,    0.034,   -0.074,   -0.074,    0.000,    0.000,    0.000,    0.000,    0.086,    0.086,   -0.626,   -0.626,    0.101,    0.101,   -0.345,   -0.345,   -0.010,   -0.010
    7,2020090212,   -0.647,   -0.647,    0.000,    0.000,    0.000,    0.000,    0.034,    0.034,   -0.074,   -0.074,    0.000,    0.000,    0.000,    0.000,    0.086,    0.086,   -0.615,   -0.615,    0.108,    0.108,   -0.342,   -0.342,   -0.007,   -0.007
    7,2020090206,   -0.646,   -0.646,    0.000,    0.000,    0.000,    0.000,    0.035,    0.035,   -0.072,   -0.072,    0.000,    0.000,    0.000,    0.000,    0.086,    0.086,   -0.622,   -0.622,    0.114,    0.114,   -0.343,   -0.343,   -0.004,   -0.004
    7,2020090200,   -0.647,   -0.647,    0.000,    0.000,    0.000,    0.000,    0.040,    0.040,   -0.071,   -0.071,    0.000,    0.000,    0.000,    0.000,    0.085,    0.085,   -0.627,   -0.627,    0.117,    0.117,   -0.346,   -0.346,   -0.004,   -0.004
    7,2020090118,   -0.647,   -0.647,    0.000,    0.000,    0.000,    0.000,    0.038,    0.038,   -0.069,   -0.069,    0.000,    0.000,    0.000,    0.000,    0.084,    0.084,   -0.629,   -0.629,    0.106,    0.106,   -0.346,   -0.346,   -0.008,   -0.008
    7,2020090112,   -0.650,   -0.650,    0.000,    0.000,    0.000,    0.000,    0.034,    0.034,   -0.068,   -0.068,    0.000,    0.000,    0.000,    0.000,    0.085,    0.085,   -0.637,   -0.637,    0.103,    0.103,   -0.352,   -0.352,   -0.009,   -0.009
    7,2020090106,   -0.649,   -0.649,    0.000,    0.000,    0.000,    0.000,    0.036,    0.036,   -0.066,   -0.066,    0.000,    0.000,    0.000,    0.000,    0.085,    0.085,   -0.632,   -0.632,    0.109,    0.109,   -0.348,   -0.348,   -0.005,   -0.005
    7,2020090100,   -0.646,   -0.646,    0.000,    0.000,    0.000,    0.000,    0.046,    0.046,   -0.059,   -0.059,    0.000,    0.000,    0.000,    0.000,    0.084,    0.084,   -0.625,   -0.625,    0.114,    0.114,   -0.344,   -0.344,   -0.004,   -0.004
    7,2020083118,   -0.647,   -0.647,    0.000,    0.000,    0.000,    0.000,    0.042,    0.042,   -0.060,   -0.060,    0.000,    0.000,    0.000,    0.000,    0.084,    0.084,   -0.629,   -0.629,    0.103,    0.103,   -0.346,   -0.346,   -0.007,   -0.007
    7,2020083112,   -0.651,   -0.651,    0.000,    0.000,    0.000,    0.000,    0.037,    0.037,   -0.063,   -0.063,    0.000,    0.000,    0.000,    0.000,    0.084,    0.084,   -0.653,   -0.653,    0.103,    0.103,   -0.355,   -0.355,   -0.006,   -0.006
    7,2020083106,   -0.650,   -0.650,    0.000,    0.000,    0.000,    0.000,    0.038,    0.038,   -0.061,   -0.061,    0.000,    0.000,    0.000,    0.000,    0.086,    0.086,   -0.660,   -0.660,    0.098,    0.098,   -0.356,   -0.356,   -0.007,   -0.007
    7,2020083100,   -0.651,   -0.651,    0.000,    0.000,    0.000,    0.000,    0.042,    0.042,   -0.058,   -0.058,    0.000,    0.000,    0.000,    0.000,    0.085,    0.085,   -0.658,   -0.658,    0.103,    0.103,   -0.355,   -0.355,   -0.006,   -0.006
    7,2020083018,   -0.651,   -0.651,    0.000,    0.000,    0.000,    0.000,    0.039,    0.039,   -0.059,   -0.059,    0.000,    0.000,    0.000,    0.000,    0.085,    0.085,   -0.665,   -0.665,    0.106,    0.106,   -0.357,   -0.357,   -0.005,   -0.005
    7,2020083012,   -0.650,   -0.650,    0.000,    0.000,    0.000,    0.000,    0.038,    0.038,   -0.059,   -0.059,    0.000,    0.000,    0.000,    0.000,    0.087,    0.087,   -0.664,   -0.664,    0.099,    0.099,   -0.355,   -0.355,   -0.008,   -0.008
    7,2020083006,   -0.649,   -0.649,    0.000,    0.000,    0.000,    0.000,    0.042,    0.042,   -0.058,   -0.058,    0.000,    0.000,    0.000,    0.000,    0.089,    0.089,   -0.651,   -0.651,    0.105,    0.105,   -0.349,   -0.349,   -0.006,   -0.006
    7,2020083000,   -0.650,   -0.650,    0.000,    0.000,    0.000,    0.000,    0.038,    0.038,   -0.059,   -0.059,    0.000,    0.000,    0.000,    0.000,    0.089,    0.089,   -0.654,   -0.654,    0.099,    0.099,   -0.352,   -0.352,   -0.008,   -0.008
