  459,2020092000,    0.151,    0.151,    0.000,    0.000,    0.000,    0.000,   -0.250,   -0.250,    0.197,    0.197,    0.000,    0.000,    0.000,    0.000,    0.006,    0.006,    0.164,    0.164,    0.045,    0.045,   -0.184,   -0.184,   -0.005,   -0.005
  459,2020091918,    0.152,    0.152,    0.000,    0.000,    0.000,    0.000,   -0.248,   -0.248,    0.198,    0.198,    0.000,    0.000,    0.000,    0.000,    0.007,    0.007,    0.169,    0.169,    0.046,    0.046,   -0.182,   -0.182,   -0.005,   -0.005
  459,2020091912,    0.151,    0.151,    0.000,    0.000,    0.000,    0.000,   -0.252,   -0.252,    0.194,    0.194,    0.000,    0.000,    0.000,    0.000,    0.007,    0.007,    0.161,    0.161,    0.047,    0.047,   -0.186,   -0.186,   -0.004,   -0.004
  459,2020091906,    0.151,    0.151,    0.000,    0.000,    0.000,    0.000,   -0.248,   -0.248,    0.194,    0.194,    0.000,    0.000,    0.000,    0.000,    0.007,    0.007,    0.158,    0.158,    0.046,    0.046,   -0.187,   -0.187,   -0.005,   -0.005
  459,2020091900,    0.153,    0.153,    0.000,    0.000,    0.000,    0.000,   -0.249,   -0.249,    0.192,    0.192,    0.000,    0.000,    0.000,    0.000,    0.007,    0.007,    0.160,    0.160,    0.049,    0.049,   -0.186,   -0.186,   -0.003,   -0.003
  459,2020091818,    0.154,    0.154,    0.000,    0.000,    0.000,    0.000,   -0.243,   -0.243,    0.194,    0.194,    0.000,    0.000,    0.000,    0.000,    0.007,    0.007,    0.162,    0.162,    0.050,    0.050,   -0.184,   -0.184,   -0.002,   -0.002
  459,2020091812,    0.153,    0.153,    0.000,    0.000,    0.000,    0.000,   -0.241,   -0.241,    0.193,    0.193,    0.000,    0.000,    0.000,    0.000,    0.007,    0.007,    0.157,    0.157,    0.048,    0.048,   -0.187,   -0.187,   -0.003,   -0.003
  459,2020091806,    0.153,    0.153,    0.000,    0.000,    0.000,    0.000,   -0.238,   -0.238,    0.193,    0.193,    0.000,    0.000,    0.000,    0.000,    0.007,    0.007,    0.160,    0.160,    0.046,    0.046,   -0.186,   -0.186,   -0.004,   -0.004
  459,2020091800,    0.154,    0.154,    0.000,    0.000,    0.000,    0.000,   -0.237,   -0.237,    0.192,    0.192,    0.000,    0.000,    0.000,    0.000,    0.007,    0.007,    0.165,    0.165,    0.041,    0.041,   -0.184,   -0.184,   -0.006,   -0.006
  459,2020091718,    0.154,    0.154,    0.000,    0.000,    0.000,    0.000,   -0.242,   -0.242,    0.191,    0.191,    0.000,    0.000,    0.000,    0.000,    0.007,    0.007,    0.161,    0.161,    0.039,    0.039,   -0.185,   -0.185,   -0.006,   -0.006
  459,2020091712,    0.154,    0.154,    0.000,    0.000,    0.000,    0.000,   -0.242,   -0.242,    0.187,    0.187,    0.000,    0.000,    0.000,    0.000,    0.007,    0.007,    0.155,    0.155,    0.037,    0.037,   -0.187,   -0.187,   -0.008,   -0.008
  459,2020091706,    0.154,    0.154,    0.000,    0.000,    0.000,    0.000,   -0.242,   -0.242,    0.186,    0.186,    0.000,    0.000,    0.000,    0.000,    0.007,    0.007,    0.153,    0.153,    0.037,    0.037,   -0.187,   -0.187,   -0.008,   -0.008
  459,2020091700,    0.155,    0.155,    0.000,    0.000,    0.000,    0.000,   -0.244,   -0.244,    0.186,    0.186,    0.000,    0.000,    0.000,    0.000,    0.007,    0.007,    0.157,    0.157,    0.039,    0.039,   -0.185,   -0.185,   -0.006,   -0.006
  459,2020091618,    0.155,    0.155,    0.000,    0.000,    0.000,    0.000,   -0.244,   -0.244,    0.186,    0.186,    0.000,    0.000,    0.000,    0.000,    0.007,    0.007,    0.158,    0.158,    0.037,    0.037,   -0.185,   -0.185,   -0.007,   -0.007
  459,2020091612,    0.154,    0.154,    0.000,    0.000,    0.000,    0.000,   -0.241,   -0.241,    0.184,    0.184,    0.000,    0.000,    0.000,    0.000,    0.007,    0.007,    0.157,    0.157,    0.037,    0.037,   -0.185,   -0.185,   -0.008,   -0.008
  459,2020091606,    0.154,    0.154,    0.000,    0.000,    0.000,    0.000,   -0.239,   -0.239,    0.182,    0.182,    0.000,    0.000,    0.000,    0.000,    0.007,    0.007,    0.152,    0.152,    0.032,    0.032,   -0.187,   -0.187,   -0.010,   -0.010
  459,2020091600,    0.155,    0.155,    0.000,    0.000,    0.000,    0.000,   -0.237,   -0.237,    0.186,    0.186,    0.000,    0.000,    0.000,    0.000,    0.007,    0.007,    0.150,    0.150,    0.036,    0.036,   -0.188,   -0.188,   -0.009,   -0.009
  459,2020091518,    0.155,    0.155,    0.000,    0.000,    0.000,    0.000,   -0.239,   -0.239,    0.182,    0.182,    0.000,    0.000,    0.000,    0.000,    0.007,    0.007,    0.148,    0.148,    0.031,    0.031,   -0.188,   -0.188,   -0.010,   -0.010
  459,2020091512,    0.156,    0.156,    0.000,    0.000,    0.000,    0.000,   -0.238,   -0.238,    0.178,    0.178,    0.000,    0.000,    0.000,    0.000,    0.007,    0.007,    0.149,    0.149,    0.034,    0.034,   -0.188,   -0.188,   -0.009,   -0.009
  459,2020091506,    0.156,    0.156,    0.000,    0.000,    0.000,    0.000,   -0.236,   -0.236,    0.176,    0.176,    0.000,    0.000,    0.000,    0.000,    0.007,    0.007,    0.148,    0.148,    0.033,    0.033,   -0.188,   -0.188,   -0.010,   -0.010
  459,2020091500,    0.157,    0.157,    0.000,    0.000,    0.000,    0.000,   -0.236,   -0.236,    0.178,    0.178,    0.000,    0.000,    0.000,    0.000,    0.007,    0.007,    0.146,    0.146,    0.038,    0.038,   -0.188,   -0.188,   -0.008,   -0.008
  459,2020091418,    0.157,    0.157,    0.000,    0.000,    0.000,    0.000,   -0.233,   -0.233,    0.177,    0.177,    0.000,    0.000,    0.000,    0.000,    0.007,    0.007,    0.150,    0.150,    0.041,    0.041,   -0.186,   -0.186,   -0.006,   -0.006
  459,2020091412,    0.157,    0.157,    0.000,    0.000,    0.000,    0.000,   -0.232,   -0.232,    0.176,    0.176,    0.000,    0.000,    0.000,    0.000,    0.007,    0.007,    0.148,    0.148,    0.047,    0.047,   -0.186,   -0.186,   -0.004,   -0.004
  459,2020091406,    0.158,    0.158,    0.000,    0.000,    0.000,    0.000,   -0.228,   -0.228,    0.176,    0.176,    0.000,    0.000,    0.000,    0.000,    0.008,    0.008,    0.153,    0.153,    0.044,    0.044,   -0.184,   -0.184,   -0.004,   -0.004
  459,2020091400,    0.159,    0.159,    0.000,    0.000,    0.000,    0.000,   -0.232,   -0.232,    0.178,    0.178,    0.000,    0.000,    0.000,    0.000,    0.008,    0.008,    0.152,    0.152,    0.046,    0.046,   -0.184,   -0.184,   -0.004,   -0.004
  459,2020091318,    0.159,    0.159,    0.000,    0.000,    0.000,    0.000,   -0.232,   -0.232,    0.178,    0.178,    0.000,    0.000,    0.000,    0.000,    0.008,    0.008,    0.148,    0.148,    0.047,    0.047,   -0.185,   -0.185,   -0.003,   -0.003
  459,2020091312,    0.160,    0.160,    0.000,    0.000,    0.000,    0.000,   -0.230,   -0.230,    0.177,    0.177,    0.000,    0.000,    0.000,    0.000,    0.008,    0.008,    0.150,    0.150,    0.052,    0.052,   -0.184,   -0.184,   -0.001,   -0.001
  459,2020091306,    0.161,    0.161,    0.000,    0.000,    0.000,    0.000,   -0.228,   -0.228,    0.181,    0.181,    0.000,    0.000,    0.000,    0.000,    0.008,    0.008,    0.151,    0.151,    0.049,    0.049,   -0.183,   -0.183,   -0.003,   -0.003
  459,2020091300,    0.162,    0.162,    0.000,    0.000,    0.000,    0.000,   -0.228,   -0.228,    0.183,    0.183,    0.000,    0.000,    0.000,    0.000,    0.007,    0.007,    0.156,    0.156,    0.049,    0.049,   -0.180,   -0.180,   -0.003,   -0.003
  459,2020091218,    0.162,    0.162,    0.000,    0.000,    0.000,    0.000,   -0.230,   -0.230,    0.182,    0.182,    0.000,    0.000,    0.000,    0.000,    0.008,    0.008,    0.156,    0.156,    0.049,    0.049,   -0.181,   -0.181,   -0.003,   -0.003
  459,2020091212,    0.161,    0.161,    0.000,    0.000,    0.000,    0.000,   -0.230,   -0.230,    0.181,    0.181,    0.000,    0.000,    0.000,    0.000,    0.007,    0.007,    0.152,    0.152,    0.051,    0.051,   -0.183,   -0.183,   -0.002,   -0.002
  459,2020091206,    0.162,    0.162,    0.000,    0.000,    0.000,    0.000,   -0.231,   -0.231,    0.182,    0.182,    0.000,    0.000,    0.000,    0.000,    0.008,    0.008,    0.158,    0.158,    0.054,    0.054,   -0.181,   -0.181,   -0.000,   -0.000
  459,2020091200,    0.162,    0.162,    0.000,    0.000,    0.000,    0.000,   -0.234,   -0.234,    0.182,    0.182,    0.000,    0.000,    0.000,    0.000,    0.007,    0.007,    0.154,    0.154,    0.053,    0.053,   -0.182,   -0.182,   -0.000,   -0.000
  459,2020091118,    0.163,    0.163,    0.000,    0.000,    0.000,    0.000,   -0.231,   -0.231,    0.182,    0.182,    0.000,    0.000,    0.000,    0.000,    0.008,    0.008,    0.159,    0.159,    0.047,    0.047,   -0.181,   -0.181,   -0.002,   -0.002
  459,2020091112,    0.163,    0.163,    0.000,    0.000,    0.000,    0.000,   -0.232,   -0.232,    0.179,    0.179,    0.000,    0.000,    0.000,    0.000,    0.007,    0.007,    0.162,    0.162,    0.041,    0.041,   -0.179,   -0.179,   -0.005,   -0.005
  459,2020091106,    0.162,    0.162,    0.000,    0.000,    0.000,    0.000,   -0.234,   -0.234,    0.177,    0.177,    0.000,    0.000,    0.000,    0.000,    0.007,    0.007,    0.155,    0.155,    0.041,    0.041,   -0.183,   -0.183,   -0.005,   -0.005
  459,2020091100,    0.163,    0.163,    0.000,    0.000,    0.000,    0.000,   -0.234,   -0.234,    0.177,    0.177,    0.000,    0.000,    0.000,    0.000,    0.007,    0.007,    0.152,    0.152,    0.039,    0.039,   -0.184,   -0.184,   -0.005,   -0.005
  459,2020091018,    0.163,    0.163,    0.000,    0.000,    0.000,    0.000,   -0.233,   -0.233,    0.179,    0.179,    0.000,    0.000,    0.000,    0.000,    0.007,    0.007,    0.156,    0.156,    0.040,    0.040,   -0.182,   -0.182,   -0.006,   -0.006
  459,2020091012,    0.163,    0.163,    0.000,    0.000,    0.000,    0.000,   -0.234,   -0.234,    0.176,    0.176,    0.000,    0.000,    0.000,    0.000,    0.007,    0.007,    0.159,    0.159,    0.043,    0.043,   -0.181,   -0.181,   -0.004,   -0.004
  459,2020091006,    0.164,    0.164,    0.000,    0.000,    0.000,    0.000,   -0.235,   -0.235,    0.172,    0.172,    0.000,    0.000,    0.000,    0.000,    0.007,    0.007,    0.161,    0.161,    0.040,    0.040,   -0.180,   -0.180,   -0.005,   -0.005
  459,2020091000,    0.166,    0.166,    0.000,    0.000,    0.000,    0.000,   -0.232,   -0.232,    0.174,    0.174,    0.000,    0.000,    0.000,    0.000,    0.007,    0.007,    0.171,    0.171,    0.041,    0.041,   -0.176,   -0.176,   -0.004,   -0.004
  459,2020090918,    0.166,    0.166,    0.000,    0.000,    0.000,    0.000,   -0.226,   -0.226,    0.176,    0.176,    0.000,    0.000,    0.000,    0.000,    0.008,    0.008,    0.174,    0.174,    0.039,    0.039,   -0.175,   -0.175,   -0.005,   -0.005
  459,2020090912,    0.167,    0.167,    0.000,    0.000,    0.000,    0.000,   -0.226,   -0.226,    0.174,    0.174,    0.000,    0.000,    0.000,    0.000,    0.008,    0.008,    0.182,    0.182,    0.039,    0.039,   -0.171,   -0.171,   -0.005,   -0.005
  459,2020090906,    0.166,    0.166,    0.000,    0.000,    0.000,    0.000,   -0.230,   -0.230,    0.171,    0.171,    0.000,    0.000,    0.000,    0.000,    0.008,    0.008,    0.178,    0.178,    0.040,    0.040,   -0.174,   -0.174,   -0.004,   -0.004
  459,2020090900,    0.167,    0.167,    0.000,    0.000,    0.000,    0.000,   -0.227,   -0.227,    0.169,    0.169,    0.000,    0.000,    0.000,    0.000,    0.008,    0.008,    0.181,    0.181,    0.044,    0.044,   -0.172,   -0.172,   -0.003,   -0.003
  459,2020090818,    0.168,    0.168,    0.000,    0.000,    0.000,    0.000,   -0.225,   -0.225,    0.169,    0.169,    0.000,    0.000,    0.000,    0.000,    0.008,    0.008,    0.183,    0.183,    0.045,    0.045,   -0.170,   -0.170,   -0.003,   -0.003
  459,2020090812,    0.166,    0.166,    0.000,    0.000,    0.000,    0.000,   -0.227,   -0.227,    0.166,    0.166,    0.000,    0.000,    0.000,    0.000,    0.007,    0.007,    0.175,    0.175,    0.042,    0.042,   -0.175,   -0.175,   -0.004,   -0.004
  459,2020090806,    0.166,    0.166,    0.000,    0.000,    0.000,    0.000,   -0.232,   -0.232,    0.164,    0.164,    0.000,    0.000,    0.000,    0.000,    0.008,    0.008,    0.172,    0.172,    0.047,    0.047,   -0.176,   -0.176,   -0.002,   -0.002
  459,2020090800,    0.166,    0.166,    0.000,    0.000,    0.000,    0.000,   -0.234,   -0.234,    0.163,    0.163,    0.000,    0.000,    0.000,    0.000,    0.007,    0.007,    0.172,    0.172,    0.045,    0.045,   -0.176,   -0.176,   -0.003,   -0.003
  459,2020090718,    0.167,    0.167,    0.000,    0.000,    0.000,    0.000,   -0.239,   -0.239,    0.161,    0.161,    0.000,    0.000,    0.000,    0.000,    0.008,    0.008,    0.166,    0.166,    0.043,    0.043,   -0.178,   -0.178,   -0.003,   -0.003
  459,2020090712,    0.166,    0.166,    0.000,    0.000,    0.000,    0.000,   -0.240,   -0.240,    0.162,    0.162,    0.000,    0.000,    0.000,    0.000,    0.008,    0.008,    0.164,    0.164,    0.044,    0.044,   -0.180,   -0.180,   -0.003,   -0.003
  459,2020090706,    0.166,    0.166,    0.000,    0.000,    0.000,    0.000,   -0.247,   -0.247,    0.161,    0.161,    0.000,    0.000,    0.000,    0.000,    0.008,    0.008,    0.161,    0.161,    0.051,    0.051,   -0.181,   -0.181,    0.000,    0.000
  459,2020090700,    0.166,    0.166,    0.000,    0.000,    0.000,    0.000,   -0.249,   -0.249,    0.160,    0.160,    0.000,    0.000,    0.000,    0.000,    0.008,    0.008,    0.156,    0.156,    0.054,    0.054,   -0.183,   -0.183,    0.002,    0.002
  459,2020090618,    0.168,    0.168,    0.000,    0.000,    0.000,    0.000,   -0.246,   -0.246,    0.162,    0.162,    0.000,    0.000,    0.000,    0.000,    0.008,    0.008,    0.163,    0.163,    0.055,    0.055,   -0.180,   -0.180,    0.002,    0.002
  459,2020090612,    0.168,    0.168,    0.000,    0.000,    0.000,    0.000,   -0.244,   -0.244,    0.161,    0.161,    0.000,    0.000,    0.000,    0.000,    0.008,    0.008,    0.166,    0.166,    0.053,    0.053,   -0.179,   -0.179,    0.002,    0.002
  459,2020090606,    0.167,    0.167,    0.000,    0.000,    0.000,    0.000,   -0.249,   -0.249,    0.158,    0.158,    0.000,    0.000,    0.000,    0.000,    0.008,    0.008,    0.164,    0.164,    0.051,    0.051,   -0.180,   -0.180,    0.000,    0.000
  459,2020090600,    0.167,    0.167,    0.000,    0.000,    0.000,    0.000,   -0.249,   -0.249,    0.157,    0.157,    0.000,    0.000,    0.000,    0.000,    0.007,    0.007,    0.166,    0.166,    0.046,    0.046,   -0.180,   -0.180,   -0.001,   -0.001
  459,2020090518,    0.169,    0.169,    0.000,    0.000,    0.000,    0.000,   -0.248,   -0.248,    0.157,    0.157,    0.000,    0.000,    0.000,    0.000,    0.008,    0.008,    0.175,    0.175,    0.046,    0.046,   -0.175,   -0.175,   -0.002,   -0.002
  459,2020090512,    0.169,    0.169,    0.000,    0.000,    0.000,    0.000,   -0.249,   -0.249,    0.155,    0.155,    0.000,    0.000,    0.000,    0.000,    0.008,    0.008,    0.172,    0.172,    0.048,    0.048,   -0.176,   -0.176,   -0.001,   -0.001
  459,2020090506,    0.169,    0.169,    0.000,    0.000,    0.000,    0.000,   -0.255,   -0.255,    0.155,    0.155,    0.000,    0.000,    0.000,    0.000,    0.007,    0.007,    0.170,    0.170,    0.047,    0.047,   -0.177,   -0.177,   -0.002,   -0.002
  459,2020090500,    0.170,    0.170,    0.000,    0.000,    0.000,    0.000,   -0.249,   -0.249,    0.157,    0.157,    0.000,    0.000,    0.000,    0.000,    0.007,    0.007,    0.175,    0.175,    0.045,    0.045,   -0.175,   -0.175,   -0.003,   -0.003
  459,2020090418,    0.171,    0.171,    0.000,    0.000,    0.000,    0.000,   -0.247,   -0.247,    0.157,    0.157,    0.000,    0.000,    0.000,    0.000,    0.008,    0.008,    0.180,    0.180,    0.044,    0.044,   -0.173,   -0.173,   -0.002,   -0.002
  459,2020090412,    0.171,    0.171,    0.000,    0.000,    0.000,    0.000,   -0.246,   -0.246,    0.155,    0.155,    0.000,    0.000,    0.000,    0.000,    0.008,    0.008,    0.176,    0.176,    0.046,    0.046,   -0.174,   -0.174,   -0.001,   -0.001
  459,2020090406,    0.171,    0.171,    0.000,    0.000,    0.000,    0.000,   -0.251,   -0.251,    0.156,    0.156,    0.000,    0.000,    0.000,    0.000,    0.008,    0.008,    0.174,    0.174,    0.048,    0.048,   -0.175,   -0.175,   -0.001,   -0.001
  459,2020090400,    0.172,    0.172,    0.000,    0.000,    0.000,    0.000,   -0.250,   -0.250,    0.156,    0.156,    0.000,    0.000,    0.000,    0.000,    0.008,    0.008,    0.183,    0.183,    0.044,    0.044,   -0.171,   -0.171,   -0.003,   -0.003
  459,2020090318,    0.173,    0.173,    0.000,    0.000,    0.000,    0.000,   -0.252,   -0.252,    0.156,    0.156,    0.000,    0.000,    0.000,    0.000,    0.009,    0.009,    0.186,    0.186,    0.046,    0.046,   -0.170,   -0.170,   -0.002,   -0.002
  459,2020090312,    0.172,    0.172,    0.000,    0.000,    0.000,    0.000,   -0.255,   -0.255,    0.155,    0.155,    0.000,    0.000,    0.000,    0.000,    0.008,    0.008,    0.184,    0.184,    0.048,    0.048,   -0.171,   -0.171,   -0.000,   -0.000
  459,2020090306,    0.171,    0.171,    0.000,    0.000,    0.000,    0.000,   -0.257,   -0.257,    0.157,    0.157,    0.000,    0.000,    0.000,    0.000,    0.008,    0.008,    0.175,    0.175,    0.049,    0.049,   -0.176,   -0.176,    0.001,    0.001
  459,2020090300,    0.172,    0.172,    0.000,    0.000,    0.000,    0.000,   -0.264,   -0.264,    0.154,    0.154,    0.000,    0.000,    0.000,    0.000,    0.008,    0.008,    0.174,    0.174,    0.046,    0.046,   -0.175,   -0.175,   -0.001,   -0.001
  459,2020090218,    0.172,    0.172,    0.000,    0.000,    0.000,    0.000,   -0.267,   -0.267,    0.152,    0.152,    0.000,    0.000,    0.000,    0.000,    0.009,    0.009,    0.178,    0.178,    0.041,    0.041,   -0.173,   -0.173,   -0.003,   -0.003
  459,2020090212,    0.173,    0.173,    0.000,    0.000,    0.000,    0.000,   -0.269,   -0.269,    0.150,    0.150,    0.000,    0.000,    0.000,    0.000,    0.008,    0.008,    0.180,    0.180,    0.042,    0.042,   -0.172,   -0.172,   -0.003,   -0.003
  459,2020090206,    0.172,    0.172,    0.000,    0.000,    0.000,    0.000,   -0.279,   -0.279,    0.146,    0.146,    0.000,    0.000,    0.000,    0.000,    0.009,    0.009,    0.175,    0.175,    0.046,    0.046,   -0.175,   -0.175,   -0.001,   -0.001
  459,2020090200,    0.173,    0.173,    0.000,    0.000,    0.000,    0.000,   -0.278,   -0.278,    0.145,    0.145,    0.000,    0.000,    0.000,    0.000,    0.009,    0.009,    0.181,    0.181,    0.044,    0.044,   -0.172,   -0.172,   -0.002,   -0.002
  459,2020090118,    0.175,    0.175,    0.000,    0.000,    0.000,    0.000,   -0.271,   -0.271,    0.147,    0.147,    0.000,    0.000,    0.000,    0.000,    0.009,    0.009,    0.191,    0.191,    0.043,    0.043,   -0.166,   -0.166,   -0.002,   -0.002
  459,2020090112,    0.175,    0.175,    0.000,    0.000,    0.000,    0.000,   -0.274,   -0.274,    0.143,    0.143,    0.000,    0.000,    0.000,    0.000,    0.009,    0.009,    0.198,    0.198,    0.043,    0.043,   -0.164,   -0.164,   -0.002,   -0.002
  459,2020090106,    0.176,    0.176,    0.000,    0.000,    0.000,    0.000,   -0.284,   -0.284,    0.140,    0.140,    0.000,    0.000,    0.000,    0.000,    0.010,    0.010,    0.197,    0.197,    0.046,    0.046,   -0.164,   -0.164,   -0.001,   -0.001
  459,2020090100,    0.176,    0.176,    0.000,    0.000,    0.000,    0.000,   -0.286,   -0.286,    0.139,    0.139,    0.000,    0.000,    0.000,    0.000,    0.010,    0.010,    0.201,    0.201,    0.050,    0.050,   -0.162,   -0.162,    0.000,    0.000
  459,2020083118,    0.177,    0.177,    0.000,    0.000,    0.000,    0.000,   -0.282,   -0.282,    0.141,    0.141,    0.000,    0.000,    0.000,    0.000,    0.010,    0.010,    0.202,    0.202,    0.046,    0.046,   -0.160,   -0.160,   -0.001,   -0.001
  459,2020083112,    0.177,    0.177,    0.000,    0.000,    0.000,    0.000,   -0.287,   -0.287,    0.137,    0.137,    0.000,    0.000,    0.000,    0.000,    0.010,    0.010,    0.193,    0.193,    0.046,    0.046,   -0.165,   -0.165,   -0.001,   -0.001
  459,2020083106,    0.177,    0.177,    0.000,    0.000,    0.000,    0.000,   -0.292,   -0.292,    0.134,    0.134,    0.000,    0.000,    0.000,    0.000,    0.011,    0.011,    0.197,    0.197,    0.045,    0.045,   -0.163,   -0.163,   -0.002,   -0.002
  459,2020083100,    0.177,    0.177,    0.000,    0.000,    0.000,    0.000,   -0.295,   -0.295,    0.134,    0.134,    0.000,    0.000,    0.000,    0.000,    0.011,    0.011,    0.200,    0.200,    0.045,    0.045,   -0.162,   -0.162,   -0.002,   -0.002
  459,2020083018,    0.178,    0.178,    0.000,    0.000,    0.000,    0.000,   -0.296,   -0.296,    0.132,    0.132,    0.000,    0.000,    0.000,    0.000,    0.011,    0.011,    0.208,    0.208,    0.046,    0.046,   -0.157,   -0.157,   -0.002,   -0.002
  459,2020083012,    0.179,    0.179,    0.000,    0.000,    0.000,    0.000,   -0.292,   -0.292,    0.130,    0.130,    0.000,    0.000,    0.000,    0.000,    0.011,    0.011,    0.207,    0.207,    0.045,    0.045,   -0.157,   -0.157,   -0.003,   -0.003
  459,2020083006,    0.180,    0.180,    0.000,    0.000,    0.000,    0.000,   -0.294,   -0.294,    0.129,    0.129,    0.000,    0.000,    0.000,    0.000,    0.011,    0.011,    0.206,    0.206,    0.045,    0.045,   -0.156,   -0.156,   -0.003,   -0.003
  459,2020083000,    0.181,    0.181,    0.000,    0.000,    0.000,    0.000,   -0.294,   -0.294,    0.127,    0.127,    0.000,    0.000,    0.000,    0.000,    0.011,    0.011,    0.217,    0.217,    0.045,    0.045,   -0.151,   -0.151,   -0.002,   -0.002
