 5130,2020092000,   -0.132,   -0.132,    0.000,    0.000,    0.000,    0.000,    0.031,    0.031,   -0.131,   -0.131,    0.000,    0.000,    0.000,    0.000,    0.009,    0.009,    0.192,    0.192,    0.006,    0.006,   -0.128,   -0.128,    0.004,    0.004
 5130,2020091918,   -0.129,   -0.129,    0.000,    0.000,    0.000,    0.000,    0.036,    0.036,   -0.133,   -0.133,    0.000,    0.000,    0.000,    0.000,    0.010,    0.010,    0.207,    0.207,    0.011,    0.011,   -0.121,   -0.121,    0.007,    0.007
 5130,2020091912,   -0.131,   -0.131,    0.000,    0.000,    0.000,    0.000,    0.033,    0.033,   -0.134,   -0.134,    0.000,    0.000,    0.000,    0.000,    0.011,    0.011,    0.208,    0.208,    0.025,    0.025,   -0.123,   -0.123,    0.015,    0.015
 5130,2020091906,   -0.130,   -0.130,    0.000,    0.000,    0.000,    0.000,    0.035,    0.035,   -0.133,   -0.133,    0.000,    0.000,    0.000,    0.000,    0.011,    0.011,    0.210,    0.210,    0.024,    0.024,   -0.121,   -0.121,    0.015,    0.015
 5130,2020091900,   -0.129,   -0.129,    0.000,    0.000,    0.000,    0.000,    0.035,    0.035,   -0.132,   -0.132,    0.000,    0.000,    0.000,    0.000,    0.010,    0.010,    0.218,    0.218,    0.023,    0.023,   -0.116,   -0.116,    0.016,    0.016
 5130,2020091818,   -0.129,   -0.129,    0.000,    0.000,    0.000,    0.000,    0.036,    0.036,   -0.135,   -0.135,    0.000,    0.000,    0.000,    0.000,    0.012,    0.012,    0.231,    0.231,    0.016,    0.016,   -0.112,   -0.112,    0.012,    0.012
 5130,2020091812,   -0.131,   -0.131,    0.000,    0.000,    0.000,    0.000,    0.028,    0.028,   -0.138,   -0.138,    0.000,    0.000,    0.000,    0.000,    0.011,    0.011,    0.222,    0.222,    0.010,    0.010,   -0.117,   -0.117,    0.007,    0.007
 5130,2020091806,   -0.133,   -0.133,    0.000,    0.000,    0.000,    0.000,    0.027,    0.027,   -0.141,   -0.141,    0.000,    0.000,    0.000,    0.000,    0.012,    0.012,    0.192,    0.192,    0.011,    0.011,   -0.133,   -0.133,    0.005,    0.005
 5130,2020091800,   -0.130,   -0.130,    0.000,    0.000,    0.000,    0.000,    0.030,    0.030,   -0.140,   -0.140,    0.000,    0.000,    0.000,    0.000,    0.010,    0.010,    0.195,    0.195,    0.004,    0.004,   -0.130,   -0.130,    0.001,    0.001
 5130,2020091718,   -0.128,   -0.128,    0.000,    0.000,    0.000,    0.000,    0.032,    0.032,   -0.136,   -0.136,    0.000,    0.000,    0.000,    0.000,    0.010,    0.010,    0.195,    0.195,   -0.000,   -0.000,   -0.129,   -0.129,   -0.000,   -0.000
 5130,2020091712,   -0.128,   -0.128,    0.000,    0.000,    0.000,    0.000,    0.030,    0.030,   -0.139,   -0.139,    0.000,    0.000,    0.000,    0.000,    0.012,    0.012,    0.197,    0.197,   -0.005,   -0.005,   -0.129,   -0.129,   -0.002,   -0.002
 5130,2020091706,   -0.127,   -0.127,    0.000,    0.000,    0.000,    0.000,    0.028,    0.028,   -0.140,   -0.140,    0.000,    0.000,    0.000,    0.000,    0.011,    0.011,    0.200,    0.200,   -0.013,   -0.013,   -0.127,   -0.127,   -0.004,   -0.004
 5130,2020091700,   -0.129,   -0.129,    0.000,    0.000,    0.000,    0.000,    0.025,    0.025,   -0.141,   -0.141,    0.000,    0.000,    0.000,    0.000,    0.009,    0.009,    0.205,    0.205,   -0.014,   -0.014,   -0.126,   -0.126,   -0.003,   -0.003
 5130,2020091618,   -0.131,   -0.131,    0.000,    0.000,    0.000,    0.000,    0.020,    0.020,   -0.148,   -0.148,    0.000,    0.000,    0.000,    0.000,    0.010,    0.010,    0.191,    0.191,   -0.009,   -0.009,   -0.132,   -0.132,   -0.001,   -0.001
 5130,2020091612,   -0.132,   -0.132,    0.000,    0.000,    0.000,    0.000,    0.024,    0.024,   -0.146,   -0.146,    0.000,    0.000,    0.000,    0.000,    0.011,    0.011,    0.183,    0.183,   -0.013,   -0.013,   -0.138,   -0.138,   -0.003,   -0.003
 5130,2020091606,   -0.133,   -0.133,    0.000,    0.000,    0.000,    0.000,    0.020,    0.020,   -0.151,   -0.151,    0.000,    0.000,    0.000,    0.000,    0.009,    0.009,    0.175,    0.175,    0.005,    0.005,   -0.141,   -0.141,    0.005,    0.005
 5130,2020091600,   -0.132,   -0.132,    0.000,    0.000,    0.000,    0.000,    0.024,    0.024,   -0.155,   -0.155,    0.000,    0.000,    0.000,    0.000,    0.009,    0.009,    0.181,    0.181,    0.002,    0.002,   -0.137,   -0.137,    0.001,    0.001
 5130,2020091518,   -0.129,   -0.129,    0.000,    0.000,    0.000,    0.000,    0.026,    0.026,   -0.158,   -0.158,    0.000,    0.000,    0.000,    0.000,    0.010,    0.010,    0.201,    0.201,   -0.010,   -0.010,   -0.129,   -0.129,   -0.002,   -0.002
 5130,2020091512,   -0.129,   -0.129,    0.000,    0.000,    0.000,    0.000,    0.030,    0.030,   -0.158,   -0.158,    0.000,    0.000,    0.000,    0.000,    0.010,    0.010,    0.192,    0.192,   -0.003,   -0.003,   -0.133,   -0.133,    0.001,    0.001
 5130,2020091506,   -0.129,   -0.129,    0.000,    0.000,    0.000,    0.000,    0.028,    0.028,   -0.160,   -0.160,    0.000,    0.000,    0.000,    0.000,    0.008,    0.008,    0.198,    0.198,    0.002,    0.002,   -0.131,   -0.131,    0.003,    0.003
 5130,2020091500,   -0.129,   -0.129,    0.000,    0.000,    0.000,    0.000,    0.024,    0.024,   -0.160,   -0.160,    0.000,    0.000,    0.000,    0.000,    0.006,    0.006,    0.194,    0.194,   -0.004,   -0.004,   -0.133,   -0.133,    0.002,    0.002
 5130,2020091418,   -0.129,   -0.129,    0.000,    0.000,    0.000,    0.000,    0.022,    0.022,   -0.166,   -0.166,    0.000,    0.000,    0.000,    0.000,    0.006,    0.006,    0.193,    0.193,   -0.018,   -0.018,   -0.134,   -0.134,   -0.002,   -0.002
 5130,2020091412,   -0.131,   -0.131,    0.000,    0.000,    0.000,    0.000,    0.025,    0.025,   -0.167,   -0.167,    0.000,    0.000,    0.000,    0.000,    0.007,    0.007,    0.200,    0.200,   -0.029,   -0.029,   -0.133,   -0.133,   -0.005,   -0.005
 5130,2020091406,   -0.128,   -0.128,    0.000,    0.000,    0.000,    0.000,    0.028,    0.028,   -0.169,   -0.169,    0.000,    0.000,    0.000,    0.000,    0.008,    0.008,    0.208,    0.208,   -0.021,   -0.021,   -0.129,   -0.129,   -0.002,   -0.002
 5130,2020091400,   -0.128,   -0.128,    0.000,    0.000,    0.000,    0.000,    0.028,    0.028,   -0.170,   -0.170,    0.000,    0.000,    0.000,    0.000,    0.006,    0.006,    0.212,    0.212,   -0.017,   -0.017,   -0.128,   -0.128,    0.001,    0.001
 5130,2020091318,   -0.126,   -0.126,    0.000,    0.000,    0.000,    0.000,    0.029,    0.029,   -0.171,   -0.171,    0.000,    0.000,    0.000,    0.000,    0.006,    0.006,    0.213,    0.213,   -0.025,   -0.025,   -0.127,   -0.127,   -0.002,   -0.002
 5130,2020091312,   -0.130,   -0.130,    0.000,    0.000,    0.000,    0.000,    0.029,    0.029,   -0.172,   -0.172,    0.000,    0.000,    0.000,    0.000,    0.006,    0.006,    0.195,    0.195,   -0.033,   -0.033,   -0.136,   -0.136,   -0.004,   -0.004
 5130,2020091306,   -0.127,   -0.127,    0.000,    0.000,    0.000,    0.000,    0.032,    0.032,   -0.170,   -0.170,    0.000,    0.000,    0.000,    0.000,    0.007,    0.007,    0.197,    0.197,   -0.036,   -0.036,   -0.134,   -0.134,   -0.005,   -0.005
 5130,2020091300,   -0.128,   -0.128,    0.000,    0.000,    0.000,    0.000,    0.031,    0.031,   -0.170,   -0.170,    0.000,    0.000,    0.000,    0.000,    0.004,    0.004,    0.185,    0.185,   -0.033,   -0.033,   -0.142,   -0.142,   -0.004,   -0.004
 5130,2020091218,   -0.129,   -0.129,    0.000,    0.000,    0.000,    0.000,    0.030,    0.030,   -0.175,   -0.175,    0.000,    0.000,    0.000,    0.000,    0.004,    0.004,    0.182,    0.182,   -0.023,   -0.023,   -0.143,   -0.143,    0.001,    0.001
 5130,2020091212,   -0.131,   -0.131,    0.000,    0.000,    0.000,    0.000,    0.024,    0.024,   -0.177,   -0.177,    0.000,    0.000,    0.000,    0.000,    0.004,    0.004,    0.163,    0.163,   -0.025,   -0.025,   -0.151,   -0.151,   -0.001,   -0.001
 5130,2020091206,   -0.130,   -0.130,    0.000,    0.000,    0.000,    0.000,    0.023,    0.023,   -0.176,   -0.176,    0.000,    0.000,    0.000,    0.000,    0.002,    0.002,    0.170,    0.170,   -0.030,   -0.030,   -0.148,   -0.148,   -0.003,   -0.003
 5130,2020091200,   -0.130,   -0.130,    0.000,    0.000,    0.000,    0.000,    0.021,    0.021,   -0.176,   -0.176,    0.000,    0.000,    0.000,    0.000,    0.002,    0.002,    0.174,    0.174,   -0.032,   -0.032,   -0.146,   -0.146,   -0.002,   -0.002
 5130,2020091118,   -0.129,   -0.129,    0.000,    0.000,    0.000,    0.000,    0.022,    0.022,   -0.181,   -0.181,    0.000,    0.000,    0.000,    0.000,    0.002,    0.002,    0.169,    0.169,   -0.035,   -0.035,   -0.146,   -0.146,   -0.006,   -0.006
 5130,2020091112,   -0.131,   -0.131,    0.000,    0.000,    0.000,    0.000,    0.018,    0.018,   -0.184,   -0.184,    0.000,    0.000,    0.000,    0.000,    0.003,    0.003,    0.153,    0.153,   -0.036,   -0.036,   -0.155,   -0.155,   -0.005,   -0.005
 5130,2020091106,   -0.127,   -0.127,    0.000,    0.000,    0.000,    0.000,    0.024,    0.024,   -0.180,   -0.180,    0.000,    0.000,    0.000,    0.000,    0.002,    0.002,    0.159,    0.159,   -0.033,   -0.033,   -0.150,   -0.150,   -0.004,   -0.004
 5130,2020091100,   -0.125,   -0.125,    0.000,    0.000,    0.000,    0.000,    0.025,    0.025,   -0.179,   -0.179,    0.000,    0.000,    0.000,    0.000,    0.002,    0.002,    0.182,    0.182,   -0.029,   -0.029,   -0.141,   -0.141,   -0.005,   -0.005
 5130,2020091018,   -0.124,   -0.124,    0.000,    0.000,    0.000,    0.000,    0.026,    0.026,   -0.181,   -0.181,    0.000,    0.000,    0.000,    0.000,    0.002,    0.002,    0.173,    0.173,   -0.033,   -0.033,   -0.143,   -0.143,   -0.007,   -0.007
 5130,2020091012,   -0.126,   -0.126,    0.000,    0.000,    0.000,    0.000,    0.023,    0.023,   -0.178,   -0.178,    0.000,    0.000,    0.000,    0.000,    0.002,    0.002,    0.164,    0.164,   -0.028,   -0.028,   -0.147,   -0.147,   -0.005,   -0.005
 5130,2020091006,   -0.126,   -0.126,    0.000,    0.000,    0.000,    0.000,    0.026,    0.026,   -0.179,   -0.179,    0.000,    0.000,    0.000,    0.000,    0.001,    0.001,    0.163,    0.163,   -0.019,   -0.019,   -0.148,   -0.148,   -0.002,   -0.002
 5130,2020091000,   -0.127,   -0.127,    0.000,    0.000,    0.000,    0.000,    0.024,    0.024,   -0.180,   -0.180,    0.000,    0.000,    0.000,    0.000,   -0.001,   -0.001,    0.165,    0.165,   -0.019,   -0.019,   -0.147,   -0.147,   -0.002,   -0.002
 5130,2020090918,   -0.124,   -0.124,    0.000,    0.000,    0.000,    0.000,    0.027,    0.027,   -0.177,   -0.177,    0.000,    0.000,    0.000,    0.000,   -0.001,   -0.001,    0.180,    0.180,   -0.024,   -0.024,   -0.140,   -0.140,   -0.006,   -0.006
 5130,2020090912,   -0.125,   -0.125,    0.000,    0.000,    0.000,    0.000,    0.025,    0.025,   -0.181,   -0.181,    0.000,    0.000,    0.000,    0.000,   -0.001,   -0.001,    0.178,    0.178,   -0.017,   -0.017,   -0.143,   -0.143,   -0.003,   -0.003
 5130,2020090906,   -0.124,   -0.124,    0.000,    0.000,    0.000,    0.000,    0.023,    0.023,   -0.185,   -0.185,    0.000,    0.000,    0.000,    0.000,   -0.001,   -0.001,    0.187,    0.187,   -0.016,   -0.016,   -0.139,   -0.139,   -0.003,   -0.003
 5130,2020090900,   -0.124,   -0.124,    0.000,    0.000,    0.000,    0.000,    0.019,    0.019,   -0.185,   -0.185,    0.000,    0.000,    0.000,    0.000,   -0.003,   -0.003,    0.172,    0.172,   -0.016,   -0.016,   -0.145,   -0.145,   -0.004,   -0.004
 5130,2020090818,   -0.124,   -0.124,    0.000,    0.000,    0.000,    0.000,    0.018,    0.018,   -0.189,   -0.189,    0.000,    0.000,    0.000,    0.000,   -0.002,   -0.002,    0.169,    0.169,   -0.011,   -0.011,   -0.147,   -0.147,   -0.001,   -0.001
 5130,2020090812,   -0.125,   -0.125,    0.000,    0.000,    0.000,    0.000,    0.017,    0.017,   -0.184,   -0.184,    0.000,    0.000,    0.000,    0.000,   -0.003,   -0.003,    0.177,    0.177,   -0.012,   -0.012,   -0.145,   -0.145,   -0.003,   -0.003
 5130,2020090806,   -0.124,   -0.124,    0.000,    0.000,    0.000,    0.000,    0.021,    0.021,   -0.184,   -0.184,    0.000,    0.000,    0.000,    0.000,   -0.002,   -0.002,    0.179,    0.179,   -0.023,   -0.023,   -0.144,   -0.144,   -0.009,   -0.009
 5130,2020090800,   -0.121,   -0.121,    0.000,    0.000,    0.000,    0.000,    0.024,    0.024,   -0.182,   -0.182,    0.000,    0.000,    0.000,    0.000,   -0.002,   -0.002,    0.168,    0.168,   -0.018,   -0.018,   -0.147,   -0.147,   -0.008,   -0.008
 5130,2020090718,   -0.118,   -0.118,    0.000,    0.000,    0.000,    0.000,    0.021,    0.021,   -0.189,   -0.189,    0.000,    0.000,    0.000,    0.000,    0.001,    0.001,    0.165,    0.165,   -0.014,   -0.014,   -0.145,   -0.145,   -0.004,   -0.004
 5130,2020090712,   -0.120,   -0.120,    0.000,    0.000,    0.000,    0.000,    0.021,    0.021,   -0.193,   -0.193,    0.000,    0.000,    0.000,    0.000,    0.003,    0.003,    0.159,    0.159,   -0.009,   -0.009,   -0.148,   -0.148,   -0.002,   -0.002
 5130,2020090706,   -0.119,   -0.119,    0.000,    0.000,    0.000,    0.000,    0.022,    0.022,   -0.192,   -0.192,    0.000,    0.000,    0.000,    0.000,    0.003,    0.003,    0.159,    0.159,    0.009,    0.009,   -0.146,   -0.146,    0.005,    0.005
 5130,2020090700,   -0.118,   -0.118,    0.000,    0.000,    0.000,    0.000,    0.024,    0.024,   -0.189,   -0.189,    0.000,    0.000,    0.000,    0.000,    0.002,    0.002,    0.170,    0.170,    0.010,    0.010,   -0.141,   -0.141,    0.005,    0.005
 5130,2020090618,   -0.117,   -0.117,    0.000,    0.000,    0.000,    0.000,    0.025,    0.025,   -0.189,   -0.189,    0.000,    0.000,    0.000,    0.000,    0.002,    0.002,    0.173,    0.173,    0.013,    0.013,   -0.138,   -0.138,    0.006,    0.006
 5130,2020090612,   -0.117,   -0.117,    0.000,    0.000,    0.000,    0.000,    0.029,    0.029,   -0.189,   -0.189,    0.000,    0.000,    0.000,    0.000,    0.004,    0.004,    0.171,    0.171,    0.003,    0.003,   -0.139,   -0.139,    0.000,    0.000
 5130,2020090606,   -0.114,   -0.114,    0.000,    0.000,    0.000,    0.000,    0.034,    0.034,   -0.185,   -0.185,    0.000,    0.000,    0.000,    0.000,    0.004,    0.004,    0.179,    0.179,    0.013,    0.013,   -0.133,   -0.133,    0.005,    0.005
 5130,2020090600,   -0.114,   -0.114,    0.000,    0.000,    0.000,    0.000,    0.033,    0.033,   -0.190,   -0.190,    0.000,    0.000,    0.000,    0.000,    0.004,    0.004,    0.177,    0.177,    0.011,    0.011,   -0.134,   -0.134,    0.005,    0.005
 5130,2020090518,   -0.112,   -0.112,    0.000,    0.000,    0.000,    0.000,    0.033,    0.033,   -0.198,   -0.198,    0.000,    0.000,    0.000,    0.000,    0.003,    0.003,    0.178,    0.178,    0.018,    0.018,   -0.133,   -0.133,    0.008,    0.008
 5130,2020090512,   -0.111,   -0.111,    0.000,    0.000,    0.000,    0.000,    0.034,    0.034,   -0.196,   -0.196,    0.000,    0.000,    0.000,    0.000,    0.004,    0.004,    0.181,    0.181,    0.008,    0.008,   -0.132,   -0.132,    0.006,    0.006
 5130,2020090506,   -0.109,   -0.109,    0.000,    0.000,    0.000,    0.000,    0.037,    0.037,   -0.198,   -0.198,    0.000,    0.000,    0.000,    0.000,    0.002,    0.002,    0.184,    0.184,    0.025,    0.025,   -0.129,   -0.129,    0.012,    0.012
 5130,2020090500,   -0.111,   -0.111,    0.000,    0.000,    0.000,    0.000,    0.038,    0.038,   -0.201,   -0.201,    0.000,    0.000,    0.000,    0.000,    0.002,    0.002,    0.151,    0.151,    0.022,    0.022,   -0.143,   -0.143,    0.011,    0.011
 5130,2020090418,   -0.111,   -0.111,    0.000,    0.000,    0.000,    0.000,    0.038,    0.038,   -0.198,   -0.198,    0.000,    0.000,    0.000,    0.000,    0.001,    0.001,    0.143,    0.143,    0.019,    0.019,   -0.146,   -0.146,    0.008,    0.008
 5130,2020090412,   -0.112,   -0.112,    0.000,    0.000,    0.000,    0.000,    0.038,    0.038,   -0.196,   -0.196,    0.000,    0.000,    0.000,    0.000,    0.001,    0.001,    0.136,    0.136,    0.015,    0.015,   -0.149,   -0.149,    0.008,    0.008
 5130,2020090406,   -0.107,   -0.107,    0.000,    0.000,    0.000,    0.000,    0.039,    0.039,   -0.197,   -0.197,    0.000,    0.000,    0.000,    0.000,    0.000,    0.000,    0.152,    0.152,    0.014,    0.014,   -0.140,   -0.140,    0.008,    0.008
 5130,2020090400,   -0.105,   -0.105,    0.000,    0.000,    0.000,    0.000,    0.046,    0.046,   -0.197,   -0.197,    0.000,    0.000,    0.000,    0.000,    0.001,    0.001,    0.175,    0.175,    0.018,    0.018,   -0.129,   -0.129,    0.009,    0.009
 5130,2020090318,   -0.104,   -0.104,    0.000,    0.000,    0.000,    0.000,    0.045,    0.045,   -0.199,   -0.199,    0.000,    0.000,    0.000,    0.000,    0.001,    0.001,    0.174,    0.174,    0.012,    0.012,   -0.128,   -0.128,    0.007,    0.007
 5130,2020090312,   -0.105,   -0.105,    0.000,    0.000,    0.000,    0.000,    0.041,    0.041,   -0.199,   -0.199,    0.000,    0.000,    0.000,    0.000,    0.001,    0.001,    0.149,    0.149,    0.012,    0.012,   -0.140,   -0.140,    0.007,    0.007
 5130,2020090306,   -0.102,   -0.102,    0.000,    0.000,    0.000,    0.000,    0.045,    0.045,   -0.193,   -0.193,    0.000,    0.000,    0.000,    0.000,    0.000,    0.000,    0.161,    0.161,    0.006,    0.006,   -0.134,   -0.134,    0.004,    0.004
 5130,2020090300,   -0.102,   -0.102,    0.000,    0.000,    0.000,    0.000,    0.047,    0.047,   -0.195,   -0.195,    0.000,    0.000,    0.000,    0.000,    0.002,    0.002,    0.160,    0.160,   -0.000,   -0.000,   -0.135,   -0.135,    0.001,    0.001
 5130,2020090218,   -0.100,   -0.100,    0.000,    0.000,    0.000,    0.000,    0.048,    0.048,   -0.192,   -0.192,    0.000,    0.000,    0.000,    0.000,    0.002,    0.002,    0.168,    0.168,    0.001,    0.001,   -0.130,   -0.130,   -0.001,   -0.001
 5130,2020090212,   -0.098,   -0.098,    0.000,    0.000,    0.000,    0.000,    0.048,    0.048,   -0.195,   -0.195,    0.000,    0.000,    0.000,    0.000,    0.002,    0.002,    0.187,    0.187,   -0.002,   -0.002,   -0.121,   -0.121,   -0.002,   -0.002
 5130,2020090206,   -0.100,   -0.100,    0.000,    0.000,    0.000,    0.000,    0.046,    0.046,   -0.188,   -0.188,    0.000,    0.000,    0.000,    0.000,    0.000,    0.000,    0.183,    0.183,   -0.002,   -0.002,   -0.124,   -0.124,   -0.002,   -0.002
 5130,2020090200,   -0.098,   -0.098,    0.000,    0.000,    0.000,    0.000,    0.052,    0.052,   -0.189,   -0.189,    0.000,    0.000,    0.000,    0.000,    0.001,    0.001,    0.173,    0.173,    0.006,    0.006,   -0.128,   -0.128,    0.001,    0.001
 5130,2020090118,   -0.100,   -0.100,    0.000,    0.000,    0.000,    0.000,    0.045,    0.045,   -0.191,   -0.191,    0.000,    0.000,    0.000,    0.000,   -0.002,   -0.002,    0.156,    0.156,   -0.001,   -0.001,   -0.137,   -0.137,   -0.002,   -0.002
 5130,2020090112,   -0.097,   -0.097,    0.000,    0.000,    0.000,    0.000,    0.052,    0.052,   -0.189,   -0.189,    0.000,    0.000,    0.000,    0.000,    0.000,    0.000,    0.157,    0.157,    0.013,    0.013,   -0.134,   -0.134,    0.005,    0.005
 5130,2020090106,   -0.096,   -0.096,    0.000,    0.000,    0.000,    0.000,    0.057,    0.057,   -0.183,   -0.183,    0.000,    0.000,    0.000,    0.000,    0.001,    0.001,    0.161,    0.161,    0.034,    0.034,   -0.132,   -0.132,    0.015,    0.015
 5130,2020090100,   -0.095,   -0.095,    0.000,    0.000,    0.000,    0.000,    0.059,    0.059,   -0.185,   -0.185,    0.000,    0.000,    0.000,    0.000,    0.002,    0.002,    0.168,    0.168,    0.022,    0.022,   -0.130,   -0.130,    0.010,    0.010
 5130,2020083118,   -0.097,   -0.097,    0.000,    0.000,    0.000,    0.000,    0.054,    0.054,   -0.187,   -0.187,    0.000,    0.000,    0.000,    0.000,    0.001,    0.001,    0.153,    0.153,    0.022,    0.022,   -0.137,   -0.137,    0.008,    0.008
 5130,2020083112,   -0.098,   -0.098,    0.000,    0.000,    0.000,    0.000,    0.054,    0.054,   -0.189,   -0.189,    0.000,    0.000,    0.000,    0.000,    0.001,    0.001,    0.153,    0.153,    0.015,    0.015,   -0.138,   -0.138,    0.004,    0.004
 5130,2020083106,   -0.096,   -0.096,    0.000,    0.000,    0.000,    0.000,    0.056,    0.056,   -0.186,   -0.186,    0.000,    0.000,    0.000,    0.000,    0.002,    0.002,    0.162,    0.162,    0.013,    0.013,   -0.132,   -0.132,    0.003,    0.003
 5130,2020083100,   -0.091,   -0.091,    0.000,    0.000,    0.000,    0.000,    0.063,    0.063,   -0.187,   -0.187,    0.000,    0.000,    0.000,    0.000,    0.004,    0.004,    0.187,    0.187,    0.007,    0.007,   -0.120,   -0.120,    0.001,    0.001
 5130,2020083018,   -0.089,   -0.089,    0.000,    0.000,    0.000,    0.000,    0.068,    0.068,   -0.187,   -0.187,    0.000,    0.000,    0.000,    0.000,    0.003,    0.003,    0.197,    0.197,    0.002,    0.002,   -0.114,   -0.114,   -0.002,   -0.002
 5130,2020083012,   -0.089,   -0.089,    0.000,    0.000,    0.000,    0.000,    0.070,    0.070,   -0.185,   -0.185,    0.000,    0.000,    0.000,    0.000,    0.003,    0.003,    0.206,    0.206,   -0.001,   -0.001,   -0.109,   -0.109,   -0.003,   -0.003
 5130,2020083006,   -0.085,   -0.085,    0.000,    0.000,    0.000,    0.000,    0.071,    0.071,   -0.183,   -0.183,    0.000,    0.000,    0.000,    0.000,    0.003,    0.003,    0.206,    0.206,    0.007,    0.007,   -0.107,   -0.107,   -0.000,   -0.000
 5130,2020083000,   -0.083,   -0.083,    0.000,    0.000,    0.000,    0.000,    0.065,    0.065,   -0.185,   -0.185,    0.000,    0.000,    0.000,    0.000,    0.002,    0.002,    0.208,    0.208,    0.015,    0.015,   -0.105,   -0.105,    0.002,    0.002
