  236,2020092000,   -0.077,   -0.077,    0.000,    0.000,    0.000,    0.000,    0.003,    0.003,   -0.016,   -0.016,    0.000,    0.000,    0.000,    0.000,   -1.209,   -1.209,    0.397,    0.397,   -0.008,   -0.008,   -0.162,   -0.162,    0.009,    0.009
  236,2020091918,   -0.077,   -0.077,    0.000,    0.000,    0.000,    0.000,    0.003,    0.003,   -0.015,   -0.015,    0.000,    0.000,    0.000,    0.000,   -1.268,   -1.268,    0.397,    0.397,   -0.008,   -0.008,   -0.162,   -0.162,    0.009,    0.009
  236,2020091912,   -0.076,   -0.076,    0.000,    0.000,    0.000,    0.000,    0.004,    0.004,   -0.015,   -0.015,    0.000,    0.000,    0.000,    0.000,   -1.251,   -1.251,    0.401,    0.401,   -0.007,   -0.007,   -0.160,   -0.160,    0.010,    0.010
  236,2020091906,   -0.076,   -0.076,    0.000,    0.000,    0.000,    0.000,    0.004,    0.004,   -0.017,   -0.017,    0.000,    0.000,    0.000,    0.000,   -1.246,   -1.246,    0.401,    0.401,   -0.008,   -0.008,   -0.160,   -0.160,    0.010,    0.010
  236,2020091900,   -0.076,   -0.076,    0.000,    0.000,    0.000,    0.000,    0.004,    0.004,   -0.018,   -0.018,    0.000,    0.000,    0.000,    0.000,   -1.286,   -1.286,    0.399,    0.399,   -0.006,   -0.006,   -0.161,   -0.161,    0.011,    0.011
  236,2020091818,   -0.077,   -0.077,    0.000,    0.000,    0.000,    0.000,    0.004,    0.004,   -0.018,   -0.018,    0.000,    0.000,    0.000,    0.000,   -1.275,   -1.275,    0.397,    0.397,   -0.007,   -0.007,   -0.162,   -0.162,    0.010,    0.010
  236,2020091812,   -0.078,   -0.078,    0.000,    0.000,    0.000,    0.000,    0.003,    0.003,   -0.018,   -0.018,    0.000,    0.000,    0.000,    0.000,   -1.272,   -1.272,    0.396,    0.396,   -0.008,   -0.008,   -0.163,   -0.163,    0.010,    0.010
  236,2020091806,   -0.078,   -0.078,    0.000,    0.000,    0.000,    0.000,    0.003,    0.003,   -0.018,   -0.018,    0.000,    0.000,    0.000,    0.000,   -1.269,   -1.269,    0.395,    0.395,   -0.007,   -0.007,   -0.164,   -0.164,    0.011,    0.011
  236,2020091800,   -0.077,   -0.077,    0.000,    0.000,    0.000,    0.000,    0.003,    0.003,   -0.019,   -0.019,    0.000,    0.000,    0.000,    0.000,   -1.296,   -1.296,    0.396,    0.396,   -0.010,   -0.010,   -0.163,   -0.163,    0.009,    0.009
  236,2020091718,   -0.078,   -0.078,    0.000,    0.000,    0.000,    0.000,    0.002,    0.002,   -0.020,   -0.020,    0.000,    0.000,    0.000,    0.000,   -1.332,   -1.332,    0.393,    0.393,   -0.011,   -0.011,   -0.165,   -0.165,    0.009,    0.009
  236,2020091712,   -0.076,   -0.076,    0.000,    0.000,    0.000,    0.000,    0.003,    0.003,   -0.019,   -0.019,    0.000,    0.000,    0.000,    0.000,   -1.340,   -1.340,    0.396,    0.396,   -0.010,   -0.010,   -0.163,   -0.163,    0.010,    0.010
  236,2020091706,   -0.076,   -0.076,    0.000,    0.000,    0.000,    0.000,    0.003,    0.003,   -0.019,   -0.019,    0.000,    0.000,    0.000,    0.000,   -1.322,   -1.322,    0.396,    0.396,   -0.007,   -0.007,   -0.163,   -0.163,    0.012,    0.012
  236,2020091700,   -0.075,   -0.075,    0.000,    0.000,    0.000,    0.000,    0.004,    0.004,   -0.018,   -0.018,    0.000,    0.000,    0.000,    0.000,   -1.317,   -1.317,    0.393,    0.393,   -0.007,   -0.007,   -0.164,   -0.164,    0.011,    0.011
  236,2020091618,   -0.076,   -0.076,    0.000,    0.000,    0.000,    0.000,    0.003,    0.003,   -0.018,   -0.018,    0.000,    0.000,    0.000,    0.000,   -1.290,   -1.290,    0.388,    0.388,   -0.004,   -0.004,   -0.166,   -0.166,    0.012,    0.012
  236,2020091612,   -0.076,   -0.076,    0.000,    0.000,    0.000,    0.000,    0.003,    0.003,   -0.017,   -0.017,    0.000,    0.000,    0.000,    0.000,   -1.310,   -1.310,    0.390,    0.390,   -0.009,   -0.009,   -0.165,   -0.165,    0.010,    0.010
  236,2020091606,   -0.076,   -0.076,    0.000,    0.000,    0.000,    0.000,    0.003,    0.003,   -0.017,   -0.017,    0.000,    0.000,    0.000,    0.000,   -1.281,   -1.281,    0.392,    0.392,   -0.008,   -0.008,   -0.164,   -0.164,    0.011,    0.011
  236,2020091600,   -0.075,   -0.075,    0.000,    0.000,    0.000,    0.000,    0.002,    0.002,   -0.018,   -0.018,    0.000,    0.000,    0.000,    0.000,   -1.250,   -1.250,    0.395,    0.395,   -0.010,   -0.010,   -0.163,   -0.163,    0.010,    0.010
  236,2020091518,   -0.076,   -0.076,    0.000,    0.000,    0.000,    0.000,    0.002,    0.002,   -0.017,   -0.017,    0.000,    0.000,    0.000,    0.000,   -1.249,   -1.249,    0.395,    0.395,   -0.009,   -0.009,   -0.163,   -0.163,    0.010,    0.010
  236,2020091512,   -0.076,   -0.076,    0.000,    0.000,    0.000,    0.000,    0.002,    0.002,   -0.016,   -0.016,    0.000,    0.000,    0.000,    0.000,   -1.187,   -1.187,    0.395,    0.395,   -0.012,   -0.012,   -0.163,   -0.163,    0.009,    0.009
  236,2020091506,   -0.077,   -0.077,    0.000,    0.000,    0.000,    0.000,    0.001,    0.001,   -0.015,   -0.015,    0.000,    0.000,    0.000,    0.000,   -1.169,   -1.169,    0.397,    0.397,   -0.006,   -0.006,   -0.163,   -0.163,    0.012,    0.012
  236,2020091500,   -0.076,   -0.076,    0.000,    0.000,    0.000,    0.000,    0.002,    0.002,   -0.016,   -0.016,    0.000,    0.000,    0.000,    0.000,   -1.194,   -1.194,    0.398,    0.398,   -0.010,   -0.010,   -0.162,   -0.162,    0.010,    0.010
  236,2020091418,   -0.075,   -0.075,    0.000,    0.000,    0.000,    0.000,    0.004,    0.004,   -0.015,   -0.015,    0.000,    0.000,    0.000,    0.000,   -1.211,   -1.211,    0.399,    0.399,   -0.011,   -0.011,   -0.161,   -0.161,    0.009,    0.009
  236,2020091412,   -0.076,   -0.076,    0.000,    0.000,    0.000,    0.000,    0.004,    0.004,   -0.016,   -0.016,    0.000,    0.000,    0.000,    0.000,   -1.173,   -1.173,    0.398,    0.398,   -0.016,   -0.016,   -0.162,   -0.162,    0.007,    0.007
  236,2020091406,   -0.078,   -0.078,    0.000,    0.000,    0.000,    0.000,    0.003,    0.003,   -0.016,   -0.016,    0.000,    0.000,    0.000,    0.000,   -1.155,   -1.155,    0.394,    0.394,   -0.011,   -0.011,   -0.164,   -0.164,    0.009,    0.009
  236,2020091400,   -0.077,   -0.077,    0.000,    0.000,    0.000,    0.000,    0.004,    0.004,   -0.017,   -0.017,    0.000,    0.000,    0.000,    0.000,   -1.246,   -1.246,    0.392,    0.392,   -0.008,   -0.008,   -0.165,   -0.165,    0.011,    0.011
  236,2020091318,   -0.077,   -0.077,    0.000,    0.000,    0.000,    0.000,    0.004,    0.004,   -0.017,   -0.017,    0.000,    0.000,    0.000,    0.000,   -1.257,   -1.257,    0.395,    0.395,   -0.008,   -0.008,   -0.163,   -0.163,    0.011,    0.011
  236,2020091312,   -0.077,   -0.077,    0.000,    0.000,    0.000,    0.000,    0.004,    0.004,   -0.017,   -0.017,    0.000,    0.000,    0.000,    0.000,   -1.266,   -1.266,    0.394,    0.394,   -0.008,   -0.008,   -0.164,   -0.164,    0.012,    0.012
  236,2020091306,   -0.078,   -0.078,    0.000,    0.000,    0.000,    0.000,    0.003,    0.003,   -0.018,   -0.018,    0.000,    0.000,    0.000,    0.000,   -1.248,   -1.248,    0.390,    0.390,   -0.011,   -0.011,   -0.166,   -0.166,    0.010,    0.010
  236,2020091300,   -0.077,   -0.077,    0.000,    0.000,    0.000,    0.000,    0.004,    0.004,   -0.018,   -0.018,    0.000,    0.000,    0.000,    0.000,   -1.304,   -1.304,    0.392,    0.392,   -0.007,   -0.007,   -0.164,   -0.164,    0.012,    0.012
  236,2020091218,   -0.077,   -0.077,    0.000,    0.000,    0.000,    0.000,    0.004,    0.004,   -0.017,   -0.017,    0.000,    0.000,    0.000,    0.000,   -1.330,   -1.330,    0.392,    0.392,   -0.010,   -0.010,   -0.164,   -0.164,    0.011,    0.011
  236,2020091212,   -0.077,   -0.077,    0.000,    0.000,    0.000,    0.000,    0.004,    0.004,   -0.017,   -0.017,    0.000,    0.000,    0.000,    0.000,   -1.344,   -1.344,    0.394,    0.394,   -0.010,   -0.010,   -0.164,   -0.164,    0.011,    0.011
  236,2020091206,   -0.077,   -0.077,    0.000,    0.000,    0.000,    0.000,    0.003,    0.003,   -0.018,   -0.018,    0.000,    0.000,    0.000,    0.000,   -1.357,   -1.357,    0.391,    0.391,   -0.013,   -0.013,   -0.165,   -0.165,    0.009,    0.009
  236,2020091200,   -0.077,   -0.077,    0.000,    0.000,    0.000,    0.000,    0.003,    0.003,   -0.018,   -0.018,    0.000,    0.000,    0.000,    0.000,   -1.338,   -1.338,    0.394,    0.394,   -0.014,   -0.014,   -0.164,   -0.164,    0.010,    0.010
  236,2020091118,   -0.076,   -0.076,    0.000,    0.000,    0.000,    0.000,    0.004,    0.004,   -0.019,   -0.019,    0.000,    0.000,    0.000,    0.000,   -1.348,   -1.348,    0.396,    0.396,   -0.015,   -0.015,   -0.162,   -0.162,    0.010,    0.010
  236,2020091112,   -0.076,   -0.076,    0.000,    0.000,    0.000,    0.000,    0.003,    0.003,   -0.017,   -0.017,    0.000,    0.000,    0.000,    0.000,   -1.437,   -1.437,    0.394,    0.394,   -0.014,   -0.014,   -0.163,   -0.163,    0.010,    0.010
  236,2020091106,   -0.076,   -0.076,    0.000,    0.000,    0.000,    0.000,    0.004,    0.004,   -0.020,   -0.020,    0.000,    0.000,    0.000,    0.000,   -1.436,   -1.436,    0.393,    0.393,   -0.016,   -0.016,   -0.164,   -0.164,    0.009,    0.009
  236,2020091100,   -0.076,   -0.076,    0.000,    0.000,    0.000,    0.000,    0.004,    0.004,   -0.019,   -0.019,    0.000,    0.000,    0.000,    0.000,   -1.427,   -1.427,    0.392,    0.392,   -0.016,   -0.016,   -0.164,   -0.164,    0.010,    0.010
  236,2020091018,   -0.075,   -0.075,    0.000,    0.000,    0.000,    0.000,    0.004,    0.004,   -0.021,   -0.021,    0.000,    0.000,    0.000,    0.000,   -1.417,   -1.417,    0.396,    0.396,   -0.017,   -0.017,   -0.162,   -0.162,    0.009,    0.009
  236,2020091012,   -0.077,   -0.077,    0.000,    0.000,    0.000,    0.000,    0.003,    0.003,   -0.021,   -0.021,    0.000,    0.000,    0.000,    0.000,   -1.464,   -1.464,    0.394,    0.394,   -0.019,   -0.019,   -0.164,   -0.164,    0.008,    0.008
  236,2020091006,   -0.076,   -0.076,    0.000,    0.000,    0.000,    0.000,    0.004,    0.004,   -0.022,   -0.022,    0.000,    0.000,    0.000,    0.000,   -1.467,   -1.467,    0.397,    0.397,   -0.018,   -0.018,   -0.163,   -0.163,    0.008,    0.008
  236,2020091000,   -0.077,   -0.077,    0.000,    0.000,    0.000,    0.000,    0.004,    0.004,   -0.021,   -0.021,    0.000,    0.000,    0.000,    0.000,   -1.460,   -1.460,    0.395,    0.395,   -0.018,   -0.018,   -0.164,   -0.164,    0.008,    0.008
  236,2020090918,   -0.078,   -0.078,    0.000,    0.000,    0.000,    0.000,    0.004,    0.004,   -0.021,   -0.021,    0.000,    0.000,    0.000,    0.000,   -1.463,   -1.463,    0.392,    0.392,   -0.019,   -0.019,   -0.165,   -0.165,    0.007,    0.007
  236,2020090912,   -0.078,   -0.078,    0.000,    0.000,    0.000,    0.000,    0.003,    0.003,   -0.024,   -0.024,    0.000,    0.000,    0.000,    0.000,   -1.468,   -1.468,    0.394,    0.394,   -0.021,   -0.021,   -0.165,   -0.165,    0.007,    0.007
  236,2020090906,   -0.079,   -0.079,    0.000,    0.000,    0.000,    0.000,    0.002,    0.002,   -0.023,   -0.023,    0.000,    0.000,    0.000,    0.000,   -1.448,   -1.448,    0.396,    0.396,   -0.020,   -0.020,   -0.165,   -0.165,    0.007,    0.007
  236,2020090900,   -0.078,   -0.078,    0.000,    0.000,    0.000,    0.000,    0.002,    0.002,   -0.023,   -0.023,    0.000,    0.000,    0.000,    0.000,   -1.435,   -1.435,    0.396,    0.396,   -0.019,   -0.019,   -0.164,   -0.164,    0.008,    0.008
  236,2020090818,   -0.080,   -0.080,    0.000,    0.000,    0.000,    0.000,    0.002,    0.002,   -0.024,   -0.024,    0.000,    0.000,    0.000,    0.000,   -1.458,   -1.458,    0.396,    0.396,   -0.018,   -0.018,   -0.165,   -0.165,    0.008,    0.008
  236,2020090812,   -0.079,   -0.079,    0.000,    0.000,    0.000,    0.000,    0.002,    0.002,   -0.026,   -0.026,    0.000,    0.000,    0.000,    0.000,   -1.483,   -1.483,    0.398,    0.398,   -0.020,   -0.020,   -0.163,   -0.163,    0.007,    0.007
  236,2020090806,   -0.080,   -0.080,    0.000,    0.000,    0.000,    0.000,    0.002,    0.002,   -0.026,   -0.026,    0.000,    0.000,    0.000,    0.000,   -1.463,   -1.463,    0.397,    0.397,   -0.018,   -0.018,   -0.164,   -0.164,    0.008,    0.008
  236,2020090800,   -0.081,   -0.081,    0.000,    0.000,    0.000,    0.000,    0.001,    0.001,   -0.026,   -0.026,    0.000,    0.000,    0.000,    0.000,   -1.558,   -1.558,    0.396,    0.396,   -0.016,   -0.016,   -0.165,   -0.165,    0.011,    0.011
  236,2020090718,   -0.080,   -0.080,    0.000,    0.000,    0.000,    0.000,    0.002,    0.002,   -0.027,   -0.027,    0.000,    0.000,    0.000,    0.000,   -1.531,   -1.531,    0.393,    0.393,   -0.016,   -0.016,   -0.166,   -0.166,    0.011,    0.011
  236,2020090712,   -0.079,   -0.079,    0.000,    0.000,    0.000,    0.000,    0.001,    0.001,   -0.027,   -0.027,    0.000,    0.000,    0.000,    0.000,   -1.491,   -1.491,    0.395,    0.395,   -0.016,   -0.016,   -0.165,   -0.165,    0.010,    0.010
  236,2020090706,   -0.080,   -0.080,    0.000,    0.000,    0.000,    0.000,    0.002,    0.002,   -0.028,   -0.028,    0.000,    0.000,    0.000,    0.000,   -1.518,   -1.518,    0.392,    0.392,   -0.020,   -0.020,   -0.166,   -0.166,    0.009,    0.009
  236,2020090700,   -0.080,   -0.080,    0.000,    0.000,    0.000,    0.000,    0.002,    0.002,   -0.030,   -0.030,    0.000,    0.000,    0.000,    0.000,   -1.516,   -1.516,    0.392,    0.392,   -0.017,   -0.017,   -0.166,   -0.166,    0.010,    0.010
  236,2020090618,   -0.078,   -0.078,    0.000,    0.000,    0.000,    0.000,    0.004,    0.004,   -0.028,   -0.028,    0.000,    0.000,    0.000,    0.000,   -1.603,   -1.603,    0.396,    0.396,   -0.015,   -0.015,   -0.164,   -0.164,    0.011,    0.011
  236,2020090612,   -0.077,   -0.077,    0.000,    0.000,    0.000,    0.000,    0.004,    0.004,   -0.028,   -0.028,    0.000,    0.000,    0.000,    0.000,   -1.663,   -1.663,    0.396,    0.396,   -0.016,   -0.016,   -0.163,   -0.163,    0.010,    0.010
  236,2020090606,   -0.079,   -0.079,    0.000,    0.000,    0.000,    0.000,    0.002,    0.002,   -0.029,   -0.029,    0.000,    0.000,    0.000,    0.000,   -1.648,   -1.648,    0.393,    0.393,   -0.016,   -0.016,   -0.165,   -0.165,    0.010,    0.010
  236,2020090600,   -0.079,   -0.079,    0.000,    0.000,    0.000,    0.000,    0.003,    0.003,   -0.030,   -0.030,    0.000,    0.000,    0.000,    0.000,   -1.652,   -1.652,    0.394,    0.394,   -0.015,   -0.015,   -0.165,   -0.165,    0.010,    0.010
  236,2020090518,   -0.080,   -0.080,    0.000,    0.000,    0.000,    0.000,    0.003,    0.003,   -0.029,   -0.029,    0.000,    0.000,    0.000,    0.000,   -1.687,   -1.687,    0.394,    0.394,   -0.015,   -0.015,   -0.165,   -0.165,    0.010,    0.010
  236,2020090512,   -0.082,   -0.082,    0.000,    0.000,    0.000,    0.000,   -0.000,   -0.000,   -0.030,   -0.030,    0.000,    0.000,    0.000,    0.000,   -1.701,   -1.701,    0.392,    0.392,   -0.018,   -0.018,   -0.167,   -0.167,    0.007,    0.007
  236,2020090506,   -0.083,   -0.083,    0.000,    0.000,    0.000,    0.000,   -0.001,   -0.001,   -0.030,   -0.030,    0.000,    0.000,    0.000,    0.000,   -1.696,   -1.696,    0.390,    0.390,   -0.018,   -0.018,   -0.168,   -0.168,    0.008,    0.008
  236,2020090500,   -0.082,   -0.082,    0.000,    0.000,    0.000,    0.000,    0.000,    0.000,   -0.030,   -0.030,    0.000,    0.000,    0.000,    0.000,   -1.694,   -1.694,    0.394,    0.394,   -0.015,   -0.015,   -0.166,   -0.166,    0.010,    0.010
  236,2020090418,   -0.083,   -0.083,    0.000,    0.000,    0.000,    0.000,   -0.000,   -0.000,   -0.029,   -0.029,    0.000,    0.000,    0.000,    0.000,   -1.644,   -1.644,    0.392,    0.392,   -0.015,   -0.015,   -0.167,   -0.167,    0.010,    0.010
  236,2020090412,   -0.081,   -0.081,    0.000,    0.000,    0.000,    0.000,   -0.000,   -0.000,   -0.029,   -0.029,    0.000,    0.000,    0.000,    0.000,   -1.688,   -1.688,    0.394,    0.394,   -0.015,   -0.015,   -0.166,   -0.166,    0.009,    0.009
  236,2020090406,   -0.083,   -0.083,    0.000,    0.000,    0.000,    0.000,   -0.001,   -0.001,   -0.030,   -0.030,    0.000,    0.000,    0.000,    0.000,   -1.650,   -1.650,    0.391,    0.391,   -0.012,   -0.012,   -0.167,   -0.167,    0.011,    0.011
  236,2020090400,   -0.082,   -0.082,    0.000,    0.000,    0.000,    0.000,   -0.001,   -0.001,   -0.031,   -0.031,    0.000,    0.000,    0.000,    0.000,   -1.633,   -1.633,    0.394,    0.394,   -0.010,   -0.010,   -0.166,   -0.166,    0.012,    0.012
  236,2020090318,   -0.081,   -0.081,    0.000,    0.000,    0.000,    0.000,   -0.001,   -0.001,   -0.030,   -0.030,    0.000,    0.000,    0.000,    0.000,   -1.643,   -1.643,    0.395,    0.395,   -0.013,   -0.013,   -0.165,   -0.165,    0.010,    0.010
  236,2020090312,   -0.081,   -0.081,    0.000,    0.000,    0.000,    0.000,   -0.001,   -0.001,   -0.030,   -0.030,    0.000,    0.000,    0.000,    0.000,   -1.666,   -1.666,    0.396,    0.396,   -0.018,   -0.018,   -0.164,   -0.164,    0.007,    0.007
  236,2020090306,   -0.082,   -0.082,    0.000,    0.000,    0.000,    0.000,   -0.002,   -0.002,   -0.031,   -0.031,    0.000,    0.000,    0.000,    0.000,   -1.647,   -1.647,    0.395,    0.395,   -0.014,   -0.014,   -0.165,   -0.165,    0.009,    0.009
  236,2020090300,   -0.082,   -0.082,    0.000,    0.000,    0.000,    0.000,   -0.002,   -0.002,   -0.032,   -0.032,    0.000,    0.000,    0.000,    0.000,   -1.631,   -1.631,    0.397,    0.397,   -0.015,   -0.015,   -0.164,   -0.164,    0.009,    0.009
  236,2020090218,   -0.082,   -0.082,    0.000,    0.000,    0.000,    0.000,   -0.002,   -0.002,   -0.032,   -0.032,    0.000,    0.000,    0.000,    0.000,   -1.590,   -1.590,    0.397,    0.397,   -0.016,   -0.016,   -0.163,   -0.163,    0.009,    0.009
  236,2020090212,   -0.081,   -0.081,    0.000,    0.000,    0.000,    0.000,   -0.003,   -0.003,   -0.034,   -0.034,    0.000,    0.000,    0.000,    0.000,   -1.492,   -1.492,    0.396,    0.396,   -0.018,   -0.018,   -0.163,   -0.163,    0.008,    0.008
  236,2020090206,   -0.081,   -0.081,    0.000,    0.000,    0.000,    0.000,   -0.003,   -0.003,   -0.034,   -0.034,    0.000,    0.000,    0.000,    0.000,   -1.477,   -1.477,    0.400,    0.400,   -0.016,   -0.016,   -0.162,   -0.162,    0.009,    0.009
  236,2020090200,   -0.081,   -0.081,    0.000,    0.000,    0.000,    0.000,   -0.004,   -0.004,   -0.035,   -0.035,    0.000,    0.000,    0.000,    0.000,   -1.478,   -1.478,    0.401,    0.401,   -0.017,   -0.017,   -0.161,   -0.161,    0.008,    0.008
  236,2020090118,   -0.082,   -0.082,    0.000,    0.000,    0.000,    0.000,   -0.003,   -0.003,   -0.034,   -0.034,    0.000,    0.000,    0.000,    0.000,   -1.439,   -1.439,    0.401,    0.401,   -0.016,   -0.016,   -0.161,   -0.161,    0.010,    0.010
  236,2020090112,   -0.080,   -0.080,    0.000,    0.000,    0.000,    0.000,   -0.003,   -0.003,   -0.034,   -0.034,    0.000,    0.000,    0.000,    0.000,   -1.392,   -1.392,    0.403,    0.403,   -0.020,   -0.020,   -0.159,   -0.159,    0.007,    0.007
  236,2020090106,   -0.080,   -0.080,    0.000,    0.000,    0.000,    0.000,   -0.002,   -0.002,   -0.034,   -0.034,    0.000,    0.000,    0.000,    0.000,   -1.390,   -1.390,    0.402,    0.402,   -0.016,   -0.016,   -0.160,   -0.160,    0.009,    0.009
  236,2020090100,   -0.079,   -0.079,    0.000,    0.000,    0.000,    0.000,   -0.002,   -0.002,   -0.033,   -0.033,    0.000,    0.000,    0.000,    0.000,   -1.356,   -1.356,    0.401,    0.401,   -0.012,   -0.012,   -0.160,   -0.160,    0.011,    0.011
  236,2020083118,   -0.081,   -0.081,    0.000,    0.000,    0.000,    0.000,   -0.003,   -0.003,   -0.033,   -0.033,    0.000,    0.000,    0.000,    0.000,   -1.335,   -1.335,    0.397,    0.397,   -0.015,   -0.015,   -0.163,   -0.163,    0.010,    0.010
  236,2020083112,   -0.080,   -0.080,    0.000,    0.000,    0.000,    0.000,   -0.003,   -0.003,   -0.033,   -0.033,    0.000,    0.000,    0.000,    0.000,   -1.283,   -1.283,    0.398,    0.398,   -0.014,   -0.014,   -0.162,   -0.162,    0.010,    0.010
  236,2020083106,   -0.083,   -0.083,    0.000,    0.000,    0.000,    0.000,   -0.005,   -0.005,   -0.032,   -0.032,    0.000,    0.000,    0.000,    0.000,   -1.259,   -1.259,    0.393,    0.393,   -0.014,   -0.014,   -0.165,   -0.165,    0.010,    0.010
  236,2020083100,   -0.082,   -0.082,    0.000,    0.000,    0.000,    0.000,   -0.005,   -0.005,   -0.033,   -0.033,    0.000,    0.000,    0.000,    0.000,   -1.274,   -1.274,    0.392,    0.392,   -0.013,   -0.013,   -0.166,   -0.166,    0.011,    0.011
  236,2020083018,   -0.085,   -0.085,    0.000,    0.000,    0.000,    0.000,   -0.005,   -0.005,   -0.034,   -0.034,    0.000,    0.000,    0.000,    0.000,   -1.226,   -1.226,    0.388,    0.388,   -0.014,   -0.014,   -0.168,   -0.168,    0.010,    0.010
  236,2020083012,   -0.083,   -0.083,    0.000,    0.000,    0.000,    0.000,   -0.005,   -0.005,   -0.034,   -0.034,    0.000,    0.000,    0.000,    0.000,   -1.201,   -1.201,    0.392,    0.392,   -0.014,   -0.014,   -0.166,   -0.166,    0.010,    0.010
  236,2020083006,   -0.082,   -0.082,    0.000,    0.000,    0.000,    0.000,   -0.004,   -0.004,   -0.034,   -0.034,    0.000,    0.000,    0.000,    0.000,   -1.158,   -1.158,    0.392,    0.392,   -0.014,   -0.014,   -0.166,   -0.166,    0.011,    0.011
  236,2020083000,   -0.082,   -0.082,    0.000,    0.000,    0.000,    0.000,   -0.003,   -0.003,   -0.035,   -0.035,    0.000,    0.000,    0.000,    0.000,   -1.211,   -1.211,    0.393,    0.393,   -0.016,   -0.016,   -0.165,   -0.165,    0.010,    0.010
