   59,2020092000,    0.520,    0.520,    0.000,    0.000,    0.000,    0.000,   -0.006,   -0.006,   -0.129,   -0.129,    0.000,    0.000,    0.000,    0.000,    0.011,    0.011,   -0.271,   -0.271,   -0.028,   -0.028,    0.130,    0.130,    0.002,    0.002
   59,2020091918,    0.521,    0.521,    0.000,    0.000,    0.000,    0.000,   -0.007,   -0.007,   -0.129,   -0.129,    0.000,    0.000,    0.000,    0.000,    0.011,    0.011,   -0.271,   -0.271,   -0.027,   -0.027,    0.131,    0.131,    0.003,    0.003
   59,2020091912,    0.522,    0.522,    0.000,    0.000,    0.000,    0.000,   -0.007,   -0.007,   -0.130,   -0.130,    0.000,    0.000,    0.000,    0.000,    0.011,    0.011,   -0.270,   -0.270,   -0.028,   -0.028,    0.132,    0.132,    0.002,    0.002
   59,2020091906,    0.523,    0.523,    0.000,    0.000,    0.000,    0.000,   -0.007,   -0.007,   -0.128,   -0.128,    0.000,    0.000,    0.000,    0.000,    0.011,    0.011,   -0.267,   -0.267,   -0.030,   -0.030,    0.133,    0.133,    0.001,    0.001
   59,2020091900,    0.524,    0.524,    0.000,    0.000,    0.000,    0.000,   -0.005,   -0.005,   -0.126,   -0.126,    0.000,    0.000,    0.000,    0.000,    0.011,    0.011,   -0.264,   -0.264,   -0.028,   -0.028,    0.135,    0.135,    0.002,    0.002
   59,2020091818,    0.524,    0.524,    0.000,    0.000,    0.000,    0.000,   -0.005,   -0.005,   -0.127,   -0.127,    0.000,    0.000,    0.000,    0.000,    0.011,    0.011,   -0.263,   -0.263,   -0.027,   -0.027,    0.135,    0.135,    0.002,    0.002
   59,2020091812,    0.524,    0.524,    0.000,    0.000,    0.000,    0.000,   -0.004,   -0.004,   -0.127,   -0.127,    0.000,    0.000,    0.000,    0.000,    0.011,    0.011,   -0.266,   -0.266,   -0.028,   -0.028,    0.134,    0.134,    0.002,    0.002
   59,2020091806,    0.524,    0.524,    0.000,    0.000,    0.000,    0.000,   -0.003,   -0.003,   -0.126,   -0.126,    0.000,    0.000,    0.000,    0.000,    0.011,    0.011,   -0.264,   -0.264,   -0.030,   -0.030,    0.135,    0.135,    0.001,    0.001
   59,2020091800,    0.524,    0.524,    0.000,    0.000,    0.000,    0.000,   -0.004,   -0.004,   -0.125,   -0.125,    0.000,    0.000,    0.000,    0.000,    0.011,    0.011,   -0.262,   -0.262,   -0.027,   -0.027,    0.136,    0.136,    0.002,    0.002
   59,2020091718,    0.523,    0.523,    0.000,    0.000,    0.000,    0.000,   -0.003,   -0.003,   -0.124,   -0.124,    0.000,    0.000,    0.000,    0.000,    0.011,    0.011,   -0.263,   -0.263,   -0.030,   -0.030,    0.135,    0.135,    0.000,    0.000
   59,2020091712,    0.524,    0.524,    0.000,    0.000,    0.000,    0.000,   -0.003,   -0.003,   -0.125,   -0.125,    0.000,    0.000,    0.000,    0.000,    0.011,    0.011,   -0.263,   -0.263,   -0.030,   -0.030,    0.135,    0.135,   -0.000,   -0.000
   59,2020091706,    0.524,    0.524,    0.000,    0.000,    0.000,    0.000,   -0.004,   -0.004,   -0.125,   -0.125,    0.000,    0.000,    0.000,    0.000,    0.011,    0.011,   -0.260,   -0.260,   -0.032,   -0.032,    0.136,    0.136,   -0.001,   -0.001
   59,2020091700,    0.525,    0.525,    0.000,    0.000,    0.000,    0.000,   -0.004,   -0.004,   -0.125,   -0.125,    0.000,    0.000,    0.000,    0.000,    0.011,    0.011,   -0.261,   -0.261,   -0.037,   -0.037,    0.136,    0.136,   -0.003,   -0.003
   59,2020091618,    0.525,    0.525,    0.000,    0.000,    0.000,    0.000,   -0.002,   -0.002,   -0.124,   -0.124,    0.000,    0.000,    0.000,    0.000,    0.011,    0.011,   -0.260,   -0.260,   -0.037,   -0.037,    0.136,    0.136,   -0.003,   -0.003
   59,2020091612,    0.525,    0.525,    0.000,    0.000,    0.000,    0.000,   -0.003,   -0.003,   -0.124,   -0.124,    0.000,    0.000,    0.000,    0.000,    0.011,    0.011,   -0.262,   -0.262,   -0.038,   -0.038,    0.136,    0.136,   -0.004,   -0.004
   59,2020091606,    0.525,    0.525,    0.000,    0.000,    0.000,    0.000,   -0.003,   -0.003,   -0.124,   -0.124,    0.000,    0.000,    0.000,    0.000,    0.011,    0.011,   -0.261,   -0.261,   -0.038,   -0.038,    0.136,    0.136,   -0.003,   -0.003
   59,2020091600,    0.525,    0.525,    0.000,    0.000,    0.000,    0.000,   -0.003,   -0.003,   -0.124,   -0.124,    0.000,    0.000,    0.000,    0.000,    0.011,    0.011,   -0.260,   -0.260,   -0.036,   -0.036,    0.137,    0.137,   -0.002,   -0.002
   59,2020091518,    0.525,    0.525,    0.000,    0.000,    0.000,    0.000,   -0.003,   -0.003,   -0.124,   -0.124,    0.000,    0.000,    0.000,    0.000,    0.011,    0.011,   -0.265,   -0.265,   -0.036,   -0.036,    0.134,    0.134,   -0.001,   -0.001
   59,2020091512,    0.525,    0.525,    0.000,    0.000,    0.000,    0.000,   -0.004,   -0.004,   -0.123,   -0.123,    0.000,    0.000,    0.000,    0.000,    0.011,    0.011,   -0.265,   -0.265,   -0.034,   -0.034,    0.135,    0.135,   -0.001,   -0.001
   59,2020091506,    0.526,    0.526,    0.000,    0.000,    0.000,    0.000,   -0.004,   -0.004,   -0.123,   -0.123,    0.000,    0.000,    0.000,    0.000,    0.011,    0.011,   -0.267,   -0.267,   -0.034,   -0.034,    0.134,    0.134,   -0.000,   -0.000
   59,2020091500,    0.527,    0.527,    0.000,    0.000,    0.000,    0.000,   -0.003,   -0.003,   -0.122,   -0.122,    0.000,    0.000,    0.000,    0.000,    0.011,    0.011,   -0.262,   -0.262,   -0.034,   -0.034,    0.137,    0.137,   -0.001,   -0.001
   59,2020091418,    0.527,    0.527,    0.000,    0.000,    0.000,    0.000,   -0.006,   -0.006,   -0.122,   -0.122,    0.000,    0.000,    0.000,    0.000,    0.011,    0.011,   -0.261,   -0.261,   -0.033,   -0.033,    0.137,    0.137,   -0.000,   -0.000
   59,2020091412,    0.528,    0.528,    0.000,    0.000,    0.000,    0.000,   -0.005,   -0.005,   -0.121,   -0.121,    0.000,    0.000,    0.000,    0.000,    0.011,    0.011,   -0.263,   -0.263,   -0.033,   -0.033,    0.137,    0.137,   -0.000,   -0.000
   59,2020091406,    0.529,    0.529,    0.000,    0.000,    0.000,    0.000,   -0.006,   -0.006,   -0.121,   -0.121,    0.000,    0.000,    0.000,    0.000,    0.011,    0.011,   -0.262,   -0.262,   -0.034,   -0.034,    0.138,    0.138,   -0.001,   -0.001
   59,2020091400,    0.530,    0.530,    0.000,    0.000,    0.000,    0.000,   -0.006,   -0.006,   -0.120,   -0.120,    0.000,    0.000,    0.000,    0.000,    0.011,    0.011,   -0.264,   -0.264,   -0.031,   -0.031,    0.137,    0.137,    0.001,    0.001
   59,2020091318,    0.528,    0.528,    0.000,    0.000,    0.000,    0.000,   -0.007,   -0.007,   -0.120,   -0.120,    0.000,    0.000,    0.000,    0.000,    0.011,    0.011,   -0.268,   -0.268,   -0.032,   -0.032,    0.135,    0.135,    0.000,    0.000
   59,2020091312,    0.528,    0.528,    0.000,    0.000,    0.000,    0.000,   -0.008,   -0.008,   -0.121,   -0.121,    0.000,    0.000,    0.000,    0.000,    0.011,    0.011,   -0.272,   -0.272,   -0.033,   -0.033,    0.133,    0.133,   -0.001,   -0.001
   59,2020091306,    0.528,    0.528,    0.000,    0.000,    0.000,    0.000,   -0.009,   -0.009,   -0.121,   -0.121,    0.000,    0.000,    0.000,    0.000,    0.011,    0.011,   -0.273,   -0.273,   -0.038,   -0.038,    0.132,    0.132,   -0.004,   -0.004
   59,2020091300,    0.529,    0.529,    0.000,    0.000,    0.000,    0.000,   -0.007,   -0.007,   -0.120,   -0.120,    0.000,    0.000,    0.000,    0.000,    0.011,    0.011,   -0.270,   -0.270,   -0.039,   -0.039,    0.133,    0.133,   -0.004,   -0.004
   59,2020091218,    0.527,    0.527,    0.000,    0.000,    0.000,    0.000,   -0.009,   -0.009,   -0.121,   -0.121,    0.000,    0.000,    0.000,    0.000,    0.011,    0.011,   -0.274,   -0.274,   -0.038,   -0.038,    0.131,    0.131,   -0.004,   -0.004
   59,2020091212,    0.528,    0.528,    0.000,    0.000,    0.000,    0.000,   -0.010,   -0.010,   -0.121,   -0.121,    0.000,    0.000,    0.000,    0.000,    0.011,    0.011,   -0.275,   -0.275,   -0.039,   -0.039,    0.131,    0.131,   -0.005,   -0.005
   59,2020091206,    0.528,    0.528,    0.000,    0.000,    0.000,    0.000,   -0.011,   -0.011,   -0.122,   -0.122,    0.000,    0.000,    0.000,    0.000,    0.011,    0.011,   -0.273,   -0.273,   -0.040,   -0.040,    0.132,    0.132,   -0.005,   -0.005
   59,2020091200,    0.530,    0.530,    0.000,    0.000,    0.000,    0.000,   -0.010,   -0.010,   -0.121,   -0.121,    0.000,    0.000,    0.000,    0.000,    0.011,    0.011,   -0.272,   -0.272,   -0.040,   -0.040,    0.133,    0.133,   -0.004,   -0.004
   59,2020091118,    0.531,    0.531,    0.000,    0.000,    0.000,    0.000,   -0.011,   -0.011,   -0.121,   -0.121,    0.000,    0.000,    0.000,    0.000,    0.011,    0.011,   -0.271,   -0.271,   -0.041,   -0.041,    0.134,    0.134,   -0.004,   -0.004
   59,2020091112,    0.532,    0.532,    0.000,    0.000,    0.000,    0.000,   -0.012,   -0.012,   -0.119,   -0.119,    0.000,    0.000,    0.000,    0.000,    0.011,    0.011,   -0.271,   -0.271,   -0.042,   -0.042,    0.134,    0.134,   -0.005,   -0.005
   59,2020091106,    0.532,    0.532,    0.000,    0.000,    0.000,    0.000,   -0.012,   -0.012,   -0.118,   -0.118,    0.000,    0.000,    0.000,    0.000,    0.011,    0.011,   -0.270,   -0.270,   -0.039,   -0.039,    0.134,    0.134,   -0.003,   -0.003
   59,2020091100,    0.533,    0.533,    0.000,    0.000,    0.000,    0.000,   -0.011,   -0.011,   -0.119,   -0.119,    0.000,    0.000,    0.000,    0.000,    0.011,    0.011,   -0.271,   -0.271,   -0.037,   -0.037,    0.134,    0.134,   -0.002,   -0.002
   59,2020091018,    0.532,    0.532,    0.000,    0.000,    0.000,    0.000,   -0.011,   -0.011,   -0.120,   -0.120,    0.000,    0.000,    0.000,    0.000,    0.011,    0.011,   -0.274,   -0.274,   -0.037,   -0.037,    0.133,    0.133,   -0.002,   -0.002
   59,2020091012,    0.532,    0.532,    0.000,    0.000,    0.000,    0.000,   -0.012,   -0.012,   -0.121,   -0.121,    0.000,    0.000,    0.000,    0.000,    0.011,    0.011,   -0.275,   -0.275,   -0.038,   -0.038,    0.132,    0.132,   -0.003,   -0.003
   59,2020091006,    0.533,    0.533,    0.000,    0.000,    0.000,    0.000,   -0.011,   -0.011,   -0.120,   -0.120,    0.000,    0.000,    0.000,    0.000,    0.011,    0.011,   -0.273,   -0.273,   -0.040,   -0.040,    0.133,    0.133,   -0.004,   -0.004
   59,2020091000,    0.532,    0.532,    0.000,    0.000,    0.000,    0.000,   -0.012,   -0.012,   -0.120,   -0.120,    0.000,    0.000,    0.000,    0.000,    0.011,    0.011,   -0.275,   -0.275,   -0.040,   -0.040,    0.132,    0.132,   -0.003,   -0.003
   59,2020090918,    0.532,    0.532,    0.000,    0.000,    0.000,    0.000,   -0.010,   -0.010,   -0.120,   -0.120,    0.000,    0.000,    0.000,    0.000,    0.011,    0.011,   -0.276,   -0.276,   -0.038,   -0.038,    0.132,    0.132,   -0.002,   -0.002
   59,2020090912,    0.533,    0.533,    0.000,    0.000,    0.000,    0.000,   -0.012,   -0.012,   -0.120,   -0.120,    0.000,    0.000,    0.000,    0.000,    0.011,    0.011,   -0.276,   -0.276,   -0.039,   -0.039,    0.132,    0.132,   -0.003,   -0.003
   59,2020090906,    0.531,    0.531,    0.000,    0.000,    0.000,    0.000,   -0.012,   -0.012,   -0.121,   -0.121,    0.000,    0.000,    0.000,    0.000,    0.011,    0.011,   -0.278,   -0.278,   -0.040,   -0.040,    0.130,    0.130,   -0.003,   -0.003
   59,2020090900,    0.533,    0.533,    0.000,    0.000,    0.000,    0.000,   -0.012,   -0.012,   -0.121,   -0.121,    0.000,    0.000,    0.000,    0.000,    0.011,    0.011,   -0.276,   -0.276,   -0.039,   -0.039,    0.132,    0.132,   -0.002,   -0.002
   59,2020090818,    0.532,    0.532,    0.000,    0.000,    0.000,    0.000,   -0.012,   -0.012,   -0.121,   -0.121,    0.000,    0.000,    0.000,    0.000,    0.011,    0.011,   -0.277,   -0.277,   -0.040,   -0.040,    0.131,    0.131,   -0.002,   -0.002
   59,2020090812,    0.533,    0.533,    0.000,    0.000,    0.000,    0.000,   -0.012,   -0.012,   -0.121,   -0.121,    0.000,    0.000,    0.000,    0.000,    0.011,    0.011,   -0.277,   -0.277,   -0.039,   -0.039,    0.132,    0.132,   -0.002,   -0.002
   59,2020090806,    0.535,    0.535,    0.000,    0.000,    0.000,    0.000,   -0.010,   -0.010,   -0.121,   -0.121,    0.000,    0.000,    0.000,    0.000,    0.011,    0.011,   -0.276,   -0.276,   -0.042,   -0.042,    0.133,    0.133,   -0.004,   -0.004
   59,2020090800,    0.534,    0.534,    0.000,    0.000,    0.000,    0.000,   -0.010,   -0.010,   -0.122,   -0.122,    0.000,    0.000,    0.000,    0.000,    0.011,    0.011,   -0.273,   -0.273,   -0.045,   -0.045,    0.134,    0.134,   -0.005,   -0.005
   59,2020090718,    0.535,    0.535,    0.000,    0.000,    0.000,    0.000,   -0.009,   -0.009,   -0.123,   -0.123,    0.000,    0.000,    0.000,    0.000,    0.011,    0.011,   -0.273,   -0.273,   -0.041,   -0.041,    0.134,    0.134,   -0.003,   -0.003
   59,2020090712,    0.535,    0.535,    0.000,    0.000,    0.000,    0.000,   -0.008,   -0.008,   -0.122,   -0.122,    0.000,    0.000,    0.000,    0.000,    0.011,    0.011,   -0.274,   -0.274,   -0.040,   -0.040,    0.134,    0.134,   -0.003,   -0.003
   59,2020090706,    0.537,    0.537,    0.000,    0.000,    0.000,    0.000,   -0.007,   -0.007,   -0.123,   -0.123,    0.000,    0.000,    0.000,    0.000,    0.011,    0.011,   -0.273,   -0.273,   -0.041,   -0.041,    0.135,    0.135,   -0.004,   -0.004
   59,2020090700,    0.537,    0.537,    0.000,    0.000,    0.000,    0.000,   -0.007,   -0.007,   -0.122,   -0.122,    0.000,    0.000,    0.000,    0.000,    0.011,    0.011,   -0.273,   -0.273,   -0.042,   -0.042,    0.135,    0.135,   -0.004,   -0.004
   59,2020090618,    0.538,    0.538,    0.000,    0.000,    0.000,    0.000,   -0.005,   -0.005,   -0.121,   -0.121,    0.000,    0.000,    0.000,    0.000,    0.011,    0.011,   -0.271,   -0.271,   -0.039,   -0.039,    0.136,    0.136,   -0.003,   -0.003
   59,2020090612,    0.537,    0.537,    0.000,    0.000,    0.000,    0.000,   -0.005,   -0.005,   -0.122,   -0.122,    0.000,    0.000,    0.000,    0.000,    0.011,    0.011,   -0.274,   -0.274,   -0.036,   -0.036,    0.135,    0.135,   -0.001,   -0.001
   59,2020090606,    0.539,    0.539,    0.000,    0.000,    0.000,    0.000,   -0.005,   -0.005,   -0.121,   -0.121,    0.000,    0.000,    0.000,    0.000,    0.011,    0.011,   -0.269,   -0.269,   -0.038,   -0.038,    0.137,    0.137,   -0.002,   -0.002
   59,2020090600,    0.538,    0.538,    0.000,    0.000,    0.000,    0.000,   -0.005,   -0.005,   -0.120,   -0.120,    0.000,    0.000,    0.000,    0.000,    0.011,    0.011,   -0.271,   -0.271,   -0.038,   -0.038,    0.136,    0.136,   -0.002,   -0.002
   59,2020090518,    0.538,    0.538,    0.000,    0.000,    0.000,    0.000,   -0.004,   -0.004,   -0.120,   -0.120,    0.000,    0.000,    0.000,    0.000,    0.011,    0.011,   -0.271,   -0.271,   -0.040,   -0.040,    0.136,    0.136,   -0.002,   -0.002
   59,2020090512,    0.538,    0.538,    0.000,    0.000,    0.000,    0.000,   -0.004,   -0.004,   -0.118,   -0.118,    0.000,    0.000,    0.000,    0.000,    0.011,    0.011,   -0.270,   -0.270,   -0.040,   -0.040,    0.137,    0.137,   -0.002,   -0.002
   59,2020090506,    0.539,    0.539,    0.000,    0.000,    0.000,    0.000,   -0.004,   -0.004,   -0.118,   -0.118,    0.000,    0.000,    0.000,    0.000,    0.011,    0.011,   -0.270,   -0.270,   -0.041,   -0.041,    0.136,    0.136,   -0.002,   -0.002
   59,2020090500,    0.539,    0.539,    0.000,    0.000,    0.000,    0.000,   -0.003,   -0.003,   -0.118,   -0.118,    0.000,    0.000,    0.000,    0.000,    0.011,    0.011,   -0.273,   -0.273,   -0.044,   -0.044,    0.135,    0.135,   -0.004,   -0.004
   59,2020090418,    0.540,    0.540,    0.000,    0.000,    0.000,    0.000,   -0.003,   -0.003,   -0.119,   -0.119,    0.000,    0.000,    0.000,    0.000,    0.011,    0.011,   -0.272,   -0.272,   -0.041,   -0.041,    0.135,    0.135,   -0.002,   -0.002
   59,2020090412,    0.542,    0.542,    0.000,    0.000,    0.000,    0.000,   -0.005,   -0.005,   -0.116,   -0.116,    0.000,    0.000,    0.000,    0.000,    0.011,    0.011,   -0.269,   -0.269,   -0.043,   -0.043,    0.138,    0.138,   -0.003,   -0.003
   59,2020090406,    0.544,    0.544,    0.000,    0.000,    0.000,    0.000,   -0.004,   -0.004,   -0.115,   -0.115,    0.000,    0.000,    0.000,    0.000,    0.011,    0.011,   -0.264,   -0.264,   -0.045,   -0.045,    0.140,    0.140,   -0.004,   -0.004
   59,2020090400,    0.543,    0.543,    0.000,    0.000,    0.000,    0.000,   -0.006,   -0.006,   -0.118,   -0.118,    0.000,    0.000,    0.000,    0.000,    0.011,    0.011,   -0.263,   -0.263,   -0.045,   -0.045,    0.140,    0.140,   -0.004,   -0.004
   59,2020090318,    0.544,    0.544,    0.000,    0.000,    0.000,    0.000,   -0.006,   -0.006,   -0.116,   -0.116,    0.000,    0.000,    0.000,    0.000,    0.011,    0.011,   -0.264,   -0.264,   -0.044,   -0.044,    0.140,    0.140,   -0.003,   -0.003
   59,2020090312,    0.544,    0.544,    0.000,    0.000,    0.000,    0.000,   -0.008,   -0.008,   -0.114,   -0.114,    0.000,    0.000,    0.000,    0.000,    0.011,    0.011,   -0.266,   -0.266,   -0.046,   -0.046,    0.140,    0.140,   -0.004,   -0.004
   59,2020090306,    0.545,    0.545,    0.000,    0.000,    0.000,    0.000,   -0.008,   -0.008,   -0.114,   -0.114,    0.000,    0.000,    0.000,    0.000,    0.011,    0.011,   -0.263,   -0.263,   -0.047,   -0.047,    0.141,    0.141,   -0.004,   -0.004
   59,2020090300,    0.543,    0.543,    0.000,    0.000,    0.000,    0.000,   -0.009,   -0.009,   -0.113,   -0.113,    0.000,    0.000,    0.000,    0.000,    0.011,    0.011,   -0.266,   -0.266,   -0.048,   -0.048,    0.139,    0.139,   -0.004,   -0.004
   59,2020090218,    0.545,    0.545,    0.000,    0.000,    0.000,    0.000,   -0.008,   -0.008,   -0.112,   -0.112,    0.000,    0.000,    0.000,    0.000,    0.011,    0.011,   -0.264,   -0.264,   -0.047,   -0.047,    0.141,    0.141,   -0.004,   -0.004
   59,2020090212,    0.546,    0.546,    0.000,    0.000,    0.000,    0.000,   -0.009,   -0.009,   -0.110,   -0.110,    0.000,    0.000,    0.000,    0.000,    0.011,    0.011,   -0.259,   -0.259,   -0.047,   -0.047,    0.143,    0.143,   -0.003,   -0.003
   59,2020090206,    0.547,    0.547,    0.000,    0.000,    0.000,    0.000,   -0.009,   -0.009,   -0.108,   -0.108,    0.000,    0.000,    0.000,    0.000,    0.011,    0.011,   -0.255,   -0.255,   -0.049,   -0.049,    0.145,    0.145,   -0.004,   -0.004
   59,2020090200,    0.548,    0.548,    0.000,    0.000,    0.000,    0.000,   -0.009,   -0.009,   -0.108,   -0.108,    0.000,    0.000,    0.000,    0.000,    0.011,    0.011,   -0.256,   -0.256,   -0.050,   -0.050,    0.144,    0.144,   -0.004,   -0.004
   59,2020090118,    0.549,    0.549,    0.000,    0.000,    0.000,    0.000,   -0.010,   -0.010,   -0.108,   -0.108,    0.000,    0.000,    0.000,    0.000,    0.011,    0.011,   -0.254,   -0.254,   -0.048,   -0.048,    0.145,    0.145,   -0.003,   -0.003
   59,2020090112,    0.549,    0.549,    0.000,    0.000,    0.000,    0.000,   -0.010,   -0.010,   -0.107,   -0.107,    0.000,    0.000,    0.000,    0.000,    0.011,    0.011,   -0.257,   -0.257,   -0.048,   -0.048,    0.144,    0.144,   -0.003,   -0.003
   59,2020090106,    0.549,    0.549,    0.000,    0.000,    0.000,    0.000,   -0.010,   -0.010,   -0.108,   -0.108,    0.000,    0.000,    0.000,    0.000,    0.011,    0.011,   -0.258,   -0.258,   -0.048,   -0.048,    0.144,    0.144,   -0.003,   -0.003
   59,2020090100,    0.548,    0.548,    0.000,    0.000,    0.000,    0.000,   -0.009,   -0.009,   -0.109,   -0.109,    0.000,    0.000,    0.000,    0.000,    0.011,    0.011,   -0.259,   -0.259,   -0.044,   -0.044,    0.143,    0.143,   -0.001,   -0.001
   59,2020083118,    0.549,    0.549,    0.000,    0.000,    0.000,    0.000,   -0.011,   -0.011,   -0.108,   -0.108,    0.000,    0.000,    0.000,    0.000,    0.011,    0.011,   -0.256,   -0.256,   -0.042,   -0.042,    0.144,    0.144,    0.000,    0.000
   59,2020083112,    0.548,    0.548,    0.000,    0.000,    0.000,    0.000,   -0.012,   -0.012,   -0.106,   -0.106,    0.000,    0.000,    0.000,    0.000,    0.011,    0.011,   -0.257,   -0.257,   -0.043,   -0.043,    0.144,    0.144,    0.000,    0.000
   59,2020083106,    0.546,    0.546,    0.000,    0.000,    0.000,    0.000,   -0.013,   -0.013,   -0.105,   -0.105,    0.000,    0.000,    0.000,    0.000,    0.011,    0.011,   -0.260,   -0.260,   -0.044,   -0.044,    0.141,    0.141,   -0.001,   -0.001
   59,2020083100,    0.547,    0.547,    0.000,    0.000,    0.000,    0.000,   -0.012,   -0.012,   -0.104,   -0.104,    0.000,    0.000,    0.000,    0.000,    0.011,    0.011,   -0.258,   -0.258,   -0.045,   -0.045,    0.142,    0.142,   -0.001,   -0.001
   59,2020083018,    0.547,    0.547,    0.000,    0.000,    0.000,    0.000,   -0.014,   -0.014,   -0.103,   -0.103,    0.000,    0.000,    0.000,    0.000,    0.011,    0.011,   -0.260,   -0.260,   -0.047,   -0.047,    0.141,    0.141,   -0.001,   -0.001
   59,2020083012,    0.548,    0.548,    0.000,    0.000,    0.000,    0.000,   -0.016,   -0.016,   -0.102,   -0.102,    0.000,    0.000,    0.000,    0.000,    0.011,    0.011,   -0.259,   -0.259,   -0.045,   -0.045,    0.141,    0.141,   -0.001,   -0.001
   59,2020083006,    0.547,    0.547,    0.000,    0.000,    0.000,    0.000,   -0.016,   -0.016,   -0.102,   -0.102,    0.000,    0.000,    0.000,    0.000,    0.011,    0.011,   -0.260,   -0.260,   -0.044,   -0.044,    0.141,    0.141,   -0.000,   -0.000
   59,2020083000,    0.547,    0.547,    0.000,    0.000,    0.000,    0.000,   -0.015,   -0.015,   -0.102,   -0.102,    0.000,    0.000,    0.000,    0.000,    0.011,    0.011,   -0.260,   -0.260,   -0.047,   -0.047,    0.140,    0.140,   -0.001,   -0.001
