   61,2020092000,    0.502,    0.502,    0.000,    0.000,    0.000,    0.000,   -0.005,   -0.005,   -0.158,   -0.158,    0.000,    0.000,    0.000,    0.000,    0.000,    0.000,   -0.146,   -0.146,    0.000,    0.000,    0.068,    0.068,   -0.002,   -0.002
   61,2020091918,    0.501,    0.501,    0.000,    0.000,    0.000,    0.000,   -0.005,   -0.005,   -0.157,   -0.157,    0.000,    0.000,    0.000,    0.000,    0.000,    0.000,   -0.149,   -0.149,    0.001,    0.001,    0.067,    0.067,   -0.001,   -0.001
   61,2020091912,    0.502,    0.502,    0.000,    0.000,    0.000,    0.000,   -0.004,   -0.004,   -0.157,   -0.157,    0.000,    0.000,    0.000,    0.000,    0.000,    0.000,   -0.146,   -0.146,    0.001,    0.001,    0.069,    0.069,   -0.001,   -0.001
   61,2020091906,    0.501,    0.501,    0.000,    0.000,    0.000,    0.000,   -0.004,   -0.004,   -0.156,   -0.156,    0.000,    0.000,    0.000,    0.000,    0.000,    0.000,   -0.148,   -0.148,    0.000,    0.000,    0.067,    0.067,   -0.002,   -0.002
   61,2020091900,    0.502,    0.502,    0.000,    0.000,    0.000,    0.000,   -0.004,   -0.004,   -0.157,   -0.157,    0.000,    0.000,    0.000,    0.000,    0.000,    0.000,   -0.145,   -0.145,   -0.000,   -0.000,    0.068,    0.068,   -0.002,   -0.002
   61,2020091818,    0.501,    0.501,    0.000,    0.000,    0.000,    0.000,   -0.004,   -0.004,   -0.157,   -0.157,    0.000,    0.000,    0.000,    0.000,    0.000,    0.000,   -0.146,   -0.146,   -0.001,   -0.001,    0.068,    0.068,   -0.003,   -0.003
   61,2020091812,    0.502,    0.502,    0.000,    0.000,    0.000,    0.000,   -0.003,   -0.003,   -0.155,   -0.155,    0.000,    0.000,    0.000,    0.000,    0.000,    0.000,   -0.143,   -0.143,   -0.001,   -0.001,    0.069,    0.069,   -0.002,   -0.002
   61,2020091806,    0.502,    0.502,    0.000,    0.000,    0.000,    0.000,   -0.003,   -0.003,   -0.155,   -0.155,    0.000,    0.000,    0.000,    0.000,    0.000,    0.000,   -0.143,   -0.143,   -0.004,   -0.004,    0.068,    0.068,   -0.003,   -0.003
   61,2020091800,    0.502,    0.502,    0.000,    0.000,    0.000,    0.000,   -0.002,   -0.002,   -0.153,   -0.153,    0.000,    0.000,    0.000,    0.000,    0.000,    0.000,   -0.145,   -0.145,   -0.003,   -0.003,    0.068,    0.068,   -0.002,   -0.002
   61,2020091718,    0.503,    0.503,    0.000,    0.000,    0.000,    0.000,   -0.001,   -0.001,   -0.155,   -0.155,    0.000,    0.000,    0.000,    0.000,    0.000,    0.000,   -0.141,   -0.141,   -0.003,   -0.003,    0.070,    0.070,   -0.002,   -0.002
   61,2020091712,    0.504,    0.504,    0.000,    0.000,    0.000,    0.000,   -0.002,   -0.002,   -0.153,   -0.153,    0.000,    0.000,    0.000,    0.000,    0.000,    0.000,   -0.144,   -0.144,   -0.005,   -0.005,    0.068,    0.068,   -0.004,   -0.004
   61,2020091706,    0.503,    0.503,    0.000,    0.000,    0.000,    0.000,   -0.003,   -0.003,   -0.154,   -0.154,    0.000,    0.000,    0.000,    0.000,    0.000,    0.000,   -0.144,   -0.144,   -0.005,   -0.005,    0.068,    0.068,   -0.004,   -0.004
   61,2020091700,    0.503,    0.503,    0.000,    0.000,    0.000,    0.000,   -0.003,   -0.003,   -0.154,   -0.154,    0.000,    0.000,    0.000,    0.000,    0.000,    0.000,   -0.145,   -0.145,   -0.004,   -0.004,    0.068,    0.068,   -0.003,   -0.003
   61,2020091618,    0.503,    0.503,    0.000,    0.000,    0.000,    0.000,   -0.002,   -0.002,   -0.155,   -0.155,    0.000,    0.000,    0.000,    0.000,    0.000,    0.000,   -0.143,   -0.143,   -0.006,   -0.006,    0.069,    0.069,   -0.004,   -0.004
   61,2020091612,    0.502,    0.502,    0.000,    0.000,    0.000,    0.000,   -0.002,   -0.002,   -0.154,   -0.154,    0.000,    0.000,    0.000,    0.000,    0.000,    0.000,   -0.144,   -0.144,   -0.006,   -0.006,    0.068,    0.068,   -0.004,   -0.004
   61,2020091606,    0.502,    0.502,    0.000,    0.000,    0.000,    0.000,   -0.003,   -0.003,   -0.155,   -0.155,    0.000,    0.000,    0.000,    0.000,    0.000,    0.000,   -0.142,   -0.142,   -0.009,   -0.009,    0.069,    0.069,   -0.005,   -0.005
   61,2020091600,    0.502,    0.502,    0.000,    0.000,    0.000,    0.000,   -0.003,   -0.003,   -0.155,   -0.155,    0.000,    0.000,    0.000,    0.000,    0.000,    0.000,   -0.141,   -0.141,   -0.008,   -0.008,    0.069,    0.069,   -0.005,   -0.005
   61,2020091518,    0.502,    0.502,    0.000,    0.000,    0.000,    0.000,   -0.004,   -0.004,   -0.156,   -0.156,    0.000,    0.000,    0.000,    0.000,    0.000,    0.000,   -0.141,   -0.141,   -0.008,   -0.008,    0.069,    0.069,   -0.005,   -0.005
   61,2020091512,    0.503,    0.503,    0.000,    0.000,    0.000,    0.000,   -0.004,   -0.004,   -0.157,   -0.157,    0.000,    0.000,    0.000,    0.000,    0.000,    0.000,   -0.138,   -0.138,   -0.011,   -0.011,    0.070,    0.070,   -0.007,   -0.007
   61,2020091506,    0.503,    0.503,    0.000,    0.000,    0.000,    0.000,   -0.004,   -0.004,   -0.156,   -0.156,    0.000,    0.000,    0.000,    0.000,    0.000,    0.000,   -0.138,   -0.138,   -0.010,   -0.010,    0.070,    0.070,   -0.006,   -0.006
   61,2020091500,    0.503,    0.503,    0.000,    0.000,    0.000,    0.000,   -0.004,   -0.004,   -0.156,   -0.156,    0.000,    0.000,    0.000,    0.000,    0.000,    0.000,   -0.142,   -0.142,   -0.009,   -0.009,    0.068,    0.068,   -0.006,   -0.006
   61,2020091418,    0.503,    0.503,    0.000,    0.000,    0.000,    0.000,   -0.003,   -0.003,   -0.156,   -0.156,    0.000,    0.000,    0.000,    0.000,    0.000,    0.000,   -0.142,   -0.142,   -0.007,   -0.007,    0.068,    0.068,   -0.005,   -0.005
   61,2020091412,    0.503,    0.503,    0.000,    0.000,    0.000,    0.000,   -0.002,   -0.002,   -0.156,   -0.156,    0.000,    0.000,    0.000,    0.000,    0.000,    0.000,   -0.142,   -0.142,   -0.005,   -0.005,    0.068,    0.068,   -0.003,   -0.003
   61,2020091406,    0.504,    0.504,    0.000,    0.000,    0.000,    0.000,   -0.002,   -0.002,   -0.156,   -0.156,    0.000,    0.000,    0.000,    0.000,    0.000,    0.000,   -0.139,   -0.139,   -0.006,   -0.006,    0.070,    0.070,   -0.004,   -0.004
   61,2020091400,    0.504,    0.504,    0.000,    0.000,    0.000,    0.000,   -0.001,   -0.001,   -0.157,   -0.157,    0.000,    0.000,    0.000,    0.000,    0.000,    0.000,   -0.141,   -0.141,   -0.008,   -0.008,    0.069,    0.069,   -0.005,   -0.005
   61,2020091318,    0.505,    0.505,    0.000,    0.000,    0.000,    0.000,   -0.001,   -0.001,   -0.157,   -0.157,    0.000,    0.000,    0.000,    0.000,    0.000,    0.000,   -0.142,   -0.142,   -0.008,   -0.008,    0.069,    0.069,   -0.005,   -0.005
   61,2020091312,    0.504,    0.504,    0.000,    0.000,    0.000,    0.000,   -0.000,   -0.000,   -0.157,   -0.157,    0.000,    0.000,    0.000,    0.000,    0.000,    0.000,   -0.143,   -0.143,   -0.006,   -0.006,    0.068,    0.068,   -0.004,   -0.004
   61,2020091306,    0.505,    0.505,    0.000,    0.000,    0.000,    0.000,    0.000,    0.000,   -0.157,   -0.157,    0.000,    0.000,    0.000,    0.000,    0.000,    0.000,   -0.142,   -0.142,   -0.007,   -0.007,    0.069,    0.069,   -0.006,   -0.006
   61,2020091300,    0.504,    0.504,    0.000,    0.000,    0.000,    0.000,   -0.001,   -0.001,   -0.157,   -0.157,    0.000,    0.000,    0.000,    0.000,    0.000,    0.000,   -0.143,   -0.143,   -0.008,   -0.008,    0.068,    0.068,   -0.006,   -0.006
   61,2020091218,    0.504,    0.504,    0.000,    0.000,    0.000,    0.000,    0.000,    0.000,   -0.157,   -0.157,    0.000,    0.000,    0.000,    0.000,    0.000,    0.000,   -0.148,   -0.148,   -0.009,   -0.009,    0.066,    0.066,   -0.006,   -0.006
   61,2020091212,    0.505,    0.505,    0.000,    0.000,    0.000,    0.000,    0.001,    0.001,   -0.156,   -0.156,    0.000,    0.000,    0.000,    0.000,    0.000,    0.000,   -0.142,   -0.142,   -0.006,   -0.006,    0.069,    0.069,   -0.004,   -0.004
   61,2020091206,    0.507,    0.507,    0.000,    0.000,    0.000,    0.000,    0.001,    0.001,   -0.156,   -0.156,    0.000,    0.000,    0.000,    0.000,    0.000,    0.000,   -0.140,   -0.140,   -0.008,   -0.008,    0.070,    0.070,   -0.005,   -0.005
   61,2020091200,    0.506,    0.506,    0.000,    0.000,    0.000,    0.000,   -0.000,   -0.000,   -0.157,   -0.157,    0.000,    0.000,    0.000,    0.000,    0.000,    0.000,   -0.143,   -0.143,   -0.014,   -0.014,    0.068,    0.068,   -0.008,   -0.008
   61,2020091118,    0.506,    0.506,    0.000,    0.000,    0.000,    0.000,    0.001,    0.001,   -0.157,   -0.157,    0.000,    0.000,    0.000,    0.000,    0.000,    0.000,   -0.141,   -0.141,   -0.012,   -0.012,    0.070,    0.070,   -0.007,   -0.007
   61,2020091112,    0.504,    0.504,    0.000,    0.000,    0.000,    0.000,    0.000,    0.000,   -0.158,   -0.158,    0.000,    0.000,    0.000,    0.000,    0.000,    0.000,   -0.144,   -0.144,   -0.007,   -0.007,    0.067,    0.067,   -0.004,   -0.004
   61,2020091106,    0.504,    0.504,    0.000,    0.000,    0.000,    0.000,    0.001,    0.001,   -0.156,   -0.156,    0.000,    0.000,    0.000,    0.000,    0.000,    0.000,   -0.143,   -0.143,   -0.006,   -0.006,    0.068,    0.068,   -0.004,   -0.004
   61,2020091100,    0.505,    0.505,    0.000,    0.000,    0.000,    0.000,    0.001,    0.001,   -0.157,   -0.157,    0.000,    0.000,    0.000,    0.000,    0.000,    0.000,   -0.148,   -0.148,   -0.007,   -0.007,    0.066,    0.066,   -0.004,   -0.004
   61,2020091018,    0.505,    0.505,    0.000,    0.000,    0.000,    0.000,    0.003,    0.003,   -0.158,   -0.158,    0.000,    0.000,    0.000,    0.000,    0.000,    0.000,   -0.145,   -0.145,   -0.004,   -0.004,    0.068,    0.068,   -0.002,   -0.002
   61,2020091012,    0.505,    0.505,    0.000,    0.000,    0.000,    0.000,    0.002,    0.002,   -0.159,   -0.159,    0.000,    0.000,    0.000,    0.000,    0.000,    0.000,   -0.144,   -0.144,   -0.004,   -0.004,    0.068,    0.068,   -0.002,   -0.002
   61,2020091006,    0.504,    0.504,    0.000,    0.000,    0.000,    0.000,    0.002,    0.002,   -0.157,   -0.157,    0.000,    0.000,    0.000,    0.000,    0.000,    0.000,   -0.149,   -0.149,   -0.006,   -0.006,    0.066,    0.066,   -0.004,   -0.004
   61,2020091000,    0.504,    0.504,    0.000,    0.000,    0.000,    0.000,    0.001,    0.001,   -0.158,   -0.158,    0.000,    0.000,    0.000,    0.000,    0.000,    0.000,   -0.143,   -0.143,   -0.010,   -0.010,    0.068,    0.068,   -0.006,   -0.006
   61,2020090918,    0.503,    0.503,    0.000,    0.000,    0.000,    0.000,    0.001,    0.001,   -0.157,   -0.157,    0.000,    0.000,    0.000,    0.000,    0.000,    0.000,   -0.150,   -0.150,   -0.010,   -0.010,    0.065,    0.065,   -0.005,   -0.005
   61,2020090912,    0.504,    0.504,    0.000,    0.000,    0.000,    0.000,    0.002,    0.002,   -0.158,   -0.158,    0.000,    0.000,    0.000,    0.000,    0.000,    0.000,   -0.147,   -0.147,   -0.007,   -0.007,    0.066,    0.066,   -0.004,   -0.004
   61,2020090906,    0.503,    0.503,    0.000,    0.000,    0.000,    0.000,    0.001,    0.001,   -0.158,   -0.158,    0.000,    0.000,    0.000,    0.000,    0.000,    0.000,   -0.148,   -0.148,   -0.009,   -0.009,    0.066,    0.066,   -0.006,   -0.006
   61,2020090900,    0.504,    0.504,    0.000,    0.000,    0.000,    0.000,    0.002,    0.002,   -0.159,   -0.159,    0.000,    0.000,    0.000,    0.000,    0.000,    0.000,   -0.147,   -0.147,   -0.009,   -0.009,    0.066,    0.066,   -0.005,   -0.005
   61,2020090818,    0.503,    0.503,    0.000,    0.000,    0.000,    0.000,    0.002,    0.002,   -0.157,   -0.157,    0.000,    0.000,    0.000,    0.000,    0.000,    0.000,   -0.146,   -0.146,   -0.009,   -0.009,    0.066,    0.066,   -0.005,   -0.005
   61,2020090812,    0.503,    0.503,    0.000,    0.000,    0.000,    0.000,    0.002,    0.002,   -0.156,   -0.156,    0.000,    0.000,    0.000,    0.000,    0.000,    0.000,   -0.145,   -0.145,   -0.011,   -0.011,    0.067,    0.067,   -0.006,   -0.006
   61,2020090806,    0.503,    0.503,    0.000,    0.000,    0.000,    0.000,    0.003,    0.003,   -0.155,   -0.155,    0.000,    0.000,    0.000,    0.000,    0.000,    0.000,   -0.143,   -0.143,   -0.014,   -0.014,    0.068,    0.068,   -0.007,   -0.007
   61,2020090800,    0.505,    0.505,    0.000,    0.000,    0.000,    0.000,    0.005,    0.005,   -0.156,   -0.156,    0.000,    0.000,    0.000,    0.000,    0.000,    0.000,   -0.138,   -0.138,   -0.017,   -0.017,    0.071,    0.071,   -0.009,   -0.009
   61,2020090718,    0.504,    0.504,    0.000,    0.000,    0.000,    0.000,    0.005,    0.005,   -0.157,   -0.157,    0.000,    0.000,    0.000,    0.000,    0.000,    0.000,   -0.142,   -0.142,   -0.017,   -0.017,    0.069,    0.069,   -0.008,   -0.008
   61,2020090712,    0.504,    0.504,    0.000,    0.000,    0.000,    0.000,    0.004,    0.004,   -0.157,   -0.157,    0.000,    0.000,    0.000,    0.000,    0.000,    0.000,   -0.141,   -0.141,   -0.016,   -0.016,    0.069,    0.069,   -0.007,   -0.007
   61,2020090706,    0.503,    0.503,    0.000,    0.000,    0.000,    0.000,    0.005,    0.005,   -0.155,   -0.155,    0.000,    0.000,    0.000,    0.000,    0.000,    0.000,   -0.143,   -0.143,   -0.014,   -0.014,    0.067,    0.067,   -0.007,   -0.007
   61,2020090700,    0.503,    0.503,    0.000,    0.000,    0.000,    0.000,    0.004,    0.004,   -0.155,   -0.155,    0.000,    0.000,    0.000,    0.000,    0.000,    0.000,   -0.143,   -0.143,   -0.015,   -0.015,    0.067,    0.067,   -0.007,   -0.007
   61,2020090618,    0.501,    0.501,    0.000,    0.000,    0.000,    0.000,    0.003,    0.003,   -0.155,   -0.155,    0.000,    0.000,    0.000,    0.000,    0.000,    0.000,   -0.150,   -0.150,   -0.013,   -0.013,    0.063,    0.063,   -0.005,   -0.005
   61,2020090612,    0.503,    0.503,    0.000,    0.000,    0.000,    0.000,    0.004,    0.004,   -0.156,   -0.156,    0.000,    0.000,    0.000,    0.000,    0.000,    0.000,   -0.145,   -0.145,   -0.013,   -0.013,    0.066,    0.066,   -0.005,   -0.005
   61,2020090606,    0.504,    0.504,    0.000,    0.000,    0.000,    0.000,    0.006,    0.006,   -0.155,   -0.155,    0.000,    0.000,    0.000,    0.000,    0.000,    0.000,   -0.144,   -0.144,   -0.016,   -0.016,    0.067,    0.067,   -0.006,   -0.006
   61,2020090600,    0.505,    0.505,    0.000,    0.000,    0.000,    0.000,    0.005,    0.005,   -0.155,   -0.155,    0.000,    0.000,    0.000,    0.000,    0.000,    0.000,   -0.144,   -0.144,   -0.017,   -0.017,    0.067,    0.067,   -0.007,   -0.007
   61,2020090518,    0.505,    0.505,    0.000,    0.000,    0.000,    0.000,    0.005,    0.005,   -0.156,   -0.156,    0.000,    0.000,    0.000,    0.000,    0.000,    0.000,   -0.144,   -0.144,   -0.018,   -0.018,    0.067,    0.067,   -0.008,   -0.008
   61,2020090512,    0.506,    0.506,    0.000,    0.000,    0.000,    0.000,    0.007,    0.007,   -0.155,   -0.155,    0.000,    0.000,    0.000,    0.000,    0.000,    0.000,   -0.142,   -0.142,   -0.011,   -0.011,    0.067,    0.067,   -0.003,   -0.003
   61,2020090506,    0.505,    0.505,    0.000,    0.000,    0.000,    0.000,    0.006,    0.006,   -0.156,   -0.156,    0.000,    0.000,    0.000,    0.000,    0.000,    0.000,   -0.141,   -0.141,   -0.012,   -0.012,    0.067,    0.067,   -0.004,   -0.004
   61,2020090500,    0.505,    0.505,    0.000,    0.000,    0.000,    0.000,    0.005,    0.005,   -0.156,   -0.156,    0.000,    0.000,    0.000,    0.000,    0.000,    0.000,   -0.141,   -0.141,   -0.012,   -0.012,    0.068,    0.068,   -0.005,   -0.005
   61,2020090418,    0.505,    0.505,    0.000,    0.000,    0.000,    0.000,    0.005,    0.005,   -0.157,   -0.157,    0.000,    0.000,    0.000,    0.000,    0.000,    0.000,   -0.144,   -0.144,   -0.015,   -0.015,    0.067,    0.067,   -0.006,   -0.006
   61,2020090412,    0.507,    0.507,    0.000,    0.000,    0.000,    0.000,    0.007,    0.007,   -0.155,   -0.155,    0.000,    0.000,    0.000,    0.000,    0.000,    0.000,   -0.144,   -0.144,   -0.011,   -0.011,    0.067,    0.067,   -0.004,   -0.004
   61,2020090406,    0.506,    0.506,    0.000,    0.000,    0.000,    0.000,    0.006,    0.006,   -0.156,   -0.156,    0.000,    0.000,    0.000,    0.000,    0.000,    0.000,   -0.142,   -0.142,   -0.015,   -0.015,    0.068,    0.068,   -0.006,   -0.006
   61,2020090400,    0.507,    0.507,    0.000,    0.000,    0.000,    0.000,    0.006,    0.006,   -0.155,   -0.155,    0.000,    0.000,    0.000,    0.000,    0.000,    0.000,   -0.142,   -0.142,   -0.016,   -0.016,    0.068,    0.068,   -0.007,   -0.007
   61,2020090318,    0.506,    0.506,    0.000,    0.000,    0.000,    0.000,    0.007,    0.007,   -0.156,   -0.156,    0.000,    0.000,    0.000,    0.000,    0.000,    0.000,   -0.144,   -0.144,   -0.012,   -0.012,    0.067,    0.067,   -0.005,   -0.005
   61,2020090312,    0.507,    0.507,    0.000,    0.000,    0.000,    0.000,    0.006,    0.006,   -0.154,   -0.154,    0.000,    0.000,    0.000,    0.000,    0.000,    0.000,   -0.145,   -0.145,   -0.009,   -0.009,    0.067,    0.067,   -0.003,   -0.003
   61,2020090306,    0.506,    0.506,    0.000,    0.000,    0.000,    0.000,    0.006,    0.006,   -0.156,   -0.156,    0.000,    0.000,    0.000,    0.000,    0.000,    0.000,   -0.143,   -0.143,   -0.014,   -0.014,    0.067,    0.067,   -0.007,   -0.007
   61,2020090300,    0.506,    0.506,    0.000,    0.000,    0.000,    0.000,    0.006,    0.006,   -0.157,   -0.157,    0.000,    0.000,    0.000,    0.000,    0.000,    0.000,   -0.141,   -0.141,   -0.016,   -0.016,    0.068,    0.068,   -0.007,   -0.007
   61,2020090218,    0.506,    0.506,    0.000,    0.000,    0.000,    0.000,    0.006,    0.006,   -0.156,   -0.156,    0.000,    0.000,    0.000,    0.000,    0.000,    0.000,   -0.142,   -0.142,   -0.013,   -0.013,    0.068,    0.068,   -0.005,   -0.005
   61,2020090212,    0.505,    0.505,    0.000,    0.000,    0.000,    0.000,    0.004,    0.004,   -0.154,   -0.154,    0.000,    0.000,    0.000,    0.000,    0.000,    0.000,   -0.142,   -0.142,   -0.012,   -0.012,    0.067,    0.067,   -0.006,   -0.006
   61,2020090206,    0.505,    0.505,    0.000,    0.000,    0.000,    0.000,    0.005,    0.005,   -0.155,   -0.155,    0.000,    0.000,    0.000,    0.000,    0.000,    0.000,   -0.140,   -0.140,   -0.013,   -0.013,    0.069,    0.069,   -0.006,   -0.006
   61,2020090200,    0.506,    0.506,    0.000,    0.000,    0.000,    0.000,    0.005,    0.005,   -0.157,   -0.157,    0.000,    0.000,    0.000,    0.000,    0.000,    0.000,   -0.137,   -0.137,   -0.013,   -0.013,    0.070,    0.070,   -0.006,   -0.006
   61,2020090118,    0.506,    0.506,    0.000,    0.000,    0.000,    0.000,    0.005,    0.005,   -0.157,   -0.157,    0.000,    0.000,    0.000,    0.000,    0.000,    0.000,   -0.141,   -0.141,   -0.010,   -0.010,    0.068,    0.068,   -0.004,   -0.004
   61,2020090112,    0.507,    0.507,    0.000,    0.000,    0.000,    0.000,    0.004,    0.004,   -0.155,   -0.155,    0.000,    0.000,    0.000,    0.000,    0.000,    0.000,   -0.142,   -0.142,   -0.008,   -0.008,    0.069,    0.069,   -0.003,   -0.003
   61,2020090106,    0.508,    0.508,    0.000,    0.000,    0.000,    0.000,    0.004,    0.004,   -0.155,   -0.155,    0.000,    0.000,    0.000,    0.000,    0.000,    0.000,   -0.138,   -0.138,   -0.009,   -0.009,    0.071,    0.071,   -0.003,   -0.003
   61,2020090100,    0.509,    0.509,    0.000,    0.000,    0.000,    0.000,    0.004,    0.004,   -0.155,   -0.155,    0.000,    0.000,    0.000,    0.000,    0.000,    0.000,   -0.141,   -0.141,   -0.008,   -0.008,    0.069,    0.069,   -0.002,   -0.002
   61,2020083118,    0.511,    0.511,    0.000,    0.000,    0.000,    0.000,    0.006,    0.006,   -0.155,   -0.155,    0.000,    0.000,    0.000,    0.000,    0.000,    0.000,   -0.136,   -0.136,   -0.006,   -0.006,    0.072,    0.072,   -0.002,   -0.002
   61,2020083112,    0.509,    0.509,    0.000,    0.000,    0.000,    0.000,    0.004,    0.004,   -0.155,   -0.155,    0.000,    0.000,    0.000,    0.000,    0.000,    0.000,   -0.141,   -0.141,   -0.004,   -0.004,    0.070,    0.070,   -0.000,   -0.000
   61,2020083106,    0.510,    0.510,    0.000,    0.000,    0.000,    0.000,    0.005,    0.005,   -0.156,   -0.156,    0.000,    0.000,    0.000,    0.000,    0.000,    0.000,   -0.140,   -0.140,   -0.007,   -0.007,    0.071,    0.071,   -0.001,   -0.001
   61,2020083100,    0.511,    0.511,    0.000,    0.000,    0.000,    0.000,    0.005,    0.005,   -0.156,   -0.156,    0.000,    0.000,    0.000,    0.000,    0.000,    0.000,   -0.141,   -0.141,   -0.012,   -0.012,    0.071,    0.071,   -0.003,   -0.003
   61,2020083018,    0.512,    0.512,    0.000,    0.000,    0.000,    0.000,    0.006,    0.006,   -0.156,   -0.156,    0.000,    0.000,    0.000,    0.000,    0.000,    0.000,   -0.138,   -0.138,   -0.008,   -0.008,    0.073,    0.073,   -0.002,   -0.002
   61,2020083012,    0.512,    0.512,    0.000,    0.000,    0.000,    0.000,    0.006,    0.006,   -0.156,   -0.156,    0.000,    0.000,    0.000,    0.000,    0.000,    0.000,   -0.139,   -0.139,   -0.009,   -0.009,    0.071,    0.071,   -0.002,   -0.002
   61,2020083006,    0.512,    0.512,    0.000,    0.000,    0.000,    0.000,    0.007,    0.007,   -0.156,   -0.156,    0.000,    0.000,    0.000,    0.000,    0.000,    0.000,   -0.138,   -0.138,   -0.008,   -0.008,    0.072,    0.072,   -0.001,   -0.001
   61,2020083000,    0.513,    0.513,    0.000,    0.000,    0.000,    0.000,    0.006,    0.006,   -0.156,   -0.156,    0.000,    0.000,    0.000,    0.000,    0.000,    0.000,   -0.136,   -0.136,   -0.010,   -0.010,    0.073,    0.073,   -0.002,   -0.002
