 3064,2020092000,    0.858,    0.858,    0.000,    0.000,    0.000,    0.000,   -0.031,   -0.031,    0.060,    0.060,    0.000,    0.000,    0.000,    0.000,   -0.054,   -0.054,    0.202,    0.202,   -0.164,   -0.164,   -0.269,   -0.269,    0.065,    0.065
 3064,2020091918,    0.857,    0.857,    0.000,    0.000,    0.000,    0.000,   -0.031,   -0.031,    0.060,    0.060,    0.000,    0.000,    0.000,    0.000,   -0.054,   -0.054,    0.202,    0.202,   -0.167,   -0.167,   -0.269,   -0.269,    0.062,    0.062
 3064,2020091912,    0.855,    0.855,    0.000,    0.000,    0.000,    0.000,   -0.031,   -0.031,    0.057,    0.057,    0.000,    0.000,    0.000,    0.000,   -0.054,   -0.054,    0.195,    0.195,   -0.170,   -0.170,   -0.272,   -0.272,    0.062,    0.062
 3064,2020091906,    0.857,    0.857,    0.000,    0.000,    0.000,    0.000,   -0.031,   -0.031,    0.058,    0.058,    0.000,    0.000,    0.000,    0.000,   -0.055,   -0.055,    0.196,    0.196,   -0.173,   -0.173,   -0.271,   -0.271,    0.061,    0.061
 3064,2020091900,    0.858,    0.858,    0.000,    0.000,    0.000,    0.000,   -0.029,   -0.029,    0.055,    0.055,    0.000,    0.000,    0.000,    0.000,   -0.057,   -0.057,    0.199,    0.199,   -0.170,   -0.170,   -0.269,   -0.269,    0.063,    0.063
 3064,2020091818,    0.859,    0.859,    0.000,    0.000,    0.000,    0.000,   -0.028,   -0.028,    0.055,    0.055,    0.000,    0.000,    0.000,    0.000,   -0.058,   -0.058,    0.198,    0.198,   -0.169,   -0.169,   -0.269,   -0.269,    0.064,    0.064
 3064,2020091812,    0.859,    0.859,    0.000,    0.000,    0.000,    0.000,   -0.027,   -0.027,    0.050,    0.050,    0.000,    0.000,    0.000,    0.000,   -0.059,   -0.059,    0.204,    0.204,   -0.165,   -0.165,   -0.267,   -0.267,    0.065,    0.065
 3064,2020091806,    0.860,    0.860,    0.000,    0.000,    0.000,    0.000,   -0.026,   -0.026,    0.050,    0.050,    0.000,    0.000,    0.000,    0.000,   -0.059,   -0.059,    0.203,    0.203,   -0.170,   -0.170,   -0.266,   -0.266,    0.064,    0.064
 3064,2020091800,    0.862,    0.862,    0.000,    0.000,    0.000,    0.000,   -0.024,   -0.024,    0.045,    0.045,    0.000,    0.000,    0.000,    0.000,   -0.059,   -0.059,    0.216,    0.216,   -0.167,   -0.167,   -0.260,   -0.260,    0.065,    0.065
 3064,2020091718,    0.864,    0.864,    0.000,    0.000,    0.000,    0.000,   -0.023,   -0.023,    0.045,    0.045,    0.000,    0.000,    0.000,    0.000,   -0.059,   -0.059,    0.216,    0.216,   -0.173,   -0.173,   -0.259,   -0.259,    0.064,    0.064
 3064,2020091712,    0.867,    0.867,    0.000,    0.000,    0.000,    0.000,   -0.022,   -0.022,    0.041,    0.041,    0.000,    0.000,    0.000,    0.000,   -0.059,   -0.059,    0.225,    0.225,   -0.170,   -0.170,   -0.254,   -0.254,    0.065,    0.065
 3064,2020091706,    0.865,    0.865,    0.000,    0.000,    0.000,    0.000,   -0.022,   -0.022,    0.041,    0.041,    0.000,    0.000,    0.000,    0.000,   -0.059,   -0.059,    0.213,    0.213,   -0.169,   -0.169,   -0.260,   -0.260,    0.065,    0.065
 3064,2020091700,    0.871,    0.871,    0.000,    0.000,    0.000,    0.000,   -0.021,   -0.021,    0.036,    0.036,    0.000,    0.000,    0.000,    0.000,   -0.059,   -0.059,    0.226,    0.226,   -0.165,   -0.165,   -0.251,   -0.251,    0.066,    0.066
 3064,2020091618,    0.870,    0.870,    0.000,    0.000,    0.000,    0.000,   -0.023,   -0.023,    0.039,    0.039,    0.000,    0.000,    0.000,    0.000,   -0.060,   -0.060,    0.223,    0.223,   -0.159,   -0.159,   -0.253,   -0.253,    0.069,    0.069
 3064,2020091612,    0.873,    0.873,    0.000,    0.000,    0.000,    0.000,   -0.021,   -0.021,    0.038,    0.038,    0.000,    0.000,    0.000,    0.000,   -0.061,   -0.061,    0.239,    0.239,   -0.160,   -0.160,   -0.245,   -0.245,    0.068,    0.068
 3064,2020091606,    0.873,    0.873,    0.000,    0.000,    0.000,    0.000,   -0.021,   -0.021,    0.039,    0.039,    0.000,    0.000,    0.000,    0.000,   -0.062,   -0.062,    0.239,    0.239,   -0.159,   -0.159,   -0.244,   -0.244,    0.068,    0.068
 3064,2020091600,    0.877,    0.877,    0.000,    0.000,    0.000,    0.000,   -0.019,   -0.019,    0.037,    0.037,    0.000,    0.000,    0.000,    0.000,   -0.062,   -0.062,    0.252,    0.252,   -0.160,   -0.160,   -0.237,   -0.237,    0.068,    0.068
 3064,2020091518,    0.875,    0.875,    0.000,    0.000,    0.000,    0.000,   -0.021,   -0.021,    0.038,    0.038,    0.000,    0.000,    0.000,    0.000,   -0.064,   -0.064,    0.241,    0.241,   -0.156,   -0.156,   -0.242,   -0.242,    0.070,    0.070
 3064,2020091512,    0.876,    0.876,    0.000,    0.000,    0.000,    0.000,   -0.020,   -0.020,    0.039,    0.039,    0.000,    0.000,    0.000,    0.000,   -0.066,   -0.066,    0.251,    0.251,   -0.173,   -0.173,   -0.238,   -0.238,    0.063,    0.063
 3064,2020091506,    0.874,    0.874,    0.000,    0.000,    0.000,    0.000,   -0.021,   -0.021,    0.036,    0.036,    0.000,    0.000,    0.000,    0.000,   -0.066,   -0.066,    0.221,    0.221,   -0.170,   -0.170,   -0.251,   -0.251,    0.063,    0.063
 3064,2020091500,    0.877,    0.877,    0.000,    0.000,    0.000,    0.000,   -0.019,   -0.019,    0.034,    0.034,    0.000,    0.000,    0.000,    0.000,   -0.067,   -0.067,    0.229,    0.229,   -0.175,   -0.175,   -0.246,   -0.246,    0.061,    0.061
 3064,2020091418,    0.877,    0.877,    0.000,    0.000,    0.000,    0.000,   -0.019,   -0.019,    0.036,    0.036,    0.000,    0.000,    0.000,    0.000,   -0.068,   -0.068,    0.230,    0.230,   -0.170,   -0.170,   -0.245,   -0.245,    0.063,    0.063
 3064,2020091412,    0.877,    0.877,    0.000,    0.000,    0.000,    0.000,   -0.021,   -0.021,    0.034,    0.034,    0.000,    0.000,    0.000,    0.000,   -0.069,   -0.069,    0.231,    0.231,   -0.177,   -0.177,   -0.244,   -0.244,    0.060,    0.060
 3064,2020091406,    0.876,    0.876,    0.000,    0.000,    0.000,    0.000,   -0.020,   -0.020,    0.036,    0.036,    0.000,    0.000,    0.000,    0.000,   -0.069,   -0.069,    0.218,    0.218,   -0.181,   -0.181,   -0.250,   -0.250,    0.058,    0.058
 3064,2020091400,    0.879,    0.879,    0.000,    0.000,    0.000,    0.000,   -0.018,   -0.018,    0.034,    0.034,    0.000,    0.000,    0.000,    0.000,   -0.068,   -0.068,    0.237,    0.237,   -0.181,   -0.181,   -0.240,   -0.240,    0.058,    0.058
 3064,2020091318,    0.879,    0.879,    0.000,    0.000,    0.000,    0.000,   -0.015,   -0.015,    0.034,    0.034,    0.000,    0.000,    0.000,    0.000,   -0.068,   -0.068,    0.235,    0.235,   -0.177,   -0.177,   -0.242,   -0.242,    0.059,    0.059
 3064,2020091312,    0.878,    0.878,    0.000,    0.000,    0.000,    0.000,   -0.017,   -0.017,    0.030,    0.030,    0.000,    0.000,    0.000,    0.000,   -0.067,   -0.067,    0.226,    0.226,   -0.172,   -0.172,   -0.246,   -0.246,    0.061,    0.061
 3064,2020091306,    0.878,    0.878,    0.000,    0.000,    0.000,    0.000,   -0.014,   -0.014,    0.030,    0.030,    0.000,    0.000,    0.000,    0.000,   -0.066,   -0.066,    0.226,    0.226,   -0.177,   -0.177,   -0.246,   -0.246,    0.059,    0.059
 3064,2020091300,    0.881,    0.881,    0.000,    0.000,    0.000,    0.000,   -0.018,   -0.018,    0.030,    0.030,    0.000,    0.000,    0.000,    0.000,   -0.067,   -0.067,    0.231,    0.231,   -0.171,   -0.171,   -0.243,   -0.243,    0.062,    0.062
 3064,2020091218,    0.879,    0.879,    0.000,    0.000,    0.000,    0.000,   -0.016,   -0.016,    0.027,    0.027,    0.000,    0.000,    0.000,    0.000,   -0.067,   -0.067,    0.221,    0.221,   -0.172,   -0.172,   -0.248,   -0.248,    0.063,    0.063
 3064,2020091212,    0.880,    0.880,    0.000,    0.000,    0.000,    0.000,   -0.020,   -0.020,    0.026,    0.026,    0.000,    0.000,    0.000,    0.000,   -0.068,   -0.068,    0.224,    0.224,   -0.164,   -0.164,   -0.248,   -0.248,    0.067,    0.067
 3064,2020091206,    0.878,    0.878,    0.000,    0.000,    0.000,    0.000,   -0.019,   -0.019,    0.023,    0.023,    0.000,    0.000,    0.000,    0.000,   -0.067,   -0.067,    0.211,    0.211,   -0.162,   -0.162,   -0.253,   -0.253,    0.068,    0.068
 3064,2020091200,    0.882,    0.882,    0.000,    0.000,    0.000,    0.000,   -0.018,   -0.018,    0.022,    0.022,    0.000,    0.000,    0.000,    0.000,   -0.066,   -0.066,    0.223,    0.223,   -0.159,   -0.159,   -0.246,   -0.246,    0.070,    0.070
 3064,2020091118,    0.881,    0.881,    0.000,    0.000,    0.000,    0.000,   -0.017,   -0.017,    0.022,    0.022,    0.000,    0.000,    0.000,    0.000,   -0.066,   -0.066,    0.222,    0.222,   -0.158,   -0.158,   -0.248,   -0.248,    0.071,    0.071
 3064,2020091112,    0.878,    0.878,    0.000,    0.000,    0.000,    0.000,   -0.020,   -0.020,    0.027,    0.027,    0.000,    0.000,    0.000,    0.000,   -0.065,   -0.065,    0.212,    0.212,   -0.166,   -0.166,   -0.254,   -0.254,    0.068,    0.068
 3064,2020091106,    0.878,    0.878,    0.000,    0.000,    0.000,    0.000,   -0.020,   -0.020,    0.024,    0.024,    0.000,    0.000,    0.000,    0.000,   -0.065,   -0.065,    0.209,    0.209,   -0.180,   -0.180,   -0.255,   -0.255,    0.063,    0.063
 3064,2020091100,    0.880,    0.880,    0.000,    0.000,    0.000,    0.000,   -0.024,   -0.024,    0.029,    0.029,    0.000,    0.000,    0.000,    0.000,   -0.065,   -0.065,    0.221,    0.221,   -0.173,   -0.173,   -0.249,   -0.249,    0.065,    0.065
 3064,2020091018,    0.880,    0.880,    0.000,    0.000,    0.000,    0.000,   -0.025,   -0.025,    0.026,    0.026,    0.000,    0.000,    0.000,    0.000,   -0.065,   -0.065,    0.209,    0.209,   -0.171,   -0.171,   -0.253,   -0.253,    0.066,    0.066
 3064,2020091012,    0.881,    0.881,    0.000,    0.000,    0.000,    0.000,   -0.029,   -0.029,    0.028,    0.028,    0.000,    0.000,    0.000,    0.000,   -0.064,   -0.064,    0.223,    0.223,   -0.174,   -0.174,   -0.247,   -0.247,    0.067,    0.067
 3064,2020091006,    0.881,    0.881,    0.000,    0.000,    0.000,    0.000,   -0.030,   -0.030,    0.025,    0.025,    0.000,    0.000,    0.000,    0.000,   -0.065,   -0.065,    0.214,    0.214,   -0.172,   -0.172,   -0.250,   -0.250,    0.069,    0.069
 3064,2020091000,    0.883,    0.883,    0.000,    0.000,    0.000,    0.000,   -0.034,   -0.034,    0.025,    0.025,    0.000,    0.000,    0.000,    0.000,   -0.066,   -0.066,    0.222,    0.222,   -0.167,   -0.167,   -0.245,   -0.245,    0.070,    0.070
 3064,2020090918,    0.882,    0.882,    0.000,    0.000,    0.000,    0.000,   -0.034,   -0.034,    0.026,    0.026,    0.000,    0.000,    0.000,    0.000,   -0.065,   -0.065,    0.210,    0.210,   -0.170,   -0.170,   -0.250,   -0.250,    0.068,    0.068
 3064,2020090912,    0.885,    0.885,    0.000,    0.000,    0.000,    0.000,   -0.036,   -0.036,    0.024,    0.024,    0.000,    0.000,    0.000,    0.000,   -0.064,   -0.064,    0.222,    0.222,   -0.164,   -0.164,   -0.243,   -0.243,    0.071,    0.071
 3064,2020090906,    0.884,    0.884,    0.000,    0.000,    0.000,    0.000,   -0.035,   -0.035,    0.023,    0.023,    0.000,    0.000,    0.000,    0.000,   -0.063,   -0.063,    0.212,    0.212,   -0.167,   -0.167,   -0.248,   -0.248,    0.068,    0.068
 3064,2020090900,    0.889,    0.889,    0.000,    0.000,    0.000,    0.000,   -0.035,   -0.035,    0.027,    0.027,    0.000,    0.000,    0.000,    0.000,   -0.064,   -0.064,    0.225,    0.225,   -0.167,   -0.167,   -0.241,   -0.241,    0.069,    0.069
 3064,2020090818,    0.885,    0.885,    0.000,    0.000,    0.000,    0.000,   -0.041,   -0.041,    0.033,    0.033,    0.000,    0.000,    0.000,    0.000,   -0.062,   -0.062,    0.212,    0.212,   -0.159,   -0.159,   -0.249,   -0.249,    0.071,    0.071
 3064,2020090812,    0.889,    0.889,    0.000,    0.000,    0.000,    0.000,   -0.039,   -0.039,    0.026,    0.026,    0.000,    0.000,    0.000,    0.000,   -0.061,   -0.061,    0.208,    0.208,   -0.164,   -0.164,   -0.247,   -0.247,    0.069,    0.069
 3064,2020090806,    0.886,    0.886,    0.000,    0.000,    0.000,    0.000,   -0.042,   -0.042,    0.031,    0.031,    0.000,    0.000,    0.000,    0.000,   -0.060,   -0.060,    0.194,    0.194,   -0.168,   -0.168,   -0.255,   -0.255,    0.067,    0.067
 3064,2020090800,    0.891,    0.891,    0.000,    0.000,    0.000,    0.000,   -0.040,   -0.040,    0.029,    0.029,    0.000,    0.000,    0.000,    0.000,   -0.061,   -0.061,    0.211,    0.211,   -0.153,   -0.153,   -0.247,   -0.247,    0.074,    0.074
 3064,2020090718,    0.889,    0.889,    0.000,    0.000,    0.000,    0.000,   -0.042,   -0.042,    0.031,    0.031,    0.000,    0.000,    0.000,    0.000,   -0.059,   -0.059,    0.209,    0.209,   -0.157,   -0.157,   -0.248,   -0.248,    0.073,    0.073
 3064,2020090712,    0.892,    0.892,    0.000,    0.000,    0.000,    0.000,   -0.042,   -0.042,    0.033,    0.033,    0.000,    0.000,    0.000,    0.000,   -0.059,   -0.059,    0.206,    0.206,   -0.166,   -0.166,   -0.248,   -0.248,    0.067,    0.067
 3064,2020090706,    0.892,    0.892,    0.000,    0.000,    0.000,    0.000,   -0.043,   -0.043,    0.034,    0.034,    0.000,    0.000,    0.000,    0.000,   -0.059,   -0.059,    0.205,    0.205,   -0.168,   -0.168,   -0.249,   -0.249,    0.065,    0.065
 3064,2020090700,    0.890,    0.890,    0.000,    0.000,    0.000,    0.000,   -0.043,   -0.043,    0.034,    0.034,    0.000,    0.000,    0.000,    0.000,   -0.059,   -0.059,    0.198,    0.198,   -0.173,   -0.173,   -0.252,   -0.252,    0.063,    0.063
 3064,2020090618,    0.890,    0.890,    0.000,    0.000,    0.000,    0.000,   -0.045,   -0.045,    0.036,    0.036,    0.000,    0.000,    0.000,    0.000,   -0.060,   -0.060,    0.194,    0.194,   -0.159,   -0.159,   -0.254,   -0.254,    0.069,    0.069
 3064,2020090612,    0.891,    0.891,    0.000,    0.000,    0.000,    0.000,   -0.045,   -0.045,    0.037,    0.037,    0.000,    0.000,    0.000,    0.000,   -0.060,   -0.060,    0.194,    0.194,   -0.161,   -0.161,   -0.253,   -0.253,    0.069,    0.069
 3064,2020090606,    0.890,    0.890,    0.000,    0.000,    0.000,    0.000,   -0.045,   -0.045,    0.038,    0.038,    0.000,    0.000,    0.000,    0.000,   -0.061,   -0.061,    0.188,    0.188,   -0.161,   -0.161,   -0.257,   -0.257,    0.070,    0.070
 3064,2020090600,    0.893,    0.893,    0.000,    0.000,    0.000,    0.000,   -0.043,   -0.043,    0.035,    0.035,    0.000,    0.000,    0.000,    0.000,   -0.062,   -0.062,    0.198,    0.198,   -0.156,   -0.156,   -0.251,   -0.251,    0.072,    0.072
 3064,2020090518,    0.894,    0.894,    0.000,    0.000,    0.000,    0.000,   -0.043,   -0.043,    0.036,    0.036,    0.000,    0.000,    0.000,    0.000,   -0.062,   -0.062,    0.200,    0.200,   -0.156,   -0.156,   -0.250,   -0.250,    0.071,    0.071
 3064,2020090512,    0.894,    0.894,    0.000,    0.000,    0.000,    0.000,   -0.043,   -0.043,    0.035,    0.035,    0.000,    0.000,    0.000,    0.000,   -0.062,   -0.062,    0.200,    0.200,   -0.153,   -0.153,   -0.249,   -0.249,    0.073,    0.073
 3064,2020090506,    0.895,    0.895,    0.000,    0.000,    0.000,    0.000,   -0.041,   -0.041,    0.035,    0.035,    0.000,    0.000,    0.000,    0.000,   -0.062,   -0.062,    0.201,    0.201,   -0.152,   -0.152,   -0.248,   -0.248,    0.074,    0.074
 3064,2020090500,    0.897,    0.897,    0.000,    0.000,    0.000,    0.000,   -0.040,   -0.040,    0.035,    0.035,    0.000,    0.000,    0.000,    0.000,   -0.062,   -0.062,    0.199,    0.199,   -0.155,   -0.155,   -0.247,   -0.247,    0.073,    0.073
 3064,2020090418,    0.898,    0.898,    0.000,    0.000,    0.000,    0.000,   -0.039,   -0.039,    0.036,    0.036,    0.000,    0.000,    0.000,    0.000,   -0.060,   -0.060,    0.201,    0.201,   -0.158,   -0.158,   -0.246,   -0.246,    0.071,    0.071
 3064,2020090412,    0.898,    0.898,    0.000,    0.000,    0.000,    0.000,   -0.040,   -0.040,    0.037,    0.037,    0.000,    0.000,    0.000,    0.000,   -0.060,   -0.060,    0.198,    0.198,   -0.164,   -0.164,   -0.248,   -0.248,    0.069,    0.069
 3064,2020090406,    0.899,    0.899,    0.000,    0.000,    0.000,    0.000,   -0.038,   -0.038,    0.037,    0.037,    0.000,    0.000,    0.000,    0.000,   -0.060,   -0.060,    0.199,    0.199,   -0.163,   -0.163,   -0.247,   -0.247,    0.069,    0.069
 3064,2020090400,    0.900,    0.900,    0.000,    0.000,    0.000,    0.000,   -0.037,   -0.037,    0.036,    0.036,    0.000,    0.000,    0.000,    0.000,   -0.059,   -0.059,    0.206,    0.206,   -0.166,   -0.166,   -0.244,   -0.244,    0.067,    0.067
 3064,2020090318,    0.901,    0.901,    0.000,    0.000,    0.000,    0.000,   -0.036,   -0.036,    0.034,    0.034,    0.000,    0.000,    0.000,    0.000,   -0.058,   -0.058,    0.201,    0.201,   -0.164,   -0.164,   -0.245,   -0.245,    0.069,    0.069
 3064,2020090312,    0.900,    0.900,    0.000,    0.000,    0.000,    0.000,   -0.037,   -0.037,    0.033,    0.033,    0.000,    0.000,    0.000,    0.000,   -0.057,   -0.057,    0.189,    0.189,   -0.168,   -0.168,   -0.249,   -0.249,    0.066,    0.066
 3064,2020090306,    0.901,    0.901,    0.000,    0.000,    0.000,    0.000,   -0.036,   -0.036,    0.032,    0.032,    0.000,    0.000,    0.000,    0.000,   -0.057,   -0.057,    0.195,    0.195,   -0.174,   -0.174,   -0.246,   -0.246,    0.062,    0.062
 3064,2020090300,    0.904,    0.904,    0.000,    0.000,    0.000,    0.000,   -0.034,   -0.034,    0.031,    0.031,    0.000,    0.000,    0.000,    0.000,   -0.056,   -0.056,    0.219,    0.219,   -0.166,   -0.166,   -0.235,   -0.235,    0.065,    0.065
 3064,2020090218,    0.903,    0.903,    0.000,    0.000,    0.000,    0.000,   -0.033,   -0.033,    0.035,    0.035,    0.000,    0.000,    0.000,    0.000,   -0.055,   -0.055,    0.217,    0.217,   -0.165,   -0.165,   -0.236,   -0.236,    0.066,    0.066
 3064,2020090212,    0.905,    0.905,    0.000,    0.000,    0.000,    0.000,   -0.033,   -0.033,    0.032,    0.032,    0.000,    0.000,    0.000,    0.000,   -0.054,   -0.054,    0.228,    0.228,   -0.168,   -0.168,   -0.231,   -0.231,    0.064,    0.064
 3064,2020090206,    0.904,    0.904,    0.000,    0.000,    0.000,    0.000,   -0.030,   -0.030,    0.032,    0.032,    0.000,    0.000,    0.000,    0.000,   -0.055,   -0.055,    0.221,    0.221,   -0.165,   -0.165,   -0.236,   -0.236,    0.066,    0.066
 3064,2020090200,    0.907,    0.907,    0.000,    0.000,    0.000,    0.000,   -0.028,   -0.028,    0.027,    0.027,    0.000,    0.000,    0.000,    0.000,   -0.056,   -0.056,    0.221,    0.221,   -0.164,   -0.164,   -0.234,   -0.234,    0.064,    0.064
 3064,2020090118,    0.905,    0.905,    0.000,    0.000,    0.000,    0.000,   -0.028,   -0.028,    0.027,    0.027,    0.000,    0.000,    0.000,    0.000,   -0.056,   -0.056,    0.206,    0.206,   -0.163,   -0.163,   -0.242,   -0.242,    0.065,    0.065
 3064,2020090112,    0.908,    0.908,    0.000,    0.000,    0.000,    0.000,   -0.026,   -0.026,    0.024,    0.024,    0.000,    0.000,    0.000,    0.000,   -0.055,   -0.055,    0.220,    0.220,   -0.166,   -0.166,   -0.235,   -0.235,    0.063,    0.063
 3064,2020090106,    0.909,    0.909,    0.000,    0.000,    0.000,    0.000,   -0.024,   -0.024,    0.024,    0.024,    0.000,    0.000,    0.000,    0.000,   -0.055,   -0.055,    0.220,    0.220,   -0.161,   -0.161,   -0.233,   -0.233,    0.066,    0.066
 3064,2020090100,    0.912,    0.912,    0.000,    0.000,    0.000,    0.000,   -0.023,   -0.023,    0.019,    0.019,    0.000,    0.000,    0.000,    0.000,   -0.053,   -0.053,    0.229,    0.229,   -0.168,   -0.168,   -0.227,   -0.227,    0.063,    0.063
 3064,2020083118,    0.911,    0.911,    0.000,    0.000,    0.000,    0.000,   -0.024,   -0.024,    0.024,    0.024,    0.000,    0.000,    0.000,    0.000,   -0.053,   -0.053,    0.224,    0.224,   -0.166,   -0.166,   -0.229,   -0.229,    0.064,    0.064
 3064,2020083112,    0.913,    0.913,    0.000,    0.000,    0.000,    0.000,   -0.022,   -0.022,    0.021,    0.021,    0.000,    0.000,    0.000,    0.000,   -0.054,   -0.054,    0.231,    0.231,   -0.174,   -0.174,   -0.226,   -0.226,    0.061,    0.061
 3064,2020083106,    0.912,    0.912,    0.000,    0.000,    0.000,    0.000,   -0.025,   -0.025,    0.026,    0.026,    0.000,    0.000,    0.000,    0.000,   -0.054,   -0.054,    0.219,    0.219,   -0.183,   -0.183,   -0.231,   -0.231,    0.058,    0.058
 3064,2020083100,    0.914,    0.914,    0.000,    0.000,    0.000,    0.000,   -0.021,   -0.021,    0.023,    0.023,    0.000,    0.000,    0.000,    0.000,   -0.054,   -0.054,    0.219,    0.219,   -0.171,   -0.171,   -0.230,   -0.230,    0.063,    0.063
 3064,2020083018,    0.917,    0.917,    0.000,    0.000,    0.000,    0.000,   -0.021,   -0.021,    0.026,    0.026,    0.000,    0.000,    0.000,    0.000,   -0.053,   -0.053,    0.231,    0.231,   -0.179,   -0.179,   -0.223,   -0.223,    0.060,    0.060
 3064,2020083012,    0.917,    0.917,    0.000,    0.000,    0.000,    0.000,   -0.019,   -0.019,    0.022,    0.022,    0.000,    0.000,    0.000,    0.000,   -0.051,   -0.051,    0.232,    0.232,   -0.172,   -0.172,   -0.223,   -0.223,    0.061,    0.061
 3064,2020083006,    0.917,    0.917,    0.000,    0.000,    0.000,    0.000,   -0.019,   -0.019,    0.026,    0.026,    0.000,    0.000,    0.000,    0.000,   -0.051,   -0.051,    0.231,    0.231,   -0.174,   -0.174,   -0.224,   -0.224,    0.062,    0.062
 3064,2020083000,    0.919,    0.919,    0.000,    0.000,    0.000,    0.000,   -0.019,   -0.019,    0.023,    0.023,    0.000,    0.000,    0.000,    0.000,   -0.052,   -0.052,    0.238,    0.238,   -0.168,   -0.168,   -0.219,   -0.219,    0.065,    0.065
