  411,2020092000,   -0.063,   -0.063,    0.000,    0.000,    0.000,    0.000,    0.194,    0.194,   -0.065,   -0.065,    0.000,    0.000,    0.000,    0.000,   -0.001,   -0.001,   -0.037,   -0.037,    0.036,    0.036,   -0.144,   -0.144,   -0.005,   -0.005
  411,2020091918,   -0.062,   -0.062,    0.000,    0.000,    0.000,    0.000,    0.198,    0.198,   -0.065,   -0.065,    0.000,    0.000,    0.000,    0.000,    0.000,    0.000,   -0.035,   -0.035,    0.039,    0.039,   -0.143,   -0.143,   -0.003,   -0.003
  411,2020091912,   -0.063,   -0.063,    0.000,    0.000,    0.000,    0.000,    0.193,    0.193,   -0.068,   -0.068,    0.000,    0.000,    0.000,    0.000,    0.000,    0.000,   -0.039,   -0.039,    0.038,    0.038,   -0.145,   -0.145,   -0.004,   -0.004
  411,2020091906,   -0.063,   -0.063,    0.000,    0.000,    0.000,    0.000,    0.191,    0.191,   -0.069,   -0.069,    0.000,    0.000,    0.000,    0.000,    0.000,    0.000,   -0.042,   -0.042,    0.038,    0.038,   -0.146,   -0.146,   -0.004,   -0.004
  411,2020091900,   -0.061,   -0.061,    0.000,    0.000,    0.000,    0.000,    0.191,    0.191,   -0.069,   -0.069,    0.000,    0.000,    0.000,    0.000,    0.000,    0.000,   -0.040,   -0.040,    0.044,    0.044,   -0.145,   -0.145,   -0.001,   -0.001
  411,2020091818,   -0.061,   -0.061,    0.000,    0.000,    0.000,    0.000,    0.193,    0.193,   -0.068,   -0.068,    0.000,    0.000,    0.000,    0.000,    0.000,    0.000,   -0.039,   -0.039,    0.047,    0.047,   -0.144,   -0.144,    0.001,    0.001
  411,2020091812,   -0.061,   -0.061,    0.000,    0.000,    0.000,    0.000,    0.193,    0.193,   -0.073,   -0.073,    0.000,    0.000,    0.000,    0.000,    0.000,    0.000,   -0.046,   -0.046,    0.043,    0.043,   -0.146,   -0.146,   -0.001,   -0.001
  411,2020091806,   -0.061,   -0.061,    0.000,    0.000,    0.000,    0.000,    0.191,    0.191,   -0.074,   -0.074,    0.000,    0.000,    0.000,    0.000,    0.000,    0.000,   -0.044,   -0.044,    0.042,    0.042,   -0.146,   -0.146,   -0.002,   -0.002
  411,2020091800,   -0.060,   -0.060,    0.000,    0.000,    0.000,    0.000,    0.192,    0.192,   -0.074,   -0.074,    0.000,    0.000,    0.000,    0.000,    0.000,    0.000,   -0.042,   -0.042,    0.036,    0.036,   -0.145,   -0.145,   -0.004,   -0.004
  411,2020091718,   -0.060,   -0.060,    0.000,    0.000,    0.000,    0.000,    0.190,    0.190,   -0.074,   -0.074,    0.000,    0.000,    0.000,    0.000,    0.000,    0.000,   -0.041,   -0.041,    0.038,    0.038,   -0.144,   -0.144,   -0.002,   -0.002
  411,2020091712,   -0.060,   -0.060,    0.000,    0.000,    0.000,    0.000,    0.191,    0.191,   -0.079,   -0.079,    0.000,    0.000,    0.000,    0.000,    0.000,    0.000,   -0.045,   -0.045,    0.038,    0.038,   -0.145,   -0.145,   -0.002,   -0.002
  411,2020091706,   -0.060,   -0.060,    0.000,    0.000,    0.000,    0.000,    0.190,    0.190,   -0.078,   -0.078,    0.000,    0.000,    0.000,    0.000,   -0.000,   -0.000,   -0.044,   -0.044,    0.037,    0.037,   -0.145,   -0.145,   -0.004,   -0.004
  411,2020091700,   -0.059,   -0.059,    0.000,    0.000,    0.000,    0.000,    0.190,    0.190,   -0.079,   -0.079,    0.000,    0.000,    0.000,    0.000,    0.000,    0.000,   -0.042,   -0.042,    0.040,    0.040,   -0.144,   -0.144,   -0.002,   -0.002
  411,2020091618,   -0.058,   -0.058,    0.000,    0.000,    0.000,    0.000,    0.188,    0.188,   -0.078,   -0.078,    0.000,    0.000,    0.000,    0.000,   -0.000,   -0.000,   -0.038,   -0.038,    0.037,    0.037,   -0.141,   -0.141,   -0.004,   -0.004
  411,2020091612,   -0.058,   -0.058,    0.000,    0.000,    0.000,    0.000,    0.189,    0.189,   -0.078,   -0.078,    0.000,    0.000,    0.000,    0.000,   -0.000,   -0.000,   -0.038,   -0.038,    0.037,    0.037,   -0.141,   -0.141,   -0.004,   -0.004
  411,2020091606,   -0.058,   -0.058,    0.000,    0.000,    0.000,    0.000,    0.187,    0.187,   -0.079,   -0.079,    0.000,    0.000,    0.000,    0.000,   -0.001,   -0.001,   -0.041,   -0.041,    0.032,    0.032,   -0.142,   -0.142,   -0.007,   -0.007
  411,2020091600,   -0.057,   -0.057,    0.000,    0.000,    0.000,    0.000,    0.185,    0.185,   -0.079,   -0.079,    0.000,    0.000,    0.000,    0.000,   -0.001,   -0.001,   -0.043,   -0.043,    0.036,    0.036,   -0.143,   -0.143,   -0.005,   -0.005
  411,2020091518,   -0.056,   -0.056,    0.000,    0.000,    0.000,    0.000,    0.185,    0.185,   -0.079,   -0.079,    0.000,    0.000,    0.000,    0.000,   -0.001,   -0.001,   -0.044,   -0.044,    0.032,    0.032,   -0.142,   -0.142,   -0.006,   -0.006
  411,2020091512,   -0.056,   -0.056,    0.000,    0.000,    0.000,    0.000,    0.186,    0.186,   -0.082,   -0.082,    0.000,    0.000,    0.000,    0.000,   -0.001,   -0.001,   -0.043,   -0.043,    0.033,    0.033,   -0.142,   -0.142,   -0.007,   -0.007
  411,2020091506,   -0.055,   -0.055,    0.000,    0.000,    0.000,    0.000,    0.186,    0.186,   -0.083,   -0.083,    0.000,    0.000,    0.000,    0.000,   -0.001,   -0.001,   -0.041,   -0.041,    0.032,    0.032,   -0.140,   -0.140,   -0.007,   -0.007
  411,2020091500,   -0.056,   -0.056,    0.000,    0.000,    0.000,    0.000,    0.185,    0.185,   -0.083,   -0.083,    0.000,    0.000,    0.000,    0.000,   -0.001,   -0.001,   -0.046,   -0.046,    0.036,    0.036,   -0.143,   -0.143,   -0.006,   -0.006
  411,2020091418,   -0.054,   -0.054,    0.000,    0.000,    0.000,    0.000,    0.189,    0.189,   -0.083,   -0.083,    0.000,    0.000,    0.000,    0.000,   -0.000,   -0.000,   -0.034,   -0.034,    0.040,    0.040,   -0.136,   -0.136,   -0.004,   -0.004
  411,2020091412,   -0.054,   -0.054,    0.000,    0.000,    0.000,    0.000,    0.189,    0.189,   -0.085,   -0.085,    0.000,    0.000,    0.000,    0.000,   -0.000,   -0.000,   -0.039,   -0.039,    0.041,    0.041,   -0.139,   -0.139,   -0.003,   -0.003
  411,2020091406,   -0.053,   -0.053,    0.000,    0.000,    0.000,    0.000,    0.189,    0.189,   -0.086,   -0.086,    0.000,    0.000,    0.000,    0.000,   -0.000,   -0.000,   -0.039,   -0.039,    0.036,    0.036,   -0.138,   -0.138,   -0.004,   -0.004
  411,2020091400,   -0.053,   -0.053,    0.000,    0.000,    0.000,    0.000,    0.187,    0.187,   -0.085,   -0.085,    0.000,    0.000,    0.000,    0.000,   -0.000,   -0.000,   -0.040,   -0.040,    0.037,    0.037,   -0.138,   -0.138,   -0.004,   -0.004
  411,2020091318,   -0.052,   -0.052,    0.000,    0.000,    0.000,    0.000,    0.185,    0.185,   -0.086,   -0.086,    0.000,    0.000,    0.000,    0.000,    0.000,    0.000,   -0.038,   -0.038,    0.041,    0.041,   -0.137,   -0.137,   -0.003,   -0.003
  411,2020091312,   -0.052,   -0.052,    0.000,    0.000,    0.000,    0.000,    0.184,    0.184,   -0.088,   -0.088,    0.000,    0.000,    0.000,    0.000,    0.000,    0.000,   -0.038,   -0.038,    0.043,    0.043,   -0.136,   -0.136,   -0.002,   -0.002
  411,2020091306,   -0.052,   -0.052,    0.000,    0.000,    0.000,    0.000,    0.179,    0.179,   -0.087,   -0.087,    0.000,    0.000,    0.000,    0.000,   -0.000,   -0.000,   -0.041,   -0.041,    0.043,    0.043,   -0.138,   -0.138,   -0.002,   -0.002
  411,2020091300,   -0.051,   -0.051,    0.000,    0.000,    0.000,    0.000,    0.177,    0.177,   -0.087,   -0.087,    0.000,    0.000,    0.000,    0.000,    0.000,    0.000,   -0.038,   -0.038,    0.042,    0.042,   -0.137,   -0.137,   -0.003,   -0.003
  411,2020091218,   -0.051,   -0.051,    0.000,    0.000,    0.000,    0.000,    0.177,    0.177,   -0.088,   -0.088,    0.000,    0.000,    0.000,    0.000,    0.000,    0.000,   -0.039,   -0.039,    0.045,    0.045,   -0.137,   -0.137,   -0.002,   -0.002
  411,2020091212,   -0.051,   -0.051,    0.000,    0.000,    0.000,    0.000,    0.176,    0.176,   -0.091,   -0.091,    0.000,    0.000,    0.000,    0.000,   -0.000,   -0.000,   -0.043,   -0.043,    0.046,    0.046,   -0.139,   -0.139,   -0.001,   -0.001
  411,2020091206,   -0.051,   -0.051,    0.000,    0.000,    0.000,    0.000,    0.177,    0.177,   -0.089,   -0.089,    0.000,    0.000,    0.000,    0.000,   -0.001,   -0.001,   -0.044,   -0.044,    0.049,    0.049,   -0.138,   -0.138,   -0.000,   -0.000
  411,2020091200,   -0.051,   -0.051,    0.000,    0.000,    0.000,    0.000,    0.176,    0.176,   -0.086,   -0.086,    0.000,    0.000,    0.000,    0.000,   -0.001,   -0.001,   -0.044,   -0.044,    0.049,    0.049,   -0.138,   -0.138,    0.000,    0.000
  411,2020091118,   -0.050,   -0.050,    0.000,    0.000,    0.000,    0.000,    0.178,    0.178,   -0.088,   -0.088,    0.000,    0.000,    0.000,    0.000,   -0.000,   -0.000,   -0.043,   -0.043,    0.045,    0.045,   -0.137,   -0.137,   -0.001,   -0.001
  411,2020091112,   -0.050,   -0.050,    0.000,    0.000,    0.000,    0.000,    0.175,    0.175,   -0.091,   -0.091,    0.000,    0.000,    0.000,    0.000,   -0.001,   -0.001,   -0.047,   -0.047,    0.039,    0.039,   -0.140,   -0.140,   -0.003,   -0.003
  411,2020091106,   -0.050,   -0.050,    0.000,    0.000,    0.000,    0.000,    0.175,    0.175,   -0.090,   -0.090,    0.000,    0.000,    0.000,    0.000,   -0.001,   -0.001,   -0.044,   -0.044,    0.040,    0.040,   -0.138,   -0.138,   -0.003,   -0.003
  411,2020091100,   -0.050,   -0.050,    0.000,    0.000,    0.000,    0.000,    0.173,    0.173,   -0.090,   -0.090,    0.000,    0.000,    0.000,    0.000,   -0.001,   -0.001,   -0.049,   -0.049,    0.042,    0.042,   -0.141,   -0.141,   -0.002,   -0.002
  411,2020091018,   -0.049,   -0.049,    0.000,    0.000,    0.000,    0.000,    0.173,    0.173,   -0.092,   -0.092,    0.000,    0.000,    0.000,    0.000,   -0.000,   -0.000,   -0.043,   -0.043,    0.041,    0.041,   -0.137,   -0.137,   -0.003,   -0.003
  411,2020091012,   -0.049,   -0.049,    0.000,    0.000,    0.000,    0.000,    0.173,    0.173,   -0.094,   -0.094,    0.000,    0.000,    0.000,    0.000,   -0.001,   -0.001,   -0.045,   -0.045,    0.041,    0.041,   -0.139,   -0.139,   -0.003,   -0.003
  411,2020091006,   -0.048,   -0.048,    0.000,    0.000,    0.000,    0.000,    0.175,    0.175,   -0.093,   -0.093,    0.000,    0.000,    0.000,    0.000,   -0.001,   -0.001,   -0.040,   -0.040,    0.035,    0.035,   -0.136,   -0.136,   -0.006,   -0.006
  411,2020091000,   -0.049,   -0.049,    0.000,    0.000,    0.000,    0.000,    0.172,    0.172,   -0.094,   -0.094,    0.000,    0.000,    0.000,    0.000,   -0.001,   -0.001,   -0.038,   -0.038,    0.037,    0.037,   -0.136,   -0.136,   -0.004,   -0.004
  411,2020090918,   -0.047,   -0.047,    0.000,    0.000,    0.000,    0.000,    0.177,    0.177,   -0.092,   -0.092,    0.000,    0.000,    0.000,    0.000,   -0.000,   -0.000,   -0.032,   -0.032,    0.040,    0.040,   -0.133,   -0.133,   -0.003,   -0.003
  411,2020090912,   -0.048,   -0.048,    0.000,    0.000,    0.000,    0.000,    0.175,    0.175,   -0.095,   -0.095,    0.000,    0.000,    0.000,    0.000,   -0.000,   -0.000,   -0.034,   -0.034,    0.037,    0.037,   -0.134,   -0.134,   -0.004,   -0.004
  411,2020090906,   -0.049,   -0.049,    0.000,    0.000,    0.000,    0.000,    0.170,    0.170,   -0.097,   -0.097,    0.000,    0.000,    0.000,    0.000,   -0.001,   -0.001,   -0.043,   -0.043,    0.033,    0.033,   -0.138,   -0.138,   -0.006,   -0.006
  411,2020090900,   -0.049,   -0.049,    0.000,    0.000,    0.000,    0.000,    0.169,    0.169,   -0.098,   -0.098,    0.000,    0.000,    0.000,    0.000,   -0.000,   -0.000,   -0.039,   -0.039,    0.037,    0.037,   -0.136,   -0.136,   -0.004,   -0.004
  411,2020090818,   -0.047,   -0.047,    0.000,    0.000,    0.000,    0.000,    0.172,    0.172,   -0.098,   -0.098,    0.000,    0.000,    0.000,    0.000,    0.000,    0.000,   -0.033,   -0.033,    0.037,    0.037,   -0.133,   -0.133,   -0.005,   -0.005
  411,2020090812,   -0.048,   -0.048,    0.000,    0.000,    0.000,    0.000,    0.172,    0.172,   -0.101,   -0.101,    0.000,    0.000,    0.000,    0.000,   -0.000,   -0.000,   -0.038,   -0.038,    0.034,    0.034,   -0.135,   -0.135,   -0.005,   -0.005
  411,2020090806,   -0.047,   -0.047,    0.000,    0.000,    0.000,    0.000,    0.171,    0.171,   -0.099,   -0.099,    0.000,    0.000,    0.000,    0.000,   -0.000,   -0.000,   -0.036,   -0.036,    0.042,    0.042,   -0.134,   -0.134,   -0.003,   -0.003
  411,2020090800,   -0.047,   -0.047,    0.000,    0.000,    0.000,    0.000,    0.170,    0.170,   -0.098,   -0.098,    0.000,    0.000,    0.000,    0.000,   -0.000,   -0.000,   -0.031,   -0.031,    0.041,    0.041,   -0.131,   -0.131,   -0.003,   -0.003
  411,2020090718,   -0.047,   -0.047,    0.000,    0.000,    0.000,    0.000,    0.163,    0.163,   -0.100,   -0.100,    0.000,    0.000,    0.000,    0.000,   -0.000,   -0.000,   -0.034,   -0.034,    0.040,    0.040,   -0.133,   -0.133,   -0.003,   -0.003
  411,2020090712,   -0.047,   -0.047,    0.000,    0.000,    0.000,    0.000,    0.160,    0.160,   -0.102,   -0.102,    0.000,    0.000,    0.000,    0.000,    0.000,    0.000,   -0.040,   -0.040,    0.041,    0.041,   -0.136,   -0.136,   -0.003,   -0.003
  411,2020090706,   -0.046,   -0.046,    0.000,    0.000,    0.000,    0.000,    0.157,    0.157,   -0.101,   -0.101,    0.000,    0.000,    0.000,    0.000,    0.001,    0.001,   -0.039,   -0.039,    0.045,    0.045,   -0.135,   -0.135,   -0.001,   -0.001
  411,2020090700,   -0.045,   -0.045,    0.000,    0.000,    0.000,    0.000,    0.158,    0.158,   -0.100,   -0.100,    0.000,    0.000,    0.000,    0.000,    0.001,    0.001,   -0.035,   -0.035,    0.046,    0.046,   -0.132,   -0.132,    0.000,    0.000
  411,2020090618,   -0.044,   -0.044,    0.000,    0.000,    0.000,    0.000,    0.158,    0.158,   -0.098,   -0.098,    0.000,    0.000,    0.000,    0.000,    0.001,    0.001,   -0.032,   -0.032,    0.044,    0.044,   -0.130,   -0.130,   -0.001,   -0.001
  411,2020090612,   -0.044,   -0.044,    0.000,    0.000,    0.000,    0.000,    0.158,    0.158,   -0.100,   -0.100,    0.000,    0.000,    0.000,    0.000,    0.001,    0.001,   -0.036,   -0.036,    0.043,    0.043,   -0.132,   -0.132,   -0.001,   -0.001
  411,2020090606,   -0.045,   -0.045,    0.000,    0.000,    0.000,    0.000,    0.157,    0.157,   -0.099,   -0.099,    0.000,    0.000,    0.000,    0.000,    0.000,    0.000,   -0.036,   -0.036,    0.043,    0.043,   -0.132,   -0.132,   -0.001,   -0.001
  411,2020090600,   -0.045,   -0.045,    0.000,    0.000,    0.000,    0.000,    0.154,    0.154,   -0.100,   -0.100,    0.000,    0.000,    0.000,    0.000,    0.000,    0.000,   -0.038,   -0.038,    0.042,    0.042,   -0.133,   -0.133,   -0.002,   -0.002
  411,2020090518,   -0.044,   -0.044,    0.000,    0.000,    0.000,    0.000,    0.156,    0.156,   -0.099,   -0.099,    0.000,    0.000,    0.000,    0.000,    0.001,    0.001,   -0.035,   -0.035,    0.042,    0.042,   -0.131,   -0.131,   -0.002,   -0.002
  411,2020090512,   -0.043,   -0.043,    0.000,    0.000,    0.000,    0.000,    0.154,    0.154,   -0.101,   -0.101,    0.000,    0.000,    0.000,    0.000,    0.000,    0.000,   -0.033,   -0.033,    0.043,    0.043,   -0.130,   -0.130,   -0.002,   -0.002
  411,2020090506,   -0.043,   -0.043,    0.000,    0.000,    0.000,    0.000,    0.151,    0.151,   -0.100,   -0.100,    0.000,    0.000,    0.000,    0.000,   -0.000,   -0.000,   -0.032,   -0.032,    0.043,    0.043,   -0.130,   -0.130,   -0.002,   -0.002
  411,2020090500,   -0.043,   -0.043,    0.000,    0.000,    0.000,    0.000,    0.150,    0.150,   -0.100,   -0.100,    0.000,    0.000,    0.000,    0.000,   -0.000,   -0.000,   -0.036,   -0.036,    0.041,    0.041,   -0.131,   -0.131,   -0.003,   -0.003
  411,2020090418,   -0.041,   -0.041,    0.000,    0.000,    0.000,    0.000,    0.155,    0.155,   -0.099,   -0.099,    0.000,    0.000,    0.000,    0.000,    0.001,    0.001,   -0.027,   -0.027,    0.042,    0.042,   -0.127,   -0.127,   -0.001,   -0.001
  411,2020090412,   -0.042,   -0.042,    0.000,    0.000,    0.000,    0.000,    0.151,    0.151,   -0.105,   -0.105,    0.000,    0.000,    0.000,    0.000,    0.000,    0.000,   -0.038,   -0.038,    0.045,    0.045,   -0.131,   -0.131,   -0.000,   -0.000
  411,2020090406,   -0.042,   -0.042,    0.000,    0.000,    0.000,    0.000,    0.150,    0.150,   -0.103,   -0.103,    0.000,    0.000,    0.000,    0.000,    0.001,    0.001,   -0.044,   -0.044,    0.043,    0.043,   -0.133,   -0.133,   -0.001,   -0.001
  411,2020090400,   -0.041,   -0.041,    0.000,    0.000,    0.000,    0.000,    0.151,    0.151,   -0.103,   -0.103,    0.000,    0.000,    0.000,    0.000,    0.001,    0.001,   -0.039,   -0.039,    0.045,    0.045,   -0.130,   -0.130,   -0.001,   -0.001
  411,2020090318,   -0.040,   -0.040,    0.000,    0.000,    0.000,    0.000,    0.151,    0.151,   -0.103,   -0.103,    0.000,    0.000,    0.000,    0.000,    0.002,    0.002,   -0.041,   -0.041,    0.047,    0.047,   -0.131,   -0.131,    0.000,    0.000
  411,2020090312,   -0.041,   -0.041,    0.000,    0.000,    0.000,    0.000,    0.151,    0.151,   -0.104,   -0.104,    0.000,    0.000,    0.000,    0.000,    0.001,    0.001,   -0.044,   -0.044,    0.047,    0.047,   -0.132,   -0.132,    0.001,    0.001
  411,2020090306,   -0.041,   -0.041,    0.000,    0.000,    0.000,    0.000,    0.151,    0.151,   -0.102,   -0.102,    0.000,    0.000,    0.000,    0.000,    0.001,    0.001,   -0.041,   -0.041,    0.047,    0.047,   -0.131,   -0.131,    0.001,    0.001
  411,2020090300,   -0.040,   -0.040,    0.000,    0.000,    0.000,    0.000,    0.150,    0.150,   -0.101,   -0.101,    0.000,    0.000,    0.000,    0.000,    0.001,    0.001,   -0.043,   -0.043,    0.047,    0.047,   -0.132,   -0.132,    0.000,    0.000
  411,2020090218,   -0.040,   -0.040,    0.000,    0.000,    0.000,    0.000,    0.148,    0.148,   -0.099,   -0.099,    0.000,    0.000,    0.000,    0.000,    0.002,    0.002,   -0.039,   -0.039,    0.050,    0.050,   -0.130,   -0.130,    0.001,    0.001
  411,2020090212,   -0.040,   -0.040,    0.000,    0.000,    0.000,    0.000,    0.147,    0.147,   -0.101,   -0.101,    0.000,    0.000,    0.000,    0.000,    0.001,    0.001,   -0.034,   -0.034,    0.048,    0.048,   -0.128,   -0.128,    0.001,    0.001
  411,2020090206,   -0.039,   -0.039,    0.000,    0.000,    0.000,    0.000,    0.146,    0.146,   -0.102,   -0.102,    0.000,    0.000,    0.000,    0.000,    0.001,    0.001,   -0.035,   -0.035,    0.048,    0.048,   -0.128,   -0.128,    0.001,    0.001
  411,2020090200,   -0.037,   -0.037,    0.000,    0.000,    0.000,    0.000,    0.147,    0.147,   -0.102,   -0.102,    0.000,    0.000,    0.000,    0.000,    0.002,    0.002,   -0.025,   -0.025,    0.052,    0.052,   -0.123,   -0.123,    0.002,    0.002
  411,2020090118,   -0.037,   -0.037,    0.000,    0.000,    0.000,    0.000,    0.145,    0.145,   -0.101,   -0.101,    0.000,    0.000,    0.000,    0.000,    0.002,    0.002,   -0.026,   -0.026,    0.051,    0.051,   -0.122,   -0.122,    0.002,    0.002
  411,2020090112,   -0.037,   -0.037,    0.000,    0.000,    0.000,    0.000,    0.144,    0.144,   -0.103,   -0.103,    0.000,    0.000,    0.000,    0.000,    0.002,    0.002,   -0.024,   -0.024,    0.050,    0.050,   -0.121,   -0.121,    0.001,    0.001
  411,2020090106,   -0.036,   -0.036,    0.000,    0.000,    0.000,    0.000,    0.139,    0.139,   -0.105,   -0.105,    0.000,    0.000,    0.000,    0.000,    0.002,    0.002,   -0.027,   -0.027,    0.052,    0.052,   -0.122,   -0.122,    0.001,    0.001
  411,2020090100,   -0.037,   -0.037,    0.000,    0.000,    0.000,    0.000,    0.136,    0.136,   -0.105,   -0.105,    0.000,    0.000,    0.000,    0.000,    0.003,    0.003,   -0.028,   -0.028,    0.051,    0.051,   -0.122,   -0.122,    0.001,    0.001
  411,2020083118,   -0.036,   -0.036,    0.000,    0.000,    0.000,    0.000,    0.134,    0.134,   -0.106,   -0.106,    0.000,    0.000,    0.000,    0.000,    0.003,    0.003,   -0.029,   -0.029,    0.046,    0.046,   -0.122,   -0.122,   -0.001,   -0.001
  411,2020083112,   -0.035,   -0.035,    0.000,    0.000,    0.000,    0.000,    0.133,    0.133,   -0.108,   -0.108,    0.000,    0.000,    0.000,    0.000,    0.003,    0.003,   -0.033,   -0.033,    0.045,    0.045,   -0.123,   -0.123,   -0.001,   -0.001
  411,2020083106,   -0.034,   -0.034,    0.000,    0.000,    0.000,    0.000,    0.134,    0.134,   -0.107,   -0.107,    0.000,    0.000,    0.000,    0.000,    0.004,    0.004,   -0.030,   -0.030,    0.038,    0.038,   -0.121,   -0.121,   -0.004,   -0.004
  411,2020083100,   -0.034,   -0.034,    0.000,    0.000,    0.000,    0.000,    0.131,    0.131,   -0.106,   -0.106,    0.000,    0.000,    0.000,    0.000,    0.003,    0.003,   -0.032,   -0.032,    0.041,    0.041,   -0.121,   -0.121,   -0.003,   -0.003
  411,2020083018,   -0.033,   -0.033,    0.000,    0.000,    0.000,    0.000,    0.131,    0.131,   -0.106,   -0.106,    0.000,    0.000,    0.000,    0.000,    0.003,    0.003,   -0.024,   -0.024,    0.041,    0.041,   -0.117,   -0.117,   -0.003,   -0.003
  411,2020083012,   -0.032,   -0.032,    0.000,    0.000,    0.000,    0.000,    0.134,    0.134,   -0.108,   -0.108,    0.000,    0.000,    0.000,    0.000,    0.003,    0.003,   -0.022,   -0.022,    0.042,    0.042,   -0.115,   -0.115,   -0.002,   -0.002
  411,2020083006,   -0.030,   -0.030,    0.000,    0.000,    0.000,    0.000,    0.137,    0.137,   -0.105,   -0.105,    0.000,    0.000,    0.000,    0.000,    0.004,    0.004,   -0.019,   -0.019,    0.041,    0.041,   -0.113,   -0.113,   -0.002,   -0.002
  411,2020083000,   -0.028,   -0.028,    0.000,    0.000,    0.000,    0.000,    0.140,    0.140,   -0.104,   -0.104,    0.000,    0.000,    0.000,    0.000,    0.004,    0.004,   -0.009,   -0.009,    0.045,    0.045,   -0.107,   -0.107,   -0.000,   -0.000
