  239,2020092000,   -0.201,   -0.201,    0.000,    0.000,    0.000,    0.000,    0.022,    0.022,   -0.052,   -0.052,    0.000,    0.000,    0.000,    0.000,   -0.752,   -0.752,    0.281,    0.281,   -0.008,   -0.008,   -0.106,   -0.106,    0.007,    0.007
  239,2020091918,   -0.202,   -0.202,    0.000,    0.000,    0.000,    0.000,    0.023,    0.023,   -0.053,   -0.053,    0.000,    0.000,    0.000,    0.000,   -0.758,   -0.758,    0.284,    0.284,   -0.010,   -0.010,   -0.104,   -0.104,    0.007,    0.007
  239,2020091912,   -0.202,   -0.202,    0.000,    0.000,    0.000,    0.000,    0.023,    0.023,   -0.052,   -0.052,    0.000,    0.000,    0.000,    0.000,   -0.749,   -0.749,    0.285,    0.285,   -0.009,   -0.009,   -0.104,   -0.104,    0.007,    0.007
  239,2020091906,   -0.202,   -0.202,    0.000,    0.000,    0.000,    0.000,    0.024,    0.024,   -0.053,   -0.053,    0.000,    0.000,    0.000,    0.000,   -0.748,   -0.748,    0.284,    0.284,   -0.007,   -0.007,   -0.104,   -0.104,    0.008,    0.008
  239,2020091900,   -0.202,   -0.202,    0.000,    0.000,    0.000,    0.000,    0.023,    0.023,   -0.053,   -0.053,    0.000,    0.000,    0.000,    0.000,   -0.824,   -0.824,    0.280,    0.280,   -0.008,   -0.008,   -0.106,   -0.106,    0.007,    0.007
  239,2020091818,   -0.203,   -0.203,    0.000,    0.000,    0.000,    0.000,    0.023,    0.023,   -0.051,   -0.051,    0.000,    0.000,    0.000,    0.000,   -0.799,   -0.799,    0.276,    0.276,   -0.007,   -0.007,   -0.108,   -0.108,    0.008,    0.008
  239,2020091812,   -0.204,   -0.204,    0.000,    0.000,    0.000,    0.000,    0.023,    0.023,   -0.052,   -0.052,    0.000,    0.000,    0.000,    0.000,   -0.796,   -0.796,    0.278,    0.278,   -0.009,   -0.009,   -0.108,   -0.108,    0.007,    0.007
  239,2020091806,   -0.204,   -0.204,    0.000,    0.000,    0.000,    0.000,    0.022,    0.022,   -0.052,   -0.052,    0.000,    0.000,    0.000,    0.000,   -0.772,   -0.772,    0.279,    0.279,   -0.009,   -0.009,   -0.108,   -0.108,    0.007,    0.007
  239,2020091800,   -0.204,   -0.204,    0.000,    0.000,    0.000,    0.000,    0.021,    0.021,   -0.054,   -0.054,    0.000,    0.000,    0.000,    0.000,   -0.834,   -0.834,    0.276,    0.276,   -0.008,   -0.008,   -0.109,   -0.109,    0.009,    0.009
  239,2020091718,   -0.202,   -0.202,    0.000,    0.000,    0.000,    0.000,    0.022,    0.022,   -0.053,   -0.053,    0.000,    0.000,    0.000,    0.000,   -0.818,   -0.818,    0.282,    0.282,   -0.009,   -0.009,   -0.106,   -0.106,    0.009,    0.009
  239,2020091712,   -0.202,   -0.202,    0.000,    0.000,    0.000,    0.000,    0.021,    0.021,   -0.052,   -0.052,    0.000,    0.000,    0.000,    0.000,   -0.786,   -0.786,    0.284,    0.284,   -0.007,   -0.007,   -0.104,   -0.104,    0.011,    0.011
  239,2020091706,   -0.203,   -0.203,    0.000,    0.000,    0.000,    0.000,    0.021,    0.021,   -0.052,   -0.052,    0.000,    0.000,    0.000,    0.000,   -0.765,   -0.765,    0.283,    0.283,   -0.007,   -0.007,   -0.105,   -0.105,    0.010,    0.010
  239,2020091700,   -0.203,   -0.203,    0.000,    0.000,    0.000,    0.000,    0.021,    0.021,   -0.051,   -0.051,    0.000,    0.000,    0.000,    0.000,   -0.747,   -0.747,    0.281,    0.281,   -0.007,   -0.007,   -0.106,   -0.106,    0.010,    0.010
  239,2020091618,   -0.202,   -0.202,    0.000,    0.000,    0.000,    0.000,    0.021,    0.021,   -0.050,   -0.050,    0.000,    0.000,    0.000,    0.000,   -0.732,   -0.732,    0.281,    0.281,   -0.006,   -0.006,   -0.105,   -0.105,    0.010,    0.010
  239,2020091612,   -0.203,   -0.203,    0.000,    0.000,    0.000,    0.000,    0.020,    0.020,   -0.052,   -0.052,    0.000,    0.000,    0.000,    0.000,   -0.725,   -0.725,    0.280,    0.280,   -0.007,   -0.007,   -0.106,   -0.106,    0.010,    0.010
  239,2020091606,   -0.202,   -0.202,    0.000,    0.000,    0.000,    0.000,    0.020,    0.020,   -0.051,   -0.051,    0.000,    0.000,    0.000,    0.000,   -0.719,   -0.719,    0.279,    0.279,   -0.002,   -0.002,   -0.106,   -0.106,    0.013,    0.013
  239,2020091600,   -0.202,   -0.202,    0.000,    0.000,    0.000,    0.000,    0.019,    0.019,   -0.051,   -0.051,    0.000,    0.000,    0.000,    0.000,   -0.716,   -0.716,    0.279,    0.279,   -0.004,   -0.004,   -0.106,   -0.106,    0.012,    0.012
  239,2020091518,   -0.201,   -0.201,    0.000,    0.000,    0.000,    0.000,    0.020,    0.020,   -0.050,   -0.050,    0.000,    0.000,    0.000,    0.000,   -0.726,   -0.726,    0.281,    0.281,   -0.007,   -0.007,   -0.104,   -0.104,    0.010,    0.010
  239,2020091512,   -0.201,   -0.201,    0.000,    0.000,    0.000,    0.000,    0.019,    0.019,   -0.049,   -0.049,    0.000,    0.000,    0.000,    0.000,   -0.707,   -0.707,    0.276,    0.276,   -0.007,   -0.007,   -0.106,   -0.106,    0.010,    0.010
  239,2020091506,   -0.202,   -0.202,    0.000,    0.000,    0.000,    0.000,    0.019,    0.019,   -0.050,   -0.050,    0.000,    0.000,    0.000,    0.000,   -0.681,   -0.681,    0.275,    0.275,   -0.002,   -0.002,   -0.106,   -0.106,    0.013,    0.013
  239,2020091500,   -0.202,   -0.202,    0.000,    0.000,    0.000,    0.000,    0.019,    0.019,   -0.051,   -0.051,    0.000,    0.000,    0.000,    0.000,   -0.722,   -0.722,    0.277,    0.277,   -0.006,   -0.006,   -0.105,   -0.105,    0.011,    0.011
  239,2020091418,   -0.201,   -0.201,    0.000,    0.000,    0.000,    0.000,    0.020,    0.020,   -0.052,   -0.052,    0.000,    0.000,    0.000,    0.000,   -0.741,   -0.741,    0.276,    0.276,   -0.003,   -0.003,   -0.106,   -0.106,    0.012,    0.012
  239,2020091412,   -0.199,   -0.199,    0.000,    0.000,    0.000,    0.000,    0.021,    0.021,   -0.052,   -0.052,    0.000,    0.000,    0.000,    0.000,   -0.749,   -0.749,    0.277,    0.277,   -0.005,   -0.005,   -0.104,   -0.104,    0.011,    0.011
  239,2020091406,   -0.199,   -0.199,    0.000,    0.000,    0.000,    0.000,    0.021,    0.021,   -0.052,   -0.052,    0.000,    0.000,    0.000,    0.000,   -0.731,   -0.731,    0.279,    0.279,   -0.004,   -0.004,   -0.103,   -0.103,    0.011,    0.011
  239,2020091400,   -0.200,   -0.200,    0.000,    0.000,    0.000,    0.000,    0.020,    0.020,   -0.051,   -0.051,    0.000,    0.000,    0.000,    0.000,   -0.805,   -0.805,    0.277,    0.277,   -0.003,   -0.003,   -0.105,   -0.105,    0.012,    0.012
  239,2020091318,   -0.202,   -0.202,    0.000,    0.000,    0.000,    0.000,    0.020,    0.020,   -0.051,   -0.051,    0.000,    0.000,    0.000,    0.000,   -0.811,   -0.811,    0.275,    0.275,   -0.001,   -0.001,   -0.106,   -0.106,    0.014,    0.014
  239,2020091312,   -0.201,   -0.201,    0.000,    0.000,    0.000,    0.000,    0.020,    0.020,   -0.052,   -0.052,    0.000,    0.000,    0.000,    0.000,   -0.799,   -0.799,    0.277,    0.277,   -0.003,   -0.003,   -0.105,   -0.105,    0.013,    0.013
  239,2020091306,   -0.202,   -0.202,    0.000,    0.000,    0.000,    0.000,    0.020,    0.020,   -0.053,   -0.053,    0.000,    0.000,    0.000,    0.000,   -0.770,   -0.770,    0.274,    0.274,   -0.005,   -0.005,   -0.106,   -0.106,    0.013,    0.013
  239,2020091300,   -0.202,   -0.202,    0.000,    0.000,    0.000,    0.000,    0.021,    0.021,   -0.053,   -0.053,    0.000,    0.000,    0.000,    0.000,   -0.836,   -0.836,    0.273,    0.273,   -0.006,   -0.006,   -0.107,   -0.107,    0.012,    0.012
  239,2020091218,   -0.201,   -0.201,    0.000,    0.000,    0.000,    0.000,    0.022,    0.022,   -0.053,   -0.053,    0.000,    0.000,    0.000,    0.000,   -0.840,   -0.840,    0.276,    0.276,   -0.005,   -0.005,   -0.105,   -0.105,    0.012,    0.012
  239,2020091212,   -0.202,   -0.202,    0.000,    0.000,    0.000,    0.000,    0.021,    0.021,   -0.053,   -0.053,    0.000,    0.000,    0.000,    0.000,   -0.850,   -0.850,    0.273,    0.273,   -0.008,   -0.008,   -0.107,   -0.107,    0.010,    0.010
  239,2020091206,   -0.202,   -0.202,    0.000,    0.000,    0.000,    0.000,    0.022,    0.022,   -0.054,   -0.054,    0.000,    0.000,    0.000,    0.000,   -0.831,   -0.831,    0.275,    0.275,   -0.012,   -0.012,   -0.106,   -0.106,    0.008,    0.008
  239,2020091200,   -0.203,   -0.203,    0.000,    0.000,    0.000,    0.000,    0.021,    0.021,   -0.054,   -0.054,    0.000,    0.000,    0.000,    0.000,   -0.835,   -0.835,    0.274,    0.274,   -0.009,   -0.009,   -0.107,   -0.107,    0.009,    0.009
  239,2020091118,   -0.204,   -0.204,    0.000,    0.000,    0.000,    0.000,    0.022,    0.022,   -0.054,   -0.054,    0.000,    0.000,    0.000,    0.000,   -0.840,   -0.840,    0.273,    0.273,   -0.009,   -0.009,   -0.107,   -0.107,    0.009,    0.009
  239,2020091112,   -0.204,   -0.204,    0.000,    0.000,    0.000,    0.000,    0.022,    0.022,   -0.053,   -0.053,    0.000,    0.000,    0.000,    0.000,   -0.864,   -0.864,    0.272,    0.272,   -0.010,   -0.010,   -0.107,   -0.107,    0.008,    0.008
  239,2020091106,   -0.204,   -0.204,    0.000,    0.000,    0.000,    0.000,    0.022,    0.022,   -0.054,   -0.054,    0.000,    0.000,    0.000,    0.000,   -0.848,   -0.848,    0.274,    0.274,   -0.013,   -0.013,   -0.106,   -0.106,    0.006,    0.006
  239,2020091100,   -0.205,   -0.205,    0.000,    0.000,    0.000,    0.000,    0.021,    0.021,   -0.054,   -0.054,    0.000,    0.000,    0.000,    0.000,   -0.867,   -0.867,    0.274,    0.274,   -0.011,   -0.011,   -0.107,   -0.107,    0.007,    0.007
  239,2020091018,   -0.206,   -0.206,    0.000,    0.000,    0.000,    0.000,    0.020,    0.020,   -0.055,   -0.055,    0.000,    0.000,    0.000,    0.000,   -0.909,   -0.909,    0.274,    0.274,   -0.013,   -0.013,   -0.107,   -0.107,    0.006,    0.006
  239,2020091012,   -0.206,   -0.206,    0.000,    0.000,    0.000,    0.000,    0.021,    0.021,   -0.054,   -0.054,    0.000,    0.000,    0.000,    0.000,   -0.952,   -0.952,    0.276,    0.276,   -0.012,   -0.012,   -0.105,   -0.105,    0.007,    0.007
  239,2020091006,   -0.207,   -0.207,    0.000,    0.000,    0.000,    0.000,    0.020,    0.020,   -0.055,   -0.055,    0.000,    0.000,    0.000,    0.000,   -0.938,   -0.938,    0.275,    0.275,   -0.011,   -0.011,   -0.106,   -0.106,    0.006,    0.006
  239,2020091000,   -0.207,   -0.207,    0.000,    0.000,    0.000,    0.000,    0.021,    0.021,   -0.055,   -0.055,    0.000,    0.000,    0.000,    0.000,   -1.031,   -1.031,    0.278,    0.278,   -0.010,   -0.010,   -0.105,   -0.105,    0.007,    0.007
  239,2020090918,   -0.208,   -0.208,    0.000,    0.000,    0.000,    0.000,    0.020,    0.020,   -0.057,   -0.057,    0.000,    0.000,    0.000,    0.000,   -1.043,   -1.043,    0.281,    0.281,   -0.010,   -0.010,   -0.104,   -0.104,    0.007,    0.007
  239,2020090912,   -0.209,   -0.209,    0.000,    0.000,    0.000,    0.000,    0.020,    0.020,   -0.056,   -0.056,    0.000,    0.000,    0.000,    0.000,   -0.992,   -0.992,    0.283,    0.283,   -0.012,   -0.012,   -0.104,   -0.104,    0.006,    0.006
  239,2020090906,   -0.209,   -0.209,    0.000,    0.000,    0.000,    0.000,    0.020,    0.020,   -0.055,   -0.055,    0.000,    0.000,    0.000,    0.000,   -1.006,   -1.006,    0.282,    0.282,   -0.014,   -0.014,   -0.104,   -0.104,    0.005,    0.005
  239,2020090900,   -0.209,   -0.209,    0.000,    0.000,    0.000,    0.000,    0.019,    0.019,   -0.054,   -0.054,    0.000,    0.000,    0.000,    0.000,   -1.023,   -1.023,    0.284,    0.284,   -0.010,   -0.010,   -0.103,   -0.103,    0.007,    0.007
  239,2020090818,   -0.209,   -0.209,    0.000,    0.000,    0.000,    0.000,    0.018,    0.018,   -0.055,   -0.055,    0.000,    0.000,    0.000,    0.000,   -1.009,   -1.009,    0.283,    0.283,   -0.012,   -0.012,   -0.103,   -0.103,    0.006,    0.006
  239,2020090812,   -0.209,   -0.209,    0.000,    0.000,    0.000,    0.000,    0.018,    0.018,   -0.053,   -0.053,    0.000,    0.000,    0.000,    0.000,   -1.013,   -1.013,    0.284,    0.284,   -0.013,   -0.013,   -0.103,   -0.103,    0.004,    0.004
  239,2020090806,   -0.209,   -0.209,    0.000,    0.000,    0.000,    0.000,    0.019,    0.019,   -0.055,   -0.055,    0.000,    0.000,    0.000,    0.000,   -0.990,   -0.990,    0.285,    0.285,   -0.012,   -0.012,   -0.102,   -0.102,    0.006,    0.006
  239,2020090800,   -0.208,   -0.208,    0.000,    0.000,    0.000,    0.000,    0.019,    0.019,   -0.057,   -0.057,    0.000,    0.000,    0.000,    0.000,   -0.991,   -0.991,    0.287,    0.287,   -0.009,   -0.009,   -0.101,   -0.101,    0.008,    0.008
  239,2020090718,   -0.209,   -0.209,    0.000,    0.000,    0.000,    0.000,    0.019,    0.019,   -0.057,   -0.057,    0.000,    0.000,    0.000,    0.000,   -0.969,   -0.969,    0.283,    0.283,   -0.008,   -0.008,   -0.103,   -0.103,    0.009,    0.009
  239,2020090712,   -0.208,   -0.208,    0.000,    0.000,    0.000,    0.000,    0.018,    0.018,   -0.056,   -0.056,    0.000,    0.000,    0.000,    0.000,   -0.958,   -0.958,    0.286,    0.286,   -0.009,   -0.009,   -0.101,   -0.101,    0.008,    0.008
  239,2020090706,   -0.208,   -0.208,    0.000,    0.000,    0.000,    0.000,    0.019,    0.019,   -0.057,   -0.057,    0.000,    0.000,    0.000,    0.000,   -0.947,   -0.947,    0.285,    0.285,   -0.014,   -0.014,   -0.102,   -0.102,    0.006,    0.006
  239,2020090700,   -0.207,   -0.207,    0.000,    0.000,    0.000,    0.000,    0.019,    0.019,   -0.056,   -0.056,    0.000,    0.000,    0.000,    0.000,   -0.954,   -0.954,    0.286,    0.286,   -0.013,   -0.013,   -0.101,   -0.101,    0.006,    0.006
  239,2020090618,   -0.207,   -0.207,    0.000,    0.000,    0.000,    0.000,    0.020,    0.020,   -0.057,   -0.057,    0.000,    0.000,    0.000,    0.000,   -0.950,   -0.950,    0.286,    0.286,   -0.013,   -0.013,   -0.100,   -0.100,    0.005,    0.005
  239,2020090612,   -0.207,   -0.207,    0.000,    0.000,    0.000,    0.000,    0.019,    0.019,   -0.059,   -0.059,    0.000,    0.000,    0.000,    0.000,   -0.990,   -0.990,    0.287,    0.287,   -0.015,   -0.015,   -0.101,   -0.101,    0.004,    0.004
  239,2020090606,   -0.208,   -0.208,    0.000,    0.000,    0.000,    0.000,    0.018,    0.018,   -0.058,   -0.058,    0.000,    0.000,    0.000,    0.000,   -0.985,   -0.985,    0.283,    0.283,   -0.015,   -0.015,   -0.103,   -0.103,    0.004,    0.004
  239,2020090600,   -0.208,   -0.208,    0.000,    0.000,    0.000,    0.000,    0.019,    0.019,   -0.058,   -0.058,    0.000,    0.000,    0.000,    0.000,   -0.967,   -0.967,    0.283,    0.283,   -0.012,   -0.012,   -0.103,   -0.103,    0.005,    0.005
  239,2020090518,   -0.210,   -0.210,    0.000,    0.000,    0.000,    0.000,    0.018,    0.018,   -0.056,   -0.056,    0.000,    0.000,    0.000,    0.000,   -0.959,   -0.959,    0.280,    0.280,   -0.011,   -0.011,   -0.105,   -0.105,    0.007,    0.007
  239,2020090512,   -0.210,   -0.210,    0.000,    0.000,    0.000,    0.000,    0.018,    0.018,   -0.055,   -0.055,    0.000,    0.000,    0.000,    0.000,   -0.911,   -0.911,    0.281,    0.281,   -0.012,   -0.012,   -0.105,   -0.105,    0.006,    0.006
  239,2020090506,   -0.213,   -0.213,    0.000,    0.000,    0.000,    0.000,    0.017,    0.017,   -0.055,   -0.055,    0.000,    0.000,    0.000,    0.000,   -0.907,   -0.907,    0.276,    0.276,   -0.010,   -0.010,   -0.108,   -0.108,    0.008,    0.008
  239,2020090500,   -0.212,   -0.212,    0.000,    0.000,    0.000,    0.000,    0.018,    0.018,   -0.056,   -0.056,    0.000,    0.000,    0.000,    0.000,   -0.926,   -0.926,    0.277,    0.277,   -0.009,   -0.009,   -0.106,   -0.106,    0.008,    0.008
  239,2020090418,   -0.213,   -0.213,    0.000,    0.000,    0.000,    0.000,    0.017,    0.017,   -0.055,   -0.055,    0.000,    0.000,    0.000,    0.000,   -0.871,   -0.871,    0.278,    0.278,   -0.008,   -0.008,   -0.106,   -0.106,    0.009,    0.009
  239,2020090412,   -0.211,   -0.211,    0.000,    0.000,    0.000,    0.000,    0.018,    0.018,   -0.055,   -0.055,    0.000,    0.000,    0.000,    0.000,   -0.847,   -0.847,    0.280,    0.280,   -0.011,   -0.011,   -0.105,   -0.105,    0.007,    0.007
  239,2020090406,   -0.213,   -0.213,    0.000,    0.000,    0.000,    0.000,    0.018,    0.018,   -0.055,   -0.055,    0.000,    0.000,    0.000,    0.000,   -0.834,   -0.834,    0.277,    0.277,   -0.011,   -0.011,   -0.106,   -0.106,    0.007,    0.007
  239,2020090400,   -0.213,   -0.213,    0.000,    0.000,    0.000,    0.000,    0.018,    0.018,   -0.056,   -0.056,    0.000,    0.000,    0.000,    0.000,   -0.871,   -0.871,    0.279,    0.279,   -0.009,   -0.009,   -0.105,   -0.105,    0.008,    0.008
  239,2020090318,   -0.214,   -0.214,    0.000,    0.000,    0.000,    0.000,    0.017,    0.017,   -0.056,   -0.056,    0.000,    0.000,    0.000,    0.000,   -0.849,   -0.849,    0.280,    0.280,   -0.008,   -0.008,   -0.105,   -0.105,    0.009,    0.009
  239,2020090312,   -0.214,   -0.214,    0.000,    0.000,    0.000,    0.000,    0.016,    0.016,   -0.057,   -0.057,    0.000,    0.000,    0.000,    0.000,   -0.832,   -0.832,    0.281,    0.281,   -0.010,   -0.010,   -0.105,   -0.105,    0.008,    0.008
  239,2020090306,   -0.215,   -0.215,    0.000,    0.000,    0.000,    0.000,    0.016,    0.016,   -0.057,   -0.057,    0.000,    0.000,    0.000,    0.000,   -0.822,   -0.822,    0.281,    0.281,   -0.007,   -0.007,   -0.105,   -0.105,    0.009,    0.009
  239,2020090300,   -0.215,   -0.215,    0.000,    0.000,    0.000,    0.000,    0.016,    0.016,   -0.059,   -0.059,    0.000,    0.000,    0.000,    0.000,   -0.823,   -0.823,    0.282,    0.282,   -0.007,   -0.007,   -0.105,   -0.105,    0.009,    0.009
  239,2020090218,   -0.215,   -0.215,    0.000,    0.000,    0.000,    0.000,    0.017,    0.017,   -0.058,   -0.058,    0.000,    0.000,    0.000,    0.000,   -0.803,   -0.803,    0.282,    0.282,   -0.008,   -0.008,   -0.105,   -0.105,    0.008,    0.008
  239,2020090212,   -0.214,   -0.214,    0.000,    0.000,    0.000,    0.000,    0.016,    0.016,   -0.059,   -0.059,    0.000,    0.000,    0.000,    0.000,   -0.782,   -0.782,    0.283,    0.283,   -0.012,   -0.012,   -0.104,   -0.104,    0.006,    0.006
  239,2020090206,   -0.216,   -0.216,    0.000,    0.000,    0.000,    0.000,    0.016,    0.016,   -0.059,   -0.059,    0.000,    0.000,    0.000,    0.000,   -0.787,   -0.787,    0.278,    0.278,   -0.008,   -0.008,   -0.106,   -0.106,    0.009,    0.009
  239,2020090200,   -0.216,   -0.216,    0.000,    0.000,    0.000,    0.000,    0.015,    0.015,   -0.058,   -0.058,    0.000,    0.000,    0.000,    0.000,   -0.785,   -0.785,    0.277,    0.277,   -0.008,   -0.008,   -0.107,   -0.107,    0.009,    0.009
  239,2020090118,   -0.217,   -0.217,    0.000,    0.000,    0.000,    0.000,    0.015,    0.015,   -0.059,   -0.059,    0.000,    0.000,    0.000,    0.000,   -0.805,   -0.805,    0.280,    0.280,   -0.008,   -0.008,   -0.107,   -0.107,    0.009,    0.009
  239,2020090112,   -0.216,   -0.216,    0.000,    0.000,    0.000,    0.000,    0.014,    0.014,   -0.059,   -0.059,    0.000,    0.000,    0.000,    0.000,   -0.778,   -0.778,    0.283,    0.283,   -0.011,   -0.011,   -0.105,   -0.105,    0.006,    0.006
  239,2020090106,   -0.215,   -0.215,    0.000,    0.000,    0.000,    0.000,    0.014,    0.014,   -0.058,   -0.058,    0.000,    0.000,    0.000,    0.000,   -0.778,   -0.778,    0.283,    0.283,   -0.009,   -0.009,   -0.104,   -0.104,    0.008,    0.008
  239,2020090100,   -0.213,   -0.213,    0.000,    0.000,    0.000,    0.000,    0.014,    0.014,   -0.059,   -0.059,    0.000,    0.000,    0.000,    0.000,   -0.748,   -0.748,    0.288,    0.288,   -0.007,   -0.007,   -0.101,   -0.101,    0.008,    0.008
  239,2020083118,   -0.215,   -0.215,    0.000,    0.000,    0.000,    0.000,    0.014,    0.014,   -0.059,   -0.059,    0.000,    0.000,    0.000,    0.000,   -0.761,   -0.761,    0.287,    0.287,   -0.011,   -0.011,   -0.102,   -0.102,    0.007,    0.007
  239,2020083112,   -0.214,   -0.214,    0.000,    0.000,    0.000,    0.000,    0.014,    0.014,   -0.060,   -0.060,    0.000,    0.000,    0.000,    0.000,   -0.727,   -0.727,    0.283,    0.283,   -0.010,   -0.010,   -0.103,   -0.103,    0.007,    0.007
  239,2020083106,   -0.214,   -0.214,    0.000,    0.000,    0.000,    0.000,    0.014,    0.014,   -0.058,   -0.058,    0.000,    0.000,    0.000,    0.000,   -0.722,   -0.722,    0.282,    0.282,   -0.008,   -0.008,   -0.104,   -0.104,    0.008,    0.008
  239,2020083100,   -0.214,   -0.214,    0.000,    0.000,    0.000,    0.000,    0.013,    0.013,   -0.057,   -0.057,    0.000,    0.000,    0.000,    0.000,   -0.780,   -0.780,    0.284,    0.284,   -0.009,   -0.009,   -0.103,   -0.103,    0.007,    0.007
  239,2020083018,   -0.215,   -0.215,    0.000,    0.000,    0.000,    0.000,    0.013,    0.013,   -0.058,   -0.058,    0.000,    0.000,    0.000,    0.000,   -0.753,   -0.753,    0.284,    0.284,   -0.011,   -0.011,   -0.103,   -0.103,    0.006,    0.006
  239,2020083012,   -0.213,   -0.213,    0.000,    0.000,    0.000,    0.000,    0.014,    0.014,   -0.058,   -0.058,    0.000,    0.000,    0.000,    0.000,   -0.723,   -0.723,    0.283,    0.283,   -0.011,   -0.011,   -0.102,   -0.102,    0.006,    0.006
  239,2020083006,   -0.214,   -0.214,    0.000,    0.000,    0.000,    0.000,    0.013,    0.013,   -0.057,   -0.057,    0.000,    0.000,    0.000,    0.000,   -0.691,   -0.691,    0.279,    0.279,   -0.007,   -0.007,   -0.104,   -0.104,    0.008,    0.008
  239,2020083000,   -0.212,   -0.212,    0.000,    0.000,    0.000,    0.000,    0.013,    0.013,   -0.058,   -0.058,    0.000,    0.000,    0.000,    0.000,   -0.765,   -0.765,    0.279,    0.279,   -0.009,   -0.009,   -0.103,   -0.103,    0.008,    0.008
