   50,2020092000,    0.325,    0.325,    0.000,    0.000,    0.000,    0.000,    0.004,    0.004,   -0.150,   -0.150,    0.000,    0.000,    0.000,    0.000,   -1.802,   -1.802,   -0.031,   -0.031,   -0.001,   -0.001,    0.107,    0.107,   -0.006,   -0.006
   50,2020091918,    0.326,    0.326,    0.000,    0.000,    0.000,    0.000,    0.005,    0.005,   -0.150,   -0.150,    0.000,    0.000,    0.000,    0.000,   -1.802,   -1.802,   -0.031,   -0.031,    0.004,    0.004,    0.107,    0.107,   -0.003,   -0.003
   50,2020091912,    0.327,    0.327,    0.000,    0.000,    0.000,    0.000,    0.005,    0.005,   -0.152,   -0.152,    0.000,    0.000,    0.000,    0.000,   -1.814,   -1.814,   -0.033,   -0.033,    0.001,    0.001,    0.106,    0.106,   -0.004,   -0.004
   50,2020091906,    0.326,    0.326,    0.000,    0.000,    0.000,    0.000,    0.005,    0.005,   -0.153,   -0.153,    0.000,    0.000,    0.000,    0.000,   -1.838,   -1.838,   -0.037,   -0.037,    0.001,    0.001,    0.104,    0.104,   -0.004,   -0.004
   50,2020091900,    0.327,    0.327,    0.000,    0.000,    0.000,    0.000,    0.005,    0.005,   -0.155,   -0.155,    0.000,    0.000,    0.000,    0.000,   -1.823,   -1.823,   -0.036,   -0.036,    0.001,    0.001,    0.105,    0.105,   -0.005,   -0.005
   50,2020091818,    0.327,    0.327,    0.000,    0.000,    0.000,    0.000,    0.006,    0.006,   -0.155,   -0.155,    0.000,    0.000,    0.000,    0.000,   -1.823,   -1.823,   -0.035,   -0.035,    0.006,    0.006,    0.105,    0.105,   -0.002,   -0.002
   50,2020091812,    0.327,    0.327,    0.000,    0.000,    0.000,    0.000,    0.005,    0.005,   -0.154,   -0.154,    0.000,    0.000,    0.000,    0.000,   -1.867,   -1.867,   -0.030,   -0.030,    0.008,    0.008,    0.107,    0.107,   -0.001,   -0.001
   50,2020091806,    0.327,    0.327,    0.000,    0.000,    0.000,    0.000,    0.005,    0.005,   -0.156,   -0.156,    0.000,    0.000,    0.000,    0.000,   -1.855,   -1.855,   -0.032,   -0.032,    0.008,    0.008,    0.106,    0.106,   -0.001,   -0.001
   50,2020091800,    0.327,    0.327,    0.000,    0.000,    0.000,    0.000,    0.005,    0.005,   -0.156,   -0.156,    0.000,    0.000,    0.000,    0.000,   -1.855,   -1.855,   -0.035,   -0.035,    0.008,    0.008,    0.105,    0.105,   -0.002,   -0.002
   50,2020091718,    0.327,    0.327,    0.000,    0.000,    0.000,    0.000,    0.007,    0.007,   -0.156,   -0.156,    0.000,    0.000,    0.000,    0.000,   -1.848,   -1.848,   -0.034,   -0.034,    0.007,    0.007,    0.106,    0.106,   -0.003,   -0.003
   50,2020091712,    0.327,    0.327,    0.000,    0.000,    0.000,    0.000,    0.006,    0.006,   -0.156,   -0.156,    0.000,    0.000,    0.000,    0.000,   -1.854,   -1.854,   -0.037,   -0.037,    0.008,    0.008,    0.104,    0.104,   -0.003,   -0.003
   50,2020091706,    0.326,    0.326,    0.000,    0.000,    0.000,    0.000,    0.005,    0.005,   -0.159,   -0.159,    0.000,    0.000,    0.000,    0.000,   -1.849,   -1.849,   -0.033,   -0.033,    0.005,    0.005,    0.105,    0.105,   -0.005,   -0.005
   50,2020091700,    0.326,    0.326,    0.000,    0.000,    0.000,    0.000,    0.005,    0.005,   -0.159,   -0.159,    0.000,    0.000,    0.000,    0.000,   -1.798,   -1.798,   -0.034,   -0.034,    0.002,    0.002,    0.105,    0.105,   -0.005,   -0.005
   50,2020091618,    0.328,    0.328,    0.000,    0.000,    0.000,    0.000,    0.007,    0.007,   -0.156,   -0.156,    0.000,    0.000,    0.000,    0.000,   -1.793,   -1.793,   -0.032,   -0.032,    0.001,    0.001,    0.107,    0.107,   -0.006,   -0.006
   50,2020091612,    0.327,    0.327,    0.000,    0.000,    0.000,    0.000,    0.006,    0.006,   -0.158,   -0.158,    0.000,    0.000,    0.000,    0.000,   -1.799,   -1.799,   -0.032,   -0.032,    0.003,    0.003,    0.106,    0.106,   -0.004,   -0.004
   50,2020091606,    0.327,    0.327,    0.000,    0.000,    0.000,    0.000,    0.007,    0.007,   -0.159,   -0.159,    0.000,    0.000,    0.000,    0.000,   -1.799,   -1.799,   -0.032,   -0.032,    0.001,    0.001,    0.106,    0.106,   -0.005,   -0.005
   50,2020091600,    0.326,    0.326,    0.000,    0.000,    0.000,    0.000,    0.008,    0.008,   -0.157,   -0.157,    0.000,    0.000,    0.000,    0.000,   -1.777,   -1.777,   -0.033,   -0.033,   -0.002,   -0.002,    0.105,    0.105,   -0.006,   -0.006
   50,2020091518,    0.327,    0.327,    0.000,    0.000,    0.000,    0.000,    0.009,    0.009,   -0.156,   -0.156,    0.000,    0.000,    0.000,    0.000,   -1.777,   -1.777,   -0.031,   -0.031,    0.001,    0.001,    0.106,    0.106,   -0.005,   -0.005
   50,2020091512,    0.326,    0.326,    0.000,    0.000,    0.000,    0.000,    0.008,    0.008,   -0.157,   -0.157,    0.000,    0.000,    0.000,    0.000,   -1.777,   -1.777,   -0.033,   -0.033,    0.000,    0.000,    0.104,    0.104,   -0.005,   -0.005
   50,2020091506,    0.325,    0.325,    0.000,    0.000,    0.000,    0.000,    0.008,    0.008,   -0.157,   -0.157,    0.000,    0.000,    0.000,    0.000,   -1.777,   -1.777,   -0.038,   -0.038,    0.001,    0.001,    0.101,    0.101,   -0.005,   -0.005
   50,2020091500,    0.327,    0.327,    0.000,    0.000,    0.000,    0.000,    0.008,    0.008,   -0.156,   -0.156,    0.000,    0.000,    0.000,    0.000,   -1.777,   -1.777,   -0.036,   -0.036,    0.001,    0.001,    0.103,    0.103,   -0.005,   -0.005
   50,2020091418,    0.327,    0.327,    0.000,    0.000,    0.000,    0.000,    0.009,    0.009,   -0.158,   -0.158,    0.000,    0.000,    0.000,    0.000,   -1.790,   -1.790,   -0.033,   -0.033,    0.000,    0.000,    0.104,    0.104,   -0.005,   -0.005
   50,2020091412,    0.326,    0.326,    0.000,    0.000,    0.000,    0.000,    0.008,    0.008,   -0.159,   -0.159,    0.000,    0.000,    0.000,    0.000,   -1.790,   -1.790,   -0.034,   -0.034,    0.006,    0.006,    0.103,    0.103,   -0.002,   -0.002
   50,2020091406,    0.327,    0.327,    0.000,    0.000,    0.000,    0.000,    0.009,    0.009,   -0.160,   -0.160,    0.000,    0.000,    0.000,    0.000,   -1.790,   -1.790,   -0.030,   -0.030,    0.004,    0.004,    0.106,    0.106,   -0.003,   -0.003
   50,2020091400,    0.328,    0.328,    0.000,    0.000,    0.000,    0.000,    0.008,    0.008,   -0.160,   -0.160,    0.000,    0.000,    0.000,    0.000,   -1.790,   -1.790,   -0.029,   -0.029,    0.001,    0.001,    0.106,    0.106,   -0.004,   -0.004
   50,2020091318,    0.327,    0.327,    0.000,    0.000,    0.000,    0.000,    0.008,    0.008,   -0.159,   -0.159,    0.000,    0.000,    0.000,    0.000,   -1.816,   -1.816,   -0.033,   -0.033,    0.002,    0.002,    0.103,    0.103,   -0.004,   -0.004
   50,2020091312,    0.327,    0.327,    0.000,    0.000,    0.000,    0.000,    0.010,    0.010,   -0.159,   -0.159,    0.000,    0.000,    0.000,    0.000,   -1.811,   -1.811,   -0.030,   -0.030,    0.006,    0.006,    0.105,    0.105,   -0.001,   -0.001
   50,2020091306,    0.328,    0.328,    0.000,    0.000,    0.000,    0.000,    0.010,    0.010,   -0.157,   -0.157,    0.000,    0.000,    0.000,    0.000,   -1.811,   -1.811,   -0.033,   -0.033,    0.004,    0.004,    0.104,    0.104,   -0.003,   -0.003
   50,2020091300,    0.328,    0.328,    0.000,    0.000,    0.000,    0.000,    0.011,    0.011,   -0.159,   -0.159,    0.000,    0.000,    0.000,    0.000,   -1.830,   -1.830,   -0.035,   -0.035,    0.002,    0.002,    0.103,    0.103,   -0.004,   -0.004
   50,2020091218,    0.327,    0.327,    0.000,    0.000,    0.000,    0.000,    0.010,    0.010,   -0.161,   -0.161,    0.000,    0.000,    0.000,    0.000,   -1.830,   -1.830,   -0.034,   -0.034,    0.004,    0.004,    0.102,    0.102,   -0.004,   -0.004
   50,2020091212,    0.328,    0.328,    0.000,    0.000,    0.000,    0.000,    0.011,    0.011,   -0.161,   -0.161,    0.000,    0.000,    0.000,    0.000,   -1.809,   -1.809,   -0.032,   -0.032,    0.006,    0.006,    0.104,    0.104,   -0.003,   -0.003
   50,2020091206,    0.327,    0.327,    0.000,    0.000,    0.000,    0.000,    0.011,    0.011,   -0.161,   -0.161,    0.000,    0.000,    0.000,    0.000,   -1.836,   -1.836,   -0.035,   -0.035,    0.005,    0.005,    0.102,    0.102,   -0.002,   -0.002
   50,2020091200,    0.327,    0.327,    0.000,    0.000,    0.000,    0.000,    0.011,    0.011,   -0.160,   -0.160,    0.000,    0.000,    0.000,    0.000,   -1.826,   -1.826,   -0.031,   -0.031,    0.001,    0.001,    0.104,    0.104,   -0.005,   -0.005
   50,2020091118,    0.327,    0.327,    0.000,    0.000,    0.000,    0.000,    0.011,    0.011,   -0.161,   -0.161,    0.000,    0.000,    0.000,    0.000,   -1.826,   -1.826,   -0.037,   -0.037,    0.002,    0.002,    0.103,    0.103,   -0.005,   -0.005
   50,2020091112,    0.326,    0.326,    0.000,    0.000,    0.000,    0.000,    0.011,    0.011,   -0.160,   -0.160,    0.000,    0.000,    0.000,    0.000,   -1.881,   -1.881,   -0.041,   -0.041,    0.003,    0.003,    0.101,    0.101,   -0.004,   -0.004
   50,2020091106,    0.325,    0.325,    0.000,    0.000,    0.000,    0.000,    0.011,    0.011,   -0.159,   -0.159,    0.000,    0.000,    0.000,    0.000,   -1.903,   -1.903,   -0.042,   -0.042,   -0.001,   -0.001,    0.100,    0.100,   -0.006,   -0.006
   50,2020091100,    0.326,    0.326,    0.000,    0.000,    0.000,    0.000,    0.011,    0.011,   -0.161,   -0.161,    0.000,    0.000,    0.000,    0.000,   -1.834,   -1.834,   -0.037,   -0.037,    0.001,    0.001,    0.101,    0.101,   -0.004,   -0.004
   50,2020091018,    0.325,    0.325,    0.000,    0.000,    0.000,    0.000,    0.011,    0.011,   -0.162,   -0.162,    0.000,    0.000,    0.000,    0.000,   -1.834,   -1.834,   -0.039,   -0.039,    0.007,    0.007,    0.100,    0.100,   -0.003,   -0.003
   50,2020091012,    0.326,    0.326,    0.000,    0.000,    0.000,    0.000,    0.011,    0.011,   -0.162,   -0.162,    0.000,    0.000,    0.000,    0.000,   -1.837,   -1.837,   -0.033,   -0.033,    0.006,    0.006,    0.102,    0.102,   -0.003,   -0.003
   50,2020091006,    0.325,    0.325,    0.000,    0.000,    0.000,    0.000,    0.012,    0.012,   -0.161,   -0.161,    0.000,    0.000,    0.000,    0.000,   -1.815,   -1.815,   -0.029,   -0.029,    0.006,    0.006,    0.103,    0.103,   -0.003,   -0.003
   50,2020091000,    0.327,    0.327,    0.000,    0.000,    0.000,    0.000,    0.014,    0.014,   -0.160,   -0.160,    0.000,    0.000,    0.000,    0.000,   -1.786,   -1.786,   -0.027,   -0.027,    0.006,    0.006,    0.105,    0.105,   -0.003,   -0.003
   50,2020090918,    0.326,    0.326,    0.000,    0.000,    0.000,    0.000,    0.014,    0.014,   -0.161,   -0.161,    0.000,    0.000,    0.000,    0.000,   -1.786,   -1.786,   -0.026,   -0.026,    0.007,    0.007,    0.105,    0.105,   -0.002,   -0.002
   50,2020090912,    0.326,    0.326,    0.000,    0.000,    0.000,    0.000,    0.015,    0.015,   -0.159,   -0.159,    0.000,    0.000,    0.000,    0.000,   -1.783,   -1.783,   -0.028,   -0.028,    0.005,    0.005,    0.103,    0.103,   -0.004,   -0.004
   50,2020090906,    0.326,    0.326,    0.000,    0.000,    0.000,    0.000,    0.015,    0.015,   -0.157,   -0.157,    0.000,    0.000,    0.000,    0.000,   -1.815,   -1.815,   -0.032,   -0.032,    0.002,    0.002,    0.101,    0.101,   -0.005,   -0.005
   50,2020090900,    0.326,    0.326,    0.000,    0.000,    0.000,    0.000,    0.014,    0.014,   -0.156,   -0.156,    0.000,    0.000,    0.000,    0.000,   -1.802,   -1.802,   -0.033,   -0.033,   -0.001,   -0.001,    0.100,    0.100,   -0.005,   -0.005
   50,2020090818,    0.323,    0.323,    0.000,    0.000,    0.000,    0.000,    0.013,    0.013,   -0.157,   -0.157,    0.000,    0.000,    0.000,    0.000,   -1.828,   -1.828,   -0.040,   -0.040,   -0.004,   -0.004,    0.097,    0.097,   -0.007,   -0.007
   50,2020090812,    0.324,    0.324,    0.000,    0.000,    0.000,    0.000,    0.016,    0.016,   -0.156,   -0.156,    0.000,    0.000,    0.000,    0.000,   -1.829,   -1.829,   -0.039,   -0.039,   -0.002,   -0.002,    0.098,    0.098,   -0.006,   -0.006
   50,2020090806,    0.324,    0.324,    0.000,    0.000,    0.000,    0.000,    0.016,    0.016,   -0.156,   -0.156,    0.000,    0.000,    0.000,    0.000,   -1.829,   -1.829,   -0.035,   -0.035,   -0.001,   -0.001,    0.099,    0.099,   -0.006,   -0.006
   50,2020090800,    0.325,    0.325,    0.000,    0.000,    0.000,    0.000,    0.017,    0.017,   -0.156,   -0.156,    0.000,    0.000,    0.000,    0.000,   -1.846,   -1.846,   -0.032,   -0.032,   -0.004,   -0.004,    0.101,    0.101,   -0.007,   -0.007
   50,2020090718,    0.325,    0.325,    0.000,    0.000,    0.000,    0.000,    0.017,    0.017,   -0.157,   -0.157,    0.000,    0.000,    0.000,    0.000,   -1.853,   -1.853,   -0.034,   -0.034,   -0.005,   -0.005,    0.100,    0.100,   -0.008,   -0.008
   50,2020090712,    0.325,    0.325,    0.000,    0.000,    0.000,    0.000,    0.018,    0.018,   -0.156,   -0.156,    0.000,    0.000,    0.000,    0.000,   -1.853,   -1.853,   -0.035,   -0.035,   -0.004,   -0.004,    0.100,    0.100,   -0.007,   -0.007
   50,2020090706,    0.323,    0.323,    0.000,    0.000,    0.000,    0.000,    0.018,    0.018,   -0.155,   -0.155,    0.000,    0.000,    0.000,    0.000,   -1.854,   -1.854,   -0.035,   -0.035,   -0.003,   -0.003,    0.099,    0.099,   -0.008,   -0.008
   50,2020090700,    0.324,    0.324,    0.000,    0.000,    0.000,    0.000,    0.018,    0.018,   -0.155,   -0.155,    0.000,    0.000,    0.000,    0.000,   -1.842,   -1.842,   -0.033,   -0.033,   -0.003,   -0.003,    0.100,    0.100,   -0.007,   -0.007
   50,2020090618,    0.323,    0.323,    0.000,    0.000,    0.000,    0.000,    0.017,    0.017,   -0.158,   -0.158,    0.000,    0.000,    0.000,    0.000,   -1.874,   -1.874,   -0.035,   -0.035,   -0.002,   -0.002,    0.098,    0.098,   -0.007,   -0.007
   50,2020090612,    0.323,    0.323,    0.000,    0.000,    0.000,    0.000,    0.020,    0.020,   -0.157,   -0.157,    0.000,    0.000,    0.000,    0.000,   -1.874,   -1.874,   -0.033,   -0.033,   -0.001,   -0.001,    0.099,    0.099,   -0.006,   -0.006
   50,2020090606,    0.324,    0.324,    0.000,    0.000,    0.000,    0.000,    0.021,    0.021,   -0.155,   -0.155,    0.000,    0.000,    0.000,    0.000,   -1.856,   -1.856,   -0.030,   -0.030,   -0.002,   -0.002,    0.100,    0.100,   -0.007,   -0.007
   50,2020090600,    0.323,    0.323,    0.000,    0.000,    0.000,    0.000,    0.021,    0.021,   -0.156,   -0.156,    0.000,    0.000,    0.000,    0.000,   -1.790,   -1.790,   -0.028,   -0.028,   -0.002,   -0.002,    0.101,    0.101,   -0.006,   -0.006
   50,2020090518,    0.323,    0.323,    0.000,    0.000,    0.000,    0.000,    0.021,    0.021,   -0.157,   -0.157,    0.000,    0.000,    0.000,    0.000,   -1.800,   -1.800,   -0.028,   -0.028,   -0.002,   -0.002,    0.101,    0.101,   -0.006,   -0.006
   50,2020090512,    0.322,    0.322,    0.000,    0.000,    0.000,    0.000,    0.021,    0.021,   -0.156,   -0.156,    0.000,    0.000,    0.000,    0.000,   -1.780,   -1.780,   -0.029,   -0.029,   -0.001,   -0.001,    0.100,    0.100,   -0.007,   -0.007
   50,2020090506,    0.322,    0.322,    0.000,    0.000,    0.000,    0.000,    0.022,    0.022,   -0.155,   -0.155,    0.000,    0.000,    0.000,    0.000,   -1.780,   -1.780,   -0.026,   -0.026,   -0.004,   -0.004,    0.100,    0.100,   -0.008,   -0.008
   50,2020090500,    0.321,    0.321,    0.000,    0.000,    0.000,    0.000,    0.023,    0.023,   -0.156,   -0.156,    0.000,    0.000,    0.000,    0.000,   -1.752,   -1.752,   -0.027,   -0.027,   -0.005,   -0.005,    0.100,    0.100,   -0.009,   -0.009
   50,2020090418,    0.323,    0.323,    0.000,    0.000,    0.000,    0.000,    0.024,    0.024,   -0.156,   -0.156,    0.000,    0.000,    0.000,    0.000,   -1.752,   -1.752,   -0.023,   -0.023,   -0.007,   -0.007,    0.102,    0.102,   -0.009,   -0.009
   50,2020090412,    0.322,    0.322,    0.000,    0.000,    0.000,    0.000,    0.023,    0.023,   -0.157,   -0.157,    0.000,    0.000,    0.000,    0.000,   -1.752,   -1.752,   -0.020,   -0.020,   -0.001,   -0.001,    0.103,    0.103,   -0.005,   -0.005
   50,2020090406,    0.322,    0.322,    0.000,    0.000,    0.000,    0.000,    0.023,    0.023,   -0.155,   -0.155,    0.000,    0.000,    0.000,    0.000,   -1.762,   -1.762,   -0.022,   -0.022,   -0.004,   -0.004,    0.102,    0.102,   -0.006,   -0.006
   50,2020090400,    0.320,    0.320,    0.000,    0.000,    0.000,    0.000,    0.023,    0.023,   -0.155,   -0.155,    0.000,    0.000,    0.000,    0.000,   -1.762,   -1.762,   -0.029,   -0.029,   -0.004,   -0.004,    0.099,    0.099,   -0.006,   -0.006
   50,2020090318,    0.321,    0.321,    0.000,    0.000,    0.000,    0.000,    0.024,    0.024,   -0.157,   -0.157,    0.000,    0.000,    0.000,    0.000,   -1.731,   -1.731,   -0.029,   -0.029,   -0.002,   -0.002,    0.098,    0.098,   -0.004,   -0.004
   50,2020090312,    0.322,    0.322,    0.000,    0.000,    0.000,    0.000,    0.024,    0.024,   -0.156,   -0.156,    0.000,    0.000,    0.000,    0.000,   -1.729,   -1.729,   -0.028,   -0.028,   -0.000,   -0.000,    0.099,    0.099,   -0.003,   -0.003
   50,2020090306,    0.320,    0.320,    0.000,    0.000,    0.000,    0.000,    0.023,    0.023,   -0.155,   -0.155,    0.000,    0.000,    0.000,    0.000,   -1.729,   -1.729,   -0.031,   -0.031,   -0.006,   -0.006,    0.097,    0.097,   -0.006,   -0.006
   50,2020090300,    0.320,    0.320,    0.000,    0.000,    0.000,    0.000,    0.022,    0.022,   -0.156,   -0.156,    0.000,    0.000,    0.000,    0.000,   -1.760,   -1.760,   -0.030,   -0.030,   -0.008,   -0.008,    0.097,    0.097,   -0.008,   -0.008
   50,2020090218,    0.321,    0.321,    0.000,    0.000,    0.000,    0.000,    0.021,    0.021,   -0.156,   -0.156,    0.000,    0.000,    0.000,    0.000,   -1.760,   -1.760,   -0.033,   -0.033,   -0.008,   -0.008,    0.096,    0.096,   -0.007,   -0.007
   50,2020090212,    0.321,    0.321,    0.000,    0.000,    0.000,    0.000,    0.021,    0.021,   -0.154,   -0.154,    0.000,    0.000,    0.000,    0.000,   -1.742,   -1.742,   -0.031,   -0.031,   -0.004,   -0.004,    0.096,    0.096,   -0.006,   -0.006
   50,2020090206,    0.323,    0.323,    0.000,    0.000,    0.000,    0.000,    0.022,    0.022,   -0.156,   -0.156,    0.000,    0.000,    0.000,    0.000,   -1.742,   -1.742,   -0.028,   -0.028,   -0.005,   -0.005,    0.099,    0.099,   -0.006,   -0.006
   50,2020090200,    0.323,    0.323,    0.000,    0.000,    0.000,    0.000,    0.021,    0.021,   -0.157,   -0.157,    0.000,    0.000,    0.000,    0.000,   -1.782,   -1.782,   -0.031,   -0.031,   -0.003,   -0.003,    0.097,    0.097,   -0.005,   -0.005
   50,2020090118,    0.322,    0.322,    0.000,    0.000,    0.000,    0.000,    0.021,    0.021,   -0.157,   -0.157,    0.000,    0.000,    0.000,    0.000,   -1.683,   -1.683,   -0.027,   -0.027,   -0.002,   -0.002,    0.098,    0.098,   -0.004,   -0.004
   50,2020090112,    0.322,    0.322,    0.000,    0.000,    0.000,    0.000,    0.021,    0.021,   -0.158,   -0.158,    0.000,    0.000,    0.000,    0.000,   -1.683,   -1.683,   -0.027,   -0.027,   -0.003,   -0.003,    0.098,    0.098,   -0.005,   -0.005
   50,2020090106,    0.323,    0.323,    0.000,    0.000,    0.000,    0.000,    0.020,    0.020,   -0.157,   -0.157,    0.000,    0.000,    0.000,    0.000,   -1.683,   -1.683,   -0.029,   -0.029,   -0.005,   -0.005,    0.097,    0.097,   -0.006,   -0.006
   50,2020090100,    0.323,    0.323,    0.000,    0.000,    0.000,    0.000,    0.020,    0.020,   -0.157,   -0.157,    0.000,    0.000,    0.000,    0.000,   -1.683,   -1.683,   -0.027,   -0.027,   -0.009,   -0.009,    0.098,    0.098,   -0.007,   -0.007
   50,2020083118,    0.325,    0.325,    0.000,    0.000,    0.000,    0.000,    0.021,    0.021,   -0.157,   -0.157,    0.000,    0.000,    0.000,    0.000,   -1.683,   -1.683,   -0.020,   -0.020,   -0.009,   -0.009,    0.102,    0.102,   -0.007,   -0.007
   50,2020083112,    0.324,    0.324,    0.000,    0.000,    0.000,    0.000,    0.021,    0.021,   -0.158,   -0.158,    0.000,    0.000,    0.000,    0.000,   -1.702,   -1.702,   -0.021,   -0.021,   -0.007,   -0.007,    0.101,    0.101,   -0.006,   -0.006
   50,2020083106,    0.325,    0.325,    0.000,    0.000,    0.000,    0.000,    0.023,    0.023,   -0.156,   -0.156,    0.000,    0.000,    0.000,    0.000,   -1.709,   -1.709,   -0.023,   -0.023,   -0.007,   -0.007,    0.101,    0.101,   -0.005,   -0.005
   50,2020083100,    0.327,    0.327,    0.000,    0.000,    0.000,    0.000,    0.024,    0.024,   -0.155,   -0.155,    0.000,    0.000,    0.000,    0.000,   -1.709,   -1.709,   -0.019,   -0.019,   -0.009,   -0.009,    0.103,    0.103,   -0.006,   -0.006
   50,2020083018,    0.327,    0.327,    0.000,    0.000,    0.000,    0.000,    0.024,    0.024,   -0.155,   -0.155,    0.000,    0.000,    0.000,    0.000,   -1.704,   -1.704,   -0.018,   -0.018,   -0.009,   -0.009,    0.103,    0.103,   -0.006,   -0.006
   50,2020083012,    0.327,    0.327,    0.000,    0.000,    0.000,    0.000,    0.024,    0.024,   -0.156,   -0.156,    0.000,    0.000,    0.000,    0.000,   -1.704,   -1.704,   -0.019,   -0.019,   -0.009,   -0.009,    0.103,    0.103,   -0.006,   -0.006
   50,2020083006,    0.326,    0.326,    0.000,    0.000,    0.000,    0.000,    0.024,    0.024,   -0.154,   -0.154,    0.000,    0.000,    0.000,    0.000,   -1.713,   -1.713,   -0.019,   -0.019,   -0.010,   -0.010,    0.102,    0.102,   -0.006,   -0.006
   50,2020083000,    0.328,    0.328,    0.000,    0.000,    0.000,    0.000,    0.024,    0.024,   -0.154,   -0.154,    0.000,    0.000,    0.000,    0.000,   -1.725,   -1.725,   -0.015,   -0.015,   -0.007,   -0.007,    0.105,    0.105,   -0.005,   -0.005
