 8055,2020092000,    0.052,    0.052,    0.000,    0.000,    0.000,    0.000,    6.272,    6.272,   -0.217,   -0.217,    0.000,    0.000,    0.000,    0.000,   -0.009,   -0.009,   -0.842,   -0.842,    0.092,    0.092,    0.215,    0.215,   -0.009,   -0.009
 8055,2020091918,    0.056,    0.056,    0.000,    0.000,    0.000,    0.000,    6.632,    6.632,   -0.445,   -0.445,    0.000,    0.000,    0.000,    0.000,   -0.005,   -0.005,   -0.836,   -0.836,    0.127,    0.127,    0.224,    0.224,    0.004,    0.004
 8055,2020091912,    0.056,    0.056,    0.000,    0.000,    0.000,    0.000,    6.779,    6.779,   -0.494,   -0.494,    0.000,    0.000,    0.000,    0.000,   -0.004,   -0.004,   -0.852,   -0.852,    0.131,    0.131,    0.220,    0.220,    0.010,    0.010
 8055,2020091906,    0.059,    0.059,    0.000,    0.000,    0.000,    0.000,    7.828,    7.828,   -0.431,   -0.431,    0.000,    0.000,    0.000,    0.000,   -0.004,   -0.004,   -0.836,   -0.836,    0.173,    0.173,    0.229,    0.229,    0.027,    0.027
 8055,2020091900,    0.053,    0.053,    0.000,    0.000,    0.000,    0.000,    7.625,    7.625,   -0.481,   -0.481,    0.000,    0.000,    0.000,    0.000,   -0.009,   -0.009,   -0.849,   -0.849,    0.127,    0.127,    0.218,    0.218,    0.001,    0.001
 8055,2020091818,    0.054,    0.054,    0.000,    0.000,    0.000,    0.000,    7.427,    7.427,   -0.532,   -0.532,    0.000,    0.000,    0.000,    0.000,   -0.008,   -0.008,   -0.829,   -0.829,    0.161,    0.161,    0.228,    0.228,    0.018,    0.018
 8055,2020091812,    0.055,    0.055,    0.000,    0.000,    0.000,    0.000,    6.971,    6.971,   -0.587,   -0.587,    0.000,    0.000,    0.000,    0.000,   -0.007,   -0.007,   -0.858,   -0.858,    0.164,    0.164,    0.217,    0.217,    0.019,    0.019
 8055,2020091806,    0.057,    0.057,    0.000,    0.000,    0.000,    0.000,    7.863,    7.863,   -0.544,   -0.544,    0.000,    0.000,    0.000,    0.000,   -0.007,   -0.007,   -0.897,   -0.897,    0.161,    0.161,    0.204,    0.204,    0.021,    0.021
 8055,2020091800,    0.057,    0.057,    0.000,    0.000,    0.000,    0.000,    7.950,    7.950,   -0.745,   -0.745,    0.000,    0.000,    0.000,    0.000,   -0.009,   -0.009,   -0.900,   -0.900,    0.133,    0.133,    0.208,    0.208,    0.005,    0.005
 8055,2020091718,    0.058,    0.058,    0.000,    0.000,    0.000,    0.000,    8.078,    8.078,   -0.748,   -0.748,    0.000,    0.000,    0.000,    0.000,   -0.006,   -0.006,   -0.873,   -0.873,    0.164,    0.164,    0.220,    0.220,    0.013,    0.013
 8055,2020091712,    0.058,    0.058,    0.000,    0.000,    0.000,    0.000,    8.016,    8.016,   -0.799,   -0.799,    0.000,    0.000,    0.000,    0.000,   -0.004,   -0.004,   -0.868,   -0.868,    0.127,    0.127,    0.229,    0.229,   -0.003,   -0.003
 8055,2020091706,    0.058,    0.058,    0.000,    0.000,    0.000,    0.000,    7.908,    7.908,   -0.704,   -0.704,    0.000,    0.000,    0.000,    0.000,   -0.004,   -0.004,   -0.862,   -0.862,    0.114,    0.114,    0.235,    0.235,   -0.004,   -0.004
 8055,2020091700,    0.058,    0.058,    0.000,    0.000,    0.000,    0.000,    7.863,    7.863,   -0.632,   -0.632,    0.000,    0.000,    0.000,    0.000,   -0.007,   -0.007,   -0.858,   -0.858,    0.067,    0.067,    0.240,    0.240,   -0.021,   -0.021
 8055,2020091618,    0.052,    0.052,    0.000,    0.000,    0.000,    0.000,    7.161,    7.161,   -0.624,   -0.624,    0.000,    0.000,    0.000,    0.000,   -0.006,   -0.006,   -0.868,   -0.868,    0.091,    0.091,    0.233,    0.233,   -0.004,   -0.004
 8055,2020091612,    0.050,    0.050,    0.000,    0.000,    0.000,    0.000,    6.455,    6.455,   -0.636,   -0.636,    0.000,    0.000,    0.000,    0.000,   -0.007,   -0.007,   -0.868,   -0.868,    0.082,    0.082,    0.232,    0.232,   -0.008,   -0.008
 8055,2020091606,    0.055,    0.055,    0.000,    0.000,    0.000,    0.000,    6.781,    6.781,   -0.545,   -0.545,    0.000,    0.000,    0.000,    0.000,   -0.006,   -0.006,   -0.823,   -0.823,    0.061,    0.061,    0.253,    0.253,   -0.019,   -0.019
 8055,2020091600,    0.057,    0.057,    0.000,    0.000,    0.000,    0.000,    6.134,    6.134,   -0.531,   -0.531,    0.000,    0.000,    0.000,    0.000,   -0.007,   -0.007,   -0.816,   -0.816,   -0.004,   -0.004,    0.255,    0.255,   -0.043,   -0.043
 8055,2020091518,    0.061,    0.061,    0.000,    0.000,    0.000,    0.000,    6.067,    6.067,   -0.567,   -0.567,    0.000,    0.000,    0.000,    0.000,   -0.006,   -0.006,   -0.800,   -0.800,    0.050,    0.050,    0.263,    0.263,   -0.021,   -0.021
 8055,2020091512,    0.054,    0.054,    0.000,    0.000,    0.000,    0.000,    5.862,    5.862,   -0.545,   -0.545,    0.000,    0.000,    0.000,    0.000,   -0.007,   -0.007,   -0.832,   -0.832,    0.043,    0.043,    0.246,    0.246,   -0.023,   -0.023
 8055,2020091506,    0.057,    0.057,    0.000,    0.000,    0.000,    0.000,    5.696,    5.696,   -0.489,   -0.489,    0.000,    0.000,    0.000,    0.000,   -0.006,   -0.006,   -0.848,   -0.848,    0.068,    0.068,    0.246,    0.246,   -0.011,   -0.011
 8055,2020091500,    0.056,    0.056,    0.000,    0.000,    0.000,    0.000,    5.533,    5.533,   -0.447,   -0.447,    0.000,    0.000,    0.000,    0.000,   -0.009,   -0.009,   -0.874,   -0.874,    0.001,    0.001,    0.238,    0.238,   -0.041,   -0.041
 8055,2020091418,    0.062,    0.062,    0.000,    0.000,    0.000,    0.000,    5.526,    5.526,   -0.388,   -0.388,    0.000,    0.000,    0.000,    0.000,   -0.007,   -0.007,   -0.879,   -0.879,    0.024,    0.024,    0.242,    0.242,   -0.030,   -0.030
 8055,2020091412,    0.057,    0.057,    0.000,    0.000,    0.000,    0.000,    5.499,    5.499,   -0.314,   -0.314,    0.000,    0.000,    0.000,    0.000,   -0.007,   -0.007,   -0.945,   -0.945,    0.047,    0.047,    0.212,    0.212,   -0.018,   -0.018
 8055,2020091406,    0.053,    0.053,    0.000,    0.000,    0.000,    0.000,    5.338,    5.338,   -0.174,   -0.174,    0.000,    0.000,    0.000,    0.000,   -0.008,   -0.008,   -0.960,   -0.960,    0.072,    0.072,    0.204,    0.204,   -0.007,   -0.007
 8055,2020091400,    0.053,    0.053,    0.000,    0.000,    0.000,    0.000,    4.968,    4.968,   -0.180,   -0.180,    0.000,    0.000,    0.000,    0.000,   -0.009,   -0.009,   -0.951,   -0.951,    0.027,    0.027,    0.209,    0.209,   -0.021,   -0.021
 8055,2020091318,    0.054,    0.054,    0.000,    0.000,    0.000,    0.000,    4.577,    4.577,   -0.268,   -0.268,    0.000,    0.000,    0.000,    0.000,   -0.008,   -0.008,   -0.940,   -0.940,    0.065,    0.065,    0.214,    0.214,   -0.005,   -0.005
 8055,2020091312,    0.052,    0.052,    0.000,    0.000,    0.000,    0.000,    4.925,    4.925,   -0.247,   -0.247,    0.000,    0.000,    0.000,    0.000,   -0.008,   -0.008,   -0.919,   -0.919,    0.074,    0.074,    0.217,    0.217,    0.000,    0.000
 8055,2020091306,    0.049,    0.049,    0.000,    0.000,    0.000,    0.000,    5.652,    5.652,   -0.093,   -0.093,    0.000,    0.000,    0.000,    0.000,   -0.008,   -0.008,   -0.937,   -0.937,    0.099,    0.099,    0.211,    0.211,    0.011,    0.011
 8055,2020091300,    0.048,    0.048,    0.000,    0.000,    0.000,    0.000,    6.260,    6.260,   -0.197,   -0.197,    0.000,    0.000,    0.000,    0.000,   -0.008,   -0.008,   -0.947,   -0.947,    0.080,    0.080,    0.205,    0.205,    0.007,    0.007
 8055,2020091218,    0.051,    0.051,    0.000,    0.000,    0.000,    0.000,    6.308,    6.308,   -0.273,   -0.273,    0.000,    0.000,    0.000,    0.000,   -0.007,   -0.007,   -0.927,   -0.927,    0.087,    0.087,    0.219,    0.219,    0.014,    0.014
 8055,2020091212,    0.037,    0.037,    0.000,    0.000,    0.000,    0.000,    6.237,    6.237,   -0.174,   -0.174,    0.000,    0.000,    0.000,    0.000,   -0.009,   -0.009,   -0.990,   -0.990,    0.061,    0.061,    0.188,    0.188,    0.008,    0.008
 8055,2020091206,    0.047,    0.047,    0.000,    0.000,    0.000,    0.000,    7.323,    7.323,   -0.187,   -0.187,    0.000,    0.000,    0.000,    0.000,   -0.007,   -0.007,   -0.957,   -0.957,    0.041,    0.041,    0.207,    0.207,    0.002,    0.002
 8055,2020091200,    0.047,    0.047,    0.000,    0.000,    0.000,    0.000,    6.882,    6.882,   -0.265,   -0.265,    0.000,    0.000,    0.000,    0.000,   -0.007,   -0.007,   -0.947,   -0.947,    0.020,    0.020,    0.216,    0.216,   -0.009,   -0.009
 8055,2020091118,    0.052,    0.052,    0.000,    0.000,    0.000,    0.000,    7.248,    7.248,   -0.255,   -0.255,    0.000,    0.000,    0.000,    0.000,   -0.006,   -0.006,   -0.897,   -0.897,    0.019,    0.019,    0.241,    0.241,   -0.005,   -0.005
 8055,2020091112,    0.038,    0.038,    0.000,    0.000,    0.000,    0.000,    6.696,    6.696,   -0.290,   -0.290,    0.000,    0.000,    0.000,    0.000,   -0.010,   -0.010,   -0.989,   -0.989,    0.040,    0.040,    0.198,    0.198,    0.003,    0.003
 8055,2020091106,    0.045,    0.045,    0.000,    0.000,    0.000,    0.000,    7.139,    7.139,   -0.379,   -0.379,    0.000,    0.000,    0.000,    0.000,   -0.008,   -0.008,   -0.931,   -0.931,    0.069,    0.069,    0.223,    0.223,    0.013,    0.013
 8055,2020091100,    0.048,    0.048,    0.000,    0.000,    0.000,    0.000,    7.216,    7.216,   -0.499,   -0.499,    0.000,    0.000,    0.000,    0.000,   -0.008,   -0.008,   -0.939,   -0.939,    0.029,    0.029,    0.223,    0.223,   -0.003,   -0.003
 8055,2020091018,    0.048,    0.048,    0.000,    0.000,    0.000,    0.000,    7.169,    7.169,   -0.530,   -0.530,    0.000,    0.000,    0.000,    0.000,   -0.006,   -0.006,   -0.909,   -0.909,    0.072,    0.072,    0.234,    0.234,    0.015,    0.015
 8055,2020091012,    0.038,    0.038,    0.000,    0.000,    0.000,    0.000,    6.954,    6.954,   -0.471,   -0.471,    0.000,    0.000,    0.000,    0.000,   -0.007,   -0.007,   -0.949,   -0.949,    0.101,    0.101,    0.212,    0.212,    0.027,    0.027
 8055,2020091006,    0.041,    0.041,    0.000,    0.000,    0.000,    0.000,    7.001,    7.001,   -0.380,   -0.380,    0.000,    0.000,    0.000,    0.000,   -0.007,   -0.007,   -0.952,   -0.952,    0.115,    0.115,    0.213,    0.213,    0.030,    0.030
 8055,2020091000,    0.053,    0.053,    0.000,    0.000,    0.000,    0.000,    7.702,    7.702,   -0.415,   -0.415,    0.000,    0.000,    0.000,    0.000,   -0.007,   -0.007,   -0.911,   -0.911,    0.049,    0.049,    0.236,    0.236,    0.001,    0.001
 8055,2020090918,    0.055,    0.055,    0.000,    0.000,    0.000,    0.000,    7.300,    7.300,   -0.533,   -0.533,    0.000,    0.000,    0.000,    0.000,   -0.006,   -0.006,   -0.977,   -0.977,    0.068,    0.068,    0.218,    0.218,    0.011,    0.011
 8055,2020090912,    0.052,    0.052,    0.000,    0.000,    0.000,    0.000,    6.866,    6.866,   -0.392,   -0.392,    0.000,    0.000,    0.000,    0.000,   -0.007,   -0.007,   -0.988,   -0.988,    0.076,    0.076,    0.216,    0.216,    0.019,    0.019
 8055,2020090906,    0.055,    0.055,    0.000,    0.000,    0.000,    0.000,    7.365,    7.365,   -0.306,   -0.306,    0.000,    0.000,    0.000,    0.000,   -0.007,   -0.007,   -0.967,   -0.967,    0.094,    0.094,    0.224,    0.224,    0.025,    0.025
 8055,2020090900,    0.057,    0.057,    0.000,    0.000,    0.000,    0.000,    7.344,    7.344,   -0.266,   -0.266,    0.000,    0.000,    0.000,    0.000,   -0.008,   -0.008,   -0.981,   -0.981,    0.068,    0.068,    0.221,    0.221,    0.013,    0.013
 8055,2020090818,    0.057,    0.057,    0.000,    0.000,    0.000,    0.000,    7.381,    7.381,   -0.300,   -0.300,    0.000,    0.000,    0.000,    0.000,   -0.006,   -0.006,   -0.995,   -0.995,    0.065,    0.065,    0.217,    0.217,    0.010,    0.010
 8055,2020090812,    0.054,    0.054,    0.000,    0.000,    0.000,    0.000,    7.740,    7.740,   -0.365,   -0.365,    0.000,    0.000,    0.000,    0.000,   -0.006,   -0.006,   -0.978,   -0.978,    0.119,    0.119,    0.224,    0.224,    0.035,    0.035
 8055,2020090806,    0.055,    0.055,    0.000,    0.000,    0.000,    0.000,    8.212,    8.212,   -0.299,   -0.299,    0.000,    0.000,    0.000,    0.000,   -0.005,   -0.005,   -0.950,   -0.950,    0.128,    0.128,    0.238,    0.238,    0.042,    0.042
 8055,2020090800,    0.057,    0.057,    0.000,    0.000,    0.000,    0.000,    8.299,    8.299,   -0.334,   -0.334,    0.000,    0.000,    0.000,    0.000,   -0.008,   -0.008,   -0.997,   -0.997,    0.111,    0.111,    0.227,    0.227,    0.037,    0.037
 8055,2020090718,    0.059,    0.059,    0.000,    0.000,    0.000,    0.000,    7.980,    7.980,   -0.431,   -0.431,    0.000,    0.000,    0.000,    0.000,   -0.006,   -0.006,   -0.995,   -0.995,    0.095,    0.095,    0.226,    0.226,    0.033,    0.033
 8055,2020090712,    0.048,    0.048,    0.000,    0.000,    0.000,    0.000,    7.834,    7.834,   -0.427,   -0.427,    0.000,    0.000,    0.000,    0.000,   -0.008,   -0.008,   -1.038,   -1.038,    0.073,    0.073,    0.200,    0.200,    0.026,    0.026
 8055,2020090706,    0.053,    0.053,    0.000,    0.000,    0.000,    0.000,    8.635,    8.635,   -0.461,   -0.461,    0.000,    0.000,    0.000,    0.000,   -0.007,   -0.007,   -1.016,   -1.016,    0.061,    0.061,    0.213,    0.213,    0.021,    0.021
 8055,2020090700,    0.056,    0.056,    0.000,    0.000,    0.000,    0.000,    9.073,    9.073,   -0.465,   -0.465,    0.000,    0.000,    0.000,    0.000,   -0.007,   -0.007,   -0.994,   -0.994,    0.016,    0.016,    0.225,    0.225,    0.004,    0.004
 8055,2020090618,    0.058,    0.058,    0.000,    0.000,    0.000,    0.000,    8.990,    8.990,   -0.276,   -0.276,    0.000,    0.000,    0.000,    0.000,   -0.007,   -0.007,   -0.907,   -0.907,    0.032,    0.032,    0.261,    0.261,    0.012,    0.012
 8055,2020090612,    0.043,    0.043,    0.000,    0.000,    0.000,    0.000,    8.537,    8.537,   -0.293,   -0.293,    0.000,    0.000,    0.000,    0.000,   -0.010,   -0.010,   -0.983,   -0.983,    0.039,    0.039,    0.220,    0.220,    0.013,    0.013
 8055,2020090606,    0.059,    0.059,    0.000,    0.000,    0.000,    0.000,    9.111,    9.111,   -0.409,   -0.409,    0.000,    0.000,    0.000,    0.000,   -0.004,   -0.004,   -0.914,   -0.914,    0.067,    0.067,    0.262,    0.262,    0.024,    0.024
 8055,2020090600,    0.052,    0.052,    0.000,    0.000,    0.000,    0.000,    8.566,    8.566,   -0.363,   -0.363,    0.000,    0.000,    0.000,    0.000,   -0.008,   -0.008,   -0.959,   -0.959,    0.028,    0.028,    0.242,    0.242,    0.012,    0.012
 8055,2020090518,    0.053,    0.053,    0.000,    0.000,    0.000,    0.000,    8.816,    8.816,   -0.375,   -0.375,    0.000,    0.000,    0.000,    0.000,   -0.006,   -0.006,   -0.962,   -0.962,    0.045,    0.045,    0.244,    0.244,    0.016,    0.016
 8055,2020090512,    0.048,    0.048,    0.000,    0.000,    0.000,    0.000,    8.558,    8.558,   -0.459,   -0.459,    0.000,    0.000,    0.000,    0.000,   -0.008,   -0.008,   -0.990,   -0.990,    0.054,    0.054,    0.232,    0.232,    0.021,    0.021
 8055,2020090506,    0.049,    0.049,    0.000,    0.000,    0.000,    0.000,    8.213,    8.213,   -0.513,   -0.513,    0.000,    0.000,    0.000,    0.000,   -0.010,   -0.010,   -0.988,   -0.988,    0.065,    0.065,    0.231,    0.231,    0.025,    0.025
 8055,2020090500,    0.052,    0.052,    0.000,    0.000,    0.000,    0.000,    7.850,    7.850,   -0.435,   -0.435,    0.000,    0.000,    0.000,    0.000,   -0.010,   -0.010,   -0.964,   -0.964,    0.032,    0.032,    0.246,    0.246,    0.016,    0.016
 8055,2020090418,    0.060,    0.060,    0.000,    0.000,    0.000,    0.000,    8.539,    8.539,   -0.446,   -0.446,    0.000,    0.000,    0.000,    0.000,   -0.008,   -0.008,   -0.961,   -0.961,    0.103,    0.103,    0.257,    0.257,    0.043,    0.043
 8055,2020090412,    0.063,    0.063,    0.000,    0.000,    0.000,    0.000,    8.595,    8.595,   -0.549,   -0.549,    0.000,    0.000,    0.000,    0.000,   -0.006,   -0.006,   -0.968,   -0.968,    0.107,    0.107,    0.258,    0.258,    0.048,    0.048
 8055,2020090406,    0.064,    0.064,    0.000,    0.000,    0.000,    0.000,    8.796,    8.796,   -0.509,   -0.509,    0.000,    0.000,    0.000,    0.000,   -0.006,   -0.006,   -0.962,   -0.962,    0.104,    0.104,    0.261,    0.261,    0.048,    0.048
 8055,2020090400,    0.065,    0.065,    0.000,    0.000,    0.000,    0.000,    8.403,    8.403,   -0.468,   -0.468,    0.000,    0.000,    0.000,    0.000,   -0.008,   -0.008,   -0.905,   -0.905,    0.053,    0.053,    0.285,    0.285,    0.031,    0.031
 8055,2020090318,    0.065,    0.065,    0.000,    0.000,    0.000,    0.000,    7.991,    7.991,   -0.547,   -0.547,    0.000,    0.000,    0.000,    0.000,   -0.006,   -0.006,   -0.931,   -0.931,    0.079,    0.079,    0.273,    0.273,    0.042,    0.042
 8055,2020090312,    0.065,    0.065,    0.000,    0.000,    0.000,    0.000,    7.690,    7.690,   -0.770,   -0.770,    0.000,    0.000,    0.000,    0.000,   -0.006,   -0.006,   -0.984,   -0.984,    0.063,    0.063,    0.253,    0.253,    0.030,    0.030
 8055,2020090306,    0.069,    0.069,    0.000,    0.000,    0.000,    0.000,    8.539,    8.539,   -0.646,   -0.646,    0.000,    0.000,    0.000,    0.000,   -0.004,   -0.004,   -0.984,   -0.984,    0.090,    0.090,    0.257,    0.257,    0.041,    0.041
 8055,2020090300,    0.072,    0.072,    0.000,    0.000,    0.000,    0.000,    8.093,    8.093,   -0.638,   -0.638,    0.000,    0.000,    0.000,    0.000,   -0.004,   -0.004,   -0.981,   -0.981,    0.082,    0.082,    0.263,    0.263,    0.037,    0.037
 8055,2020090218,    0.067,    0.067,    0.000,    0.000,    0.000,    0.000,    8.306,    8.306,   -0.655,   -0.655,    0.000,    0.000,    0.000,    0.000,   -0.002,   -0.002,   -0.975,   -0.975,    0.056,    0.056,    0.262,    0.262,    0.033,    0.033
 8055,2020090212,    0.059,    0.059,    0.000,    0.000,    0.000,    0.000,    7.818,    7.818,   -0.620,   -0.620,    0.000,    0.000,    0.000,    0.000,   -0.004,   -0.004,   -1.018,   -1.018,    0.070,    0.070,    0.243,    0.243,    0.036,    0.036
 8055,2020090206,    0.066,    0.066,    0.000,    0.000,    0.000,    0.000,    7.740,    7.740,   -0.777,   -0.777,    0.000,    0.000,    0.000,    0.000,   -0.002,   -0.002,   -0.980,   -0.980,    0.052,    0.052,    0.262,    0.262,    0.027,    0.027
 8055,2020090200,    0.067,    0.067,    0.000,    0.000,    0.000,    0.000,    7.365,    7.365,   -0.756,   -0.756,    0.000,    0.000,    0.000,    0.000,   -0.004,   -0.004,   -0.974,   -0.974,    0.049,    0.049,    0.265,    0.265,    0.020,    0.020
 8055,2020090118,    0.061,    0.061,    0.000,    0.000,    0.000,    0.000,    6.804,    6.804,   -0.759,   -0.759,    0.000,    0.000,    0.000,    0.000,   -0.004,   -0.004,   -0.971,   -0.971,    0.044,    0.044,    0.261,    0.261,    0.022,    0.022
 8055,2020090112,    0.058,    0.058,    0.000,    0.000,    0.000,    0.000,    6.992,    6.992,   -0.845,   -0.845,    0.000,    0.000,    0.000,    0.000,   -0.005,   -0.005,   -0.938,   -0.938,    0.078,    0.078,    0.269,    0.269,    0.038,    0.038
 8055,2020090106,    0.058,    0.058,    0.000,    0.000,    0.000,    0.000,    7.907,    7.907,   -0.709,   -0.709,    0.000,    0.000,    0.000,    0.000,   -0.004,   -0.004,   -0.935,   -0.935,    0.088,    0.088,    0.270,    0.270,    0.037,    0.037
 8055,2020090100,    0.056,    0.056,    0.000,    0.000,    0.000,    0.000,    7.556,    7.556,   -0.632,   -0.632,    0.000,    0.000,    0.000,    0.000,   -0.008,   -0.008,   -0.913,   -0.913,    0.080,    0.080,    0.277,    0.277,    0.034,    0.034
 8055,2020083118,    0.057,    0.057,    0.000,    0.000,    0.000,    0.000,    7.124,    7.124,   -0.776,   -0.776,    0.000,    0.000,    0.000,    0.000,   -0.007,   -0.007,   -0.940,   -0.940,    0.114,    0.114,    0.269,    0.269,    0.051,    0.051
 8055,2020083112,    0.054,    0.054,    0.000,    0.000,    0.000,    0.000,    6.695,    6.695,   -0.817,   -0.817,    0.000,    0.000,    0.000,    0.000,   -0.007,   -0.007,   -0.962,   -0.962,    0.124,    0.124,    0.257,    0.257,    0.056,    0.056
 8055,2020083106,    0.050,    0.050,    0.000,    0.000,    0.000,    0.000,    6.381,    6.381,   -0.815,   -0.815,    0.000,    0.000,    0.000,    0.000,   -0.007,   -0.007,   -1.004,   -1.004,    0.150,    0.150,    0.239,    0.239,    0.067,    0.067
 8055,2020083100,    0.061,    0.061,    0.000,    0.000,    0.000,    0.000,    6.837,    6.837,   -0.750,   -0.750,    0.000,    0.000,    0.000,    0.000,   -0.006,   -0.006,   -0.938,   -0.938,    0.109,    0.109,    0.277,    0.277,    0.052,    0.052
 8055,2020083018,    0.063,    0.063,    0.000,    0.000,    0.000,    0.000,    6.868,    6.868,   -0.938,   -0.938,    0.000,    0.000,    0.000,    0.000,   -0.002,   -0.002,   -0.970,   -0.970,    0.134,    0.134,    0.264,    0.264,    0.070,    0.070
 8055,2020083012,    0.058,    0.058,    0.000,    0.000,    0.000,    0.000,    6.382,    6.382,   -0.906,   -0.906,    0.000,    0.000,    0.000,    0.000,   -0.002,   -0.002,   -0.976,   -0.976,    0.141,    0.141,    0.254,    0.254,    0.073,    0.073
 8055,2020083006,    0.050,    0.050,    0.000,    0.000,    0.000,    0.000,    5.686,    5.686,   -0.965,   -0.965,    0.000,    0.000,    0.000,    0.000,   -0.003,   -0.003,   -1.007,   -1.007,    0.128,    0.128,    0.235,    0.235,    0.071,    0.071
 8055,2020083000,    0.055,    0.055,    0.000,    0.000,    0.000,    0.000,    5.509,    5.509,   -0.894,   -0.894,    0.000,    0.000,    0.000,    0.000,   -0.005,   -0.005,   -0.989,   -0.989,    0.131,    0.131,    0.246,    0.246,    0.075,    0.075
