  101,2020092000,    0.181,    0.181,    0.000,    0.000,    0.000,    0.000,    0.001,    0.001,   -0.083,   -0.083,    0.000,    0.000,    0.000,    0.000,   -0.840,   -0.840,   -0.424,   -0.424,   -0.030,   -0.030,    0.203,    0.203,    0.016,    0.016
  101,2020091918,    0.182,    0.182,    0.000,    0.000,    0.000,    0.000,    0.001,    0.001,   -0.084,   -0.084,    0.000,    0.000,    0.000,    0.000,   -0.840,   -0.840,   -0.425,   -0.425,   -0.028,   -0.028,    0.203,    0.203,    0.017,    0.017
  101,2020091912,    0.184,    0.184,    0.000,    0.000,    0.000,    0.000,    0.003,    0.003,   -0.084,   -0.084,    0.000,    0.000,    0.000,    0.000,   -0.823,   -0.823,   -0.424,   -0.424,   -0.026,   -0.026,    0.205,    0.205,    0.017,    0.017
  101,2020091906,    0.183,    0.183,    0.000,    0.000,    0.000,    0.000,    0.004,    0.004,   -0.084,   -0.084,    0.000,    0.000,    0.000,    0.000,   -0.819,   -0.819,   -0.426,   -0.426,   -0.027,   -0.027,    0.204,    0.204,    0.016,    0.016
  101,2020091900,    0.184,    0.184,    0.000,    0.000,    0.000,    0.000,    0.005,    0.005,   -0.082,   -0.082,    0.000,    0.000,    0.000,    0.000,   -0.814,   -0.814,   -0.425,   -0.425,   -0.028,   -0.028,    0.205,    0.205,    0.016,    0.016
  101,2020091818,    0.184,    0.184,    0.000,    0.000,    0.000,    0.000,    0.005,    0.005,   -0.083,   -0.083,    0.000,    0.000,    0.000,    0.000,   -0.817,   -0.817,   -0.429,   -0.429,   -0.027,   -0.027,    0.203,    0.203,    0.016,    0.016
  101,2020091812,    0.185,    0.185,    0.000,    0.000,    0.000,    0.000,    0.006,    0.006,   -0.084,   -0.084,    0.000,    0.000,    0.000,    0.000,   -0.817,   -0.817,   -0.426,   -0.426,   -0.025,   -0.025,    0.206,    0.206,    0.017,    0.017
  101,2020091806,    0.187,    0.187,    0.000,    0.000,    0.000,    0.000,    0.008,    0.008,   -0.084,   -0.084,    0.000,    0.000,    0.000,    0.000,   -0.814,   -0.814,   -0.423,   -0.423,   -0.025,   -0.025,    0.208,    0.208,    0.016,    0.016
  101,2020091800,    0.187,    0.187,    0.000,    0.000,    0.000,    0.000,    0.008,    0.008,   -0.082,   -0.082,    0.000,    0.000,    0.000,    0.000,   -0.814,   -0.814,   -0.420,   -0.420,   -0.025,   -0.025,    0.209,    0.209,    0.016,    0.016
  101,2020091718,    0.187,    0.187,    0.000,    0.000,    0.000,    0.000,    0.008,    0.008,   -0.082,   -0.082,    0.000,    0.000,    0.000,    0.000,   -0.815,   -0.815,   -0.420,   -0.420,   -0.026,   -0.026,    0.209,    0.209,    0.015,    0.015
  101,2020091712,    0.188,    0.188,    0.000,    0.000,    0.000,    0.000,    0.009,    0.009,   -0.083,   -0.083,    0.000,    0.000,    0.000,    0.000,   -0.815,   -0.815,   -0.421,   -0.421,   -0.026,   -0.026,    0.210,    0.210,    0.015,    0.015
  101,2020091706,    0.188,    0.188,    0.000,    0.000,    0.000,    0.000,    0.010,    0.010,   -0.080,   -0.080,    0.000,    0.000,    0.000,    0.000,   -0.816,   -0.816,   -0.419,   -0.419,   -0.024,   -0.024,    0.210,    0.210,    0.016,    0.016
  101,2020091700,    0.189,    0.189,    0.000,    0.000,    0.000,    0.000,    0.011,    0.011,   -0.080,   -0.080,    0.000,    0.000,    0.000,    0.000,   -0.817,   -0.817,   -0.415,   -0.415,   -0.027,   -0.027,    0.213,    0.213,    0.014,    0.014
  101,2020091618,    0.188,    0.188,    0.000,    0.000,    0.000,    0.000,    0.010,    0.010,   -0.078,   -0.078,    0.000,    0.000,    0.000,    0.000,   -0.822,   -0.822,   -0.419,   -0.419,   -0.026,   -0.026,    0.211,    0.211,    0.015,    0.015
  101,2020091612,    0.189,    0.189,    0.000,    0.000,    0.000,    0.000,    0.009,    0.009,   -0.079,   -0.079,    0.000,    0.000,    0.000,    0.000,   -0.822,   -0.822,   -0.418,   -0.418,   -0.026,   -0.026,    0.212,    0.212,    0.014,    0.014
  101,2020091606,    0.190,    0.190,    0.000,    0.000,    0.000,    0.000,    0.010,    0.010,   -0.077,   -0.077,    0.000,    0.000,    0.000,    0.000,   -0.832,   -0.832,   -0.418,   -0.418,   -0.023,   -0.023,    0.212,    0.212,    0.015,    0.015
  101,2020091600,    0.191,    0.191,    0.000,    0.000,    0.000,    0.000,    0.010,    0.010,   -0.076,   -0.076,    0.000,    0.000,    0.000,    0.000,   -0.837,   -0.837,   -0.413,   -0.413,   -0.024,   -0.024,    0.215,    0.215,    0.015,    0.015
  101,2020091518,    0.191,    0.191,    0.000,    0.000,    0.000,    0.000,    0.010,    0.010,   -0.074,   -0.074,    0.000,    0.000,    0.000,    0.000,   -0.842,   -0.842,   -0.418,   -0.418,   -0.025,   -0.025,    0.213,    0.213,    0.014,    0.014
  101,2020091512,    0.191,    0.191,    0.000,    0.000,    0.000,    0.000,    0.010,    0.010,   -0.075,   -0.075,    0.000,    0.000,    0.000,    0.000,   -0.842,   -0.842,   -0.419,   -0.419,   -0.024,   -0.024,    0.213,    0.213,    0.014,    0.014
  101,2020091506,    0.191,    0.191,    0.000,    0.000,    0.000,    0.000,    0.011,    0.011,   -0.073,   -0.073,    0.000,    0.000,    0.000,    0.000,   -0.841,   -0.841,   -0.421,   -0.421,   -0.023,   -0.023,    0.213,    0.213,    0.014,    0.014
  101,2020091500,    0.193,    0.193,    0.000,    0.000,    0.000,    0.000,    0.011,    0.011,   -0.071,   -0.071,    0.000,    0.000,    0.000,    0.000,   -0.826,   -0.826,   -0.418,   -0.418,   -0.025,   -0.025,    0.215,    0.215,    0.013,    0.013
  101,2020091418,    0.192,    0.192,    0.000,    0.000,    0.000,    0.000,    0.010,    0.010,   -0.071,   -0.071,    0.000,    0.000,    0.000,    0.000,   -0.825,   -0.825,   -0.423,   -0.423,   -0.023,   -0.023,    0.212,    0.212,    0.014,    0.014
  101,2020091412,    0.193,    0.193,    0.000,    0.000,    0.000,    0.000,    0.009,    0.009,   -0.069,   -0.069,    0.000,    0.000,    0.000,    0.000,   -0.806,   -0.806,   -0.421,   -0.421,   -0.020,   -0.020,    0.214,    0.214,    0.015,    0.015
  101,2020091406,    0.194,    0.194,    0.000,    0.000,    0.000,    0.000,    0.009,    0.009,   -0.069,   -0.069,    0.000,    0.000,    0.000,    0.000,   -0.795,   -0.795,   -0.423,   -0.423,   -0.021,   -0.021,    0.213,    0.213,    0.015,    0.015
  101,2020091400,    0.194,    0.194,    0.000,    0.000,    0.000,    0.000,    0.008,    0.008,   -0.066,   -0.066,    0.000,    0.000,    0.000,    0.000,   -0.786,   -0.786,   -0.424,   -0.424,   -0.021,   -0.021,    0.213,    0.213,    0.014,    0.014
  101,2020091318,    0.194,    0.194,    0.000,    0.000,    0.000,    0.000,    0.006,    0.006,   -0.066,   -0.066,    0.000,    0.000,    0.000,    0.000,   -0.785,   -0.785,   -0.423,   -0.423,   -0.020,   -0.020,    0.213,    0.213,    0.015,    0.015
  101,2020091312,    0.196,    0.196,    0.000,    0.000,    0.000,    0.000,    0.006,    0.006,   -0.066,   -0.066,    0.000,    0.000,    0.000,    0.000,   -0.773,   -0.773,   -0.421,   -0.421,   -0.020,   -0.020,    0.215,    0.215,    0.014,    0.014
  101,2020091306,    0.198,    0.198,    0.000,    0.000,    0.000,    0.000,    0.007,    0.007,   -0.068,   -0.068,    0.000,    0.000,    0.000,    0.000,   -0.772,   -0.772,   -0.417,   -0.417,   -0.020,   -0.020,    0.218,    0.218,    0.014,    0.014
  101,2020091300,    0.197,    0.197,    0.000,    0.000,    0.000,    0.000,    0.005,    0.005,   -0.065,   -0.065,    0.000,    0.000,    0.000,    0.000,   -0.784,   -0.784,   -0.422,   -0.422,   -0.022,   -0.022,    0.216,    0.216,    0.013,    0.013
  101,2020091218,    0.196,    0.196,    0.000,    0.000,    0.000,    0.000,    0.003,    0.003,   -0.064,   -0.064,    0.000,    0.000,    0.000,    0.000,   -0.784,   -0.784,   -0.429,   -0.429,   -0.018,   -0.018,    0.212,    0.212,    0.014,    0.014
  101,2020091212,    0.196,    0.196,    0.000,    0.000,    0.000,    0.000,    0.003,    0.003,   -0.063,   -0.063,    0.000,    0.000,    0.000,    0.000,   -0.779,   -0.779,   -0.429,   -0.429,   -0.016,   -0.016,    0.213,    0.213,    0.015,    0.015
  101,2020091206,    0.197,    0.197,    0.000,    0.000,    0.000,    0.000,    0.002,    0.002,   -0.063,   -0.063,    0.000,    0.000,    0.000,    0.000,   -0.774,   -0.774,   -0.431,   -0.431,   -0.015,   -0.015,    0.213,    0.213,    0.016,    0.016
  101,2020091200,    0.196,    0.196,    0.000,    0.000,    0.000,    0.000,    0.001,    0.001,   -0.061,   -0.061,    0.000,    0.000,    0.000,    0.000,   -0.779,   -0.779,   -0.431,   -0.431,   -0.020,   -0.020,    0.213,    0.213,    0.013,    0.013
  101,2020091118,    0.197,    0.197,    0.000,    0.000,    0.000,    0.000,    0.002,    0.002,   -0.061,   -0.061,    0.000,    0.000,    0.000,    0.000,   -0.779,   -0.779,   -0.429,   -0.429,   -0.023,   -0.023,    0.214,    0.214,    0.012,    0.012
  101,2020091112,    0.198,    0.198,    0.000,    0.000,    0.000,    0.000,    0.003,    0.003,   -0.063,   -0.063,    0.000,    0.000,    0.000,    0.000,   -0.779,   -0.779,   -0.430,   -0.430,   -0.023,   -0.023,    0.214,    0.214,    0.011,    0.011
  101,2020091106,    0.199,    0.199,    0.000,    0.000,    0.000,    0.000,    0.004,    0.004,   -0.063,   -0.063,    0.000,    0.000,    0.000,    0.000,   -0.777,   -0.777,   -0.427,   -0.427,   -0.025,   -0.025,    0.217,    0.217,    0.010,    0.010
  101,2020091100,    0.200,    0.200,    0.000,    0.000,    0.000,    0.000,    0.004,    0.004,   -0.061,   -0.061,    0.000,    0.000,    0.000,    0.000,   -0.778,   -0.778,   -0.427,   -0.427,   -0.023,   -0.023,    0.217,    0.217,    0.010,    0.010
  101,2020091018,    0.201,    0.201,    0.000,    0.000,    0.000,    0.000,    0.002,    0.002,   -0.061,   -0.061,    0.000,    0.000,    0.000,    0.000,   -0.778,   -0.778,   -0.429,   -0.429,   -0.024,   -0.024,    0.217,    0.217,    0.010,    0.010
  101,2020091012,    0.202,    0.202,    0.000,    0.000,    0.000,    0.000,    0.002,    0.002,   -0.059,   -0.059,    0.000,    0.000,    0.000,    0.000,   -0.761,   -0.761,   -0.428,   -0.428,   -0.024,   -0.024,    0.218,    0.218,    0.010,    0.010
  101,2020091006,    0.202,    0.202,    0.000,    0.000,    0.000,    0.000,   -0.000,   -0.000,   -0.061,   -0.061,    0.000,    0.000,    0.000,    0.000,   -0.745,   -0.745,   -0.428,   -0.428,   -0.025,   -0.025,    0.218,    0.218,    0.009,    0.009
  101,2020091000,    0.203,    0.203,    0.000,    0.000,    0.000,    0.000,   -0.000,   -0.000,   -0.059,   -0.059,    0.000,    0.000,    0.000,    0.000,   -0.746,   -0.746,   -0.428,   -0.428,   -0.024,   -0.024,    0.219,    0.219,    0.010,    0.010
  101,2020090918,    0.203,    0.203,    0.000,    0.000,    0.000,    0.000,    0.000,    0.000,   -0.061,   -0.061,    0.000,    0.000,    0.000,    0.000,   -0.747,   -0.747,   -0.430,   -0.430,   -0.021,   -0.021,    0.218,    0.218,    0.011,    0.011
  101,2020090912,    0.204,    0.204,    0.000,    0.000,    0.000,    0.000,    0.001,    0.001,   -0.059,   -0.059,    0.000,    0.000,    0.000,    0.000,   -0.734,   -0.734,   -0.424,   -0.424,   -0.021,   -0.021,    0.221,    0.221,    0.011,    0.011
  101,2020090906,    0.204,    0.204,    0.000,    0.000,    0.000,    0.000,    0.002,    0.002,   -0.060,   -0.060,    0.000,    0.000,    0.000,    0.000,   -0.732,   -0.732,   -0.426,   -0.426,   -0.026,   -0.026,    0.220,    0.220,    0.009,    0.009
  101,2020090900,    0.206,    0.206,    0.000,    0.000,    0.000,    0.000,    0.002,    0.002,   -0.058,   -0.058,    0.000,    0.000,    0.000,    0.000,   -0.739,   -0.739,   -0.421,   -0.421,   -0.024,   -0.024,    0.223,    0.223,    0.009,    0.009
  101,2020090818,    0.206,    0.206,    0.000,    0.000,    0.000,    0.000,    0.002,    0.002,   -0.060,   -0.060,    0.000,    0.000,    0.000,    0.000,   -0.750,   -0.750,   -0.419,   -0.419,   -0.022,   -0.022,    0.224,    0.224,    0.010,    0.010
  101,2020090812,    0.206,    0.206,    0.000,    0.000,    0.000,    0.000,    0.003,    0.003,   -0.059,   -0.059,    0.000,    0.000,    0.000,    0.000,   -0.737,   -0.737,   -0.420,   -0.420,   -0.023,   -0.023,    0.224,    0.224,    0.009,    0.009
  101,2020090806,    0.206,    0.206,    0.000,    0.000,    0.000,    0.000,    0.003,    0.003,   -0.059,   -0.059,    0.000,    0.000,    0.000,    0.000,   -0.703,   -0.703,   -0.422,   -0.422,   -0.025,   -0.025,    0.224,    0.224,    0.008,    0.008
  101,2020090800,    0.206,    0.206,    0.000,    0.000,    0.000,    0.000,    0.003,    0.003,   -0.058,   -0.058,    0.000,    0.000,    0.000,    0.000,   -0.714,   -0.714,   -0.425,   -0.425,   -0.027,   -0.027,    0.222,    0.222,    0.007,    0.007
  101,2020090718,    0.205,    0.205,    0.000,    0.000,    0.000,    0.000,    0.002,    0.002,   -0.060,   -0.060,    0.000,    0.000,    0.000,    0.000,   -0.722,   -0.722,   -0.433,   -0.433,   -0.022,   -0.022,    0.219,    0.219,    0.009,    0.009
  101,2020090712,    0.206,    0.206,    0.000,    0.000,    0.000,    0.000,    0.003,    0.003,   -0.061,   -0.061,    0.000,    0.000,    0.000,    0.000,   -0.714,   -0.714,   -0.431,   -0.431,   -0.023,   -0.023,    0.220,    0.220,    0.008,    0.008
  101,2020090706,    0.207,    0.207,    0.000,    0.000,    0.000,    0.000,    0.004,    0.004,   -0.059,   -0.059,    0.000,    0.000,    0.000,    0.000,   -0.708,   -0.708,   -0.429,   -0.429,   -0.025,   -0.025,    0.221,    0.221,    0.006,    0.006
  101,2020090700,    0.207,    0.207,    0.000,    0.000,    0.000,    0.000,    0.003,    0.003,   -0.058,   -0.058,    0.000,    0.000,    0.000,    0.000,   -0.708,   -0.708,   -0.430,   -0.430,   -0.027,   -0.027,    0.221,    0.221,    0.006,    0.006
  101,2020090618,    0.208,    0.208,    0.000,    0.000,    0.000,    0.000,    0.005,    0.005,   -0.058,   -0.058,    0.000,    0.000,    0.000,    0.000,   -0.708,   -0.708,   -0.427,   -0.427,   -0.023,   -0.023,    0.223,    0.223,    0.007,    0.007
  101,2020090612,    0.208,    0.208,    0.000,    0.000,    0.000,    0.000,    0.005,    0.005,   -0.059,   -0.059,    0.000,    0.000,    0.000,    0.000,   -0.686,   -0.686,   -0.428,   -0.428,   -0.020,   -0.020,    0.223,    0.223,    0.008,    0.008
  101,2020090606,    0.210,    0.210,    0.000,    0.000,    0.000,    0.000,    0.005,    0.005,   -0.059,   -0.059,    0.000,    0.000,    0.000,    0.000,   -0.675,   -0.675,   -0.421,   -0.421,   -0.026,   -0.026,    0.227,    0.227,    0.005,    0.005
  101,2020090600,    0.210,    0.210,    0.000,    0.000,    0.000,    0.000,    0.005,    0.005,   -0.059,   -0.059,    0.000,    0.000,    0.000,    0.000,   -0.632,   -0.632,   -0.423,   -0.423,   -0.025,   -0.025,    0.226,    0.226,    0.006,    0.006
  101,2020090518,    0.211,    0.211,    0.000,    0.000,    0.000,    0.000,    0.005,    0.005,   -0.059,   -0.059,    0.000,    0.000,    0.000,    0.000,   -0.622,   -0.622,   -0.424,   -0.424,   -0.024,   -0.024,    0.226,    0.226,    0.006,    0.006
  101,2020090512,    0.211,    0.211,    0.000,    0.000,    0.000,    0.000,    0.005,    0.005,   -0.059,   -0.059,    0.000,    0.000,    0.000,    0.000,   -0.610,   -0.610,   -0.428,   -0.428,   -0.023,   -0.023,    0.225,    0.225,    0.007,    0.007
  101,2020090506,    0.213,    0.213,    0.000,    0.000,    0.000,    0.000,    0.005,    0.005,   -0.058,   -0.058,    0.000,    0.000,    0.000,    0.000,   -0.588,   -0.588,   -0.421,   -0.421,   -0.024,   -0.024,    0.229,    0.229,    0.006,    0.006
  101,2020090500,    0.213,    0.213,    0.000,    0.000,    0.000,    0.000,    0.005,    0.005,   -0.057,   -0.057,    0.000,    0.000,    0.000,    0.000,   -0.598,   -0.598,   -0.424,   -0.424,   -0.026,   -0.026,    0.227,    0.227,    0.006,    0.006
  101,2020090418,    0.212,    0.212,    0.000,    0.000,    0.000,    0.000,    0.005,    0.005,   -0.058,   -0.058,    0.000,    0.000,    0.000,    0.000,   -0.605,   -0.605,   -0.429,   -0.429,   -0.025,   -0.025,    0.225,    0.225,    0.006,    0.006
  101,2020090412,    0.213,    0.213,    0.000,    0.000,    0.000,    0.000,    0.004,    0.004,   -0.057,   -0.057,    0.000,    0.000,    0.000,    0.000,   -0.595,   -0.595,   -0.428,   -0.428,   -0.022,   -0.022,    0.227,    0.227,    0.007,    0.007
  101,2020090406,    0.215,    0.215,    0.000,    0.000,    0.000,    0.000,    0.005,    0.005,   -0.055,   -0.055,    0.000,    0.000,    0.000,    0.000,   -0.561,   -0.561,   -0.426,   -0.426,   -0.027,   -0.027,    0.228,    0.228,    0.004,    0.004
  101,2020090400,    0.214,    0.214,    0.000,    0.000,    0.000,    0.000,    0.004,    0.004,   -0.054,   -0.054,    0.000,    0.000,    0.000,    0.000,   -0.548,   -0.548,   -0.426,   -0.426,   -0.028,   -0.028,    0.229,    0.229,    0.003,    0.003
  101,2020090318,    0.214,    0.214,    0.000,    0.000,    0.000,    0.000,    0.004,    0.004,   -0.054,   -0.054,    0.000,    0.000,    0.000,    0.000,   -0.528,   -0.528,   -0.430,   -0.430,   -0.025,   -0.025,    0.227,    0.227,    0.005,    0.005
  101,2020090312,    0.215,    0.215,    0.000,    0.000,    0.000,    0.000,    0.004,    0.004,   -0.053,   -0.053,    0.000,    0.000,    0.000,    0.000,   -0.491,   -0.491,   -0.429,   -0.429,   -0.024,   -0.024,    0.228,    0.228,    0.005,    0.005
  101,2020090306,    0.217,    0.217,    0.000,    0.000,    0.000,    0.000,    0.003,    0.003,   -0.052,   -0.052,    0.000,    0.000,    0.000,    0.000,   -0.472,   -0.472,   -0.422,   -0.422,   -0.025,   -0.025,    0.232,    0.232,    0.005,    0.005
  101,2020090300,    0.216,    0.216,    0.000,    0.000,    0.000,    0.000,    0.004,    0.004,   -0.052,   -0.052,    0.000,    0.000,    0.000,    0.000,   -0.492,   -0.492,   -0.426,   -0.426,   -0.024,   -0.024,    0.230,    0.230,    0.005,    0.005
  101,2020090218,    0.217,    0.217,    0.000,    0.000,    0.000,    0.000,    0.004,    0.004,   -0.053,   -0.053,    0.000,    0.000,    0.000,    0.000,   -0.476,   -0.476,   -0.425,   -0.425,   -0.020,   -0.020,    0.230,    0.230,    0.007,    0.007
  101,2020090212,    0.217,    0.217,    0.000,    0.000,    0.000,    0.000,    0.004,    0.004,   -0.051,   -0.051,    0.000,    0.000,    0.000,    0.000,   -0.450,   -0.450,   -0.427,   -0.427,   -0.019,   -0.019,    0.230,    0.230,    0.007,    0.007
  101,2020090206,    0.218,    0.218,    0.000,    0.000,    0.000,    0.000,    0.004,    0.004,   -0.050,   -0.050,    0.000,    0.000,    0.000,    0.000,   -0.405,   -0.405,   -0.424,   -0.424,   -0.018,   -0.018,    0.232,    0.232,    0.007,    0.007
  101,2020090200,    0.217,    0.217,    0.000,    0.000,    0.000,    0.000,    0.004,    0.004,   -0.049,   -0.049,    0.000,    0.000,    0.000,    0.000,   -0.396,   -0.396,   -0.426,   -0.426,   -0.020,   -0.020,    0.231,    0.231,    0.007,    0.007
  101,2020090118,    0.219,    0.219,    0.000,    0.000,    0.000,    0.000,    0.004,    0.004,   -0.049,   -0.049,    0.000,    0.000,    0.000,    0.000,   -0.395,   -0.395,   -0.427,   -0.427,   -0.016,   -0.016,    0.231,    0.231,    0.008,    0.008
  101,2020090112,    0.220,    0.220,    0.000,    0.000,    0.000,    0.000,    0.004,    0.004,   -0.049,   -0.049,    0.000,    0.000,    0.000,    0.000,   -0.340,   -0.340,   -0.425,   -0.425,   -0.017,   -0.017,    0.233,    0.233,    0.007,    0.007
  101,2020090106,    0.221,    0.221,    0.000,    0.000,    0.000,    0.000,    0.005,    0.005,   -0.047,   -0.047,    0.000,    0.000,    0.000,    0.000,   -0.328,   -0.328,   -0.420,   -0.420,   -0.017,   -0.017,    0.235,    0.235,    0.007,    0.007
  101,2020090100,    0.221,    0.221,    0.000,    0.000,    0.000,    0.000,    0.005,    0.005,   -0.046,   -0.046,    0.000,    0.000,    0.000,    0.000,   -0.348,   -0.348,   -0.421,   -0.421,   -0.016,   -0.016,    0.235,    0.235,    0.008,    0.008
  101,2020083118,    0.222,    0.222,    0.000,    0.000,    0.000,    0.000,    0.006,    0.006,   -0.046,   -0.046,    0.000,    0.000,    0.000,    0.000,   -0.337,   -0.337,   -0.420,   -0.420,   -0.016,   -0.016,    0.236,    0.236,    0.008,    0.008
  101,2020083112,    0.223,    0.223,    0.000,    0.000,    0.000,    0.000,    0.005,    0.005,   -0.046,   -0.046,    0.000,    0.000,    0.000,    0.000,   -0.351,   -0.351,   -0.414,   -0.414,   -0.015,   -0.015,    0.240,    0.240,    0.008,    0.008
  101,2020083106,    0.222,    0.222,    0.000,    0.000,    0.000,    0.000,    0.005,    0.005,   -0.042,   -0.042,    0.000,    0.000,    0.000,    0.000,   -0.357,   -0.357,   -0.415,   -0.415,   -0.015,   -0.015,    0.239,    0.239,    0.008,    0.008
  101,2020083100,    0.222,    0.222,    0.000,    0.000,    0.000,    0.000,    0.004,    0.004,   -0.040,   -0.040,    0.000,    0.000,    0.000,    0.000,   -0.399,   -0.399,   -0.414,   -0.414,   -0.016,   -0.016,    0.240,    0.240,    0.007,    0.007
  101,2020083018,    0.221,    0.221,    0.000,    0.000,    0.000,    0.000,    0.000,    0.000,   -0.036,   -0.036,    0.000,    0.000,    0.000,    0.000,   -0.412,   -0.412,   -0.422,   -0.422,   -0.011,   -0.011,    0.236,    0.236,    0.009,    0.009
  101,2020083012,    0.222,    0.222,    0.000,    0.000,    0.000,    0.000,   -0.001,   -0.001,   -0.035,   -0.035,    0.000,    0.000,    0.000,    0.000,   -0.413,   -0.413,   -0.418,   -0.418,   -0.006,   -0.006,    0.238,    0.238,    0.012,    0.012
  101,2020083006,    0.221,    0.221,    0.000,    0.000,    0.000,    0.000,   -0.002,   -0.002,   -0.031,   -0.031,    0.000,    0.000,    0.000,    0.000,   -0.401,   -0.401,   -0.424,   -0.424,   -0.008,   -0.008,    0.236,    0.236,    0.011,    0.011
  101,2020083000,    0.223,    0.223,    0.000,    0.000,    0.000,    0.000,   -0.002,   -0.002,   -0.030,   -0.030,    0.000,    0.000,    0.000,    0.000,   -0.416,   -0.416,   -0.422,   -0.422,   -0.006,   -0.006,    0.238,    0.238,    0.011,    0.011
