 1414,2020092000,    0.030,    0.030,    0.000,    0.000,    0.000,    0.000,    0.148,    0.148,    0.047,    0.047,    0.000,    0.000,    0.000,    0.000,    0.000,    0.000,   -0.269,   -0.269,    0.048,    0.048,   -0.135,   -0.135,    0.003,    0.003
 1414,2020091918,    0.031,    0.031,    0.000,    0.000,    0.000,    0.000,    0.162,    0.162,    0.043,    0.043,    0.000,    0.000,    0.000,    0.000,   -0.001,   -0.001,   -0.267,   -0.267,    0.044,    0.044,   -0.133,   -0.133,    0.001,    0.001
 1414,2020091912,    0.031,    0.031,    0.000,    0.000,    0.000,    0.000,    0.192,    0.192,    0.042,    0.042,    0.000,    0.000,    0.000,    0.000,   -0.000,   -0.000,   -0.264,   -0.264,    0.050,    0.050,   -0.132,   -0.132,    0.002,    0.002
 1414,2020091906,    0.033,    0.033,    0.000,    0.000,    0.000,    0.000,    0.209,    0.209,    0.051,    0.051,    0.000,    0.000,    0.000,    0.000,   -0.000,   -0.000,   -0.265,   -0.265,    0.040,    0.040,   -0.130,   -0.130,   -0.002,   -0.002
 1414,2020091900,    0.034,    0.034,    0.000,    0.000,    0.000,    0.000,    0.185,    0.185,    0.042,    0.042,    0.000,    0.000,    0.000,    0.000,   -0.001,   -0.001,   -0.266,   -0.266,    0.037,    0.037,   -0.131,   -0.131,   -0.004,   -0.004
 1414,2020091818,    0.035,    0.035,    0.000,    0.000,    0.000,    0.000,    0.223,    0.223,    0.040,    0.040,    0.000,    0.000,    0.000,    0.000,   -0.001,   -0.001,   -0.261,   -0.261,    0.040,    0.040,   -0.128,   -0.128,   -0.003,   -0.003
 1414,2020091812,    0.035,    0.035,    0.000,    0.000,    0.000,    0.000,    0.270,    0.270,    0.028,    0.028,    0.000,    0.000,    0.000,    0.000,   -0.001,   -0.001,   -0.269,   -0.269,    0.042,    0.042,   -0.132,   -0.132,   -0.002,   -0.002
 1414,2020091806,    0.034,    0.034,    0.000,    0.000,    0.000,    0.000,    0.219,    0.219,    0.026,    0.026,    0.000,    0.000,    0.000,    0.000,   -0.001,   -0.001,   -0.282,   -0.282,    0.033,    0.033,   -0.138,   -0.138,   -0.007,   -0.007
 1414,2020091800,    0.034,    0.034,    0.000,    0.000,    0.000,    0.000,    0.216,    0.216,    0.004,    0.004,    0.000,    0.000,    0.000,    0.000,   -0.000,   -0.000,   -0.275,   -0.275,    0.028,    0.028,   -0.135,   -0.135,   -0.008,   -0.008
 1414,2020091718,    0.034,    0.034,    0.000,    0.000,    0.000,    0.000,    0.252,    0.252,    0.007,    0.007,    0.000,    0.000,    0.000,    0.000,   -0.001,   -0.001,   -0.275,   -0.275,    0.032,    0.032,   -0.135,   -0.135,   -0.006,   -0.006
 1414,2020091712,    0.035,    0.035,    0.000,    0.000,    0.000,    0.000,    0.297,    0.297,   -0.014,   -0.014,    0.000,    0.000,    0.000,    0.000,   -0.001,   -0.001,   -0.275,   -0.275,    0.033,    0.033,   -0.135,   -0.135,   -0.007,   -0.007
 1414,2020091706,    0.034,    0.034,    0.000,    0.000,    0.000,    0.000,    0.283,    0.283,    0.001,    0.001,    0.000,    0.000,    0.000,    0.000,   -0.001,   -0.001,   -0.273,   -0.273,    0.035,    0.035,   -0.134,   -0.134,   -0.005,   -0.005
 1414,2020091700,    0.035,    0.035,    0.000,    0.000,    0.000,    0.000,    0.323,    0.323,   -0.015,   -0.015,    0.000,    0.000,    0.000,    0.000,   -0.000,   -0.000,   -0.276,   -0.276,    0.036,    0.036,   -0.136,   -0.136,   -0.004,   -0.004
 1414,2020091618,    0.033,    0.033,    0.000,    0.000,    0.000,    0.000,    0.278,    0.278,   -0.008,   -0.008,    0.000,    0.000,    0.000,    0.000,   -0.001,   -0.001,   -0.273,   -0.273,    0.036,    0.036,   -0.136,   -0.136,   -0.004,   -0.004
 1414,2020091612,    0.034,    0.034,    0.000,    0.000,    0.000,    0.000,    0.289,    0.289,   -0.030,   -0.030,    0.000,    0.000,    0.000,    0.000,   -0.000,   -0.000,   -0.268,   -0.268,    0.037,    0.037,   -0.134,   -0.134,   -0.004,   -0.004
 1414,2020091606,    0.034,    0.034,    0.000,    0.000,    0.000,    0.000,    0.262,    0.262,   -0.009,   -0.009,    0.000,    0.000,    0.000,    0.000,    0.000,    0.000,   -0.263,   -0.263,    0.034,    0.034,   -0.132,   -0.132,   -0.005,   -0.005
 1414,2020091600,    0.034,    0.034,    0.000,    0.000,    0.000,    0.000,    0.267,    0.267,   -0.013,   -0.013,    0.000,    0.000,    0.000,    0.000,    0.000,    0.000,   -0.261,   -0.261,    0.031,    0.031,   -0.131,   -0.131,   -0.006,   -0.006
 1414,2020091518,    0.033,    0.033,    0.000,    0.000,    0.000,    0.000,    0.212,    0.212,   -0.005,   -0.005,    0.000,    0.000,    0.000,    0.000,   -0.001,   -0.001,   -0.266,   -0.266,    0.032,    0.032,   -0.134,   -0.134,   -0.005,   -0.005
 1414,2020091512,    0.034,    0.034,    0.000,    0.000,    0.000,    0.000,    0.240,    0.240,   -0.025,   -0.025,    0.000,    0.000,    0.000,    0.000,   -0.000,   -0.000,   -0.266,   -0.266,    0.031,    0.031,   -0.133,   -0.133,   -0.005,   -0.005
 1414,2020091506,    0.034,    0.034,    0.000,    0.000,    0.000,    0.000,    0.205,    0.205,   -0.008,   -0.008,    0.000,    0.000,    0.000,    0.000,   -0.000,   -0.000,   -0.268,   -0.268,    0.034,    0.034,   -0.133,   -0.133,   -0.003,   -0.003
 1414,2020091500,    0.034,    0.034,    0.000,    0.000,    0.000,    0.000,    0.203,    0.203,   -0.024,   -0.024,    0.000,    0.000,    0.000,    0.000,   -0.000,   -0.000,   -0.275,   -0.275,    0.035,    0.035,   -0.136,   -0.136,   -0.002,   -0.002
 1414,2020091418,    0.034,    0.034,    0.000,    0.000,    0.000,    0.000,    0.243,    0.243,   -0.016,   -0.016,    0.000,    0.000,    0.000,    0.000,   -0.001,   -0.001,   -0.275,   -0.275,    0.038,    0.038,   -0.136,   -0.136,   -0.001,   -0.001
 1414,2020091412,    0.033,    0.033,    0.000,    0.000,    0.000,    0.000,    0.246,    0.246,   -0.022,   -0.022,    0.000,    0.000,    0.000,    0.000,   -0.000,   -0.000,   -0.278,   -0.278,    0.045,    0.045,   -0.138,   -0.138,    0.002,    0.002
 1414,2020091406,    0.034,    0.034,    0.000,    0.000,    0.000,    0.000,    0.252,    0.252,   -0.016,   -0.016,    0.000,    0.000,    0.000,    0.000,   -0.000,   -0.000,   -0.269,   -0.269,    0.043,    0.043,   -0.135,   -0.135,    0.002,    0.002
 1414,2020091400,    0.033,    0.033,    0.000,    0.000,    0.000,    0.000,    0.221,    0.221,   -0.026,   -0.026,    0.000,    0.000,    0.000,    0.000,    0.000,    0.000,   -0.275,   -0.275,    0.038,    0.038,   -0.138,   -0.138,   -0.002,   -0.002
 1414,2020091318,    0.034,    0.034,    0.000,    0.000,    0.000,    0.000,    0.275,    0.275,   -0.018,   -0.018,    0.000,    0.000,    0.000,    0.000,   -0.001,   -0.001,   -0.271,   -0.271,    0.039,    0.039,   -0.135,   -0.135,    0.000,    0.000
 1414,2020091312,    0.032,    0.032,    0.000,    0.000,    0.000,    0.000,    0.282,    0.282,   -0.034,   -0.034,    0.000,    0.000,    0.000,    0.000,   -0.001,   -0.001,   -0.278,   -0.278,    0.038,    0.038,   -0.139,   -0.139,    0.000,    0.000
 1414,2020091306,    0.032,    0.032,    0.000,    0.000,    0.000,    0.000,    0.316,    0.316,   -0.028,   -0.028,    0.000,    0.000,    0.000,    0.000,   -0.000,   -0.000,   -0.275,   -0.275,    0.039,    0.039,   -0.137,   -0.137,    0.001,    0.001
 1414,2020091300,    0.032,    0.032,    0.000,    0.000,    0.000,    0.000,    0.313,    0.313,   -0.046,   -0.046,    0.000,    0.000,    0.000,    0.000,   -0.000,   -0.000,   -0.273,   -0.273,    0.037,    0.037,   -0.137,   -0.137,    0.000,    0.000
 1414,2020091218,    0.033,    0.033,    0.000,    0.000,    0.000,    0.000,    0.354,    0.354,   -0.036,   -0.036,    0.000,    0.000,    0.000,    0.000,   -0.000,   -0.000,   -0.266,   -0.266,    0.032,    0.032,   -0.133,   -0.133,   -0.003,   -0.003
 1414,2020091212,    0.032,    0.032,    0.000,    0.000,    0.000,    0.000,    0.356,    0.356,   -0.057,   -0.057,    0.000,    0.000,    0.000,    0.000,   -0.000,   -0.000,   -0.274,   -0.274,    0.028,    0.028,   -0.137,   -0.137,   -0.005,   -0.005
 1414,2020091206,    0.032,    0.032,    0.000,    0.000,    0.000,    0.000,    0.407,    0.407,   -0.045,   -0.045,    0.000,    0.000,    0.000,    0.000,   -0.000,   -0.000,   -0.270,   -0.270,    0.030,    0.030,   -0.135,   -0.135,   -0.005,   -0.005
 1414,2020091200,    0.032,    0.032,    0.000,    0.000,    0.000,    0.000,    0.400,    0.400,   -0.052,   -0.052,    0.000,    0.000,    0.000,    0.000,    0.000,    0.000,   -0.276,   -0.276,    0.030,    0.030,   -0.137,   -0.137,   -0.005,   -0.005
 1414,2020091118,    0.032,    0.032,    0.000,    0.000,    0.000,    0.000,    0.404,    0.404,   -0.057,   -0.057,    0.000,    0.000,    0.000,    0.000,   -0.000,   -0.000,   -0.276,   -0.276,    0.026,    0.026,   -0.138,   -0.138,   -0.006,   -0.006
 1414,2020091112,    0.033,    0.033,    0.000,    0.000,    0.000,    0.000,    0.404,    0.404,   -0.066,   -0.066,    0.000,    0.000,    0.000,    0.000,    0.000,    0.000,   -0.269,   -0.269,    0.032,    0.032,   -0.135,   -0.135,   -0.004,   -0.004
 1414,2020091106,    0.033,    0.033,    0.000,    0.000,    0.000,    0.000,    0.430,    0.430,   -0.061,   -0.061,    0.000,    0.000,    0.000,    0.000,    0.001,    0.001,   -0.268,   -0.268,    0.033,    0.033,   -0.134,   -0.134,   -0.004,   -0.004
 1414,2020091100,    0.032,    0.032,    0.000,    0.000,    0.000,    0.000,    0.432,    0.432,   -0.072,   -0.072,    0.000,    0.000,    0.000,    0.000,    0.001,    0.001,   -0.268,   -0.268,    0.038,    0.038,   -0.135,   -0.135,   -0.002,   -0.002
 1414,2020091018,    0.030,    0.030,    0.000,    0.000,    0.000,    0.000,    0.426,    0.426,   -0.079,   -0.079,    0.000,    0.000,    0.000,    0.000,   -0.000,   -0.000,   -0.275,   -0.275,    0.040,    0.040,   -0.138,   -0.138,   -0.002,   -0.002
 1414,2020091012,    0.032,    0.032,    0.000,    0.000,    0.000,    0.000,    0.464,    0.464,   -0.093,   -0.093,    0.000,    0.000,    0.000,    0.000,    0.000,    0.000,   -0.264,   -0.264,    0.039,    0.039,   -0.133,   -0.133,   -0.001,   -0.001
 1414,2020091006,    0.033,    0.033,    0.000,    0.000,    0.000,    0.000,    0.526,    0.526,   -0.090,   -0.090,    0.000,    0.000,    0.000,    0.000,    0.001,    0.001,   -0.264,   -0.264,    0.041,    0.041,   -0.132,   -0.132,   -0.001,   -0.001
 1414,2020091000,    0.033,    0.033,    0.000,    0.000,    0.000,    0.000,    0.523,    0.523,   -0.104,   -0.104,    0.000,    0.000,    0.000,    0.000,    0.001,    0.001,   -0.261,   -0.261,    0.039,    0.039,   -0.131,   -0.131,   -0.002,   -0.002
 1414,2020090918,    0.032,    0.032,    0.000,    0.000,    0.000,    0.000,    0.529,    0.529,   -0.112,   -0.112,    0.000,    0.000,    0.000,    0.000,    0.000,    0.000,   -0.265,   -0.265,    0.041,    0.041,   -0.134,   -0.134,   -0.002,   -0.002
 1414,2020090912,    0.032,    0.032,    0.000,    0.000,    0.000,    0.000,    0.537,    0.537,   -0.125,   -0.125,    0.000,    0.000,    0.000,    0.000,    0.000,    0.000,   -0.258,   -0.258,    0.043,    0.043,   -0.131,   -0.131,   -0.001,   -0.001
 1414,2020090906,    0.032,    0.032,    0.000,    0.000,    0.000,    0.000,    0.504,    0.504,   -0.131,   -0.131,    0.000,    0.000,    0.000,    0.000,    0.001,    0.001,   -0.264,   -0.264,    0.047,    0.047,   -0.134,   -0.134,   -0.001,   -0.001
 1414,2020090900,    0.031,    0.031,    0.000,    0.000,    0.000,    0.000,    0.502,    0.502,   -0.138,   -0.138,    0.000,    0.000,    0.000,    0.000,    0.001,    0.001,   -0.261,   -0.261,    0.051,    0.051,   -0.133,   -0.133,    0.001,    0.001
 1414,2020090818,    0.030,    0.030,    0.000,    0.000,    0.000,    0.000,    0.479,    0.479,   -0.146,   -0.146,    0.000,    0.000,    0.000,    0.000,    0.001,    0.001,   -0.267,   -0.267,    0.054,    0.054,   -0.136,   -0.136,    0.001,    0.001
 1414,2020090812,    0.030,    0.030,    0.000,    0.000,    0.000,    0.000,    0.497,    0.497,   -0.158,   -0.158,    0.000,    0.000,    0.000,    0.000,    0.000,    0.000,   -0.260,   -0.260,    0.056,    0.056,   -0.134,   -0.134,    0.002,    0.002
 1414,2020090806,    0.029,    0.029,    0.000,    0.000,    0.000,    0.000,    0.496,    0.496,   -0.148,   -0.148,    0.000,    0.000,    0.000,    0.000,    0.001,    0.001,   -0.266,   -0.266,    0.051,    0.051,   -0.138,   -0.138,   -0.000,   -0.000
 1414,2020090800,    0.030,    0.030,    0.000,    0.000,    0.000,    0.000,    0.495,    0.495,   -0.163,   -0.163,    0.000,    0.000,    0.000,    0.000,    0.001,    0.001,   -0.257,   -0.257,    0.052,    0.052,   -0.134,   -0.134,    0.001,    0.001
 1414,2020090718,    0.029,    0.029,    0.000,    0.000,    0.000,    0.000,    0.473,    0.473,   -0.161,   -0.161,    0.000,    0.000,    0.000,    0.000,    0.001,    0.001,   -0.273,   -0.273,    0.047,    0.047,   -0.140,   -0.140,   -0.001,   -0.001
 1414,2020090712,    0.027,    0.027,    0.000,    0.000,    0.000,    0.000,    0.473,    0.473,   -0.168,   -0.168,    0.000,    0.000,    0.000,    0.000,    0.001,    0.001,   -0.281,   -0.281,    0.040,    0.040,   -0.144,   -0.144,   -0.004,   -0.004
 1414,2020090706,    0.026,    0.026,    0.000,    0.000,    0.000,    0.000,    0.454,    0.454,   -0.166,   -0.166,    0.000,    0.000,    0.000,    0.000,    0.000,    0.000,   -0.287,   -0.287,    0.038,    0.038,   -0.148,   -0.148,   -0.004,   -0.004
 1414,2020090700,    0.027,    0.027,    0.000,    0.000,    0.000,    0.000,    0.485,    0.485,   -0.170,   -0.170,    0.000,    0.000,    0.000,    0.000,    0.001,    0.001,   -0.278,   -0.278,    0.040,    0.040,   -0.144,   -0.144,   -0.004,   -0.004
 1414,2020090618,    0.026,    0.026,    0.000,    0.000,    0.000,    0.000,    0.479,    0.479,   -0.162,   -0.162,    0.000,    0.000,    0.000,    0.000,    0.000,    0.000,   -0.282,   -0.282,    0.042,    0.042,   -0.147,   -0.147,   -0.003,   -0.003
 1414,2020090612,    0.027,    0.027,    0.000,    0.000,    0.000,    0.000,    0.465,    0.465,   -0.163,   -0.163,    0.000,    0.000,    0.000,    0.000,    0.001,    0.001,   -0.279,   -0.279,    0.045,    0.045,   -0.145,   -0.145,   -0.002,   -0.002
 1414,2020090606,    0.027,    0.027,    0.000,    0.000,    0.000,    0.000,    0.453,    0.453,   -0.159,   -0.159,    0.000,    0.000,    0.000,    0.000,    0.001,    0.001,   -0.274,   -0.274,    0.043,    0.043,   -0.143,   -0.143,   -0.003,   -0.003
 1414,2020090600,    0.026,    0.026,    0.000,    0.000,    0.000,    0.000,    0.432,    0.432,   -0.162,   -0.162,    0.000,    0.000,    0.000,    0.000,    0.001,    0.001,   -0.277,   -0.277,    0.042,    0.042,   -0.145,   -0.145,   -0.003,   -0.003
 1414,2020090518,    0.025,    0.025,    0.000,    0.000,    0.000,    0.000,    0.411,    0.411,   -0.153,   -0.153,    0.000,    0.000,    0.000,    0.000,    0.001,    0.001,   -0.287,   -0.287,    0.044,    0.044,   -0.149,   -0.149,   -0.001,   -0.001
 1414,2020090512,    0.025,    0.025,    0.000,    0.000,    0.000,    0.000,    0.424,    0.424,   -0.155,   -0.155,    0.000,    0.000,    0.000,    0.000,    0.001,    0.001,   -0.281,   -0.281,    0.048,    0.048,   -0.146,   -0.146,    0.000,    0.000
 1414,2020090506,    0.025,    0.025,    0.000,    0.000,    0.000,    0.000,    0.414,    0.414,   -0.154,   -0.154,    0.000,    0.000,    0.000,    0.000,    0.002,    0.002,   -0.283,   -0.283,    0.044,    0.044,   -0.147,   -0.147,   -0.002,   -0.002
 1414,2020090500,    0.024,    0.024,    0.000,    0.000,    0.000,    0.000,    0.386,    0.386,   -0.159,   -0.159,    0.000,    0.000,    0.000,    0.000,    0.001,    0.001,   -0.291,   -0.291,    0.040,    0.040,   -0.150,   -0.150,   -0.003,   -0.003
 1414,2020090418,    0.024,    0.024,    0.000,    0.000,    0.000,    0.000,    0.369,    0.369,   -0.163,   -0.163,    0.000,    0.000,    0.000,    0.000,    0.001,    0.001,   -0.297,   -0.297,    0.041,    0.041,   -0.153,   -0.153,   -0.002,   -0.002
 1414,2020090412,    0.023,    0.023,    0.000,    0.000,    0.000,    0.000,    0.406,    0.406,   -0.171,   -0.171,    0.000,    0.000,    0.000,    0.000,    0.001,    0.001,   -0.296,   -0.296,    0.040,    0.040,   -0.153,   -0.153,   -0.002,   -0.002
 1414,2020090406,    0.024,    0.024,    0.000,    0.000,    0.000,    0.000,    0.408,    0.408,   -0.173,   -0.173,    0.000,    0.000,    0.000,    0.000,    0.001,    0.001,   -0.294,   -0.294,    0.040,    0.040,   -0.152,   -0.152,   -0.002,   -0.002
 1414,2020090400,    0.025,    0.025,    0.000,    0.000,    0.000,    0.000,    0.404,    0.404,   -0.173,   -0.173,    0.000,    0.000,    0.000,    0.000,    0.001,    0.001,   -0.292,   -0.292,    0.039,    0.039,   -0.151,   -0.151,   -0.003,   -0.003
 1414,2020090318,    0.024,    0.024,    0.000,    0.000,    0.000,    0.000,    0.365,    0.365,   -0.183,   -0.183,    0.000,    0.000,    0.000,    0.000,    0.001,    0.001,   -0.294,   -0.294,    0.045,    0.045,   -0.152,   -0.152,   -0.000,   -0.000
 1414,2020090312,    0.024,    0.024,    0.000,    0.000,    0.000,    0.000,    0.356,    0.356,   -0.200,   -0.200,    0.000,    0.000,    0.000,    0.000,    0.001,    0.001,   -0.297,   -0.297,    0.042,    0.042,   -0.153,   -0.153,   -0.001,   -0.001
 1414,2020090306,    0.024,    0.024,    0.000,    0.000,    0.000,    0.000,    0.326,    0.326,   -0.208,   -0.208,    0.000,    0.000,    0.000,    0.000,    0.001,    0.001,   -0.297,   -0.297,    0.038,    0.038,   -0.153,   -0.153,   -0.002,   -0.002
 1414,2020090300,    0.023,    0.023,    0.000,    0.000,    0.000,    0.000,    0.321,    0.321,   -0.220,   -0.220,    0.000,    0.000,    0.000,    0.000,    0.001,    0.001,   -0.300,   -0.300,    0.038,    0.038,   -0.155,   -0.155,   -0.002,   -0.002
 1414,2020090218,    0.022,    0.022,    0.000,    0.000,    0.000,    0.000,    0.282,    0.282,   -0.220,   -0.220,    0.000,    0.000,    0.000,    0.000,    0.001,    0.001,   -0.302,   -0.302,    0.030,    0.030,   -0.156,   -0.156,   -0.005,   -0.005
 1414,2020090212,    0.022,    0.022,    0.000,    0.000,    0.000,    0.000,    0.283,    0.283,   -0.239,   -0.239,    0.000,    0.000,    0.000,    0.000,    0.001,    0.001,   -0.307,   -0.307,    0.032,    0.032,   -0.158,   -0.158,   -0.005,   -0.005
 1414,2020090206,    0.022,    0.022,    0.000,    0.000,    0.000,    0.000,    0.280,    0.280,   -0.225,   -0.225,    0.000,    0.000,    0.000,    0.000,    0.001,    0.001,   -0.298,   -0.298,    0.030,    0.030,   -0.155,   -0.155,   -0.005,   -0.005
 1414,2020090200,    0.022,    0.022,    0.000,    0.000,    0.000,    0.000,    0.272,    0.272,   -0.237,   -0.237,    0.000,    0.000,    0.000,    0.000,    0.002,    0.002,   -0.300,   -0.300,    0.027,    0.027,   -0.155,   -0.155,   -0.006,   -0.006
 1414,2020090118,    0.023,    0.023,    0.000,    0.000,    0.000,    0.000,    0.269,    0.269,   -0.231,   -0.231,    0.000,    0.000,    0.000,    0.000,    0.002,    0.002,   -0.306,   -0.306,    0.030,    0.030,   -0.156,   -0.156,   -0.005,   -0.005
 1414,2020090112,    0.023,    0.023,    0.000,    0.000,    0.000,    0.000,    0.274,    0.274,   -0.240,   -0.240,    0.000,    0.000,    0.000,    0.000,    0.002,    0.002,   -0.308,   -0.308,    0.031,    0.031,   -0.157,   -0.157,   -0.005,   -0.005
 1414,2020090106,    0.024,    0.024,    0.000,    0.000,    0.000,    0.000,    0.187,    0.187,   -0.231,   -0.231,    0.000,    0.000,    0.000,    0.000,    0.002,    0.002,   -0.300,   -0.300,    0.034,    0.034,   -0.154,   -0.154,   -0.003,   -0.003
 1414,2020090100,    0.023,    0.023,    0.000,    0.000,    0.000,    0.000,    0.150,    0.150,   -0.243,   -0.243,    0.000,    0.000,    0.000,    0.000,    0.003,    0.003,   -0.304,   -0.304,    0.039,    0.039,   -0.156,   -0.156,   -0.001,   -0.001
 1414,2020083118,    0.023,    0.023,    0.000,    0.000,    0.000,    0.000,    0.064,    0.064,   -0.254,   -0.254,    0.000,    0.000,    0.000,    0.000,    0.002,    0.002,   -0.315,   -0.315,    0.040,    0.040,   -0.160,   -0.160,   -0.002,   -0.002
 1414,2020083112,    0.022,    0.022,    0.000,    0.000,    0.000,    0.000,    0.085,    0.085,   -0.266,   -0.266,    0.000,    0.000,    0.000,    0.000,    0.003,    0.003,   -0.315,   -0.315,    0.040,    0.040,   -0.160,   -0.160,   -0.002,   -0.002
 1414,2020083106,    0.025,    0.025,    0.000,    0.000,    0.000,    0.000,    0.063,    0.063,   -0.243,   -0.243,    0.000,    0.000,    0.000,    0.000,    0.003,    0.003,   -0.307,   -0.307,    0.036,    0.036,   -0.154,   -0.154,   -0.003,   -0.003
 1414,2020083100,    0.024,    0.024,    0.000,    0.000,    0.000,    0.000,    0.027,    0.027,   -0.260,   -0.260,    0.000,    0.000,    0.000,    0.000,    0.003,    0.003,   -0.323,   -0.323,    0.038,    0.038,   -0.161,   -0.161,   -0.004,   -0.004
 1414,2020083018,    0.027,    0.027,    0.000,    0.000,    0.000,    0.000,    0.007,    0.007,   -0.253,   -0.253,    0.000,    0.000,    0.000,    0.000,    0.003,    0.003,   -0.323,   -0.323,    0.039,    0.039,   -0.158,   -0.158,   -0.004,   -0.004
 1414,2020083012,    0.028,    0.028,    0.000,    0.000,    0.000,    0.000,    0.020,    0.020,   -0.260,   -0.260,    0.000,    0.000,    0.000,    0.000,    0.004,    0.004,   -0.318,   -0.318,    0.039,    0.039,   -0.155,   -0.155,   -0.004,   -0.004
 1414,2020083006,    0.028,    0.028,    0.000,    0.000,    0.000,    0.000,   -0.058,   -0.058,   -0.269,   -0.269,    0.000,    0.000,    0.000,    0.000,    0.005,    0.005,   -0.329,   -0.329,    0.039,    0.039,   -0.159,   -0.159,   -0.004,   -0.004
 1414,2020083000,    0.027,    0.027,    0.000,    0.000,    0.000,    0.000,   -0.062,   -0.062,   -0.280,   -0.280,    0.000,    0.000,    0.000,    0.000,    0.005,    0.005,   -0.335,   -0.335,    0.043,    0.043,   -0.162,   -0.162,   -0.002,   -0.002
