  217,2020092000,   -0.178,   -0.178,    0.000,    0.000,    0.000,    0.000,    0.020,    0.020,   -0.096,   -0.096,    0.000,    0.000,    0.000,    0.000,   -2.561,   -2.561,    0.321,    0.321,   -0.008,   -0.008,   -0.099,   -0.099,    0.000,    0.000
  217,2020091918,   -0.178,   -0.178,    0.000,    0.000,    0.000,    0.000,    0.019,    0.019,   -0.096,   -0.096,    0.000,    0.000,    0.000,    0.000,   -2.732,   -2.732,    0.318,    0.318,   -0.010,   -0.010,   -0.101,   -0.101,   -0.001,   -0.001
  217,2020091912,   -0.177,   -0.177,    0.000,    0.000,    0.000,    0.000,    0.020,    0.020,   -0.098,   -0.098,    0.000,    0.000,    0.000,    0.000,   -2.738,   -2.738,    0.322,    0.322,   -0.010,   -0.010,   -0.098,   -0.098,    0.000,    0.000
  217,2020091906,   -0.176,   -0.176,    0.000,    0.000,    0.000,    0.000,    0.020,    0.020,   -0.099,   -0.099,    0.000,    0.000,    0.000,    0.000,   -2.870,   -2.870,    0.324,    0.324,   -0.010,   -0.010,   -0.097,   -0.097,    0.001,    0.001
  217,2020091900,   -0.177,   -0.177,    0.000,    0.000,    0.000,    0.000,    0.020,    0.020,   -0.100,   -0.100,    0.000,    0.000,    0.000,    0.000,   -3.008,   -3.008,    0.323,    0.323,   -0.006,   -0.006,   -0.098,   -0.098,    0.002,    0.002
  217,2020091818,   -0.177,   -0.177,    0.000,    0.000,    0.000,    0.000,    0.020,    0.020,   -0.099,   -0.099,    0.000,    0.000,    0.000,    0.000,   -2.677,   -2.677,    0.323,    0.323,   -0.006,   -0.006,   -0.099,   -0.099,    0.002,    0.002
  217,2020091812,   -0.178,   -0.178,    0.000,    0.000,    0.000,    0.000,    0.019,    0.019,   -0.098,   -0.098,    0.000,    0.000,    0.000,    0.000,   -2.449,   -2.449,    0.321,    0.321,   -0.006,   -0.006,   -0.099,   -0.099,    0.003,    0.003
  217,2020091806,   -0.177,   -0.177,    0.000,    0.000,    0.000,    0.000,    0.019,    0.019,   -0.097,   -0.097,    0.000,    0.000,    0.000,    0.000,   -2.478,   -2.478,    0.324,    0.324,   -0.005,   -0.005,   -0.098,   -0.098,    0.004,    0.004
  217,2020091800,   -0.176,   -0.176,    0.000,    0.000,    0.000,    0.000,    0.020,    0.020,   -0.097,   -0.097,    0.000,    0.000,    0.000,    0.000,   -2.818,   -2.818,    0.323,    0.323,   -0.008,   -0.008,   -0.098,   -0.098,    0.002,    0.002
  217,2020091718,   -0.177,   -0.177,    0.000,    0.000,    0.000,    0.000,    0.019,    0.019,   -0.097,   -0.097,    0.000,    0.000,    0.000,    0.000,   -2.966,   -2.966,    0.322,    0.322,   -0.007,   -0.007,   -0.099,   -0.099,    0.003,    0.003
  217,2020091712,   -0.178,   -0.178,    0.000,    0.000,    0.000,    0.000,    0.018,    0.018,   -0.098,   -0.098,    0.000,    0.000,    0.000,    0.000,   -2.868,   -2.868,    0.320,    0.320,   -0.006,   -0.006,   -0.100,   -0.100,    0.003,    0.003
  217,2020091706,   -0.178,   -0.178,    0.000,    0.000,    0.000,    0.000,    0.017,    0.017,   -0.099,   -0.099,    0.000,    0.000,    0.000,    0.000,   -2.860,   -2.860,    0.325,    0.325,   -0.004,   -0.004,   -0.098,   -0.098,    0.004,    0.004
  217,2020091700,   -0.176,   -0.176,    0.000,    0.000,    0.000,    0.000,    0.019,    0.019,   -0.100,   -0.100,    0.000,    0.000,    0.000,    0.000,   -2.886,   -2.886,    0.324,    0.324,   -0.004,   -0.004,   -0.098,   -0.098,    0.004,    0.004
  217,2020091618,   -0.176,   -0.176,    0.000,    0.000,    0.000,    0.000,    0.020,    0.020,   -0.100,   -0.100,    0.000,    0.000,    0.000,    0.000,   -2.892,   -2.892,    0.325,    0.325,   -0.004,   -0.004,   -0.097,   -0.097,    0.004,    0.004
  217,2020091612,   -0.177,   -0.177,    0.000,    0.000,    0.000,    0.000,    0.018,    0.018,   -0.100,   -0.100,    0.000,    0.000,    0.000,    0.000,   -2.771,   -2.771,    0.323,    0.323,   -0.006,   -0.006,   -0.098,   -0.098,    0.004,    0.004
  217,2020091606,   -0.177,   -0.177,    0.000,    0.000,    0.000,    0.000,    0.017,    0.017,   -0.100,   -0.100,    0.000,    0.000,    0.000,    0.000,   -2.812,   -2.812,    0.324,    0.324,   -0.001,   -0.001,   -0.098,   -0.098,    0.007,    0.007
  217,2020091600,   -0.176,   -0.176,    0.000,    0.000,    0.000,    0.000,    0.018,    0.018,   -0.100,   -0.100,    0.000,    0.000,    0.000,    0.000,   -2.854,   -2.854,    0.324,    0.324,   -0.004,   -0.004,   -0.097,   -0.097,    0.005,    0.005
  217,2020091518,   -0.176,   -0.176,    0.000,    0.000,    0.000,    0.000,    0.018,    0.018,   -0.100,   -0.100,    0.000,    0.000,    0.000,    0.000,   -2.874,   -2.874,    0.324,    0.324,   -0.004,   -0.004,   -0.097,   -0.097,    0.006,    0.006
  217,2020091512,   -0.175,   -0.175,    0.000,    0.000,    0.000,    0.000,    0.020,    0.020,   -0.098,   -0.098,    0.000,    0.000,    0.000,    0.000,   -2.824,   -2.824,    0.324,    0.324,   -0.007,   -0.007,   -0.097,   -0.097,    0.004,    0.004
  217,2020091506,   -0.175,   -0.175,    0.000,    0.000,    0.000,    0.000,    0.021,    0.021,   -0.098,   -0.098,    0.000,    0.000,    0.000,    0.000,   -2.782,   -2.782,    0.324,    0.324,   -0.004,   -0.004,   -0.097,   -0.097,    0.007,    0.007
  217,2020091500,   -0.174,   -0.174,    0.000,    0.000,    0.000,    0.000,    0.021,    0.021,   -0.099,   -0.099,    0.000,    0.000,    0.000,    0.000,   -2.773,   -2.773,    0.323,    0.323,   -0.006,   -0.006,   -0.097,   -0.097,    0.005,    0.005
  217,2020091418,   -0.175,   -0.175,    0.000,    0.000,    0.000,    0.000,    0.022,    0.022,   -0.099,   -0.099,    0.000,    0.000,    0.000,    0.000,   -2.813,   -2.813,    0.323,    0.323,   -0.007,   -0.007,   -0.097,   -0.097,    0.004,    0.004
  217,2020091412,   -0.174,   -0.174,    0.000,    0.000,    0.000,    0.000,    0.023,    0.023,   -0.098,   -0.098,    0.000,    0.000,    0.000,    0.000,   -2.613,   -2.613,    0.322,    0.322,   -0.009,   -0.009,   -0.098,   -0.098,    0.003,    0.003
  217,2020091406,   -0.175,   -0.175,    0.000,    0.000,    0.000,    0.000,    0.021,    0.021,   -0.099,   -0.099,    0.000,    0.000,    0.000,    0.000,   -2.574,   -2.574,    0.321,    0.321,   -0.008,   -0.008,   -0.098,   -0.098,    0.004,    0.004
  217,2020091400,   -0.176,   -0.176,    0.000,    0.000,    0.000,    0.000,    0.021,    0.021,   -0.100,   -0.100,    0.000,    0.000,    0.000,    0.000,   -2.736,   -2.736,    0.320,    0.320,   -0.007,   -0.007,   -0.100,   -0.100,    0.004,    0.004
  217,2020091318,   -0.176,   -0.176,    0.000,    0.000,    0.000,    0.000,    0.021,    0.021,   -0.101,   -0.101,    0.000,    0.000,    0.000,    0.000,   -2.742,   -2.742,    0.319,    0.319,   -0.007,   -0.007,   -0.100,   -0.100,    0.005,    0.005
  217,2020091312,   -0.177,   -0.177,    0.000,    0.000,    0.000,    0.000,    0.022,    0.022,   -0.099,   -0.099,    0.000,    0.000,    0.000,    0.000,   -2.774,   -2.774,    0.317,    0.317,   -0.007,   -0.007,   -0.101,   -0.101,    0.004,    0.004
  217,2020091306,   -0.175,   -0.175,    0.000,    0.000,    0.000,    0.000,    0.022,    0.022,   -0.099,   -0.099,    0.000,    0.000,    0.000,    0.000,   -2.827,   -2.827,    0.322,    0.322,   -0.005,   -0.005,   -0.099,   -0.099,    0.006,    0.006
  217,2020091300,   -0.174,   -0.174,    0.000,    0.000,    0.000,    0.000,    0.022,    0.022,   -0.101,   -0.101,    0.000,    0.000,    0.000,    0.000,   -3.085,   -3.085,    0.323,    0.323,   -0.006,   -0.006,   -0.098,   -0.098,    0.005,    0.005
  217,2020091218,   -0.174,   -0.174,    0.000,    0.000,    0.000,    0.000,    0.023,    0.023,   -0.101,   -0.101,    0.000,    0.000,    0.000,    0.000,   -2.796,   -2.796,    0.324,    0.324,   -0.007,   -0.007,   -0.097,   -0.097,    0.004,    0.004
  217,2020091212,   -0.175,   -0.175,    0.000,    0.000,    0.000,    0.000,    0.023,    0.023,   -0.100,   -0.100,    0.000,    0.000,    0.000,    0.000,   -2.826,   -2.826,    0.325,    0.325,   -0.006,   -0.006,   -0.097,   -0.097,    0.005,    0.005
  217,2020091206,   -0.174,   -0.174,    0.000,    0.000,    0.000,    0.000,    0.021,    0.021,   -0.100,   -0.100,    0.000,    0.000,    0.000,    0.000,   -2.908,   -2.908,    0.327,    0.327,   -0.007,   -0.007,   -0.096,   -0.096,    0.005,    0.005
  217,2020091200,   -0.175,   -0.175,    0.000,    0.000,    0.000,    0.000,    0.021,    0.021,   -0.100,   -0.100,    0.000,    0.000,    0.000,    0.000,   -2.780,   -2.780,    0.328,    0.328,   -0.008,   -0.008,   -0.096,   -0.096,    0.004,    0.004
  217,2020091118,   -0.175,   -0.175,    0.000,    0.000,    0.000,    0.000,    0.021,    0.021,   -0.101,   -0.101,    0.000,    0.000,    0.000,    0.000,   -2.918,   -2.918,    0.327,    0.327,   -0.010,   -0.010,   -0.097,   -0.097,    0.004,    0.004
  217,2020091112,   -0.176,   -0.176,    0.000,    0.000,    0.000,    0.000,    0.019,    0.019,   -0.101,   -0.101,    0.000,    0.000,    0.000,    0.000,   -3.322,   -3.322,    0.326,    0.326,   -0.009,   -0.009,   -0.097,   -0.097,    0.004,    0.004
  217,2020091106,   -0.175,   -0.175,    0.000,    0.000,    0.000,    0.000,    0.020,    0.020,   -0.101,   -0.101,    0.000,    0.000,    0.000,    0.000,   -3.330,   -3.330,    0.327,    0.327,   -0.009,   -0.009,   -0.097,   -0.097,    0.004,    0.004
  217,2020091100,   -0.175,   -0.175,    0.000,    0.000,    0.000,    0.000,    0.021,    0.021,   -0.103,   -0.103,    0.000,    0.000,    0.000,    0.000,   -3.310,   -3.310,    0.326,    0.326,   -0.005,   -0.005,   -0.097,   -0.097,    0.006,    0.006
  217,2020091018,   -0.176,   -0.176,    0.000,    0.000,    0.000,    0.000,    0.020,    0.020,   -0.105,   -0.105,    0.000,    0.000,    0.000,    0.000,   -2.944,   -2.944,    0.323,    0.323,   -0.013,   -0.013,   -0.099,   -0.099,    0.002,    0.002
  217,2020091012,   -0.175,   -0.175,    0.000,    0.000,    0.000,    0.000,    0.020,    0.020,   -0.105,   -0.105,    0.000,    0.000,    0.000,    0.000,   -2.807,   -2.807,    0.323,    0.323,   -0.013,   -0.013,   -0.098,   -0.098,    0.002,    0.002
  217,2020091006,   -0.175,   -0.175,    0.000,    0.000,    0.000,    0.000,    0.020,    0.020,   -0.105,   -0.105,    0.000,    0.000,    0.000,    0.000,   -2.863,   -2.863,    0.324,    0.324,   -0.011,   -0.011,   -0.098,   -0.098,    0.003,    0.003
  217,2020091000,   -0.176,   -0.176,    0.000,    0.000,    0.000,    0.000,    0.019,    0.019,   -0.107,   -0.107,    0.000,    0.000,    0.000,    0.000,   -2.884,   -2.884,    0.323,    0.323,   -0.009,   -0.009,   -0.098,   -0.098,    0.005,    0.005
  217,2020090918,   -0.175,   -0.175,    0.000,    0.000,    0.000,    0.000,    0.019,    0.019,   -0.108,   -0.108,    0.000,    0.000,    0.000,    0.000,   -2.952,   -2.952,    0.322,    0.322,   -0.009,   -0.009,   -0.098,   -0.098,    0.005,    0.005
  217,2020090912,   -0.175,   -0.175,    0.000,    0.000,    0.000,    0.000,    0.019,    0.019,   -0.110,   -0.110,    0.000,    0.000,    0.000,    0.000,   -3.070,   -3.070,    0.321,    0.321,   -0.010,   -0.010,   -0.099,   -0.099,    0.005,    0.005
  217,2020090906,   -0.176,   -0.176,    0.000,    0.000,    0.000,    0.000,    0.019,    0.019,   -0.110,   -0.110,    0.000,    0.000,    0.000,    0.000,   -3.038,   -3.038,    0.318,    0.318,   -0.009,   -0.009,   -0.101,   -0.101,    0.005,    0.005
  217,2020090900,   -0.174,   -0.174,    0.000,    0.000,    0.000,    0.000,    0.020,    0.020,   -0.111,   -0.111,    0.000,    0.000,    0.000,    0.000,   -2.927,   -2.927,    0.325,    0.325,   -0.012,   -0.012,   -0.097,   -0.097,    0.003,    0.003
  217,2020090818,   -0.175,   -0.175,    0.000,    0.000,    0.000,    0.000,    0.020,    0.020,   -0.111,   -0.111,    0.000,    0.000,    0.000,    0.000,   -3.076,   -3.076,    0.326,    0.326,   -0.014,   -0.014,   -0.097,   -0.097,    0.003,    0.003
  217,2020090812,   -0.174,   -0.174,    0.000,    0.000,    0.000,    0.000,    0.021,    0.021,   -0.110,   -0.110,    0.000,    0.000,    0.000,    0.000,   -3.197,   -3.197,    0.325,    0.325,   -0.014,   -0.014,   -0.097,   -0.097,    0.002,    0.002
  217,2020090806,   -0.175,   -0.175,    0.000,    0.000,    0.000,    0.000,    0.021,    0.021,   -0.111,   -0.111,    0.000,    0.000,    0.000,    0.000,   -3.232,   -3.232,    0.328,    0.328,   -0.014,   -0.014,   -0.095,   -0.095,    0.001,    0.001
  217,2020090800,   -0.175,   -0.175,    0.000,    0.000,    0.000,    0.000,    0.020,    0.020,   -0.112,   -0.112,    0.000,    0.000,    0.000,    0.000,   -3.918,   -3.918,    0.329,    0.329,   -0.012,   -0.012,   -0.095,   -0.095,    0.002,    0.002
  217,2020090718,   -0.175,   -0.175,    0.000,    0.000,    0.000,    0.000,    0.021,    0.021,   -0.112,   -0.112,    0.000,    0.000,    0.000,    0.000,   -4.013,   -4.013,    0.328,    0.328,   -0.012,   -0.012,   -0.096,   -0.096,    0.003,    0.003
  217,2020090712,   -0.177,   -0.177,    0.000,    0.000,    0.000,    0.000,    0.019,    0.019,   -0.112,   -0.112,    0.000,    0.000,    0.000,    0.000,   -3.740,   -3.740,    0.324,    0.324,   -0.012,   -0.012,   -0.098,   -0.098,    0.002,    0.002
  217,2020090706,   -0.178,   -0.178,    0.000,    0.000,    0.000,    0.000,    0.019,    0.019,   -0.113,   -0.113,    0.000,    0.000,    0.000,    0.000,   -3.664,   -3.664,    0.322,    0.322,   -0.014,   -0.014,   -0.100,   -0.100,    0.001,    0.001
  217,2020090700,   -0.177,   -0.177,    0.000,    0.000,    0.000,    0.000,    0.019,    0.019,   -0.113,   -0.113,    0.000,    0.000,    0.000,    0.000,   -3.907,   -3.907,    0.324,    0.324,   -0.013,   -0.013,   -0.099,   -0.099,    0.001,    0.001
  217,2020090618,   -0.176,   -0.176,    0.000,    0.000,    0.000,    0.000,    0.020,    0.020,   -0.115,   -0.115,    0.000,    0.000,    0.000,    0.000,   -3.989,   -3.989,    0.327,    0.327,   -0.015,   -0.015,   -0.097,   -0.097,    0.000,    0.000
  217,2020090612,   -0.176,   -0.176,    0.000,    0.000,    0.000,    0.000,    0.020,    0.020,   -0.115,   -0.115,    0.000,    0.000,    0.000,    0.000,   -4.036,   -4.036,    0.325,    0.325,   -0.014,   -0.014,   -0.098,   -0.098,    0.001,    0.001
  217,2020090606,   -0.177,   -0.177,    0.000,    0.000,    0.000,    0.000,    0.019,    0.019,   -0.114,   -0.114,    0.000,    0.000,    0.000,    0.000,   -3.996,   -3.996,    0.322,    0.322,   -0.014,   -0.014,   -0.099,   -0.099,    0.001,    0.001
  217,2020090600,   -0.177,   -0.177,    0.000,    0.000,    0.000,    0.000,    0.019,    0.019,   -0.116,   -0.116,    0.000,    0.000,    0.000,    0.000,   -4.356,   -4.356,    0.322,    0.322,   -0.011,   -0.011,   -0.100,   -0.100,    0.003,    0.003
  217,2020090518,   -0.177,   -0.177,    0.000,    0.000,    0.000,    0.000,    0.020,    0.020,   -0.116,   -0.116,    0.000,    0.000,    0.000,    0.000,   -4.225,   -4.225,    0.321,    0.321,   -0.010,   -0.010,   -0.100,   -0.100,    0.003,    0.003
  217,2020090512,   -0.177,   -0.177,    0.000,    0.000,    0.000,    0.000,    0.019,    0.019,   -0.116,   -0.116,    0.000,    0.000,    0.000,    0.000,   -4.029,   -4.029,    0.323,    0.323,   -0.014,   -0.014,   -0.099,   -0.099,    0.002,    0.002
  217,2020090506,   -0.178,   -0.178,    0.000,    0.000,    0.000,    0.000,    0.019,    0.019,   -0.115,   -0.115,    0.000,    0.000,    0.000,    0.000,   -3.792,   -3.792,    0.321,    0.321,   -0.013,   -0.013,   -0.100,   -0.100,    0.002,    0.002
  217,2020090500,   -0.177,   -0.177,    0.000,    0.000,    0.000,    0.000,    0.019,    0.019,   -0.117,   -0.117,    0.000,    0.000,    0.000,    0.000,   -4.170,   -4.170,    0.320,    0.320,   -0.013,   -0.013,   -0.100,   -0.100,    0.003,    0.003
  217,2020090418,   -0.177,   -0.177,    0.000,    0.000,    0.000,    0.000,    0.019,    0.019,   -0.118,   -0.118,    0.000,    0.000,    0.000,    0.000,   -3.851,   -3.851,    0.318,    0.318,   -0.011,   -0.011,   -0.102,   -0.102,    0.004,    0.004
  217,2020090412,   -0.177,   -0.177,    0.000,    0.000,    0.000,    0.000,    0.019,    0.019,   -0.119,   -0.119,    0.000,    0.000,    0.000,    0.000,   -3.699,   -3.699,    0.321,    0.321,   -0.015,   -0.015,   -0.100,   -0.100,    0.002,    0.002
  217,2020090406,   -0.177,   -0.177,    0.000,    0.000,    0.000,    0.000,    0.018,    0.018,   -0.119,   -0.119,    0.000,    0.000,    0.000,    0.000,   -3.706,   -3.706,    0.321,    0.321,   -0.012,   -0.012,   -0.101,   -0.101,    0.004,    0.004
  217,2020090400,   -0.176,   -0.176,    0.000,    0.000,    0.000,    0.000,    0.020,    0.020,   -0.119,   -0.119,    0.000,    0.000,    0.000,    0.000,   -3.922,   -3.922,    0.324,    0.324,   -0.011,   -0.011,   -0.099,   -0.099,    0.004,    0.004
  217,2020090318,   -0.176,   -0.176,    0.000,    0.000,    0.000,    0.000,    0.020,    0.020,   -0.119,   -0.119,    0.000,    0.000,    0.000,    0.000,   -3.860,   -3.860,    0.322,    0.322,   -0.012,   -0.012,   -0.100,   -0.100,    0.003,    0.003
  217,2020090312,   -0.176,   -0.176,    0.000,    0.000,    0.000,    0.000,    0.018,    0.018,   -0.119,   -0.119,    0.000,    0.000,    0.000,    0.000,   -3.532,   -3.532,    0.323,    0.323,   -0.018,   -0.018,   -0.099,   -0.099,    0.001,    0.001
  217,2020090306,   -0.176,   -0.176,    0.000,    0.000,    0.000,    0.000,    0.018,    0.018,   -0.120,   -0.120,    0.000,    0.000,    0.000,    0.000,   -3.447,   -3.447,    0.324,    0.324,   -0.013,   -0.013,   -0.099,   -0.099,    0.003,    0.003
  217,2020090300,   -0.176,   -0.176,    0.000,    0.000,    0.000,    0.000,    0.018,    0.018,   -0.121,   -0.121,    0.000,    0.000,    0.000,    0.000,   -3.517,   -3.517,    0.324,    0.324,   -0.010,   -0.010,   -0.099,   -0.099,    0.005,    0.005
  217,2020090218,   -0.176,   -0.176,    0.000,    0.000,    0.000,    0.000,    0.017,    0.017,   -0.120,   -0.120,    0.000,    0.000,    0.000,    0.000,   -3.109,   -3.109,    0.325,    0.325,   -0.011,   -0.011,   -0.098,   -0.098,    0.006,    0.006
  217,2020090212,   -0.176,   -0.176,    0.000,    0.000,    0.000,    0.000,    0.016,    0.016,   -0.119,   -0.119,    0.000,    0.000,    0.000,    0.000,   -2.730,   -2.730,    0.327,    0.327,   -0.014,   -0.014,   -0.098,   -0.098,    0.004,    0.004
  217,2020090206,   -0.175,   -0.175,    0.000,    0.000,    0.000,    0.000,    0.017,    0.017,   -0.120,   -0.120,    0.000,    0.000,    0.000,    0.000,   -2.727,   -2.727,    0.327,    0.327,   -0.010,   -0.010,   -0.098,   -0.098,    0.005,    0.005
  217,2020090200,   -0.175,   -0.175,    0.000,    0.000,    0.000,    0.000,    0.017,    0.017,   -0.121,   -0.121,    0.000,    0.000,    0.000,    0.000,   -2.543,   -2.543,    0.326,    0.326,   -0.011,   -0.011,   -0.098,   -0.098,    0.005,    0.005
  217,2020090118,   -0.177,   -0.177,    0.000,    0.000,    0.000,    0.000,    0.015,    0.015,   -0.121,   -0.121,    0.000,    0.000,    0.000,    0.000,   -2.453,   -2.453,    0.322,    0.322,   -0.011,   -0.011,   -0.100,   -0.100,    0.005,    0.005
  217,2020090112,   -0.176,   -0.176,    0.000,    0.000,    0.000,    0.000,    0.014,    0.014,   -0.120,   -0.120,    0.000,    0.000,    0.000,    0.000,   -2.284,   -2.284,    0.320,    0.320,   -0.010,   -0.010,   -0.101,   -0.101,    0.005,    0.005
  217,2020090106,   -0.176,   -0.176,    0.000,    0.000,    0.000,    0.000,    0.014,    0.014,   -0.121,   -0.121,    0.000,    0.000,    0.000,    0.000,   -2.296,   -2.296,    0.323,    0.323,   -0.007,   -0.007,   -0.100,   -0.100,    0.007,    0.007
  217,2020090100,   -0.175,   -0.175,    0.000,    0.000,    0.000,    0.000,    0.015,    0.015,   -0.121,   -0.121,    0.000,    0.000,    0.000,    0.000,   -2.247,   -2.247,    0.327,    0.327,   -0.009,   -0.009,   -0.097,   -0.097,    0.006,    0.006
  217,2020083118,   -0.178,   -0.178,    0.000,    0.000,    0.000,    0.000,    0.014,    0.014,   -0.120,   -0.120,    0.000,    0.000,    0.000,    0.000,   -2.137,   -2.137,    0.327,    0.327,   -0.010,   -0.010,   -0.099,   -0.099,    0.004,    0.004
  217,2020083112,   -0.178,   -0.178,    0.000,    0.000,    0.000,    0.000,    0.014,    0.014,   -0.120,   -0.120,    0.000,    0.000,    0.000,    0.000,   -1.944,   -1.944,    0.325,    0.325,   -0.012,   -0.012,   -0.100,   -0.100,    0.003,    0.003
  217,2020083106,   -0.178,   -0.178,    0.000,    0.000,    0.000,    0.000,    0.015,    0.015,   -0.119,   -0.119,    0.000,    0.000,    0.000,    0.000,   -1.893,   -1.893,    0.325,    0.325,   -0.009,   -0.009,   -0.099,   -0.099,    0.004,    0.004
  217,2020083100,   -0.178,   -0.178,    0.000,    0.000,    0.000,    0.000,    0.017,    0.017,   -0.119,   -0.119,    0.000,    0.000,    0.000,    0.000,   -1.774,   -1.774,    0.326,    0.326,   -0.009,   -0.009,   -0.099,   -0.099,    0.004,    0.004
  217,2020083018,   -0.181,   -0.181,    0.000,    0.000,    0.000,    0.000,    0.017,    0.017,   -0.118,   -0.118,    0.000,    0.000,    0.000,    0.000,   -1.732,   -1.732,    0.320,    0.320,   -0.013,   -0.013,   -0.103,   -0.103,    0.001,    0.001
  217,2020083012,   -0.181,   -0.181,    0.000,    0.000,    0.000,    0.000,    0.017,    0.017,   -0.119,   -0.119,    0.000,    0.000,    0.000,    0.000,   -1.816,   -1.816,    0.325,    0.325,   -0.011,   -0.011,   -0.102,   -0.102,    0.002,    0.002
  217,2020083006,   -0.180,   -0.180,    0.000,    0.000,    0.000,    0.000,    0.017,    0.017,   -0.118,   -0.118,    0.000,    0.000,    0.000,    0.000,   -1.690,   -1.690,    0.325,    0.325,   -0.011,   -0.011,   -0.101,   -0.101,    0.001,    0.001
  217,2020083000,   -0.181,   -0.181,    0.000,    0.000,    0.000,    0.000,    0.018,    0.018,   -0.117,   -0.117,    0.000,    0.000,    0.000,    0.000,   -1.881,   -1.881,    0.327,    0.327,   -0.014,   -0.014,   -0.101,   -0.101,   -0.000,   -0.000
