  739,2020092000,    0.029,    0.029,    0.000,    0.000,    0.000,    0.000,   -0.478,   -0.478,    0.289,    0.289,    0.000,    0.000,    0.000,    0.000,    0.012,    0.012,   -0.290,   -0.290,    0.054,    0.054,    0.012,    0.012,   -0.012,   -0.012
  739,2020091918,    0.029,    0.029,    0.000,    0.000,    0.000,    0.000,   -0.474,   -0.474,    0.292,    0.292,    0.000,    0.000,    0.000,    0.000,    0.012,    0.012,   -0.287,   -0.287,    0.054,    0.054,    0.013,    0.013,   -0.013,   -0.013
  739,2020091912,    0.028,    0.028,    0.000,    0.000,    0.000,    0.000,   -0.471,   -0.471,    0.290,    0.290,    0.000,    0.000,    0.000,    0.000,    0.012,    0.012,   -0.295,   -0.295,    0.062,    0.062,    0.011,    0.011,   -0.010,   -0.010
  739,2020091906,    0.027,    0.027,    0.000,    0.000,    0.000,    0.000,   -0.473,   -0.473,    0.292,    0.292,    0.000,    0.000,    0.000,    0.000,    0.013,    0.013,   -0.301,   -0.301,    0.061,    0.061,    0.007,    0.007,   -0.010,   -0.010
  739,2020091900,    0.027,    0.027,    0.000,    0.000,    0.000,    0.000,   -0.473,   -0.473,    0.293,    0.293,    0.000,    0.000,    0.000,    0.000,    0.012,    0.012,   -0.303,   -0.303,    0.055,    0.055,    0.007,    0.007,   -0.013,   -0.013
  739,2020091818,    0.027,    0.027,    0.000,    0.000,    0.000,    0.000,   -0.474,   -0.474,    0.293,    0.293,    0.000,    0.000,    0.000,    0.000,    0.012,    0.012,   -0.308,   -0.308,    0.058,    0.058,    0.004,    0.004,   -0.012,   -0.012
  739,2020091812,    0.027,    0.027,    0.000,    0.000,    0.000,    0.000,   -0.470,   -0.470,    0.291,    0.291,    0.000,    0.000,    0.000,    0.000,    0.012,    0.012,   -0.303,   -0.303,    0.058,    0.058,    0.006,    0.006,   -0.010,   -0.010
  739,2020091806,    0.027,    0.027,    0.000,    0.000,    0.000,    0.000,   -0.475,   -0.475,    0.289,    0.289,    0.000,    0.000,    0.000,    0.000,    0.012,    0.012,   -0.309,   -0.309,    0.054,    0.054,    0.004,    0.004,   -0.012,   -0.012
  739,2020091800,    0.027,    0.027,    0.000,    0.000,    0.000,    0.000,   -0.473,   -0.473,    0.292,    0.292,    0.000,    0.000,    0.000,    0.000,    0.012,    0.012,   -0.303,   -0.303,    0.051,    0.051,    0.006,    0.006,   -0.014,   -0.014
  739,2020091718,    0.028,    0.028,    0.000,    0.000,    0.000,    0.000,   -0.471,   -0.471,    0.292,    0.292,    0.000,    0.000,    0.000,    0.000,    0.013,    0.013,   -0.300,   -0.300,    0.052,    0.052,    0.007,    0.007,   -0.014,   -0.014
  739,2020091712,    0.027,    0.027,    0.000,    0.000,    0.000,    0.000,   -0.474,   -0.474,    0.288,    0.288,    0.000,    0.000,    0.000,    0.000,    0.012,    0.012,   -0.303,   -0.303,    0.044,    0.044,    0.007,    0.007,   -0.017,   -0.017
  739,2020091706,    0.026,    0.026,    0.000,    0.000,    0.000,    0.000,   -0.472,   -0.472,    0.285,    0.285,    0.000,    0.000,    0.000,    0.000,    0.013,    0.013,   -0.302,   -0.302,    0.042,    0.042,    0.008,    0.008,   -0.018,   -0.018
  739,2020091700,    0.026,    0.026,    0.000,    0.000,    0.000,    0.000,   -0.471,   -0.471,    0.289,    0.289,    0.000,    0.000,    0.000,    0.000,    0.012,    0.012,   -0.306,   -0.306,    0.043,    0.043,    0.006,    0.006,   -0.017,   -0.017
  739,2020091618,    0.027,    0.027,    0.000,    0.000,    0.000,    0.000,   -0.464,   -0.464,    0.287,    0.287,    0.000,    0.000,    0.000,    0.000,    0.013,    0.013,   -0.300,   -0.300,    0.041,    0.041,    0.009,    0.009,   -0.018,   -0.018
  739,2020091612,    0.027,    0.027,    0.000,    0.000,    0.000,    0.000,   -0.459,   -0.459,    0.285,    0.285,    0.000,    0.000,    0.000,    0.000,    0.012,    0.012,   -0.299,   -0.299,    0.040,    0.040,    0.009,    0.009,   -0.019,   -0.019
  739,2020091606,    0.027,    0.027,    0.000,    0.000,    0.000,    0.000,   -0.461,   -0.461,    0.280,    0.280,    0.000,    0.000,    0.000,    0.000,    0.013,    0.013,   -0.300,   -0.300,    0.037,    0.037,    0.008,    0.008,   -0.020,   -0.020
  739,2020091600,    0.027,    0.027,    0.000,    0.000,    0.000,    0.000,   -0.462,   -0.462,    0.279,    0.279,    0.000,    0.000,    0.000,    0.000,    0.013,    0.013,   -0.304,   -0.304,    0.036,    0.036,    0.006,    0.006,   -0.021,   -0.021
  739,2020091518,    0.026,    0.026,    0.000,    0.000,    0.000,    0.000,   -0.470,   -0.470,    0.276,    0.276,    0.000,    0.000,    0.000,    0.000,    0.013,    0.013,   -0.307,   -0.307,    0.031,    0.031,    0.004,    0.004,   -0.022,   -0.022
  739,2020091512,    0.027,    0.027,    0.000,    0.000,    0.000,    0.000,   -0.465,   -0.465,    0.275,    0.275,    0.000,    0.000,    0.000,    0.000,    0.013,    0.013,   -0.303,   -0.303,    0.031,    0.031,    0.006,    0.006,   -0.022,   -0.022
  739,2020091506,    0.027,    0.027,    0.000,    0.000,    0.000,    0.000,   -0.470,   -0.470,    0.272,    0.272,    0.000,    0.000,    0.000,    0.000,    0.013,    0.013,   -0.309,   -0.309,    0.032,    0.032,    0.004,    0.004,   -0.022,   -0.022
  739,2020091500,    0.027,    0.027,    0.000,    0.000,    0.000,    0.000,   -0.466,   -0.466,    0.275,    0.275,    0.000,    0.000,    0.000,    0.000,    0.013,    0.013,   -0.301,   -0.301,    0.031,    0.031,    0.006,    0.006,   -0.023,   -0.023
  739,2020091418,    0.027,    0.027,    0.000,    0.000,    0.000,    0.000,   -0.464,   -0.464,    0.275,    0.275,    0.000,    0.000,    0.000,    0.000,    0.013,    0.013,   -0.308,   -0.308,    0.032,    0.032,    0.003,    0.003,   -0.022,   -0.022
  739,2020091412,    0.029,    0.029,    0.000,    0.000,    0.000,    0.000,   -0.456,   -0.456,    0.276,    0.276,    0.000,    0.000,    0.000,    0.000,    0.013,    0.013,   -0.306,   -0.306,    0.039,    0.039,    0.005,    0.005,   -0.020,   -0.020
  739,2020091406,    0.028,    0.028,    0.000,    0.000,    0.000,    0.000,   -0.452,   -0.452,    0.276,    0.276,    0.000,    0.000,    0.000,    0.000,    0.014,    0.014,   -0.305,   -0.305,    0.042,    0.042,    0.006,    0.006,   -0.019,   -0.019
  739,2020091400,    0.029,    0.029,    0.000,    0.000,    0.000,    0.000,   -0.451,   -0.451,    0.277,    0.277,    0.000,    0.000,    0.000,    0.000,    0.014,    0.014,   -0.299,   -0.299,    0.044,    0.044,    0.009,    0.009,   -0.019,   -0.019
  739,2020091318,    0.030,    0.030,    0.000,    0.000,    0.000,    0.000,   -0.447,   -0.447,    0.276,    0.276,    0.000,    0.000,    0.000,    0.000,    0.014,    0.014,   -0.289,   -0.289,    0.048,    0.048,    0.013,    0.013,   -0.018,   -0.018
  739,2020091312,    0.028,    0.028,    0.000,    0.000,    0.000,    0.000,   -0.446,   -0.446,    0.274,    0.274,    0.000,    0.000,    0.000,    0.000,    0.013,    0.013,   -0.303,   -0.303,    0.051,    0.051,    0.007,    0.007,   -0.016,   -0.016
  739,2020091306,    0.027,    0.027,    0.000,    0.000,    0.000,    0.000,   -0.451,   -0.451,    0.274,    0.274,    0.000,    0.000,    0.000,    0.000,    0.013,    0.013,   -0.305,   -0.305,    0.049,    0.049,    0.005,    0.005,   -0.017,   -0.017
  739,2020091300,    0.029,    0.029,    0.000,    0.000,    0.000,    0.000,   -0.451,   -0.451,    0.274,    0.274,    0.000,    0.000,    0.000,    0.000,    0.013,    0.013,   -0.298,   -0.298,    0.050,    0.050,    0.009,    0.009,   -0.017,   -0.017
  739,2020091218,    0.029,    0.029,    0.000,    0.000,    0.000,    0.000,   -0.448,   -0.448,    0.275,    0.275,    0.000,    0.000,    0.000,    0.000,    0.014,    0.014,   -0.293,   -0.293,    0.050,    0.050,    0.011,    0.011,   -0.017,   -0.017
  739,2020091212,    0.027,    0.027,    0.000,    0.000,    0.000,    0.000,   -0.452,   -0.452,    0.273,    0.273,    0.000,    0.000,    0.000,    0.000,    0.013,    0.013,   -0.298,   -0.298,    0.051,    0.051,    0.008,    0.008,   -0.016,   -0.016
  739,2020091206,    0.027,    0.027,    0.000,    0.000,    0.000,    0.000,   -0.451,   -0.451,    0.270,    0.270,    0.000,    0.000,    0.000,    0.000,    0.013,    0.013,   -0.291,   -0.291,    0.057,    0.057,    0.011,    0.011,   -0.014,   -0.014
  739,2020091200,    0.027,    0.027,    0.000,    0.000,    0.000,    0.000,   -0.451,   -0.451,    0.270,    0.270,    0.000,    0.000,    0.000,    0.000,    0.013,    0.013,   -0.292,   -0.292,    0.058,    0.058,    0.011,    0.011,   -0.014,   -0.014
  739,2020091118,    0.027,    0.027,    0.000,    0.000,    0.000,    0.000,   -0.456,   -0.456,    0.269,    0.269,    0.000,    0.000,    0.000,    0.000,    0.013,    0.013,   -0.296,   -0.296,    0.052,    0.052,    0.009,    0.009,   -0.016,   -0.016
  739,2020091112,    0.028,    0.028,    0.000,    0.000,    0.000,    0.000,   -0.451,   -0.451,    0.269,    0.269,    0.000,    0.000,    0.000,    0.000,    0.013,    0.013,   -0.289,   -0.289,    0.051,    0.051,    0.012,    0.012,   -0.016,   -0.016
  739,2020091106,    0.027,    0.027,    0.000,    0.000,    0.000,    0.000,   -0.461,   -0.461,    0.264,    0.264,    0.000,    0.000,    0.000,    0.000,    0.013,    0.013,   -0.289,   -0.289,    0.054,    0.054,    0.012,    0.012,   -0.015,   -0.015
  739,2020091100,    0.029,    0.029,    0.000,    0.000,    0.000,    0.000,   -0.459,   -0.459,    0.266,    0.266,    0.000,    0.000,    0.000,    0.000,    0.013,    0.013,   -0.279,   -0.279,    0.051,    0.051,    0.017,    0.017,   -0.016,   -0.016
  739,2020091018,    0.028,    0.028,    0.000,    0.000,    0.000,    0.000,   -0.466,   -0.466,    0.264,    0.264,    0.000,    0.000,    0.000,    0.000,    0.014,    0.014,   -0.283,   -0.283,    0.052,    0.052,    0.014,    0.014,   -0.015,   -0.015
  739,2020091012,    0.029,    0.029,    0.000,    0.000,    0.000,    0.000,   -0.462,   -0.462,    0.265,    0.265,    0.000,    0.000,    0.000,    0.000,    0.014,    0.014,   -0.288,   -0.288,    0.051,    0.051,    0.014,    0.014,   -0.016,   -0.016
  739,2020091006,    0.028,    0.028,    0.000,    0.000,    0.000,    0.000,   -0.463,   -0.463,    0.264,    0.264,    0.000,    0.000,    0.000,    0.000,    0.014,    0.014,   -0.290,   -0.290,    0.046,    0.046,    0.013,    0.013,   -0.017,   -0.017
  739,2020091000,    0.030,    0.030,    0.000,    0.000,    0.000,    0.000,   -0.461,   -0.461,    0.267,    0.267,    0.000,    0.000,    0.000,    0.000,    0.014,    0.014,   -0.279,   -0.279,    0.047,    0.047,    0.019,    0.019,   -0.017,   -0.017
  739,2020090918,    0.030,    0.030,    0.000,    0.000,    0.000,    0.000,   -0.461,   -0.461,    0.263,    0.263,    0.000,    0.000,    0.000,    0.000,    0.014,    0.014,   -0.278,   -0.278,    0.046,    0.046,    0.018,    0.018,   -0.017,   -0.017
  739,2020090912,    0.031,    0.031,    0.000,    0.000,    0.000,    0.000,   -0.456,   -0.456,    0.266,    0.266,    0.000,    0.000,    0.000,    0.000,    0.014,    0.014,   -0.272,   -0.272,    0.050,    0.050,    0.021,    0.021,   -0.016,   -0.016
  739,2020090906,    0.029,    0.029,    0.000,    0.000,    0.000,    0.000,   -0.461,   -0.461,    0.261,    0.261,    0.000,    0.000,    0.000,    0.000,    0.015,    0.015,   -0.279,   -0.279,    0.047,    0.047,    0.017,    0.017,   -0.017,   -0.017
  739,2020090900,    0.030,    0.030,    0.000,    0.000,    0.000,    0.000,   -0.459,   -0.459,    0.266,    0.266,    0.000,    0.000,    0.000,    0.000,    0.014,    0.014,   -0.266,   -0.266,    0.044,    0.044,    0.023,    0.023,   -0.019,   -0.019
  739,2020090818,    0.030,    0.030,    0.000,    0.000,    0.000,    0.000,   -0.458,   -0.458,    0.264,    0.264,    0.000,    0.000,    0.000,    0.000,    0.015,    0.015,   -0.271,   -0.271,    0.043,    0.043,    0.020,    0.020,   -0.020,   -0.020
  739,2020090812,    0.029,    0.029,    0.000,    0.000,    0.000,    0.000,   -0.460,   -0.460,    0.266,    0.266,    0.000,    0.000,    0.000,    0.000,    0.014,    0.014,   -0.275,   -0.275,    0.047,    0.047,    0.018,    0.018,   -0.018,   -0.018
  739,2020090806,    0.027,    0.027,    0.000,    0.000,    0.000,    0.000,   -0.466,   -0.466,    0.263,    0.263,    0.000,    0.000,    0.000,    0.000,    0.015,    0.015,   -0.273,   -0.273,    0.047,    0.047,    0.018,    0.018,   -0.019,   -0.019
  739,2020090800,    0.027,    0.027,    0.000,    0.000,    0.000,    0.000,   -0.465,   -0.465,    0.265,    0.265,    0.000,    0.000,    0.000,    0.000,    0.015,    0.015,   -0.273,   -0.273,    0.047,    0.047,    0.017,    0.017,   -0.020,   -0.020
  739,2020090718,    0.029,    0.029,    0.000,    0.000,    0.000,    0.000,   -0.454,   -0.454,    0.266,    0.266,    0.000,    0.000,    0.000,    0.000,    0.015,    0.015,   -0.269,   -0.269,    0.045,    0.045,    0.020,    0.020,   -0.020,   -0.020
  739,2020090712,    0.027,    0.027,    0.000,    0.000,    0.000,    0.000,   -0.456,   -0.456,    0.266,    0.266,    0.000,    0.000,    0.000,    0.000,    0.014,    0.014,   -0.276,   -0.276,    0.044,    0.044,    0.016,    0.016,   -0.021,   -0.021
  739,2020090706,    0.026,    0.026,    0.000,    0.000,    0.000,    0.000,   -0.460,   -0.460,    0.265,    0.265,    0.000,    0.000,    0.000,    0.000,    0.014,    0.014,   -0.277,   -0.277,    0.048,    0.048,    0.014,    0.014,   -0.019,   -0.019
  739,2020090700,    0.027,    0.027,    0.000,    0.000,    0.000,    0.000,   -0.458,   -0.458,    0.263,    0.263,    0.000,    0.000,    0.000,    0.000,    0.015,    0.015,   -0.275,   -0.275,    0.045,    0.045,    0.016,    0.016,   -0.020,   -0.020
  739,2020090618,    0.028,    0.028,    0.000,    0.000,    0.000,    0.000,   -0.460,   -0.460,    0.261,    0.261,    0.000,    0.000,    0.000,    0.000,    0.015,    0.015,   -0.271,   -0.271,    0.047,    0.047,    0.018,    0.018,   -0.019,   -0.019
  739,2020090612,    0.029,    0.029,    0.000,    0.000,    0.000,    0.000,   -0.457,   -0.457,    0.260,    0.260,    0.000,    0.000,    0.000,    0.000,    0.015,    0.015,   -0.268,   -0.268,    0.043,    0.043,    0.019,    0.019,   -0.020,   -0.020
  739,2020090606,    0.029,    0.029,    0.000,    0.000,    0.000,    0.000,   -0.459,   -0.459,    0.255,    0.255,    0.000,    0.000,    0.000,    0.000,    0.016,    0.016,   -0.270,   -0.270,    0.051,    0.051,    0.018,    0.018,   -0.017,   -0.017
  739,2020090600,    0.029,    0.029,    0.000,    0.000,    0.000,    0.000,   -0.455,   -0.455,    0.256,    0.256,    0.000,    0.000,    0.000,    0.000,    0.015,    0.015,   -0.263,   -0.263,    0.047,    0.047,    0.021,    0.021,   -0.018,   -0.018
  739,2020090518,    0.029,    0.029,    0.000,    0.000,    0.000,    0.000,   -0.459,   -0.459,    0.252,    0.252,    0.000,    0.000,    0.000,    0.000,    0.015,    0.015,   -0.263,   -0.263,    0.046,    0.046,    0.021,    0.021,   -0.019,   -0.019
  739,2020090512,    0.028,    0.028,    0.000,    0.000,    0.000,    0.000,   -0.461,   -0.461,    0.249,    0.249,    0.000,    0.000,    0.000,    0.000,    0.014,    0.014,   -0.269,   -0.269,    0.046,    0.046,    0.019,    0.019,   -0.019,   -0.019
  739,2020090506,    0.028,    0.028,    0.000,    0.000,    0.000,    0.000,   -0.464,   -0.464,    0.249,    0.249,    0.000,    0.000,    0.000,    0.000,    0.014,    0.014,   -0.271,   -0.271,    0.047,    0.047,    0.018,    0.018,   -0.018,   -0.018
  739,2020090500,    0.030,    0.030,    0.000,    0.000,    0.000,    0.000,   -0.458,   -0.458,    0.251,    0.251,    0.000,    0.000,    0.000,    0.000,    0.013,    0.013,   -0.257,   -0.257,    0.044,    0.044,    0.024,    0.024,   -0.020,   -0.020
  739,2020090418,    0.031,    0.031,    0.000,    0.000,    0.000,    0.000,   -0.459,   -0.459,    0.247,    0.247,    0.000,    0.000,    0.000,    0.000,    0.014,    0.014,   -0.252,   -0.252,    0.047,    0.047,    0.027,    0.027,   -0.019,   -0.019
  739,2020090412,    0.030,    0.030,    0.000,    0.000,    0.000,    0.000,   -0.459,   -0.459,    0.244,    0.244,    0.000,    0.000,    0.000,    0.000,    0.014,    0.014,   -0.263,   -0.263,    0.051,    0.051,    0.022,    0.022,   -0.016,   -0.016
  739,2020090406,    0.030,    0.030,    0.000,    0.000,    0.000,    0.000,   -0.462,   -0.462,    0.242,    0.242,    0.000,    0.000,    0.000,    0.000,    0.014,    0.014,   -0.268,   -0.268,    0.050,    0.050,    0.020,    0.020,   -0.016,   -0.016
  739,2020090400,    0.031,    0.031,    0.000,    0.000,    0.000,    0.000,   -0.463,   -0.463,    0.242,    0.242,    0.000,    0.000,    0.000,    0.000,    0.014,    0.014,   -0.255,   -0.255,    0.052,    0.052,    0.026,    0.026,   -0.016,   -0.016
  739,2020090318,    0.032,    0.032,    0.000,    0.000,    0.000,    0.000,   -0.467,   -0.467,    0.238,    0.238,    0.000,    0.000,    0.000,    0.000,    0.014,    0.014,   -0.255,   -0.255,    0.046,    0.046,    0.027,    0.027,   -0.019,   -0.019
  739,2020090312,    0.032,    0.032,    0.000,    0.000,    0.000,    0.000,   -0.464,   -0.464,    0.237,    0.237,    0.000,    0.000,    0.000,    0.000,    0.014,    0.014,   -0.258,   -0.258,    0.051,    0.051,    0.025,    0.025,   -0.017,   -0.017
  739,2020090306,    0.032,    0.032,    0.000,    0.000,    0.000,    0.000,   -0.463,   -0.463,    0.241,    0.241,    0.000,    0.000,    0.000,    0.000,    0.014,    0.014,   -0.251,   -0.251,    0.048,    0.048,    0.028,    0.028,   -0.018,   -0.018
  739,2020090300,    0.033,    0.033,    0.000,    0.000,    0.000,    0.000,   -0.462,   -0.462,    0.241,    0.241,    0.000,    0.000,    0.000,    0.000,    0.015,    0.015,   -0.238,   -0.238,    0.050,    0.050,    0.034,    0.034,   -0.017,   -0.017
  739,2020090218,    0.034,    0.034,    0.000,    0.000,    0.000,    0.000,   -0.464,   -0.464,    0.238,    0.238,    0.000,    0.000,    0.000,    0.000,    0.015,    0.015,   -0.242,   -0.242,    0.052,    0.052,    0.032,    0.032,   -0.015,   -0.015
  739,2020090212,    0.034,    0.034,    0.000,    0.000,    0.000,    0.000,   -0.466,   -0.466,    0.237,    0.237,    0.000,    0.000,    0.000,    0.000,    0.015,    0.015,   -0.235,   -0.235,    0.057,    0.057,    0.035,    0.035,   -0.013,   -0.013
  739,2020090206,    0.034,    0.034,    0.000,    0.000,    0.000,    0.000,   -0.474,   -0.474,    0.233,    0.233,    0.000,    0.000,    0.000,    0.000,    0.015,    0.015,   -0.235,   -0.235,    0.055,    0.055,    0.035,    0.035,   -0.013,   -0.013
  739,2020090200,    0.034,    0.034,    0.000,    0.000,    0.000,    0.000,   -0.474,   -0.474,    0.229,    0.229,    0.000,    0.000,    0.000,    0.000,    0.015,    0.015,   -0.235,   -0.235,    0.053,    0.053,    0.036,    0.036,   -0.015,   -0.015
  739,2020090118,    0.033,    0.033,    0.000,    0.000,    0.000,    0.000,   -0.482,   -0.482,    0.223,    0.223,    0.000,    0.000,    0.000,    0.000,    0.016,    0.016,   -0.240,   -0.240,    0.054,    0.054,    0.033,    0.033,   -0.015,   -0.015
  739,2020090112,    0.033,    0.033,    0.000,    0.000,    0.000,    0.000,   -0.484,   -0.484,    0.219,    0.219,    0.000,    0.000,    0.000,    0.000,    0.015,    0.015,   -0.234,   -0.234,    0.055,    0.055,    0.036,    0.036,   -0.015,   -0.015
  739,2020090106,    0.033,    0.033,    0.000,    0.000,    0.000,    0.000,   -0.497,   -0.497,    0.212,    0.212,    0.000,    0.000,    0.000,    0.000,    0.016,    0.016,   -0.235,   -0.235,    0.050,    0.050,    0.035,    0.035,   -0.016,   -0.016
  739,2020090100,    0.033,    0.033,    0.000,    0.000,    0.000,    0.000,   -0.500,   -0.500,    0.209,    0.209,    0.000,    0.000,    0.000,    0.000,    0.016,    0.016,   -0.234,   -0.234,    0.043,    0.043,    0.035,    0.035,   -0.019,   -0.019
  739,2020083118,    0.033,    0.033,    0.000,    0.000,    0.000,    0.000,   -0.502,   -0.502,    0.207,    0.207,    0.000,    0.000,    0.000,    0.000,    0.016,    0.016,   -0.236,   -0.236,    0.044,    0.044,    0.034,    0.034,   -0.018,   -0.018
  739,2020083112,    0.034,    0.034,    0.000,    0.000,    0.000,    0.000,   -0.503,   -0.503,    0.204,    0.204,    0.000,    0.000,    0.000,    0.000,    0.017,    0.017,   -0.232,   -0.232,    0.052,    0.052,    0.036,    0.036,   -0.016,   -0.016
  739,2020083106,    0.032,    0.032,    0.000,    0.000,    0.000,    0.000,   -0.511,   -0.511,    0.201,    0.201,    0.000,    0.000,    0.000,    0.000,    0.017,    0.017,   -0.235,   -0.235,    0.044,    0.044,    0.034,    0.034,   -0.019,   -0.019
  739,2020083100,    0.033,    0.033,    0.000,    0.000,    0.000,    0.000,   -0.516,   -0.516,    0.203,    0.203,    0.000,    0.000,    0.000,    0.000,    0.017,    0.017,   -0.230,   -0.230,    0.042,    0.042,    0.037,    0.037,   -0.019,   -0.019
  739,2020083018,    0.032,    0.032,    0.000,    0.000,    0.000,    0.000,   -0.528,   -0.528,    0.198,    0.198,    0.000,    0.000,    0.000,    0.000,    0.016,    0.016,   -0.234,   -0.234,    0.042,    0.042,    0.036,    0.036,   -0.019,   -0.019
  739,2020083012,    0.032,    0.032,    0.000,    0.000,    0.000,    0.000,   -0.535,   -0.535,    0.194,    0.194,    0.000,    0.000,    0.000,    0.000,    0.016,    0.016,   -0.236,   -0.236,    0.048,    0.048,    0.034,    0.034,   -0.016,   -0.016
  739,2020083006,    0.031,    0.031,    0.000,    0.000,    0.000,    0.000,   -0.543,   -0.543,    0.188,    0.188,    0.000,    0.000,    0.000,    0.000,    0.017,    0.017,   -0.242,   -0.242,    0.047,    0.047,    0.032,    0.032,   -0.017,   -0.017
  739,2020083000,    0.033,    0.033,    0.000,    0.000,    0.000,    0.000,   -0.547,   -0.547,    0.183,    0.183,    0.000,    0.000,    0.000,    0.000,    0.018,    0.018,   -0.235,   -0.235,    0.048,    0.048,    0.036,    0.036,   -0.016,   -0.016
