 5558,2020092000,    0.547,    0.547,    0.000,    0.000,    0.000,    0.000,   -0.296,   -0.296,    0.208,    0.208,    0.000,    0.000,    0.000,    0.000,    0.022,    0.022,   -0.147,   -0.147,   -0.052,   -0.052,    0.227,    0.227,    0.003,    0.003
 5558,2020091918,    0.549,    0.549,    0.000,    0.000,    0.000,    0.000,   -0.292,   -0.292,    0.208,    0.208,    0.000,    0.000,    0.000,    0.000,    0.023,    0.023,   -0.133,   -0.133,   -0.056,   -0.056,    0.234,    0.234,    0.001,    0.001
 5558,2020091912,    0.548,    0.548,    0.000,    0.000,    0.000,    0.000,   -0.295,   -0.295,    0.204,    0.204,    0.000,    0.000,    0.000,    0.000,    0.024,    0.024,   -0.135,   -0.135,   -0.057,   -0.057,    0.234,    0.234,    0.001,    0.001
 5558,2020091906,    0.550,    0.550,    0.000,    0.000,    0.000,    0.000,   -0.293,   -0.293,    0.206,    0.206,    0.000,    0.000,    0.000,    0.000,    0.025,    0.025,   -0.130,   -0.130,   -0.056,   -0.056,    0.237,    0.237,    0.002,    0.002
 5558,2020091900,    0.546,    0.546,    0.000,    0.000,    0.000,    0.000,   -0.299,   -0.299,    0.204,    0.204,    0.000,    0.000,    0.000,    0.000,    0.022,    0.022,   -0.139,   -0.139,   -0.058,   -0.058,    0.232,    0.232,    0.002,    0.002
 5558,2020091818,    0.547,    0.547,    0.000,    0.000,    0.000,    0.000,   -0.295,   -0.295,    0.206,    0.206,    0.000,    0.000,    0.000,    0.000,    0.024,    0.024,   -0.136,   -0.136,   -0.055,   -0.055,    0.233,    0.233,    0.004,    0.004
 5558,2020091812,    0.549,    0.549,    0.000,    0.000,    0.000,    0.000,   -0.295,   -0.295,    0.203,    0.203,    0.000,    0.000,    0.000,    0.000,    0.025,    0.025,   -0.132,   -0.132,   -0.058,   -0.058,    0.236,    0.236,    0.003,    0.003
 5558,2020091806,    0.549,    0.549,    0.000,    0.000,    0.000,    0.000,   -0.291,   -0.291,    0.205,    0.205,    0.000,    0.000,    0.000,    0.000,    0.026,    0.026,   -0.126,   -0.126,   -0.062,   -0.062,    0.239,    0.239,    0.001,    0.001
 5558,2020091800,    0.551,    0.551,    0.000,    0.000,    0.000,    0.000,   -0.288,   -0.288,    0.205,    0.205,    0.000,    0.000,    0.000,    0.000,    0.024,    0.024,   -0.118,   -0.118,   -0.059,   -0.059,    0.243,    0.243,    0.003,    0.003
 5558,2020091718,    0.551,    0.551,    0.000,    0.000,    0.000,    0.000,   -0.285,   -0.285,    0.207,    0.207,    0.000,    0.000,    0.000,    0.000,    0.025,    0.025,   -0.119,   -0.119,   -0.059,   -0.059,    0.243,    0.243,    0.003,    0.003
 5558,2020091712,    0.551,    0.551,    0.000,    0.000,    0.000,    0.000,   -0.283,   -0.283,    0.205,    0.205,    0.000,    0.000,    0.000,    0.000,    0.025,    0.025,   -0.120,   -0.120,   -0.062,   -0.062,    0.242,    0.242,    0.002,    0.002
 5558,2020091706,    0.549,    0.549,    0.000,    0.000,    0.000,    0.000,   -0.288,   -0.288,    0.205,    0.205,    0.000,    0.000,    0.000,    0.000,    0.025,    0.025,   -0.121,   -0.121,   -0.064,   -0.064,    0.241,    0.241,    0.001,    0.001
 5558,2020091700,    0.549,    0.549,    0.000,    0.000,    0.000,    0.000,   -0.286,   -0.286,    0.203,    0.203,    0.000,    0.000,    0.000,    0.000,    0.022,    0.022,   -0.123,   -0.123,   -0.071,   -0.071,    0.240,    0.240,   -0.001,   -0.001
 5558,2020091618,    0.549,    0.549,    0.000,    0.000,    0.000,    0.000,   -0.284,   -0.284,    0.203,    0.203,    0.000,    0.000,    0.000,    0.000,    0.022,    0.022,   -0.129,   -0.129,   -0.062,   -0.062,    0.237,    0.237,    0.002,    0.002
 5558,2020091612,    0.549,    0.549,    0.000,    0.000,    0.000,    0.000,   -0.282,   -0.282,    0.199,    0.199,    0.000,    0.000,    0.000,    0.000,    0.024,    0.024,   -0.122,   -0.122,   -0.056,   -0.056,    0.240,    0.240,    0.005,    0.005
 5558,2020091606,    0.548,    0.548,    0.000,    0.000,    0.000,    0.000,   -0.289,   -0.289,    0.199,    0.199,    0.000,    0.000,    0.000,    0.000,    0.024,    0.024,   -0.124,   -0.124,   -0.053,   -0.053,    0.237,    0.237,    0.005,    0.005
 5558,2020091600,    0.548,    0.548,    0.000,    0.000,    0.000,    0.000,   -0.289,   -0.289,    0.195,    0.195,    0.000,    0.000,    0.000,    0.000,    0.023,    0.023,   -0.127,   -0.127,   -0.058,   -0.058,    0.237,    0.237,    0.002,    0.002
 5558,2020091518,    0.547,    0.547,    0.000,    0.000,    0.000,    0.000,   -0.290,   -0.290,    0.197,    0.197,    0.000,    0.000,    0.000,    0.000,    0.024,    0.024,   -0.134,   -0.134,   -0.060,   -0.060,    0.233,    0.233,    0.002,    0.002
 5558,2020091512,    0.548,    0.548,    0.000,    0.000,    0.000,    0.000,   -0.286,   -0.286,    0.196,    0.196,    0.000,    0.000,    0.000,    0.000,    0.025,    0.025,   -0.135,   -0.135,   -0.061,   -0.061,    0.234,    0.234,    0.001,    0.001
 5558,2020091506,    0.548,    0.548,    0.000,    0.000,    0.000,    0.000,   -0.286,   -0.286,    0.196,    0.196,    0.000,    0.000,    0.000,    0.000,    0.027,    0.027,   -0.142,   -0.142,   -0.057,   -0.057,    0.230,    0.230,    0.002,    0.002
 5558,2020091500,    0.548,    0.548,    0.000,    0.000,    0.000,    0.000,   -0.286,   -0.286,    0.200,    0.200,    0.000,    0.000,    0.000,    0.000,    0.023,    0.023,   -0.137,   -0.137,   -0.066,   -0.066,    0.232,    0.232,   -0.002,   -0.002
 5558,2020091418,    0.547,    0.547,    0.000,    0.000,    0.000,    0.000,   -0.285,   -0.285,    0.199,    0.199,    0.000,    0.000,    0.000,    0.000,    0.024,    0.024,   -0.140,   -0.140,   -0.056,   -0.056,    0.231,    0.231,    0.002,    0.002
 5558,2020091412,    0.548,    0.548,    0.000,    0.000,    0.000,    0.000,   -0.284,   -0.284,    0.197,    0.197,    0.000,    0.000,    0.000,    0.000,    0.026,    0.026,   -0.141,   -0.141,   -0.052,   -0.052,    0.231,    0.231,    0.003,    0.003
 5558,2020091406,    0.548,    0.548,    0.000,    0.000,    0.000,    0.000,   -0.282,   -0.282,    0.199,    0.199,    0.000,    0.000,    0.000,    0.000,    0.027,    0.027,   -0.141,   -0.141,   -0.052,   -0.052,    0.232,    0.232,    0.001,    0.001
 5558,2020091400,    0.548,    0.548,    0.000,    0.000,    0.000,    0.000,   -0.283,   -0.283,    0.197,    0.197,    0.000,    0.000,    0.000,    0.000,    0.025,    0.025,   -0.143,   -0.143,   -0.052,   -0.052,    0.230,    0.230,    0.001,    0.001
 5558,2020091318,    0.549,    0.549,    0.000,    0.000,    0.000,    0.000,   -0.278,   -0.278,    0.198,    0.198,    0.000,    0.000,    0.000,    0.000,    0.025,    0.025,   -0.133,   -0.133,   -0.049,   -0.049,    0.235,    0.235,    0.002,    0.002
 5558,2020091312,    0.547,    0.547,    0.000,    0.000,    0.000,    0.000,   -0.284,   -0.284,    0.192,    0.192,    0.000,    0.000,    0.000,    0.000,    0.026,    0.026,   -0.151,   -0.151,   -0.045,   -0.045,    0.226,    0.226,    0.003,    0.003
 5558,2020091306,    0.549,    0.549,    0.000,    0.000,    0.000,    0.000,   -0.280,   -0.280,    0.191,    0.191,    0.000,    0.000,    0.000,    0.000,    0.028,    0.028,   -0.139,   -0.139,   -0.054,   -0.054,    0.233,    0.233,   -0.001,   -0.001
 5558,2020091300,    0.549,    0.549,    0.000,    0.000,    0.000,    0.000,   -0.284,   -0.284,    0.188,    0.188,    0.000,    0.000,    0.000,    0.000,    0.025,    0.025,   -0.139,   -0.139,   -0.049,   -0.049,    0.234,    0.234,    0.002,    0.002
 5558,2020091218,    0.550,    0.550,    0.000,    0.000,    0.000,    0.000,   -0.282,   -0.282,    0.189,    0.189,    0.000,    0.000,    0.000,    0.000,    0.026,    0.026,   -0.135,   -0.135,   -0.051,   -0.051,    0.235,    0.235,    0.000,    0.000
 5558,2020091212,    0.548,    0.548,    0.000,    0.000,    0.000,    0.000,   -0.287,   -0.287,    0.187,    0.187,    0.000,    0.000,    0.000,    0.000,    0.026,    0.026,   -0.149,   -0.149,   -0.047,   -0.047,    0.228,    0.228,    0.003,    0.003
 5558,2020091206,    0.548,    0.548,    0.000,    0.000,    0.000,    0.000,   -0.290,   -0.290,    0.188,    0.188,    0.000,    0.000,    0.000,    0.000,    0.026,    0.026,   -0.144,   -0.144,   -0.047,   -0.047,    0.231,    0.231,    0.003,    0.003
 5558,2020091200,    0.548,    0.548,    0.000,    0.000,    0.000,    0.000,   -0.292,   -0.292,    0.185,    0.185,    0.000,    0.000,    0.000,    0.000,    0.025,    0.025,   -0.143,   -0.143,   -0.043,   -0.043,    0.231,    0.231,    0.005,    0.005
 5558,2020091118,    0.549,    0.549,    0.000,    0.000,    0.000,    0.000,   -0.290,   -0.290,    0.187,    0.187,    0.000,    0.000,    0.000,    0.000,    0.025,    0.025,   -0.136,   -0.136,   -0.046,   -0.046,    0.234,    0.234,    0.003,    0.003
 5558,2020091112,    0.548,    0.548,    0.000,    0.000,    0.000,    0.000,   -0.295,   -0.295,    0.187,    0.187,    0.000,    0.000,    0.000,    0.000,    0.026,    0.026,   -0.141,   -0.141,   -0.041,   -0.041,    0.231,    0.231,    0.006,    0.006
 5558,2020091106,    0.548,    0.548,    0.000,    0.000,    0.000,    0.000,   -0.296,   -0.296,    0.188,    0.188,    0.000,    0.000,    0.000,    0.000,    0.026,    0.026,   -0.136,   -0.136,   -0.040,   -0.040,    0.233,    0.233,    0.007,    0.007
 5558,2020091100,    0.548,    0.548,    0.000,    0.000,    0.000,    0.000,   -0.300,   -0.300,    0.186,    0.186,    0.000,    0.000,    0.000,    0.000,    0.025,    0.025,   -0.131,   -0.131,   -0.041,   -0.041,    0.235,    0.235,    0.007,    0.007
 5558,2020091018,    0.549,    0.549,    0.000,    0.000,    0.000,    0.000,   -0.295,   -0.295,    0.187,    0.187,    0.000,    0.000,    0.000,    0.000,    0.025,    0.025,   -0.130,   -0.130,   -0.039,   -0.039,    0.237,    0.237,    0.008,    0.008
 5558,2020091012,    0.548,    0.548,    0.000,    0.000,    0.000,    0.000,   -0.299,   -0.299,    0.189,    0.189,    0.000,    0.000,    0.000,    0.000,    0.026,    0.026,   -0.132,   -0.132,   -0.039,   -0.039,    0.236,    0.236,    0.009,    0.009
 5558,2020091006,    0.550,    0.550,    0.000,    0.000,    0.000,    0.000,   -0.298,   -0.298,    0.192,    0.192,    0.000,    0.000,    0.000,    0.000,    0.027,    0.027,   -0.133,   -0.133,   -0.042,   -0.042,    0.237,    0.237,    0.007,    0.007
 5558,2020091000,    0.549,    0.549,    0.000,    0.000,    0.000,    0.000,   -0.300,   -0.300,    0.190,    0.190,    0.000,    0.000,    0.000,    0.000,    0.024,    0.024,   -0.137,   -0.137,   -0.044,   -0.044,    0.235,    0.235,    0.005,    0.005
 5558,2020090918,    0.550,    0.550,    0.000,    0.000,    0.000,    0.000,   -0.294,   -0.294,    0.191,    0.191,    0.000,    0.000,    0.000,    0.000,    0.025,    0.025,   -0.136,   -0.136,   -0.049,   -0.049,    0.236,    0.236,    0.002,    0.002
 5558,2020090912,    0.552,    0.552,    0.000,    0.000,    0.000,    0.000,   -0.295,   -0.295,    0.190,    0.190,    0.000,    0.000,    0.000,    0.000,    0.026,    0.026,   -0.137,   -0.137,   -0.044,   -0.044,    0.237,    0.237,    0.005,    0.005
 5558,2020090906,    0.554,    0.554,    0.000,    0.000,    0.000,    0.000,   -0.291,   -0.291,    0.192,    0.192,    0.000,    0.000,    0.000,    0.000,    0.027,    0.027,   -0.134,   -0.134,   -0.046,   -0.046,    0.239,    0.239,    0.003,    0.003
 5558,2020090900,    0.553,    0.553,    0.000,    0.000,    0.000,    0.000,   -0.294,   -0.294,    0.191,    0.191,    0.000,    0.000,    0.000,    0.000,    0.023,    0.023,   -0.139,   -0.139,   -0.049,   -0.049,    0.237,    0.237,    0.001,    0.001
 5558,2020090818,    0.553,    0.553,    0.000,    0.000,    0.000,    0.000,   -0.289,   -0.289,    0.197,    0.197,    0.000,    0.000,    0.000,    0.000,    0.024,    0.024,   -0.140,   -0.140,   -0.048,   -0.048,    0.237,    0.237,    0.001,    0.001
 5558,2020090812,    0.554,    0.554,    0.000,    0.000,    0.000,    0.000,   -0.293,   -0.293,    0.192,    0.192,    0.000,    0.000,    0.000,    0.000,    0.025,    0.025,   -0.153,   -0.153,   -0.045,   -0.045,    0.234,    0.234,    0.002,    0.002
 5558,2020090806,    0.554,    0.554,    0.000,    0.000,    0.000,    0.000,   -0.293,   -0.293,    0.197,    0.197,    0.000,    0.000,    0.000,    0.000,    0.026,    0.026,   -0.150,   -0.150,   -0.037,   -0.037,    0.234,    0.234,    0.005,    0.005
 5558,2020090800,    0.554,    0.554,    0.000,    0.000,    0.000,    0.000,   -0.298,   -0.298,    0.193,    0.193,    0.000,    0.000,    0.000,    0.000,    0.024,    0.024,   -0.152,   -0.152,   -0.035,   -0.035,    0.234,    0.234,    0.006,    0.006
 5558,2020090718,    0.555,    0.555,    0.000,    0.000,    0.000,    0.000,   -0.293,   -0.293,    0.197,    0.197,    0.000,    0.000,    0.000,    0.000,    0.025,    0.025,   -0.148,   -0.148,   -0.041,   -0.041,    0.236,    0.236,    0.004,    0.004
 5558,2020090712,    0.555,    0.555,    0.000,    0.000,    0.000,    0.000,   -0.298,   -0.298,    0.193,    0.193,    0.000,    0.000,    0.000,    0.000,    0.025,    0.025,   -0.155,   -0.155,   -0.038,   -0.038,    0.233,    0.233,    0.005,    0.005
 5558,2020090706,    0.556,    0.556,    0.000,    0.000,    0.000,    0.000,   -0.298,   -0.298,    0.192,    0.192,    0.000,    0.000,    0.000,    0.000,    0.025,    0.025,   -0.152,   -0.152,   -0.036,   -0.036,    0.235,    0.235,    0.006,    0.006
 5558,2020090700,    0.557,    0.557,    0.000,    0.000,    0.000,    0.000,   -0.295,   -0.295,    0.192,    0.192,    0.000,    0.000,    0.000,    0.000,    0.025,    0.025,   -0.144,   -0.144,   -0.041,   -0.041,    0.239,    0.239,    0.004,    0.004
 5558,2020090618,    0.559,    0.559,    0.000,    0.000,    0.000,    0.000,   -0.290,   -0.290,    0.193,    0.193,    0.000,    0.000,    0.000,    0.000,    0.026,    0.026,   -0.138,   -0.138,   -0.039,   -0.039,    0.242,    0.242,    0.005,    0.005
 5558,2020090612,    0.559,    0.559,    0.000,    0.000,    0.000,    0.000,   -0.294,   -0.294,    0.185,    0.185,    0.000,    0.000,    0.000,    0.000,    0.026,    0.026,   -0.138,   -0.138,   -0.046,   -0.046,    0.242,    0.242,    0.003,    0.003
 5558,2020090606,    0.560,    0.560,    0.000,    0.000,    0.000,    0.000,   -0.294,   -0.294,    0.186,    0.186,    0.000,    0.000,    0.000,    0.000,    0.027,    0.027,   -0.138,   -0.138,   -0.031,   -0.031,    0.243,    0.243,    0.009,    0.009
 5558,2020090600,    0.559,    0.559,    0.000,    0.000,    0.000,    0.000,   -0.294,   -0.294,    0.183,    0.183,    0.000,    0.000,    0.000,    0.000,    0.025,    0.025,   -0.141,   -0.141,   -0.032,   -0.032,    0.241,    0.241,    0.009,    0.009
 5558,2020090518,    0.559,    0.559,    0.000,    0.000,    0.000,    0.000,   -0.290,   -0.290,    0.185,    0.185,    0.000,    0.000,    0.000,    0.000,    0.024,    0.024,   -0.143,   -0.143,   -0.036,   -0.036,    0.240,    0.240,    0.007,    0.007
 5558,2020090512,    0.558,    0.558,    0.000,    0.000,    0.000,    0.000,   -0.291,   -0.291,    0.180,    0.180,    0.000,    0.000,    0.000,    0.000,    0.025,    0.025,   -0.143,   -0.143,   -0.035,   -0.035,    0.239,    0.239,    0.007,    0.007
 5558,2020090506,    0.560,    0.560,    0.000,    0.000,    0.000,    0.000,   -0.290,   -0.290,    0.180,    0.180,    0.000,    0.000,    0.000,    0.000,    0.025,    0.025,   -0.140,   -0.140,   -0.035,   -0.035,    0.242,    0.242,    0.006,    0.006
 5558,2020090500,    0.560,    0.560,    0.000,    0.000,    0.000,    0.000,   -0.292,   -0.292,    0.178,    0.178,    0.000,    0.000,    0.000,    0.000,    0.022,    0.022,   -0.137,   -0.137,   -0.037,   -0.037,    0.243,    0.243,    0.006,    0.006
 5558,2020090418,    0.562,    0.562,    0.000,    0.000,    0.000,    0.000,   -0.287,   -0.287,    0.182,    0.182,    0.000,    0.000,    0.000,    0.000,    0.023,    0.023,   -0.127,   -0.127,   -0.041,   -0.041,    0.248,    0.248,    0.005,    0.005
 5558,2020090412,    0.561,    0.561,    0.000,    0.000,    0.000,    0.000,   -0.293,   -0.293,    0.176,    0.176,    0.000,    0.000,    0.000,    0.000,    0.024,    0.024,   -0.141,   -0.141,   -0.039,   -0.039,    0.242,    0.242,    0.005,    0.005
 5558,2020090406,    0.563,    0.563,    0.000,    0.000,    0.000,    0.000,   -0.290,   -0.290,    0.176,    0.176,    0.000,    0.000,    0.000,    0.000,    0.025,    0.025,   -0.139,   -0.139,   -0.040,   -0.040,    0.244,    0.244,    0.005,    0.005
 5558,2020090400,    0.563,    0.563,    0.000,    0.000,    0.000,    0.000,   -0.289,   -0.289,    0.174,    0.174,    0.000,    0.000,    0.000,    0.000,    0.024,    0.024,   -0.132,   -0.132,   -0.041,   -0.041,    0.246,    0.246,    0.005,    0.005
 5558,2020090318,    0.564,    0.564,    0.000,    0.000,    0.000,    0.000,   -0.285,   -0.285,    0.175,    0.175,    0.000,    0.000,    0.000,    0.000,    0.025,    0.025,   -0.132,   -0.132,   -0.042,   -0.042,    0.247,    0.247,    0.005,    0.005
 5558,2020090312,    0.563,    0.563,    0.000,    0.000,    0.000,    0.000,   -0.289,   -0.289,    0.173,    0.173,    0.000,    0.000,    0.000,    0.000,    0.025,    0.025,   -0.138,   -0.138,   -0.038,   -0.038,    0.244,    0.244,    0.006,    0.006
 5558,2020090306,    0.564,    0.564,    0.000,    0.000,    0.000,    0.000,   -0.286,   -0.286,    0.176,    0.176,    0.000,    0.000,    0.000,    0.000,    0.027,    0.027,   -0.128,   -0.128,   -0.039,   -0.039,    0.249,    0.249,    0.006,    0.006
 5558,2020090300,    0.565,    0.565,    0.000,    0.000,    0.000,    0.000,   -0.284,   -0.284,    0.173,    0.173,    0.000,    0.000,    0.000,    0.000,    0.025,    0.025,   -0.117,   -0.117,   -0.037,   -0.037,    0.253,    0.253,    0.008,    0.008
 5558,2020090218,    0.565,    0.565,    0.000,    0.000,    0.000,    0.000,   -0.281,   -0.281,    0.175,    0.175,    0.000,    0.000,    0.000,    0.000,    0.026,    0.026,   -0.116,   -0.116,   -0.041,   -0.041,    0.254,    0.254,    0.007,    0.007
 5558,2020090212,    0.567,    0.567,    0.000,    0.000,    0.000,    0.000,   -0.280,   -0.280,    0.168,    0.168,    0.000,    0.000,    0.000,    0.000,    0.028,    0.028,   -0.118,   -0.118,   -0.037,   -0.037,    0.254,    0.254,    0.008,    0.008
 5558,2020090206,    0.566,    0.566,    0.000,    0.000,    0.000,    0.000,   -0.284,   -0.284,    0.170,    0.170,    0.000,    0.000,    0.000,    0.000,    0.028,    0.028,   -0.123,   -0.123,   -0.033,   -0.033,    0.252,    0.252,    0.010,    0.010
 5558,2020090200,    0.568,    0.568,    0.000,    0.000,    0.000,    0.000,   -0.281,   -0.281,    0.165,    0.165,    0.000,    0.000,    0.000,    0.000,    0.028,    0.028,   -0.125,   -0.125,   -0.045,   -0.045,    0.253,    0.253,    0.004,    0.004
 5558,2020090118,    0.567,    0.567,    0.000,    0.000,    0.000,    0.000,   -0.278,   -0.278,    0.165,    0.165,    0.000,    0.000,    0.000,    0.000,    0.029,    0.029,   -0.127,   -0.127,   -0.045,   -0.045,    0.252,    0.252,    0.003,    0.003
 5558,2020090112,    0.568,    0.568,    0.000,    0.000,    0.000,    0.000,   -0.275,   -0.275,    0.159,    0.159,    0.000,    0.000,    0.000,    0.000,    0.030,    0.030,   -0.121,   -0.121,   -0.050,   -0.050,    0.255,    0.255,    0.001,    0.001
 5558,2020090106,    0.568,    0.568,    0.000,    0.000,    0.000,    0.000,   -0.274,   -0.274,    0.163,    0.163,    0.000,    0.000,    0.000,    0.000,    0.032,    0.032,   -0.116,   -0.116,   -0.049,   -0.049,    0.256,    0.256,    0.002,    0.002
 5558,2020090100,    0.569,    0.569,    0.000,    0.000,    0.000,    0.000,   -0.270,   -0.270,    0.157,    0.157,    0.000,    0.000,    0.000,    0.000,    0.031,    0.031,   -0.114,   -0.114,   -0.056,   -0.056,    0.258,    0.258,   -0.002,   -0.002
 5558,2020083118,    0.568,    0.568,    0.000,    0.000,    0.000,    0.000,   -0.263,   -0.263,    0.161,    0.161,    0.000,    0.000,    0.000,    0.000,    0.031,    0.031,   -0.120,   -0.120,   -0.054,   -0.054,    0.255,    0.255,   -0.000,   -0.000
 5558,2020083112,    0.569,    0.569,    0.000,    0.000,    0.000,    0.000,   -0.261,   -0.261,    0.158,    0.158,    0.000,    0.000,    0.000,    0.000,    0.032,    0.032,   -0.117,   -0.117,   -0.052,   -0.052,    0.257,    0.257,   -0.000,   -0.000
 5558,2020083106,    0.569,    0.569,    0.000,    0.000,    0.000,    0.000,   -0.261,   -0.261,    0.161,    0.161,    0.000,    0.000,    0.000,    0.000,    0.033,    0.033,   -0.124,   -0.124,   -0.051,   -0.051,    0.254,    0.254,   -0.000,   -0.000
 5558,2020083100,    0.568,    0.568,    0.000,    0.000,    0.000,    0.000,   -0.264,   -0.264,    0.162,    0.162,    0.000,    0.000,    0.000,    0.000,    0.030,    0.030,   -0.125,   -0.125,   -0.054,   -0.054,    0.253,    0.253,   -0.001,   -0.001
 5558,2020083018,    0.568,    0.568,    0.000,    0.000,    0.000,    0.000,   -0.261,   -0.261,    0.163,    0.163,    0.000,    0.000,    0.000,    0.000,    0.030,    0.030,   -0.121,   -0.121,   -0.060,   -0.060,    0.254,    0.254,   -0.004,   -0.004
 5558,2020083012,    0.568,    0.568,    0.000,    0.000,    0.000,    0.000,   -0.264,   -0.264,    0.158,    0.158,    0.000,    0.000,    0.000,    0.000,    0.032,    0.032,   -0.118,   -0.118,   -0.056,   -0.056,    0.255,    0.255,   -0.003,   -0.003
 5558,2020083006,    0.571,    0.571,    0.000,    0.000,    0.000,    0.000,   -0.259,   -0.259,    0.159,    0.159,    0.000,    0.000,    0.000,    0.000,    0.033,    0.033,   -0.105,   -0.105,   -0.055,   -0.055,    0.261,    0.261,   -0.002,   -0.002
 5558,2020083000,    0.572,    0.572,    0.000,    0.000,    0.000,    0.000,   -0.258,   -0.258,    0.160,    0.160,    0.000,    0.000,    0.000,    0.000,    0.031,    0.031,   -0.099,   -0.099,   -0.051,   -0.051,    0.264,    0.264,    0.000,    0.000
