 2289,2020092000,   -0.179,   -0.179,    0.000,    0.000,    0.000,    0.000,    0.336,    0.336,    0.063,    0.063,    0.000,    0.000,    0.000,    0.000,   -0.011,   -0.011,    0.089,    0.089,   -0.102,   -0.102,   -0.661,   -0.661,    0.011,    0.011
 2289,2020091918,   -0.180,   -0.180,    0.000,    0.000,    0.000,    0.000,    0.324,    0.324,    0.059,    0.059,    0.000,    0.000,    0.000,    0.000,   -0.010,   -0.010,    0.090,    0.090,   -0.102,   -0.102,   -0.661,   -0.661,    0.012,    0.012
 2289,2020091912,   -0.180,   -0.180,    0.000,    0.000,    0.000,    0.000,    0.319,    0.319,    0.061,    0.061,    0.000,    0.000,    0.000,    0.000,   -0.010,   -0.010,    0.079,    0.079,   -0.102,   -0.102,   -0.665,   -0.665,    0.012,    0.012
 2289,2020091906,   -0.179,   -0.179,    0.000,    0.000,    0.000,    0.000,    0.313,    0.313,    0.062,    0.062,    0.000,    0.000,    0.000,    0.000,   -0.011,   -0.011,    0.077,    0.077,   -0.112,   -0.112,   -0.666,   -0.666,    0.009,    0.009
 2289,2020091900,   -0.179,   -0.179,    0.000,    0.000,    0.000,    0.000,    0.310,    0.310,    0.064,    0.064,    0.000,    0.000,    0.000,    0.000,   -0.010,   -0.010,    0.089,    0.089,   -0.112,   -0.112,   -0.662,   -0.662,    0.010,    0.010
 2289,2020091818,   -0.179,   -0.179,    0.000,    0.000,    0.000,    0.000,    0.317,    0.317,    0.059,    0.059,    0.000,    0.000,    0.000,    0.000,   -0.010,   -0.010,    0.089,    0.089,   -0.115,   -0.115,   -0.662,   -0.662,    0.010,    0.010
 2289,2020091812,   -0.178,   -0.178,    0.000,    0.000,    0.000,    0.000,    0.320,    0.320,    0.051,    0.051,    0.000,    0.000,    0.000,    0.000,   -0.009,   -0.009,    0.089,    0.089,   -0.114,   -0.114,   -0.662,   -0.662,    0.011,    0.011
 2289,2020091806,   -0.178,   -0.178,    0.000,    0.000,    0.000,    0.000,    0.322,    0.322,    0.055,    0.055,    0.000,    0.000,    0.000,    0.000,   -0.009,   -0.009,    0.086,    0.086,   -0.112,   -0.112,   -0.664,   -0.664,    0.013,    0.013
 2289,2020091800,   -0.178,   -0.178,    0.000,    0.000,    0.000,    0.000,    0.329,    0.329,    0.045,    0.045,    0.000,    0.000,    0.000,    0.000,   -0.009,   -0.009,    0.079,    0.079,   -0.113,   -0.113,   -0.666,   -0.666,    0.013,    0.013
 2289,2020091718,   -0.178,   -0.178,    0.000,    0.000,    0.000,    0.000,    0.338,    0.338,    0.046,    0.046,    0.000,    0.000,    0.000,    0.000,   -0.009,   -0.009,    0.073,    0.073,   -0.110,   -0.110,   -0.670,   -0.670,    0.016,    0.016
 2289,2020091712,   -0.178,   -0.178,    0.000,    0.000,    0.000,    0.000,    0.340,    0.340,    0.043,    0.043,    0.000,    0.000,    0.000,    0.000,   -0.009,   -0.009,    0.068,    0.068,   -0.117,   -0.117,   -0.673,   -0.673,    0.013,    0.013
 2289,2020091706,   -0.177,   -0.177,    0.000,    0.000,    0.000,    0.000,    0.337,    0.337,    0.041,    0.041,    0.000,    0.000,    0.000,    0.000,   -0.010,   -0.010,    0.070,    0.070,   -0.111,   -0.111,   -0.672,   -0.672,    0.016,    0.016
 2289,2020091700,   -0.177,   -0.177,    0.000,    0.000,    0.000,    0.000,    0.334,    0.334,    0.042,    0.042,    0.000,    0.000,    0.000,    0.000,   -0.009,   -0.009,    0.062,    0.062,   -0.108,   -0.108,   -0.676,   -0.676,    0.017,    0.017
 2289,2020091618,   -0.176,   -0.176,    0.000,    0.000,    0.000,    0.000,    0.333,    0.333,    0.041,    0.041,    0.000,    0.000,    0.000,    0.000,   -0.010,   -0.010,    0.063,    0.063,   -0.106,   -0.106,   -0.676,   -0.676,    0.018,    0.018
 2289,2020091612,   -0.177,   -0.177,    0.000,    0.000,    0.000,    0.000,    0.331,    0.331,    0.043,    0.043,    0.000,    0.000,    0.000,    0.000,   -0.010,   -0.010,    0.059,    0.059,   -0.109,   -0.109,   -0.678,   -0.678,    0.016,    0.016
 2289,2020091606,   -0.176,   -0.176,    0.000,    0.000,    0.000,    0.000,    0.329,    0.329,    0.043,    0.043,    0.000,    0.000,    0.000,    0.000,   -0.010,   -0.010,    0.058,    0.058,   -0.118,   -0.118,   -0.678,   -0.678,    0.013,    0.013
 2289,2020091600,   -0.177,   -0.177,    0.000,    0.000,    0.000,    0.000,    0.329,    0.329,    0.046,    0.046,    0.000,    0.000,    0.000,    0.000,   -0.010,   -0.010,    0.051,    0.051,   -0.119,   -0.119,   -0.682,   -0.682,    0.013,    0.013
 2289,2020091518,   -0.174,   -0.174,    0.000,    0.000,    0.000,    0.000,    0.331,    0.331,    0.039,    0.039,    0.000,    0.000,    0.000,    0.000,   -0.009,   -0.009,    0.063,    0.063,   -0.115,   -0.115,   -0.675,   -0.675,    0.015,    0.015
 2289,2020091512,   -0.174,   -0.174,    0.000,    0.000,    0.000,    0.000,    0.327,    0.327,    0.044,    0.044,    0.000,    0.000,    0.000,    0.000,   -0.010,   -0.010,    0.063,    0.063,   -0.121,   -0.121,   -0.677,   -0.677,    0.013,    0.013
 2289,2020091506,   -0.174,   -0.174,    0.000,    0.000,    0.000,    0.000,    0.324,    0.324,    0.050,    0.050,    0.000,    0.000,    0.000,    0.000,   -0.010,   -0.010,    0.064,    0.064,   -0.127,   -0.127,   -0.677,   -0.677,    0.010,    0.010
 2289,2020091500,   -0.175,   -0.175,    0.000,    0.000,    0.000,    0.000,    0.312,    0.312,    0.053,    0.053,    0.000,    0.000,    0.000,    0.000,   -0.010,   -0.010,    0.070,    0.070,   -0.127,   -0.127,   -0.677,   -0.677,    0.011,    0.011
 2289,2020091418,   -0.172,   -0.172,    0.000,    0.000,    0.000,    0.000,    0.309,    0.309,    0.050,    0.050,    0.000,    0.000,    0.000,    0.000,   -0.010,   -0.010,    0.081,    0.081,   -0.134,   -0.134,   -0.671,   -0.671,    0.007,    0.007
 2289,2020091412,   -0.173,   -0.173,    0.000,    0.000,    0.000,    0.000,    0.312,    0.312,    0.048,    0.048,    0.000,    0.000,    0.000,    0.000,   -0.009,   -0.009,    0.070,    0.070,   -0.137,   -0.137,   -0.677,   -0.677,    0.006,    0.006
 2289,2020091406,   -0.172,   -0.172,    0.000,    0.000,    0.000,    0.000,    0.316,    0.316,    0.047,    0.047,    0.000,    0.000,    0.000,    0.000,   -0.009,   -0.009,    0.067,    0.067,   -0.141,   -0.141,   -0.678,   -0.678,    0.004,    0.004
 2289,2020091400,   -0.174,   -0.174,    0.000,    0.000,    0.000,    0.000,    0.309,    0.309,    0.053,    0.053,    0.000,    0.000,    0.000,    0.000,   -0.010,   -0.010,    0.063,    0.063,   -0.135,   -0.135,   -0.681,   -0.681,    0.006,    0.006
 2289,2020091318,   -0.172,   -0.172,    0.000,    0.000,    0.000,    0.000,    0.296,    0.296,    0.048,    0.048,    0.000,    0.000,    0.000,    0.000,   -0.009,   -0.009,    0.062,    0.062,   -0.144,   -0.144,   -0.680,   -0.680,    0.003,    0.003
 2289,2020091312,   -0.172,   -0.172,    0.000,    0.000,    0.000,    0.000,    0.298,    0.298,    0.048,    0.048,    0.000,    0.000,    0.000,    0.000,   -0.009,   -0.009,    0.054,    0.054,   -0.143,   -0.143,   -0.684,   -0.684,    0.004,    0.004
 2289,2020091306,   -0.174,   -0.174,    0.000,    0.000,    0.000,    0.000,    0.276,    0.276,    0.049,    0.049,    0.000,    0.000,    0.000,    0.000,   -0.009,   -0.009,    0.041,    0.041,   -0.142,   -0.142,   -0.691,   -0.691,    0.006,    0.006
 2289,2020091300,   -0.175,   -0.175,    0.000,    0.000,    0.000,    0.000,    0.261,    0.261,    0.047,    0.047,    0.000,    0.000,    0.000,    0.000,   -0.010,   -0.010,    0.036,    0.036,   -0.142,   -0.142,   -0.694,   -0.694,    0.005,    0.005
 2289,2020091218,   -0.174,   -0.174,    0.000,    0.000,    0.000,    0.000,    0.255,    0.255,    0.039,    0.039,    0.000,    0.000,    0.000,    0.000,   -0.010,   -0.010,    0.044,    0.044,   -0.135,   -0.135,   -0.690,   -0.690,    0.008,    0.008
 2289,2020091212,   -0.174,   -0.174,    0.000,    0.000,    0.000,    0.000,    0.257,    0.257,    0.037,    0.037,    0.000,    0.000,    0.000,    0.000,   -0.009,   -0.009,    0.034,    0.034,   -0.137,   -0.137,   -0.694,   -0.694,    0.008,    0.008
 2289,2020091206,   -0.173,   -0.173,    0.000,    0.000,    0.000,    0.000,    0.254,    0.254,    0.039,    0.039,    0.000,    0.000,    0.000,    0.000,   -0.010,   -0.010,    0.038,    0.038,   -0.131,   -0.131,   -0.693,   -0.693,    0.010,    0.010
 2289,2020091200,   -0.172,   -0.172,    0.000,    0.000,    0.000,    0.000,    0.254,    0.254,    0.042,    0.042,    0.000,    0.000,    0.000,    0.000,   -0.009,   -0.009,    0.038,    0.038,   -0.127,   -0.127,   -0.693,   -0.693,    0.012,    0.012
 2289,2020091118,   -0.170,   -0.170,    0.000,    0.000,    0.000,    0.000,    0.252,    0.252,    0.037,    0.037,    0.000,    0.000,    0.000,    0.000,   -0.010,   -0.010,    0.052,    0.052,   -0.118,   -0.118,   -0.686,   -0.686,    0.015,    0.015
 2289,2020091112,   -0.169,   -0.169,    0.000,    0.000,    0.000,    0.000,    0.250,    0.250,    0.034,    0.034,    0.000,    0.000,    0.000,    0.000,   -0.010,   -0.010,    0.047,    0.047,   -0.119,   -0.119,   -0.688,   -0.688,    0.013,    0.013
 2289,2020091106,   -0.168,   -0.168,    0.000,    0.000,    0.000,    0.000,    0.246,    0.246,    0.031,    0.031,    0.000,    0.000,    0.000,    0.000,   -0.010,   -0.010,    0.047,    0.047,   -0.116,   -0.116,   -0.688,   -0.688,    0.014,    0.014
 2289,2020091100,   -0.168,   -0.168,    0.000,    0.000,    0.000,    0.000,    0.236,    0.236,    0.032,    0.032,    0.000,    0.000,    0.000,    0.000,   -0.010,   -0.010,    0.039,    0.039,   -0.113,   -0.113,   -0.691,   -0.691,    0.014,    0.014
 2289,2020091018,   -0.166,   -0.166,    0.000,    0.000,    0.000,    0.000,    0.230,    0.230,    0.038,    0.038,    0.000,    0.000,    0.000,    0.000,   -0.010,   -0.010,    0.058,    0.058,   -0.111,   -0.111,   -0.682,   -0.682,    0.015,    0.015
 2289,2020091012,   -0.166,   -0.166,    0.000,    0.000,    0.000,    0.000,    0.232,    0.232,    0.039,    0.039,    0.000,    0.000,    0.000,    0.000,   -0.010,   -0.010,    0.058,    0.058,   -0.124,   -0.124,   -0.682,   -0.682,    0.011,    0.011
 2289,2020091006,   -0.164,   -0.164,    0.000,    0.000,    0.000,    0.000,    0.217,    0.217,    0.038,    0.038,    0.000,    0.000,    0.000,    0.000,   -0.010,   -0.010,    0.058,    0.058,   -0.124,   -0.124,   -0.684,   -0.684,    0.012,    0.012
 2289,2020091000,   -0.166,   -0.166,    0.000,    0.000,    0.000,    0.000,    0.202,    0.202,    0.044,    0.044,    0.000,    0.000,    0.000,    0.000,   -0.010,   -0.010,    0.055,    0.055,   -0.116,   -0.116,   -0.686,   -0.686,    0.015,    0.015
 2289,2020090918,   -0.163,   -0.163,    0.000,    0.000,    0.000,    0.000,    0.207,    0.207,    0.048,    0.048,    0.000,    0.000,    0.000,    0.000,   -0.009,   -0.009,    0.075,    0.075,   -0.118,   -0.118,   -0.676,   -0.676,    0.015,    0.015
 2289,2020090912,   -0.161,   -0.161,    0.000,    0.000,    0.000,    0.000,    0.208,    0.208,    0.048,    0.048,    0.000,    0.000,    0.000,    0.000,   -0.008,   -0.008,    0.076,    0.076,   -0.120,   -0.120,   -0.676,   -0.676,    0.015,    0.015
 2289,2020090906,   -0.161,   -0.161,    0.000,    0.000,    0.000,    0.000,    0.200,    0.200,    0.048,    0.048,    0.000,    0.000,    0.000,    0.000,   -0.009,   -0.009,    0.071,    0.071,   -0.129,   -0.129,   -0.678,   -0.678,    0.012,    0.012
 2289,2020090900,   -0.162,   -0.162,    0.000,    0.000,    0.000,    0.000,    0.186,    0.186,    0.047,    0.047,    0.000,    0.000,    0.000,    0.000,   -0.009,   -0.009,    0.057,    0.057,   -0.124,   -0.124,   -0.685,   -0.685,    0.015,    0.015
 2289,2020090818,   -0.160,   -0.160,    0.000,    0.000,    0.000,    0.000,    0.191,    0.191,    0.043,    0.043,    0.000,    0.000,    0.000,    0.000,   -0.008,   -0.008,    0.065,    0.065,   -0.133,   -0.133,   -0.681,   -0.681,    0.012,    0.012
 2289,2020090812,   -0.160,   -0.160,    0.000,    0.000,    0.000,    0.000,    0.191,    0.191,    0.044,    0.044,    0.000,    0.000,    0.000,    0.000,   -0.007,   -0.007,    0.062,    0.062,   -0.130,   -0.130,   -0.682,   -0.682,    0.012,    0.012
 2289,2020090806,   -0.160,   -0.160,    0.000,    0.000,    0.000,    0.000,    0.185,    0.185,    0.053,    0.053,    0.000,    0.000,    0.000,    0.000,   -0.007,   -0.007,    0.062,    0.062,   -0.136,   -0.136,   -0.683,   -0.683,    0.011,    0.011
 2289,2020090800,   -0.158,   -0.158,    0.000,    0.000,    0.000,    0.000,    0.180,    0.180,    0.052,    0.052,    0.000,    0.000,    0.000,    0.000,   -0.006,   -0.006,    0.075,    0.075,   -0.141,   -0.141,   -0.678,   -0.678,    0.009,    0.009
 2289,2020090718,   -0.158,   -0.158,    0.000,    0.000,    0.000,    0.000,    0.174,    0.174,    0.052,    0.052,    0.000,    0.000,    0.000,    0.000,   -0.007,   -0.007,    0.085,    0.085,   -0.129,   -0.129,   -0.675,   -0.675,    0.013,    0.013
 2289,2020090712,   -0.160,   -0.160,    0.000,    0.000,    0.000,    0.000,    0.162,    0.162,    0.051,    0.051,    0.000,    0.000,    0.000,    0.000,   -0.008,   -0.008,    0.077,    0.077,   -0.130,   -0.130,   -0.680,   -0.680,    0.013,    0.013
 2289,2020090706,   -0.161,   -0.161,    0.000,    0.000,    0.000,    0.000,    0.163,    0.163,    0.056,    0.056,    0.000,    0.000,    0.000,    0.000,   -0.009,   -0.009,    0.077,    0.077,   -0.121,   -0.121,   -0.681,   -0.681,    0.017,    0.017
 2289,2020090700,   -0.160,   -0.160,    0.000,    0.000,    0.000,    0.000,    0.164,    0.164,    0.055,    0.055,    0.000,    0.000,    0.000,    0.000,   -0.009,   -0.009,    0.079,    0.079,   -0.126,   -0.126,   -0.679,   -0.679,    0.015,    0.015
 2289,2020090618,   -0.162,   -0.162,    0.000,    0.000,    0.000,    0.000,    0.151,    0.151,    0.058,    0.058,    0.000,    0.000,    0.000,    0.000,   -0.010,   -0.010,    0.078,    0.078,   -0.125,   -0.125,   -0.681,   -0.681,    0.016,    0.016
 2289,2020090612,   -0.162,   -0.162,    0.000,    0.000,    0.000,    0.000,    0.139,    0.139,    0.062,    0.062,    0.000,    0.000,    0.000,    0.000,   -0.010,   -0.010,    0.077,    0.077,   -0.130,   -0.130,   -0.682,   -0.682,    0.014,    0.014
 2289,2020090606,   -0.161,   -0.161,    0.000,    0.000,    0.000,    0.000,    0.134,    0.134,    0.065,    0.065,    0.000,    0.000,    0.000,    0.000,   -0.009,   -0.009,    0.073,    0.073,   -0.136,   -0.136,   -0.683,   -0.683,    0.011,    0.011
 2289,2020090600,   -0.162,   -0.162,    0.000,    0.000,    0.000,    0.000,    0.115,    0.115,    0.070,    0.070,    0.000,    0.000,    0.000,    0.000,   -0.009,   -0.009,    0.072,    0.072,   -0.131,   -0.131,   -0.685,   -0.685,    0.012,    0.012
 2289,2020090518,   -0.159,   -0.159,    0.000,    0.000,    0.000,    0.000,    0.125,    0.125,    0.071,    0.071,    0.000,    0.000,    0.000,    0.000,   -0.009,   -0.009,    0.079,    0.079,   -0.135,   -0.135,   -0.681,   -0.681,    0.011,    0.011
 2289,2020090512,   -0.158,   -0.158,    0.000,    0.000,    0.000,    0.000,    0.125,    0.125,    0.066,    0.066,    0.000,    0.000,    0.000,    0.000,   -0.008,   -0.008,    0.081,    0.081,   -0.141,   -0.141,   -0.679,   -0.679,    0.011,    0.011
 2289,2020090506,   -0.157,   -0.157,    0.000,    0.000,    0.000,    0.000,    0.125,    0.125,    0.069,    0.069,    0.000,    0.000,    0.000,    0.000,   -0.008,   -0.008,    0.095,    0.095,   -0.144,   -0.144,   -0.675,   -0.675,    0.010,    0.010
 2289,2020090500,   -0.158,   -0.158,    0.000,    0.000,    0.000,    0.000,    0.119,    0.119,    0.069,    0.069,    0.000,    0.000,    0.000,    0.000,   -0.009,   -0.009,    0.092,    0.092,   -0.140,   -0.140,   -0.677,   -0.677,    0.012,    0.012
 2289,2020090418,   -0.156,   -0.156,    0.000,    0.000,    0.000,    0.000,    0.112,    0.112,    0.065,    0.065,    0.000,    0.000,    0.000,    0.000,   -0.007,   -0.007,    0.093,    0.093,   -0.140,   -0.140,   -0.676,   -0.676,    0.011,    0.011
 2289,2020090412,   -0.157,   -0.157,    0.000,    0.000,    0.000,    0.000,    0.105,    0.105,    0.055,    0.055,    0.000,    0.000,    0.000,    0.000,   -0.007,   -0.007,    0.085,    0.085,   -0.140,   -0.140,   -0.680,   -0.680,    0.012,    0.012
 2289,2020090406,   -0.155,   -0.155,    0.000,    0.000,    0.000,    0.000,    0.126,    0.126,    0.061,    0.061,    0.000,    0.000,    0.000,    0.000,   -0.007,   -0.007,    0.088,    0.088,   -0.145,   -0.145,   -0.678,   -0.678,    0.010,    0.010
 2289,2020090400,   -0.156,   -0.156,    0.000,    0.000,    0.000,    0.000,    0.121,    0.121,    0.062,    0.062,    0.000,    0.000,    0.000,    0.000,   -0.007,   -0.007,    0.087,    0.087,   -0.140,   -0.140,   -0.680,   -0.680,    0.012,    0.012
 2289,2020090318,   -0.155,   -0.155,    0.000,    0.000,    0.000,    0.000,    0.120,    0.120,    0.064,    0.064,    0.000,    0.000,    0.000,    0.000,   -0.007,   -0.007,    0.091,    0.091,   -0.136,   -0.136,   -0.678,   -0.678,    0.016,    0.016
 2289,2020090312,   -0.156,   -0.156,    0.000,    0.000,    0.000,    0.000,    0.118,    0.118,    0.066,    0.066,    0.000,    0.000,    0.000,    0.000,   -0.007,   -0.007,    0.082,    0.082,   -0.141,   -0.141,   -0.682,   -0.682,    0.014,    0.014
 2289,2020090306,   -0.155,   -0.155,    0.000,    0.000,    0.000,    0.000,    0.116,    0.116,    0.067,    0.067,    0.000,    0.000,    0.000,    0.000,   -0.008,   -0.008,    0.083,    0.083,   -0.143,   -0.143,   -0.683,   -0.683,    0.012,    0.012
 2289,2020090300,   -0.156,   -0.156,    0.000,    0.000,    0.000,    0.000,    0.109,    0.109,    0.067,    0.067,    0.000,    0.000,    0.000,    0.000,   -0.008,   -0.008,    0.080,    0.080,   -0.143,   -0.143,   -0.684,   -0.684,    0.013,    0.013
 2289,2020090218,   -0.154,   -0.154,    0.000,    0.000,    0.000,    0.000,    0.119,    0.119,    0.063,    0.063,    0.000,    0.000,    0.000,    0.000,   -0.008,   -0.008,    0.106,    0.106,   -0.139,   -0.139,   -0.673,   -0.673,    0.015,    0.015
 2289,2020090212,   -0.155,   -0.155,    0.000,    0.000,    0.000,    0.000,    0.117,    0.117,    0.065,    0.065,    0.000,    0.000,    0.000,    0.000,   -0.009,   -0.009,    0.097,    0.097,   -0.140,   -0.140,   -0.677,   -0.677,    0.015,    0.015
 2289,2020090206,   -0.154,   -0.154,    0.000,    0.000,    0.000,    0.000,    0.121,    0.121,    0.068,    0.068,    0.000,    0.000,    0.000,    0.000,   -0.009,   -0.009,    0.096,    0.096,   -0.137,   -0.137,   -0.678,   -0.678,    0.017,    0.017
 2289,2020090200,   -0.154,   -0.154,    0.000,    0.000,    0.000,    0.000,    0.120,    0.120,    0.065,    0.065,    0.000,    0.000,    0.000,    0.000,   -0.009,   -0.009,    0.091,    0.091,   -0.144,   -0.144,   -0.680,   -0.680,    0.013,    0.013
 2289,2020090118,   -0.151,   -0.151,    0.000,    0.000,    0.000,    0.000,    0.120,    0.120,    0.058,    0.058,    0.000,    0.000,    0.000,    0.000,   -0.008,   -0.008,    0.096,    0.096,   -0.134,   -0.134,   -0.677,   -0.677,    0.018,    0.018
 2289,2020090112,   -0.153,   -0.153,    0.000,    0.000,    0.000,    0.000,    0.107,    0.107,    0.068,    0.068,    0.000,    0.000,    0.000,    0.000,   -0.009,   -0.009,    0.082,    0.082,   -0.137,   -0.137,   -0.684,   -0.684,    0.017,    0.017
 2289,2020090106,   -0.152,   -0.152,    0.000,    0.000,    0.000,    0.000,    0.116,    0.116,    0.063,    0.063,    0.000,    0.000,    0.000,    0.000,   -0.010,   -0.010,    0.078,    0.078,   -0.136,   -0.136,   -0.685,   -0.685,    0.018,    0.018
 2289,2020090100,   -0.152,   -0.152,    0.000,    0.000,    0.000,    0.000,    0.145,    0.145,    0.070,    0.070,    0.000,    0.000,    0.000,    0.000,   -0.010,   -0.010,    0.088,    0.088,   -0.139,   -0.139,   -0.682,   -0.682,    0.018,    0.018
 2289,2020083118,   -0.151,   -0.151,    0.000,    0.000,    0.000,    0.000,    0.141,    0.141,    0.060,    0.060,    0.000,    0.000,    0.000,    0.000,   -0.009,   -0.009,    0.096,    0.096,   -0.137,   -0.137,   -0.679,   -0.679,    0.018,    0.018
 2289,2020083112,   -0.152,   -0.152,    0.000,    0.000,    0.000,    0.000,    0.139,    0.139,    0.063,    0.063,    0.000,    0.000,    0.000,    0.000,   -0.010,   -0.010,    0.088,    0.088,   -0.139,   -0.139,   -0.683,   -0.683,    0.017,    0.017
 2289,2020083106,   -0.151,   -0.151,    0.000,    0.000,    0.000,    0.000,    0.146,    0.146,    0.055,    0.055,    0.000,    0.000,    0.000,    0.000,   -0.010,   -0.010,    0.094,    0.094,   -0.138,   -0.138,   -0.681,   -0.681,    0.017,    0.017
 2289,2020083100,   -0.152,   -0.152,    0.000,    0.000,    0.000,    0.000,    0.136,    0.136,    0.061,    0.061,    0.000,    0.000,    0.000,    0.000,   -0.011,   -0.011,    0.095,    0.095,   -0.132,   -0.132,   -0.681,   -0.681,    0.019,    0.019
 2289,2020083018,   -0.151,   -0.151,    0.000,    0.000,    0.000,    0.000,    0.130,    0.130,    0.053,    0.053,    0.000,    0.000,    0.000,    0.000,   -0.009,   -0.009,    0.095,    0.095,   -0.128,   -0.128,   -0.680,   -0.680,    0.020,    0.020
 2289,2020083012,   -0.151,   -0.151,    0.000,    0.000,    0.000,    0.000,    0.122,    0.122,    0.057,    0.057,    0.000,    0.000,    0.000,    0.000,   -0.010,   -0.010,    0.095,    0.095,   -0.122,   -0.122,   -0.681,   -0.681,    0.022,    0.022
 2289,2020083006,   -0.152,   -0.152,    0.000,    0.000,    0.000,    0.000,    0.123,    0.123,    0.054,    0.054,    0.000,    0.000,    0.000,    0.000,   -0.010,   -0.010,    0.097,    0.097,   -0.112,   -0.112,   -0.679,   -0.679,    0.025,    0.025
 2289,2020083000,   -0.152,   -0.152,    0.000,    0.000,    0.000,    0.000,    0.114,    0.114,    0.056,    0.056,    0.000,    0.000,    0.000,    0.000,   -0.011,   -0.011,    0.099,    0.099,   -0.108,   -0.108,   -0.678,   -0.678,    0.026,    0.026
