   47,2020092000,    0.465,    0.465,    0.000,    0.000,    0.000,    0.000,   -0.007,   -0.007,   -0.116,   -0.116,    0.000,    0.000,    0.000,    0.000,   -0.857,   -0.857,   -0.334,   -0.334,   -0.019,   -0.019,    0.169,    0.169,    0.003,    0.003
   47,2020091918,    0.466,    0.466,    0.000,    0.000,    0.000,    0.000,   -0.008,   -0.008,   -0.116,   -0.116,    0.000,    0.000,    0.000,    0.000,   -0.830,   -0.830,   -0.337,   -0.337,   -0.019,   -0.019,    0.168,    0.168,    0.002,    0.002
   47,2020091912,    0.466,    0.466,    0.000,    0.000,    0.000,    0.000,   -0.008,   -0.008,   -0.116,   -0.116,    0.000,    0.000,    0.000,    0.000,   -0.893,   -0.893,   -0.338,   -0.338,   -0.018,   -0.018,    0.169,    0.169,    0.003,    0.003
   47,2020091906,    0.466,    0.466,    0.000,    0.000,    0.000,    0.000,   -0.007,   -0.007,   -0.117,   -0.117,    0.000,    0.000,    0.000,    0.000,   -0.846,   -0.846,   -0.337,   -0.337,   -0.017,   -0.017,    0.169,    0.169,    0.003,    0.003
   47,2020091900,    0.466,    0.466,    0.000,    0.000,    0.000,    0.000,   -0.007,   -0.007,   -0.115,   -0.115,    0.000,    0.000,    0.000,    0.000,   -0.878,   -0.878,   -0.342,   -0.342,   -0.017,   -0.017,    0.166,    0.166,    0.003,    0.003
   47,2020091818,    0.467,    0.467,    0.000,    0.000,    0.000,    0.000,   -0.007,   -0.007,   -0.114,   -0.114,    0.000,    0.000,    0.000,    0.000,   -0.827,   -0.827,   -0.338,   -0.338,   -0.019,   -0.019,    0.169,    0.169,    0.003,    0.003
   47,2020091812,    0.467,    0.467,    0.000,    0.000,    0.000,    0.000,   -0.006,   -0.006,   -0.115,   -0.115,    0.000,    0.000,    0.000,    0.000,   -0.879,   -0.879,   -0.340,   -0.340,   -0.023,   -0.023,    0.168,    0.168,    0.001,    0.001
   47,2020091806,    0.468,    0.468,    0.000,    0.000,    0.000,    0.000,   -0.006,   -0.006,   -0.115,   -0.115,    0.000,    0.000,    0.000,    0.000,   -0.788,   -0.788,   -0.340,   -0.340,   -0.024,   -0.024,    0.168,    0.168,    0.001,    0.001
   47,2020091800,    0.468,    0.468,    0.000,    0.000,    0.000,    0.000,   -0.007,   -0.007,   -0.114,   -0.114,    0.000,    0.000,    0.000,    0.000,   -0.839,   -0.839,   -0.337,   -0.337,   -0.024,   -0.024,    0.169,    0.169,    0.001,    0.001
   47,2020091718,    0.468,    0.468,    0.000,    0.000,    0.000,    0.000,   -0.007,   -0.007,   -0.114,   -0.114,    0.000,    0.000,    0.000,    0.000,   -0.844,   -0.844,   -0.335,   -0.335,   -0.026,   -0.026,    0.170,    0.170,    0.000,    0.000
   47,2020091712,    0.467,    0.467,    0.000,    0.000,    0.000,    0.000,   -0.007,   -0.007,   -0.114,   -0.114,    0.000,    0.000,    0.000,    0.000,   -0.936,   -0.936,   -0.336,   -0.336,   -0.026,   -0.026,    0.169,    0.169,    0.000,    0.000
   47,2020091706,    0.469,    0.469,    0.000,    0.000,    0.000,    0.000,   -0.006,   -0.006,   -0.112,   -0.112,    0.000,    0.000,    0.000,    0.000,   -0.942,   -0.942,   -0.334,   -0.334,   -0.023,   -0.023,    0.171,    0.171,    0.001,    0.001
   47,2020091700,    0.470,    0.470,    0.000,    0.000,    0.000,    0.000,   -0.006,   -0.006,   -0.112,   -0.112,    0.000,    0.000,    0.000,    0.000,   -0.940,   -0.940,   -0.334,   -0.334,   -0.024,   -0.024,    0.171,    0.171,    0.000,    0.000
   47,2020091618,    0.469,    0.469,    0.000,    0.000,    0.000,    0.000,   -0.006,   -0.006,   -0.111,   -0.111,    0.000,    0.000,    0.000,    0.000,   -0.996,   -0.996,   -0.335,   -0.335,   -0.025,   -0.025,    0.171,    0.171,   -0.001,   -0.001
   47,2020091612,    0.469,    0.469,    0.000,    0.000,    0.000,    0.000,   -0.006,   -0.006,   -0.111,   -0.111,    0.000,    0.000,    0.000,    0.000,   -1.007,   -1.007,   -0.340,   -0.340,   -0.027,   -0.027,    0.169,    0.169,   -0.002,   -0.002
   47,2020091606,    0.470,    0.470,    0.000,    0.000,    0.000,    0.000,   -0.006,   -0.006,   -0.110,   -0.110,    0.000,    0.000,    0.000,    0.000,   -0.977,   -0.977,   -0.338,   -0.338,   -0.026,   -0.026,    0.170,    0.170,   -0.000,   -0.000
   47,2020091600,    0.470,    0.470,    0.000,    0.000,    0.000,    0.000,   -0.005,   -0.005,   -0.111,   -0.111,    0.000,    0.000,    0.000,    0.000,   -0.982,   -0.982,   -0.337,   -0.337,   -0.026,   -0.026,    0.170,    0.170,   -0.001,   -0.001
   47,2020091518,    0.470,    0.470,    0.000,    0.000,    0.000,    0.000,   -0.004,   -0.004,   -0.111,   -0.111,    0.000,    0.000,    0.000,    0.000,   -1.014,   -1.014,   -0.336,   -0.336,   -0.028,   -0.028,    0.170,    0.170,   -0.002,   -0.002
   47,2020091512,    0.469,    0.469,    0.000,    0.000,    0.000,    0.000,   -0.004,   -0.004,   -0.111,   -0.111,    0.000,    0.000,    0.000,    0.000,   -0.964,   -0.964,   -0.335,   -0.335,   -0.027,   -0.027,    0.170,    0.170,   -0.001,   -0.001
   47,2020091506,    0.470,    0.470,    0.000,    0.000,    0.000,    0.000,   -0.004,   -0.004,   -0.110,   -0.110,    0.000,    0.000,    0.000,    0.000,   -0.868,   -0.868,   -0.338,   -0.338,   -0.026,   -0.026,    0.170,    0.170,    0.000,    0.000
   47,2020091500,    0.470,    0.470,    0.000,    0.000,    0.000,    0.000,   -0.004,   -0.004,   -0.109,   -0.109,    0.000,    0.000,    0.000,    0.000,   -0.970,   -0.970,   -0.337,   -0.337,   -0.027,   -0.027,    0.170,    0.170,   -0.000,   -0.000
   47,2020091418,    0.470,    0.470,    0.000,    0.000,    0.000,    0.000,   -0.005,   -0.005,   -0.109,   -0.109,    0.000,    0.000,    0.000,    0.000,   -0.957,   -0.957,   -0.342,   -0.342,   -0.024,   -0.024,    0.168,    0.168,    0.001,    0.001
   47,2020091412,    0.470,    0.470,    0.000,    0.000,    0.000,    0.000,   -0.005,   -0.005,   -0.109,   -0.109,    0.000,    0.000,    0.000,    0.000,   -0.991,   -0.991,   -0.343,   -0.343,   -0.023,   -0.023,    0.167,    0.167,    0.001,    0.001
   47,2020091406,    0.471,    0.471,    0.000,    0.000,    0.000,    0.000,   -0.005,   -0.005,   -0.109,   -0.109,    0.000,    0.000,    0.000,    0.000,   -0.980,   -0.980,   -0.343,   -0.343,   -0.025,   -0.025,    0.167,    0.167,    0.001,    0.001
   47,2020091400,    0.471,    0.471,    0.000,    0.000,    0.000,    0.000,   -0.004,   -0.004,   -0.108,   -0.108,    0.000,    0.000,    0.000,    0.000,   -0.938,   -0.938,   -0.343,   -0.343,   -0.024,   -0.024,    0.168,    0.168,    0.000,    0.000
   47,2020091318,    0.470,    0.470,    0.000,    0.000,    0.000,    0.000,   -0.006,   -0.006,   -0.106,   -0.106,    0.000,    0.000,    0.000,    0.000,   -1.011,   -1.011,   -0.346,   -0.346,   -0.024,   -0.024,    0.166,    0.166,    0.000,    0.000
   47,2020091312,    0.470,    0.470,    0.000,    0.000,    0.000,    0.000,   -0.005,   -0.005,   -0.107,   -0.107,    0.000,    0.000,    0.000,    0.000,   -0.963,   -0.963,   -0.348,   -0.348,   -0.024,   -0.024,    0.165,    0.165,   -0.001,   -0.001
   47,2020091306,    0.471,    0.471,    0.000,    0.000,    0.000,    0.000,   -0.006,   -0.006,   -0.107,   -0.107,    0.000,    0.000,    0.000,    0.000,   -0.989,   -0.989,   -0.344,   -0.344,   -0.027,   -0.027,    0.167,    0.167,   -0.001,   -0.001
   47,2020091300,    0.471,    0.471,    0.000,    0.000,    0.000,    0.000,   -0.005,   -0.005,   -0.107,   -0.107,    0.000,    0.000,    0.000,    0.000,   -0.924,   -0.924,   -0.344,   -0.344,   -0.029,   -0.029,    0.166,    0.166,   -0.002,   -0.002
   47,2020091218,    0.470,    0.470,    0.000,    0.000,    0.000,    0.000,   -0.006,   -0.006,   -0.109,   -0.109,    0.000,    0.000,    0.000,    0.000,   -0.926,   -0.926,   -0.351,   -0.351,   -0.026,   -0.026,    0.163,    0.163,   -0.000,   -0.000
   47,2020091212,    0.470,    0.470,    0.000,    0.000,    0.000,    0.000,   -0.008,   -0.008,   -0.107,   -0.107,    0.000,    0.000,    0.000,    0.000,   -0.979,   -0.979,   -0.351,   -0.351,   -0.026,   -0.026,    0.163,    0.163,   -0.000,   -0.000
   47,2020091206,    0.471,    0.471,    0.000,    0.000,    0.000,    0.000,   -0.008,   -0.008,   -0.108,   -0.108,    0.000,    0.000,    0.000,    0.000,   -0.913,   -0.913,   -0.348,   -0.348,   -0.027,   -0.027,    0.165,    0.165,   -0.002,   -0.002
   47,2020091200,    0.472,    0.472,    0.000,    0.000,    0.000,    0.000,   -0.009,   -0.009,   -0.105,   -0.105,    0.000,    0.000,    0.000,    0.000,   -0.972,   -0.972,   -0.346,   -0.346,   -0.028,   -0.028,    0.166,    0.166,   -0.002,   -0.002
   47,2020091118,    0.473,    0.473,    0.000,    0.000,    0.000,    0.000,   -0.010,   -0.010,   -0.106,   -0.106,    0.000,    0.000,    0.000,    0.000,   -0.907,   -0.907,   -0.347,   -0.347,   -0.026,   -0.026,    0.166,    0.166,   -0.001,   -0.001
   47,2020091112,    0.475,    0.475,    0.000,    0.000,    0.000,    0.000,   -0.009,   -0.009,   -0.106,   -0.106,    0.000,    0.000,    0.000,    0.000,   -1.005,   -1.005,   -0.343,   -0.343,   -0.028,   -0.028,    0.169,    0.169,   -0.002,   -0.002
   47,2020091106,    0.474,    0.474,    0.000,    0.000,    0.000,    0.000,   -0.010,   -0.010,   -0.107,   -0.107,    0.000,    0.000,    0.000,    0.000,   -0.991,   -0.991,   -0.342,   -0.342,   -0.028,   -0.028,    0.169,    0.169,   -0.002,   -0.002
   47,2020091100,    0.474,    0.474,    0.000,    0.000,    0.000,    0.000,   -0.010,   -0.010,   -0.106,   -0.106,    0.000,    0.000,    0.000,    0.000,   -1.009,   -1.009,   -0.344,   -0.344,   -0.027,   -0.027,    0.168,    0.168,   -0.001,   -0.001
   47,2020091018,    0.475,    0.475,    0.000,    0.000,    0.000,    0.000,   -0.010,   -0.010,   -0.107,   -0.107,    0.000,    0.000,    0.000,    0.000,   -0.920,   -0.920,   -0.345,   -0.345,   -0.026,   -0.026,    0.168,    0.168,   -0.001,   -0.001
   47,2020091012,    0.476,    0.476,    0.000,    0.000,    0.000,    0.000,   -0.011,   -0.011,   -0.106,   -0.106,    0.000,    0.000,    0.000,    0.000,   -0.918,   -0.918,   -0.345,   -0.345,   -0.028,   -0.028,    0.168,    0.168,   -0.002,   -0.002
   47,2020091006,    0.477,    0.477,    0.000,    0.000,    0.000,    0.000,   -0.010,   -0.010,   -0.106,   -0.106,    0.000,    0.000,    0.000,    0.000,   -0.893,   -0.893,   -0.343,   -0.343,   -0.027,   -0.027,    0.170,    0.170,   -0.002,   -0.002
   47,2020091000,    0.477,    0.477,    0.000,    0.000,    0.000,    0.000,   -0.011,   -0.011,   -0.106,   -0.106,    0.000,    0.000,    0.000,    0.000,   -0.987,   -0.987,   -0.344,   -0.344,   -0.028,   -0.028,    0.169,    0.169,   -0.001,   -0.001
   47,2020090918,    0.478,    0.478,    0.000,    0.000,    0.000,    0.000,   -0.011,   -0.011,   -0.106,   -0.106,    0.000,    0.000,    0.000,    0.000,   -1.055,   -1.055,   -0.344,   -0.344,   -0.028,   -0.028,    0.169,    0.169,   -0.002,   -0.002
   47,2020090912,    0.478,    0.478,    0.000,    0.000,    0.000,    0.000,   -0.013,   -0.013,   -0.105,   -0.105,    0.000,    0.000,    0.000,    0.000,   -1.170,   -1.170,   -0.343,   -0.343,   -0.030,   -0.030,    0.170,    0.170,   -0.003,   -0.003
   47,2020090906,    0.478,    0.478,    0.000,    0.000,    0.000,    0.000,   -0.012,   -0.012,   -0.105,   -0.105,    0.000,    0.000,    0.000,    0.000,   -1.126,   -1.126,   -0.345,   -0.345,   -0.036,   -0.036,    0.168,    0.168,   -0.007,   -0.007
   47,2020090900,    0.478,    0.478,    0.000,    0.000,    0.000,    0.000,   -0.012,   -0.012,   -0.106,   -0.106,    0.000,    0.000,    0.000,    0.000,   -1.183,   -1.183,   -0.345,   -0.345,   -0.033,   -0.033,    0.168,    0.168,   -0.005,   -0.005
   47,2020090818,    0.478,    0.478,    0.000,    0.000,    0.000,    0.000,   -0.013,   -0.013,   -0.107,   -0.107,    0.000,    0.000,    0.000,    0.000,   -1.253,   -1.253,   -0.347,   -0.347,   -0.033,   -0.033,    0.168,    0.168,   -0.005,   -0.005
   47,2020090812,    0.479,    0.479,    0.000,    0.000,    0.000,    0.000,   -0.012,   -0.012,   -0.108,   -0.108,    0.000,    0.000,    0.000,    0.000,   -1.223,   -1.223,   -0.344,   -0.344,   -0.033,   -0.033,    0.169,    0.169,   -0.005,   -0.005
   47,2020090806,    0.480,    0.480,    0.000,    0.000,    0.000,    0.000,   -0.012,   -0.012,   -0.108,   -0.108,    0.000,    0.000,    0.000,    0.000,   -1.215,   -1.215,   -0.345,   -0.345,   -0.036,   -0.036,    0.169,    0.169,   -0.006,   -0.006
   47,2020090800,    0.479,    0.479,    0.000,    0.000,    0.000,    0.000,   -0.012,   -0.012,   -0.107,   -0.107,    0.000,    0.000,    0.000,    0.000,   -1.186,   -1.186,   -0.348,   -0.348,   -0.036,   -0.036,    0.167,    0.167,   -0.006,   -0.006
   47,2020090718,    0.480,    0.480,    0.000,    0.000,    0.000,    0.000,   -0.012,   -0.012,   -0.106,   -0.106,    0.000,    0.000,    0.000,    0.000,   -1.195,   -1.195,   -0.348,   -0.348,   -0.036,   -0.036,    0.168,    0.168,   -0.006,   -0.006
   47,2020090712,    0.481,    0.481,    0.000,    0.000,    0.000,    0.000,   -0.010,   -0.010,   -0.107,   -0.107,    0.000,    0.000,    0.000,    0.000,   -1.171,   -1.171,   -0.344,   -0.344,   -0.034,   -0.034,    0.170,    0.170,   -0.005,   -0.005
   47,2020090706,    0.482,    0.482,    0.000,    0.000,    0.000,    0.000,   -0.009,   -0.009,   -0.107,   -0.107,    0.000,    0.000,    0.000,    0.000,   -1.178,   -1.178,   -0.343,   -0.343,   -0.034,   -0.034,    0.171,    0.171,   -0.005,   -0.005
   47,2020090700,    0.483,    0.483,    0.000,    0.000,    0.000,    0.000,   -0.009,   -0.009,   -0.106,   -0.106,    0.000,    0.000,    0.000,    0.000,   -1.194,   -1.194,   -0.342,   -0.342,   -0.036,   -0.036,    0.172,    0.172,   -0.006,   -0.006
   47,2020090618,    0.484,    0.484,    0.000,    0.000,    0.000,    0.000,   -0.007,   -0.007,   -0.106,   -0.106,    0.000,    0.000,    0.000,    0.000,   -1.241,   -1.241,   -0.339,   -0.339,   -0.031,   -0.031,    0.173,    0.173,   -0.004,   -0.004
   47,2020090612,    0.484,    0.484,    0.000,    0.000,    0.000,    0.000,   -0.007,   -0.007,   -0.106,   -0.106,    0.000,    0.000,    0.000,    0.000,   -1.275,   -1.275,   -0.339,   -0.339,   -0.030,   -0.030,    0.174,    0.174,   -0.003,   -0.003
   47,2020090606,    0.485,    0.485,    0.000,    0.000,    0.000,    0.000,   -0.007,   -0.007,   -0.106,   -0.106,    0.000,    0.000,    0.000,    0.000,   -1.327,   -1.327,   -0.337,   -0.337,   -0.030,   -0.030,    0.175,    0.175,   -0.003,   -0.003
   47,2020090600,    0.485,    0.485,    0.000,    0.000,    0.000,    0.000,   -0.008,   -0.008,   -0.106,   -0.106,    0.000,    0.000,    0.000,    0.000,   -1.269,   -1.269,   -0.339,   -0.339,   -0.033,   -0.033,    0.174,    0.174,   -0.005,   -0.005
   47,2020090518,    0.486,    0.486,    0.000,    0.000,    0.000,    0.000,   -0.005,   -0.005,   -0.106,   -0.106,    0.000,    0.000,    0.000,    0.000,   -1.294,   -1.294,   -0.339,   -0.339,   -0.033,   -0.033,    0.175,    0.175,   -0.004,   -0.004
   47,2020090512,    0.485,    0.485,    0.000,    0.000,    0.000,    0.000,   -0.005,   -0.005,   -0.105,   -0.105,    0.000,    0.000,    0.000,    0.000,   -1.370,   -1.370,   -0.342,   -0.342,   -0.030,   -0.030,    0.173,    0.173,   -0.002,   -0.002
   47,2020090506,    0.487,    0.487,    0.000,    0.000,    0.000,    0.000,   -0.005,   -0.005,   -0.104,   -0.104,    0.000,    0.000,    0.000,    0.000,   -1.418,   -1.418,   -0.336,   -0.336,   -0.033,   -0.033,    0.176,    0.176,   -0.004,   -0.004
   47,2020090500,    0.486,    0.486,    0.000,    0.000,    0.000,    0.000,   -0.006,   -0.006,   -0.104,   -0.104,    0.000,    0.000,    0.000,    0.000,   -1.407,   -1.407,   -0.341,   -0.341,   -0.035,   -0.035,    0.174,    0.174,   -0.005,   -0.005
   47,2020090418,    0.488,    0.488,    0.000,    0.000,    0.000,    0.000,   -0.004,   -0.004,   -0.104,   -0.104,    0.000,    0.000,    0.000,    0.000,   -1.405,   -1.405,   -0.342,   -0.342,   -0.033,   -0.033,    0.174,    0.174,   -0.003,   -0.003
   47,2020090412,    0.487,    0.487,    0.000,    0.000,    0.000,    0.000,   -0.006,   -0.006,   -0.104,   -0.104,    0.000,    0.000,    0.000,    0.000,   -1.452,   -1.452,   -0.342,   -0.342,   -0.035,   -0.035,    0.173,    0.173,   -0.005,   -0.005
   47,2020090406,    0.489,    0.489,    0.000,    0.000,    0.000,    0.000,   -0.006,   -0.006,   -0.103,   -0.103,    0.000,    0.000,    0.000,    0.000,   -1.437,   -1.437,   -0.341,   -0.341,   -0.037,   -0.037,    0.175,    0.175,   -0.006,   -0.006
   47,2020090400,    0.489,    0.489,    0.000,    0.000,    0.000,    0.000,   -0.007,   -0.007,   -0.104,   -0.104,    0.000,    0.000,    0.000,    0.000,   -1.449,   -1.449,   -0.344,   -0.344,   -0.037,   -0.037,    0.174,    0.174,   -0.005,   -0.005
   47,2020090318,    0.490,    0.490,    0.000,    0.000,    0.000,    0.000,   -0.008,   -0.008,   -0.102,   -0.102,    0.000,    0.000,    0.000,    0.000,   -1.413,   -1.413,   -0.341,   -0.341,   -0.035,   -0.035,    0.175,    0.175,   -0.004,   -0.004
   47,2020090312,    0.490,    0.490,    0.000,    0.000,    0.000,    0.000,   -0.010,   -0.010,   -0.101,   -0.101,    0.000,    0.000,    0.000,    0.000,   -1.392,   -1.392,   -0.339,   -0.339,   -0.035,   -0.035,    0.177,    0.177,   -0.004,   -0.004
   47,2020090306,    0.491,    0.491,    0.000,    0.000,    0.000,    0.000,   -0.009,   -0.009,   -0.101,   -0.101,    0.000,    0.000,    0.000,    0.000,   -1.452,   -1.452,   -0.334,   -0.334,   -0.037,   -0.037,    0.179,    0.179,   -0.005,   -0.005
   47,2020090300,    0.490,    0.490,    0.000,    0.000,    0.000,    0.000,   -0.009,   -0.009,   -0.100,   -0.100,    0.000,    0.000,    0.000,    0.000,   -1.460,   -1.460,   -0.336,   -0.336,   -0.040,   -0.040,    0.178,    0.178,   -0.006,   -0.006
   47,2020090218,    0.492,    0.492,    0.000,    0.000,    0.000,    0.000,   -0.009,   -0.009,   -0.098,   -0.098,    0.000,    0.000,    0.000,    0.000,   -1.326,   -1.326,   -0.339,   -0.339,   -0.039,   -0.039,    0.178,    0.178,   -0.006,   -0.006
   47,2020090212,    0.490,    0.490,    0.000,    0.000,    0.000,    0.000,   -0.011,   -0.011,   -0.097,   -0.097,    0.000,    0.000,    0.000,    0.000,   -1.468,   -1.468,   -0.342,   -0.342,   -0.038,   -0.038,    0.176,    0.176,   -0.006,   -0.006
   47,2020090206,    0.492,    0.492,    0.000,    0.000,    0.000,    0.000,   -0.011,   -0.011,   -0.095,   -0.095,    0.000,    0.000,    0.000,    0.000,   -1.597,   -1.597,   -0.339,   -0.339,   -0.040,   -0.040,    0.178,    0.178,   -0.006,   -0.006
   47,2020090200,    0.492,    0.492,    0.000,    0.000,    0.000,    0.000,   -0.010,   -0.010,   -0.094,   -0.094,    0.000,    0.000,    0.000,    0.000,   -1.697,   -1.697,   -0.338,   -0.338,   -0.038,   -0.038,    0.178,    0.178,   -0.006,   -0.006
   47,2020090118,    0.493,    0.493,    0.000,    0.000,    0.000,    0.000,   -0.011,   -0.011,   -0.093,   -0.093,    0.000,    0.000,    0.000,    0.000,   -1.697,   -1.697,   -0.336,   -0.336,   -0.036,   -0.036,    0.180,    0.180,   -0.004,   -0.004
   47,2020090112,    0.492,    0.492,    0.000,    0.000,    0.000,    0.000,   -0.012,   -0.012,   -0.093,   -0.093,    0.000,    0.000,    0.000,    0.000,   -1.791,   -1.791,   -0.340,   -0.340,   -0.037,   -0.037,    0.178,    0.178,   -0.004,   -0.004
   47,2020090106,    0.493,    0.493,    0.000,    0.000,    0.000,    0.000,   -0.011,   -0.011,   -0.093,   -0.093,    0.000,    0.000,    0.000,    0.000,   -1.780,   -1.780,   -0.337,   -0.337,   -0.036,   -0.036,    0.179,    0.179,   -0.004,   -0.004
   47,2020090100,    0.493,    0.493,    0.000,    0.000,    0.000,    0.000,   -0.010,   -0.010,   -0.093,   -0.093,    0.000,    0.000,    0.000,    0.000,   -1.752,   -1.752,   -0.336,   -0.336,   -0.034,   -0.034,    0.180,    0.180,   -0.003,   -0.003
   47,2020083118,    0.493,    0.493,    0.000,    0.000,    0.000,    0.000,   -0.012,   -0.012,   -0.093,   -0.093,    0.000,    0.000,    0.000,    0.000,   -1.800,   -1.800,   -0.341,   -0.341,   -0.035,   -0.035,    0.177,    0.177,   -0.004,   -0.004
   47,2020083112,    0.493,    0.493,    0.000,    0.000,    0.000,    0.000,   -0.013,   -0.013,   -0.091,   -0.091,    0.000,    0.000,    0.000,    0.000,   -1.796,   -1.796,   -0.340,   -0.340,   -0.035,   -0.035,    0.178,    0.178,   -0.003,   -0.003
   47,2020083106,    0.494,    0.494,    0.000,    0.000,    0.000,    0.000,   -0.012,   -0.012,   -0.090,   -0.090,    0.000,    0.000,    0.000,    0.000,   -1.867,   -1.867,   -0.341,   -0.341,   -0.037,   -0.037,    0.177,    0.177,   -0.004,   -0.004
   47,2020083100,    0.494,    0.494,    0.000,    0.000,    0.000,    0.000,   -0.013,   -0.013,   -0.089,   -0.089,    0.000,    0.000,    0.000,    0.000,   -1.870,   -1.870,   -0.342,   -0.342,   -0.038,   -0.038,    0.177,    0.177,   -0.004,   -0.004
   47,2020083018,    0.494,    0.494,    0.000,    0.000,    0.000,    0.000,   -0.014,   -0.014,   -0.090,   -0.090,    0.000,    0.000,    0.000,    0.000,   -1.823,   -1.823,   -0.342,   -0.342,   -0.037,   -0.037,    0.177,    0.177,   -0.003,   -0.003
   47,2020083012,    0.493,    0.493,    0.000,    0.000,    0.000,    0.000,   -0.015,   -0.015,   -0.087,   -0.087,    0.000,    0.000,    0.000,    0.000,   -1.961,   -1.961,   -0.349,   -0.349,   -0.034,   -0.034,    0.174,    0.174,   -0.002,   -0.002
   47,2020083006,    0.494,    0.494,    0.000,    0.000,    0.000,    0.000,   -0.014,   -0.014,   -0.087,   -0.087,    0.000,    0.000,    0.000,    0.000,   -1.897,   -1.897,   -0.348,   -0.348,   -0.037,   -0.037,    0.175,    0.175,   -0.004,   -0.004
   47,2020083000,    0.495,    0.495,    0.000,    0.000,    0.000,    0.000,   -0.014,   -0.014,   -0.084,   -0.084,    0.000,    0.000,    0.000,    0.000,   -1.886,   -1.886,   -0.346,   -0.346,   -0.038,   -0.038,    0.175,    0.175,   -0.004,   -0.004
