 1583,2020092000,   -0.580,   -0.580,    0.000,    0.000,    0.000,    0.000,   -0.031,   -0.031,    0.304,    0.304,    0.000,    0.000,    0.000,    0.000,   -0.025,   -0.025,    0.917,    0.917,    0.025,    0.025,   -0.464,   -0.464,    0.011,    0.011
 1583,2020091918,   -0.581,   -0.581,    0.000,    0.000,    0.000,    0.000,   -0.029,   -0.029,    0.309,    0.309,    0.000,    0.000,    0.000,    0.000,   -0.025,   -0.025,    0.912,    0.912,    0.023,    0.023,   -0.468,   -0.468,    0.011,    0.011
 1583,2020091912,   -0.582,   -0.582,    0.000,    0.000,    0.000,    0.000,   -0.027,   -0.027,    0.310,    0.310,    0.000,    0.000,    0.000,    0.000,   -0.026,   -0.026,    0.903,    0.903,    0.025,    0.025,   -0.474,   -0.474,    0.012,    0.012
 1583,2020091906,   -0.582,   -0.582,    0.000,    0.000,    0.000,    0.000,   -0.030,   -0.030,    0.308,    0.308,    0.000,    0.000,    0.000,    0.000,   -0.026,   -0.026,    0.899,    0.899,    0.025,    0.025,   -0.475,   -0.475,    0.014,    0.014
 1583,2020091900,   -0.582,   -0.582,    0.000,    0.000,    0.000,    0.000,   -0.030,   -0.030,    0.300,    0.300,    0.000,    0.000,    0.000,    0.000,   -0.025,   -0.025,    0.903,    0.903,    0.018,    0.018,   -0.474,   -0.474,    0.011,    0.011
 1583,2020091818,   -0.580,   -0.580,    0.000,    0.000,    0.000,    0.000,   -0.022,   -0.022,    0.295,    0.295,    0.000,    0.000,    0.000,    0.000,   -0.023,   -0.023,    0.919,    0.919,    0.015,    0.015,   -0.467,   -0.467,    0.011,    0.011
 1583,2020091812,   -0.583,   -0.583,    0.000,    0.000,    0.000,    0.000,   -0.028,   -0.028,    0.294,    0.294,    0.000,    0.000,    0.000,    0.000,   -0.024,   -0.024,    0.900,    0.900,    0.010,    0.010,   -0.476,   -0.476,    0.009,    0.009
 1583,2020091806,   -0.584,   -0.584,    0.000,    0.000,    0.000,    0.000,   -0.030,   -0.030,    0.291,    0.291,    0.000,    0.000,    0.000,    0.000,   -0.023,   -0.023,    0.889,    0.889,    0.019,    0.019,   -0.481,   -0.481,    0.012,    0.012
 1583,2020091800,   -0.584,   -0.584,    0.000,    0.000,    0.000,    0.000,   -0.028,   -0.028,    0.288,    0.288,    0.000,    0.000,    0.000,    0.000,   -0.023,   -0.023,    0.893,    0.893,    0.025,    0.025,   -0.479,   -0.479,    0.014,    0.014
 1583,2020091718,   -0.584,   -0.584,    0.000,    0.000,    0.000,    0.000,   -0.025,   -0.025,    0.294,    0.294,    0.000,    0.000,    0.000,    0.000,   -0.022,   -0.022,    0.895,    0.895,    0.016,    0.016,   -0.478,   -0.478,    0.009,    0.009
 1583,2020091712,   -0.588,   -0.588,    0.000,    0.000,    0.000,    0.000,   -0.031,   -0.031,    0.299,    0.299,    0.000,    0.000,    0.000,    0.000,   -0.026,   -0.026,    0.879,    0.879,    0.016,    0.016,   -0.487,   -0.487,    0.010,    0.010
 1583,2020091706,   -0.587,   -0.587,    0.000,    0.000,    0.000,    0.000,   -0.036,   -0.036,    0.295,    0.295,    0.000,    0.000,    0.000,    0.000,   -0.025,   -0.025,    0.881,    0.881,    0.007,    0.007,   -0.486,   -0.486,    0.006,    0.006
 1583,2020091700,   -0.589,   -0.589,    0.000,    0.000,    0.000,    0.000,   -0.038,   -0.038,    0.293,    0.293,    0.000,    0.000,    0.000,    0.000,   -0.025,   -0.025,    0.870,    0.870,    0.019,    0.019,   -0.492,   -0.492,    0.011,    0.011
 1583,2020091618,   -0.588,   -0.588,    0.000,    0.000,    0.000,    0.000,   -0.028,   -0.028,    0.288,    0.288,    0.000,    0.000,    0.000,    0.000,   -0.023,   -0.023,    0.880,    0.880,    0.030,    0.030,   -0.488,   -0.488,    0.014,    0.014
 1583,2020091612,   -0.591,   -0.591,    0.000,    0.000,    0.000,    0.000,   -0.037,   -0.037,    0.281,    0.281,    0.000,    0.000,    0.000,    0.000,   -0.025,   -0.025,    0.874,    0.874,    0.038,    0.038,   -0.492,   -0.492,    0.015,    0.015
 1583,2020091606,   -0.589,   -0.589,    0.000,    0.000,    0.000,    0.000,   -0.043,   -0.043,    0.279,    0.279,    0.000,    0.000,    0.000,    0.000,   -0.024,   -0.024,    0.875,    0.875,    0.027,    0.027,   -0.491,   -0.491,    0.010,    0.010
 1583,2020091600,   -0.588,   -0.588,    0.000,    0.000,    0.000,    0.000,   -0.040,   -0.040,    0.275,    0.275,    0.000,    0.000,    0.000,    0.000,   -0.023,   -0.023,    0.881,    0.881,    0.025,    0.025,   -0.488,   -0.488,    0.010,    0.010
 1583,2020091518,   -0.586,   -0.586,    0.000,    0.000,    0.000,    0.000,   -0.027,   -0.027,    0.270,    0.270,    0.000,    0.000,    0.000,    0.000,   -0.022,   -0.022,    0.888,    0.888,    0.038,    0.038,   -0.485,   -0.485,    0.017,    0.017
 1583,2020091512,   -0.587,   -0.587,    0.000,    0.000,    0.000,    0.000,   -0.026,   -0.026,    0.264,    0.264,    0.000,    0.000,    0.000,    0.000,   -0.024,   -0.024,    0.884,    0.884,    0.037,    0.037,   -0.489,   -0.489,    0.015,    0.015
 1583,2020091506,   -0.586,   -0.586,    0.000,    0.000,    0.000,    0.000,   -0.035,   -0.035,    0.259,    0.259,    0.000,    0.000,    0.000,    0.000,   -0.023,   -0.023,    0.882,    0.882,    0.029,    0.029,   -0.489,   -0.489,    0.012,    0.012
 1583,2020091500,   -0.585,   -0.585,    0.000,    0.000,    0.000,    0.000,   -0.031,   -0.031,    0.255,    0.255,    0.000,    0.000,    0.000,    0.000,   -0.022,   -0.022,    0.884,    0.884,    0.025,    0.025,   -0.488,   -0.488,    0.011,    0.011
 1583,2020091418,   -0.582,   -0.582,    0.000,    0.000,    0.000,    0.000,   -0.022,   -0.022,    0.255,    0.255,    0.000,    0.000,    0.000,    0.000,   -0.021,   -0.021,    0.883,    0.883,    0.023,    0.023,   -0.488,   -0.488,    0.012,    0.012
 1583,2020091412,   -0.586,   -0.586,    0.000,    0.000,    0.000,    0.000,   -0.029,   -0.029,    0.255,    0.255,    0.000,    0.000,    0.000,    0.000,   -0.023,   -0.023,    0.878,    0.878,    0.021,    0.021,   -0.493,   -0.493,    0.011,    0.011
 1583,2020091406,   -0.586,   -0.586,    0.000,    0.000,    0.000,    0.000,   -0.040,   -0.040,    0.252,    0.252,    0.000,    0.000,    0.000,    0.000,   -0.023,   -0.023,    0.871,    0.871,    0.024,    0.024,   -0.497,   -0.497,    0.014,    0.014
 1583,2020091400,   -0.587,   -0.587,    0.000,    0.000,    0.000,    0.000,   -0.042,   -0.042,    0.250,    0.250,    0.000,    0.000,    0.000,    0.000,   -0.022,   -0.022,    0.869,    0.869,    0.026,    0.026,   -0.498,   -0.498,    0.013,    0.013
 1583,2020091318,   -0.588,   -0.588,    0.000,    0.000,    0.000,    0.000,   -0.028,   -0.028,    0.248,    0.248,    0.000,    0.000,    0.000,    0.000,   -0.021,   -0.021,    0.869,    0.869,    0.024,    0.024,   -0.501,   -0.501,    0.012,    0.012
 1583,2020091312,   -0.589,   -0.589,    0.000,    0.000,    0.000,    0.000,   -0.028,   -0.028,    0.248,    0.248,    0.000,    0.000,    0.000,    0.000,   -0.023,   -0.023,    0.871,    0.871,    0.012,    0.012,   -0.501,   -0.501,    0.008,    0.008
 1583,2020091306,   -0.589,   -0.589,    0.000,    0.000,    0.000,    0.000,   -0.041,   -0.041,    0.245,    0.245,    0.000,    0.000,    0.000,    0.000,   -0.021,   -0.021,    0.864,    0.864,    0.016,    0.016,   -0.504,   -0.504,    0.009,    0.009
 1583,2020091300,   -0.586,   -0.586,    0.000,    0.000,    0.000,    0.000,   -0.043,   -0.043,    0.240,    0.240,    0.000,    0.000,    0.000,    0.000,   -0.020,   -0.020,    0.860,    0.860,    0.014,    0.014,   -0.503,   -0.503,    0.008,    0.008
 1583,2020091218,   -0.586,   -0.586,    0.000,    0.000,    0.000,    0.000,   -0.035,   -0.035,    0.252,    0.252,    0.000,    0.000,    0.000,    0.000,   -0.020,   -0.020,    0.862,    0.862,    0.012,    0.012,   -0.503,   -0.503,    0.009,    0.009
 1583,2020091212,   -0.586,   -0.586,    0.000,    0.000,    0.000,    0.000,   -0.033,   -0.033,    0.246,    0.246,    0.000,    0.000,    0.000,    0.000,   -0.020,   -0.020,    0.864,    0.864,   -0.003,   -0.003,   -0.503,   -0.503,    0.003,    0.003
 1583,2020091206,   -0.587,   -0.587,    0.000,    0.000,    0.000,    0.000,   -0.038,   -0.038,    0.248,    0.248,    0.000,    0.000,    0.000,    0.000,   -0.019,   -0.019,    0.867,    0.867,    0.006,    0.006,   -0.503,   -0.503,    0.008,    0.008
 1583,2020091200,   -0.585,   -0.585,    0.000,    0.000,    0.000,    0.000,   -0.031,   -0.031,    0.239,    0.239,    0.000,    0.000,    0.000,    0.000,   -0.018,   -0.018,    0.879,    0.879,    0.005,    0.005,   -0.496,   -0.496,    0.007,    0.007
 1583,2020091118,   -0.585,   -0.585,    0.000,    0.000,    0.000,    0.000,   -0.029,   -0.029,    0.246,    0.246,    0.000,    0.000,    0.000,    0.000,   -0.019,   -0.019,    0.871,    0.871,    0.018,    0.018,   -0.501,   -0.501,    0.012,    0.012
 1583,2020091112,   -0.584,   -0.584,    0.000,    0.000,    0.000,    0.000,   -0.031,   -0.031,    0.251,    0.251,    0.000,    0.000,    0.000,    0.000,   -0.019,   -0.019,    0.877,    0.877,    0.014,    0.014,   -0.500,   -0.500,    0.010,    0.010
 1583,2020091106,   -0.583,   -0.583,    0.000,    0.000,    0.000,    0.000,   -0.037,   -0.037,    0.254,    0.254,    0.000,    0.000,    0.000,    0.000,   -0.019,   -0.019,    0.879,    0.879,    0.012,    0.012,   -0.499,   -0.499,    0.009,    0.009
 1583,2020091100,   -0.582,   -0.582,    0.000,    0.000,    0.000,    0.000,   -0.034,   -0.034,    0.247,    0.247,    0.000,    0.000,    0.000,    0.000,   -0.018,   -0.018,    0.885,    0.885,    0.019,    0.019,   -0.498,   -0.498,    0.012,    0.012
 1583,2020091018,   -0.582,   -0.582,    0.000,    0.000,    0.000,    0.000,   -0.025,   -0.025,    0.242,    0.242,    0.000,    0.000,    0.000,    0.000,   -0.019,   -0.019,    0.890,    0.890,    0.011,    0.011,   -0.496,   -0.496,    0.009,    0.009
 1583,2020091012,   -0.584,   -0.584,    0.000,    0.000,    0.000,    0.000,   -0.035,   -0.035,    0.244,    0.244,    0.000,    0.000,    0.000,    0.000,   -0.021,   -0.021,    0.886,    0.886,    0.013,    0.013,   -0.500,   -0.500,    0.009,    0.009
 1583,2020091006,   -0.582,   -0.582,    0.000,    0.000,    0.000,    0.000,   -0.039,   -0.039,    0.242,    0.242,    0.000,    0.000,    0.000,    0.000,   -0.021,   -0.021,    0.896,    0.896,    0.019,    0.019,   -0.497,   -0.497,    0.013,    0.013
 1583,2020091000,   -0.581,   -0.581,    0.000,    0.000,    0.000,    0.000,   -0.045,   -0.045,    0.236,    0.236,    0.000,    0.000,    0.000,    0.000,   -0.021,   -0.021,    0.897,    0.897,    0.016,    0.016,   -0.498,   -0.498,    0.012,    0.012
 1583,2020090918,   -0.581,   -0.581,    0.000,    0.000,    0.000,    0.000,   -0.040,   -0.040,    0.241,    0.241,    0.000,    0.000,    0.000,    0.000,   -0.022,   -0.022,    0.904,    0.904,    0.014,    0.014,   -0.497,   -0.497,    0.013,    0.013
 1583,2020090912,   -0.586,   -0.586,    0.000,    0.000,    0.000,    0.000,   -0.058,   -0.058,    0.243,    0.243,    0.000,    0.000,    0.000,    0.000,   -0.024,   -0.024,    0.896,    0.896,    0.015,    0.015,   -0.505,   -0.505,    0.016,    0.016
 1583,2020090906,   -0.584,   -0.584,    0.000,    0.000,    0.000,    0.000,   -0.065,   -0.065,    0.235,    0.235,    0.000,    0.000,    0.000,    0.000,   -0.023,   -0.023,    0.909,    0.909,    0.015,    0.015,   -0.499,   -0.499,    0.018,    0.018
 1583,2020090900,   -0.584,   -0.584,    0.000,    0.000,    0.000,    0.000,   -0.068,   -0.068,    0.232,    0.232,    0.000,    0.000,    0.000,    0.000,   -0.022,   -0.022,    0.913,    0.913,    0.005,    0.005,   -0.499,   -0.499,    0.014,    0.014
 1583,2020090818,   -0.583,   -0.583,    0.000,    0.000,    0.000,    0.000,   -0.063,   -0.063,    0.235,    0.235,    0.000,    0.000,    0.000,    0.000,   -0.021,   -0.021,    0.916,    0.916,   -0.000,   -0.000,   -0.497,   -0.497,    0.012,    0.012
 1583,2020090812,   -0.586,   -0.586,    0.000,    0.000,    0.000,    0.000,   -0.073,   -0.073,    0.240,    0.240,    0.000,    0.000,    0.000,    0.000,   -0.024,   -0.024,    0.904,    0.904,   -0.005,   -0.005,   -0.505,   -0.505,    0.008,    0.008
 1583,2020090806,   -0.585,   -0.585,    0.000,    0.000,    0.000,    0.000,   -0.087,   -0.087,    0.230,    0.230,    0.000,    0.000,    0.000,    0.000,   -0.022,   -0.022,    0.917,    0.917,   -0.010,   -0.010,   -0.500,   -0.500,    0.007,    0.007
 1583,2020090800,   -0.585,   -0.585,    0.000,    0.000,    0.000,    0.000,   -0.087,   -0.087,    0.226,    0.226,    0.000,    0.000,    0.000,    0.000,   -0.021,   -0.021,    0.942,    0.942,   -0.016,   -0.016,   -0.492,   -0.492,    0.005,    0.005
 1583,2020090718,   -0.588,   -0.588,    0.000,    0.000,    0.000,    0.000,   -0.088,   -0.088,    0.234,    0.234,    0.000,    0.000,    0.000,    0.000,   -0.022,   -0.022,    0.937,    0.937,   -0.008,   -0.008,   -0.497,   -0.497,    0.011,    0.011
 1583,2020090712,   -0.589,   -0.589,    0.000,    0.000,    0.000,    0.000,   -0.093,   -0.093,    0.236,    0.236,    0.000,    0.000,    0.000,    0.000,   -0.021,   -0.021,    0.935,    0.935,   -0.003,   -0.003,   -0.500,   -0.500,    0.014,    0.014
 1583,2020090706,   -0.589,   -0.589,    0.000,    0.000,    0.000,    0.000,   -0.100,   -0.100,    0.231,    0.231,    0.000,    0.000,    0.000,    0.000,   -0.022,   -0.022,    0.942,    0.942,   -0.007,   -0.007,   -0.498,   -0.498,    0.011,    0.011
 1583,2020090700,   -0.592,   -0.592,    0.000,    0.000,    0.000,    0.000,   -0.107,   -0.107,    0.231,    0.231,    0.000,    0.000,    0.000,    0.000,   -0.023,   -0.023,    0.932,    0.932,   -0.006,   -0.006,   -0.504,   -0.504,    0.013,    0.013
 1583,2020090618,   -0.589,   -0.589,    0.000,    0.000,    0.000,    0.000,   -0.104,   -0.104,    0.223,    0.223,    0.000,    0.000,    0.000,    0.000,   -0.024,   -0.024,    0.946,    0.946,   -0.001,   -0.001,   -0.497,   -0.497,    0.015,    0.015
 1583,2020090612,   -0.588,   -0.588,    0.000,    0.000,    0.000,    0.000,   -0.100,   -0.100,    0.226,    0.226,    0.000,    0.000,    0.000,    0.000,   -0.024,   -0.024,    0.951,    0.951,   -0.008,   -0.008,   -0.495,   -0.495,    0.012,    0.012
 1583,2020090606,   -0.588,   -0.588,    0.000,    0.000,    0.000,    0.000,   -0.106,   -0.106,    0.231,    0.231,    0.000,    0.000,    0.000,    0.000,   -0.022,   -0.022,    0.951,    0.951,   -0.006,   -0.006,   -0.496,   -0.496,    0.012,    0.012
 1583,2020090600,   -0.587,   -0.587,    0.000,    0.000,    0.000,    0.000,   -0.102,   -0.102,    0.232,    0.232,    0.000,    0.000,    0.000,    0.000,   -0.021,   -0.021,    0.971,    0.971,    0.001,    0.001,   -0.490,   -0.490,    0.014,    0.014
 1583,2020090518,   -0.588,   -0.588,    0.000,    0.000,    0.000,    0.000,   -0.108,   -0.108,    0.228,    0.228,    0.000,    0.000,    0.000,    0.000,   -0.020,   -0.020,    0.966,    0.966,   -0.003,   -0.003,   -0.495,   -0.495,    0.014,    0.014
 1583,2020090512,   -0.591,   -0.591,    0.000,    0.000,    0.000,    0.000,   -0.117,   -0.117,    0.230,    0.230,    0.000,    0.000,    0.000,    0.000,   -0.022,   -0.022,    0.953,    0.953,   -0.009,   -0.009,   -0.502,   -0.502,    0.012,    0.012
 1583,2020090506,   -0.589,   -0.589,    0.000,    0.000,    0.000,    0.000,   -0.115,   -0.115,    0.231,    0.231,    0.000,    0.000,    0.000,    0.000,   -0.020,   -0.020,    0.967,    0.967,   -0.008,   -0.008,   -0.497,   -0.497,    0.013,    0.013
 1583,2020090500,   -0.588,   -0.588,    0.000,    0.000,    0.000,    0.000,   -0.113,   -0.113,    0.232,    0.232,    0.000,    0.000,    0.000,    0.000,   -0.020,   -0.020,    0.979,    0.979,   -0.001,   -0.001,   -0.493,   -0.493,    0.017,    0.017
 1583,2020090418,   -0.590,   -0.590,    0.000,    0.000,    0.000,    0.000,   -0.120,   -0.120,    0.234,    0.234,    0.000,    0.000,    0.000,    0.000,   -0.019,   -0.019,    0.964,    0.964,   -0.004,   -0.004,   -0.500,   -0.500,    0.014,    0.014
 1583,2020090412,   -0.593,   -0.593,    0.000,    0.000,    0.000,    0.000,   -0.137,   -0.137,    0.238,    0.238,    0.000,    0.000,    0.000,    0.000,   -0.019,   -0.019,    0.951,    0.951,   -0.009,   -0.009,   -0.508,   -0.508,    0.014,    0.014
 1583,2020090406,   -0.592,   -0.592,    0.000,    0.000,    0.000,    0.000,   -0.136,   -0.136,    0.237,    0.237,    0.000,    0.000,    0.000,    0.000,   -0.017,   -0.017,    0.968,    0.968,   -0.008,   -0.008,   -0.502,   -0.502,    0.017,    0.017
 1583,2020090400,   -0.594,   -0.594,    0.000,    0.000,    0.000,    0.000,   -0.144,   -0.144,    0.241,    0.241,    0.000,    0.000,    0.000,    0.000,   -0.018,   -0.018,    0.976,    0.976,   -0.007,   -0.007,   -0.502,   -0.502,    0.018,    0.018
 1583,2020090318,   -0.593,   -0.593,    0.000,    0.000,    0.000,    0.000,   -0.140,   -0.140,    0.246,    0.246,    0.000,    0.000,    0.000,    0.000,   -0.017,   -0.017,    0.972,    0.972,   -0.022,   -0.022,   -0.504,   -0.504,    0.014,    0.014
 1583,2020090312,   -0.594,   -0.594,    0.000,    0.000,    0.000,    0.000,   -0.142,   -0.142,    0.248,    0.248,    0.000,    0.000,    0.000,    0.000,   -0.016,   -0.016,    0.969,    0.969,   -0.017,   -0.017,   -0.506,   -0.506,    0.016,    0.016
 1583,2020090306,   -0.594,   -0.594,    0.000,    0.000,    0.000,    0.000,   -0.141,   -0.141,    0.252,    0.252,    0.000,    0.000,    0.000,    0.000,   -0.015,   -0.015,    0.961,    0.961,   -0.017,   -0.017,   -0.510,   -0.510,    0.017,    0.017
 1583,2020090300,   -0.594,   -0.594,    0.000,    0.000,    0.000,    0.000,   -0.140,   -0.140,    0.250,    0.250,    0.000,    0.000,    0.000,    0.000,   -0.015,   -0.015,    0.962,    0.962,   -0.021,   -0.021,   -0.510,   -0.510,    0.016,    0.016
 1583,2020090218,   -0.593,   -0.593,    0.000,    0.000,    0.000,    0.000,   -0.126,   -0.126,    0.245,    0.245,    0.000,    0.000,    0.000,    0.000,   -0.014,   -0.014,    0.973,    0.973,   -0.022,   -0.022,   -0.506,   -0.506,    0.018,    0.018
 1583,2020090212,   -0.595,   -0.595,    0.000,    0.000,    0.000,    0.000,   -0.127,   -0.127,    0.245,    0.245,    0.000,    0.000,    0.000,    0.000,   -0.015,   -0.015,    0.970,    0.970,   -0.025,   -0.025,   -0.509,   -0.509,    0.016,    0.016
 1583,2020090206,   -0.595,   -0.595,    0.000,    0.000,    0.000,    0.000,   -0.125,   -0.125,    0.248,    0.248,    0.000,    0.000,    0.000,    0.000,   -0.015,   -0.015,    0.971,    0.971,   -0.035,   -0.035,   -0.510,   -0.510,    0.010,    0.010
 1583,2020090200,   -0.597,   -0.597,    0.000,    0.000,    0.000,    0.000,   -0.137,   -0.137,    0.254,    0.254,    0.000,    0.000,    0.000,    0.000,   -0.014,   -0.014,    0.962,    0.962,   -0.043,   -0.043,   -0.516,   -0.516,    0.007,    0.007
 1583,2020090118,   -0.596,   -0.596,    0.000,    0.000,    0.000,    0.000,   -0.125,   -0.125,    0.249,    0.249,    0.000,    0.000,    0.000,    0.000,   -0.013,   -0.013,    0.966,    0.966,   -0.035,   -0.035,   -0.514,   -0.514,    0.010,    0.010
 1583,2020090112,   -0.599,   -0.599,    0.000,    0.000,    0.000,    0.000,   -0.131,   -0.131,    0.249,    0.249,    0.000,    0.000,    0.000,    0.000,   -0.014,   -0.014,    0.963,    0.963,   -0.029,   -0.029,   -0.519,   -0.519,    0.013,    0.013
 1583,2020090106,   -0.600,   -0.600,    0.000,    0.000,    0.000,    0.000,   -0.127,   -0.127,    0.246,    0.246,    0.000,    0.000,    0.000,    0.000,   -0.014,   -0.014,    0.960,    0.960,   -0.035,   -0.035,   -0.521,   -0.521,    0.011,    0.011
 1583,2020090100,   -0.600,   -0.600,    0.000,    0.000,    0.000,    0.000,   -0.118,   -0.118,    0.245,    0.245,    0.000,    0.000,    0.000,    0.000,   -0.014,   -0.014,    0.967,    0.967,   -0.037,   -0.037,   -0.520,   -0.520,    0.010,    0.010
 1583,2020083118,   -0.597,   -0.597,    0.000,    0.000,    0.000,    0.000,   -0.098,   -0.098,    0.237,    0.237,    0.000,    0.000,    0.000,    0.000,   -0.013,   -0.013,    0.974,    0.974,   -0.039,   -0.039,   -0.517,   -0.517,    0.011,    0.011
 1583,2020083112,   -0.601,   -0.601,    0.000,    0.000,    0.000,    0.000,   -0.104,   -0.104,    0.240,    0.240,    0.000,    0.000,    0.000,    0.000,   -0.015,   -0.015,    0.961,    0.961,   -0.030,   -0.030,   -0.525,   -0.525,    0.015,    0.015
 1583,2020083106,   -0.601,   -0.601,    0.000,    0.000,    0.000,    0.000,   -0.091,   -0.091,    0.237,    0.237,    0.000,    0.000,    0.000,    0.000,   -0.015,   -0.015,    0.944,    0.944,   -0.040,   -0.040,   -0.533,   -0.533,    0.011,    0.011
 1583,2020083100,   -0.601,   -0.601,    0.000,    0.000,    0.000,    0.000,   -0.086,   -0.086,    0.230,    0.230,    0.000,    0.000,    0.000,    0.000,   -0.014,   -0.014,    0.956,    0.956,   -0.042,   -0.042,   -0.528,   -0.528,    0.010,    0.010
 1583,2020083018,   -0.602,   -0.602,    0.000,    0.000,    0.000,    0.000,   -0.068,   -0.068,    0.217,    0.217,    0.000,    0.000,    0.000,    0.000,   -0.013,   -0.013,    0.944,    0.944,   -0.030,   -0.030,   -0.534,   -0.534,    0.016,    0.016
 1583,2020083012,   -0.604,   -0.604,    0.000,    0.000,    0.000,    0.000,   -0.068,   -0.068,    0.216,    0.216,    0.000,    0.000,    0.000,    0.000,   -0.014,   -0.014,    0.929,    0.929,   -0.021,   -0.021,   -0.542,   -0.542,    0.018,    0.018
 1583,2020083006,   -0.603,   -0.603,    0.000,    0.000,    0.000,    0.000,   -0.065,   -0.065,    0.204,    0.204,    0.000,    0.000,    0.000,    0.000,   -0.013,   -0.013,    0.912,    0.912,   -0.021,   -0.021,   -0.548,   -0.548,    0.019,    0.019
 1583,2020083000,   -0.601,   -0.601,    0.000,    0.000,    0.000,    0.000,   -0.056,   -0.056,    0.195,    0.195,    0.000,    0.000,    0.000,    0.000,   -0.013,   -0.013,    0.921,    0.921,   -0.025,   -0.025,   -0.543,   -0.543,    0.017,    0.017
