 1090,2020092000,    0.122,    0.122,    0.000,    0.000,    0.000,    0.000,   -0.143,   -0.143,   -0.122,   -0.122,    0.000,    0.000,    0.000,    0.000,    0.008,    0.008,   -0.124,   -0.124,    0.036,    0.036,   -0.079,   -0.079,   -0.004,   -0.004
 1090,2020091918,    0.121,    0.121,    0.000,    0.000,    0.000,    0.000,   -0.135,   -0.135,   -0.116,   -0.116,    0.000,    0.000,    0.000,    0.000,    0.008,    0.008,   -0.122,   -0.122,    0.034,    0.034,   -0.078,   -0.078,   -0.004,   -0.004
 1090,2020091912,    0.122,    0.122,    0.000,    0.000,    0.000,    0.000,   -0.134,   -0.134,   -0.116,   -0.116,    0.000,    0.000,    0.000,    0.000,    0.008,    0.008,   -0.117,   -0.117,    0.038,    0.038,   -0.076,   -0.076,   -0.002,   -0.002
 1090,2020091906,    0.122,    0.122,    0.000,    0.000,    0.000,    0.000,   -0.131,   -0.131,   -0.116,   -0.116,    0.000,    0.000,    0.000,    0.000,    0.008,    0.008,   -0.120,   -0.120,    0.033,    0.033,   -0.077,   -0.077,   -0.005,   -0.005
 1090,2020091900,    0.123,    0.123,    0.000,    0.000,    0.000,    0.000,   -0.137,   -0.137,   -0.119,   -0.119,    0.000,    0.000,    0.000,    0.000,    0.008,    0.008,   -0.114,   -0.114,    0.032,    0.032,   -0.074,   -0.074,   -0.005,   -0.005
 1090,2020091818,    0.123,    0.123,    0.000,    0.000,    0.000,    0.000,   -0.131,   -0.131,   -0.117,   -0.117,    0.000,    0.000,    0.000,    0.000,    0.008,    0.008,   -0.116,   -0.116,    0.033,    0.033,   -0.076,   -0.076,   -0.005,   -0.005
 1090,2020091812,    0.124,    0.124,    0.000,    0.000,    0.000,    0.000,   -0.128,   -0.128,   -0.118,   -0.118,    0.000,    0.000,    0.000,    0.000,    0.008,    0.008,   -0.117,   -0.117,    0.033,    0.033,   -0.076,   -0.076,   -0.006,   -0.006
 1090,2020091806,    0.122,    0.122,    0.000,    0.000,    0.000,    0.000,   -0.133,   -0.133,   -0.119,   -0.119,    0.000,    0.000,    0.000,    0.000,    0.008,    0.008,   -0.125,   -0.125,    0.029,    0.029,   -0.080,   -0.080,   -0.008,   -0.008
 1090,2020091800,    0.122,    0.122,    0.000,    0.000,    0.000,    0.000,   -0.129,   -0.129,   -0.118,   -0.118,    0.000,    0.000,    0.000,    0.000,    0.008,    0.008,   -0.120,   -0.120,    0.024,    0.024,   -0.078,   -0.078,   -0.010,   -0.010
 1090,2020091718,    0.122,    0.122,    0.000,    0.000,    0.000,    0.000,   -0.121,   -0.121,   -0.119,   -0.119,    0.000,    0.000,    0.000,    0.000,    0.008,    0.008,   -0.120,   -0.120,    0.028,    0.028,   -0.079,   -0.079,   -0.009,   -0.009
 1090,2020091712,    0.123,    0.123,    0.000,    0.000,    0.000,    0.000,   -0.117,   -0.117,   -0.125,   -0.125,    0.000,    0.000,    0.000,    0.000,    0.008,    0.008,   -0.118,   -0.118,    0.027,    0.027,   -0.077,   -0.077,   -0.010,   -0.010
 1090,2020091706,    0.123,    0.123,    0.000,    0.000,    0.000,    0.000,   -0.107,   -0.107,   -0.122,   -0.122,    0.000,    0.000,    0.000,    0.000,    0.008,    0.008,   -0.119,   -0.119,    0.025,    0.025,   -0.077,   -0.077,   -0.010,   -0.010
 1090,2020091700,    0.123,    0.123,    0.000,    0.000,    0.000,    0.000,   -0.109,   -0.109,   -0.126,   -0.126,    0.000,    0.000,    0.000,    0.000,    0.008,    0.008,   -0.122,   -0.122,    0.027,    0.027,   -0.078,   -0.078,   -0.008,   -0.008
 1090,2020091618,    0.121,    0.121,    0.000,    0.000,    0.000,    0.000,   -0.120,   -0.120,   -0.126,   -0.126,    0.000,    0.000,    0.000,    0.000,    0.008,    0.008,   -0.122,   -0.122,    0.025,    0.025,   -0.079,   -0.079,   -0.008,   -0.008
 1090,2020091612,    0.121,    0.121,    0.000,    0.000,    0.000,    0.000,   -0.119,   -0.119,   -0.128,   -0.128,    0.000,    0.000,    0.000,    0.000,    0.008,    0.008,   -0.117,   -0.117,    0.026,    0.026,   -0.077,   -0.077,   -0.009,   -0.009
 1090,2020091606,    0.120,    0.120,    0.000,    0.000,    0.000,    0.000,   -0.123,   -0.123,   -0.130,   -0.130,    0.000,    0.000,    0.000,    0.000,    0.008,    0.008,   -0.123,   -0.123,    0.020,    0.020,   -0.080,   -0.080,   -0.011,   -0.011
 1090,2020091600,    0.121,    0.121,    0.000,    0.000,    0.000,    0.000,   -0.118,   -0.118,   -0.127,   -0.127,    0.000,    0.000,    0.000,    0.000,    0.008,    0.008,   -0.123,   -0.123,    0.015,    0.015,   -0.080,   -0.080,   -0.012,   -0.012
 1090,2020091518,    0.121,    0.121,    0.000,    0.000,    0.000,    0.000,   -0.125,   -0.125,   -0.125,   -0.125,    0.000,    0.000,    0.000,    0.000,    0.008,    0.008,   -0.127,   -0.127,    0.014,    0.014,   -0.081,   -0.081,   -0.012,   -0.012
 1090,2020091512,    0.121,    0.121,    0.000,    0.000,    0.000,    0.000,   -0.119,   -0.119,   -0.130,   -0.130,    0.000,    0.000,    0.000,    0.000,    0.008,    0.008,   -0.126,   -0.126,    0.023,    0.023,   -0.080,   -0.080,   -0.008,   -0.008
 1090,2020091506,    0.121,    0.121,    0.000,    0.000,    0.000,    0.000,   -0.124,   -0.124,   -0.132,   -0.132,    0.000,    0.000,    0.000,    0.000,    0.008,    0.008,   -0.128,   -0.128,    0.022,    0.022,   -0.081,   -0.081,   -0.008,   -0.008
 1090,2020091500,    0.122,    0.122,    0.000,    0.000,    0.000,    0.000,   -0.128,   -0.128,   -0.133,   -0.133,    0.000,    0.000,    0.000,    0.000,    0.008,    0.008,   -0.127,   -0.127,    0.024,    0.024,   -0.079,   -0.079,   -0.008,   -0.008
 1090,2020091418,    0.121,    0.121,    0.000,    0.000,    0.000,    0.000,   -0.121,   -0.121,   -0.130,   -0.130,    0.000,    0.000,    0.000,    0.000,    0.008,    0.008,   -0.133,   -0.133,    0.024,    0.024,   -0.081,   -0.081,   -0.008,   -0.008
 1090,2020091412,    0.121,    0.121,    0.000,    0.000,    0.000,    0.000,   -0.134,   -0.134,   -0.130,   -0.130,    0.000,    0.000,    0.000,    0.000,    0.009,    0.009,   -0.134,   -0.134,    0.034,    0.034,   -0.083,   -0.083,   -0.003,   -0.003
 1090,2020091406,    0.121,    0.121,    0.000,    0.000,    0.000,    0.000,   -0.126,   -0.126,   -0.127,   -0.127,    0.000,    0.000,    0.000,    0.000,    0.009,    0.009,   -0.141,   -0.141,    0.036,    0.036,   -0.086,   -0.086,   -0.002,   -0.002
 1090,2020091400,    0.121,    0.121,    0.000,    0.000,    0.000,    0.000,   -0.134,   -0.134,   -0.127,   -0.127,    0.000,    0.000,    0.000,    0.000,    0.009,    0.009,   -0.139,   -0.139,    0.032,    0.032,   -0.085,   -0.085,   -0.004,   -0.004
 1090,2020091318,    0.122,    0.122,    0.000,    0.000,    0.000,    0.000,   -0.125,   -0.125,   -0.124,   -0.124,    0.000,    0.000,    0.000,    0.000,    0.009,    0.009,   -0.139,   -0.139,    0.032,    0.032,   -0.085,   -0.085,   -0.003,   -0.003
 1090,2020091312,    0.121,    0.121,    0.000,    0.000,    0.000,    0.000,   -0.127,   -0.127,   -0.121,   -0.121,    0.000,    0.000,    0.000,    0.000,    0.009,    0.009,   -0.136,   -0.136,    0.037,    0.037,   -0.084,   -0.084,   -0.001,   -0.001
 1090,2020091306,    0.121,    0.121,    0.000,    0.000,    0.000,    0.000,   -0.122,   -0.122,   -0.118,   -0.118,    0.000,    0.000,    0.000,    0.000,    0.009,    0.009,   -0.135,   -0.135,    0.037,    0.037,   -0.084,   -0.084,   -0.001,   -0.001
 1090,2020091300,    0.121,    0.121,    0.000,    0.000,    0.000,    0.000,   -0.132,   -0.132,   -0.121,   -0.121,    0.000,    0.000,    0.000,    0.000,    0.009,    0.009,   -0.135,   -0.135,    0.035,    0.035,   -0.084,   -0.084,   -0.002,   -0.002
 1090,2020091218,    0.121,    0.121,    0.000,    0.000,    0.000,    0.000,   -0.128,   -0.128,   -0.119,   -0.119,    0.000,    0.000,    0.000,    0.000,    0.009,    0.009,   -0.135,   -0.135,    0.037,    0.037,   -0.085,   -0.085,   -0.001,   -0.001
 1090,2020091212,    0.121,    0.121,    0.000,    0.000,    0.000,    0.000,   -0.129,   -0.129,   -0.121,   -0.121,    0.000,    0.000,    0.000,    0.000,    0.009,    0.009,   -0.136,   -0.136,    0.032,    0.032,   -0.084,   -0.084,   -0.003,   -0.003
 1090,2020091206,    0.121,    0.121,    0.000,    0.000,    0.000,    0.000,   -0.129,   -0.129,   -0.122,   -0.122,    0.000,    0.000,    0.000,    0.000,    0.009,    0.009,   -0.131,   -0.131,    0.031,    0.031,   -0.082,   -0.082,   -0.004,   -0.004
 1090,2020091200,    0.121,    0.121,    0.000,    0.000,    0.000,    0.000,   -0.138,   -0.138,   -0.124,   -0.124,    0.000,    0.000,    0.000,    0.000,    0.008,    0.008,   -0.136,   -0.136,    0.033,    0.033,   -0.084,   -0.084,   -0.003,   -0.003
 1090,2020091118,    0.121,    0.121,    0.000,    0.000,    0.000,    0.000,   -0.133,   -0.133,   -0.123,   -0.123,    0.000,    0.000,    0.000,    0.000,    0.009,    0.009,   -0.133,   -0.133,    0.025,    0.025,   -0.083,   -0.083,   -0.006,   -0.006
 1090,2020091112,    0.123,    0.123,    0.000,    0.000,    0.000,    0.000,   -0.132,   -0.132,   -0.126,   -0.126,    0.000,    0.000,    0.000,    0.000,    0.009,    0.009,   -0.121,   -0.121,    0.028,    0.028,   -0.077,   -0.077,   -0.006,   -0.006
 1090,2020091106,    0.121,    0.121,    0.000,    0.000,    0.000,    0.000,   -0.131,   -0.131,   -0.127,   -0.127,    0.000,    0.000,    0.000,    0.000,    0.009,    0.009,   -0.127,   -0.127,    0.030,    0.030,   -0.081,   -0.081,   -0.005,   -0.005
 1090,2020091100,    0.121,    0.121,    0.000,    0.000,    0.000,    0.000,   -0.139,   -0.139,   -0.126,   -0.126,    0.000,    0.000,    0.000,    0.000,    0.008,    0.008,   -0.126,   -0.126,    0.031,    0.031,   -0.081,   -0.081,   -0.005,   -0.005
 1090,2020091018,    0.121,    0.121,    0.000,    0.000,    0.000,    0.000,   -0.137,   -0.137,   -0.121,   -0.121,    0.000,    0.000,    0.000,    0.000,    0.009,    0.009,   -0.128,   -0.128,    0.030,    0.030,   -0.081,   -0.081,   -0.005,   -0.005
 1090,2020091012,    0.122,    0.122,    0.000,    0.000,    0.000,    0.000,   -0.137,   -0.137,   -0.124,   -0.124,    0.000,    0.000,    0.000,    0.000,    0.009,    0.009,   -0.116,   -0.116,    0.031,    0.031,   -0.076,   -0.076,   -0.005,   -0.005
 1090,2020091006,    0.123,    0.123,    0.000,    0.000,    0.000,    0.000,   -0.132,   -0.132,   -0.126,   -0.126,    0.000,    0.000,    0.000,    0.000,    0.009,    0.009,   -0.120,   -0.120,    0.026,    0.026,   -0.077,   -0.077,   -0.007,   -0.007
 1090,2020091000,    0.124,    0.124,    0.000,    0.000,    0.000,    0.000,   -0.139,   -0.139,   -0.129,   -0.129,    0.000,    0.000,    0.000,    0.000,    0.010,    0.010,   -0.112,   -0.112,    0.021,    0.021,   -0.074,   -0.074,   -0.009,   -0.009
 1090,2020090918,    0.123,    0.123,    0.000,    0.000,    0.000,    0.000,   -0.137,   -0.137,   -0.125,   -0.125,    0.000,    0.000,    0.000,    0.000,    0.009,    0.009,   -0.121,   -0.121,    0.020,    0.020,   -0.078,   -0.078,   -0.009,   -0.009
 1090,2020090912,    0.125,    0.125,    0.000,    0.000,    0.000,    0.000,   -0.131,   -0.131,   -0.127,   -0.127,    0.000,    0.000,    0.000,    0.000,    0.009,    0.009,   -0.105,   -0.105,    0.024,    0.024,   -0.071,   -0.071,   -0.009,   -0.009
 1090,2020090906,    0.124,    0.124,    0.000,    0.000,    0.000,    0.000,   -0.129,   -0.129,   -0.129,   -0.129,    0.000,    0.000,    0.000,    0.000,    0.010,    0.010,   -0.112,   -0.112,    0.026,    0.026,   -0.075,   -0.075,   -0.008,   -0.008
 1090,2020090900,    0.125,    0.125,    0.000,    0.000,    0.000,    0.000,   -0.126,   -0.126,   -0.131,   -0.131,    0.000,    0.000,    0.000,    0.000,    0.009,    0.009,   -0.110,   -0.110,    0.032,    0.032,   -0.073,   -0.073,   -0.007,   -0.007
 1090,2020090818,    0.124,    0.124,    0.000,    0.000,    0.000,    0.000,   -0.133,   -0.133,   -0.130,   -0.130,    0.000,    0.000,    0.000,    0.000,    0.010,    0.010,   -0.115,   -0.115,    0.033,    0.033,   -0.075,   -0.075,   -0.007,   -0.007
 1090,2020090812,    0.125,    0.125,    0.000,    0.000,    0.000,    0.000,   -0.131,   -0.131,   -0.135,   -0.135,    0.000,    0.000,    0.000,    0.000,    0.009,    0.009,   -0.108,   -0.108,    0.034,    0.034,   -0.072,   -0.072,   -0.007,   -0.007
 1090,2020090806,    0.124,    0.124,    0.000,    0.000,    0.000,    0.000,   -0.123,   -0.123,   -0.132,   -0.132,    0.000,    0.000,    0.000,    0.000,    0.009,    0.009,   -0.108,   -0.108,    0.040,    0.040,   -0.073,   -0.073,   -0.005,   -0.005
 1090,2020090800,    0.124,    0.124,    0.000,    0.000,    0.000,    0.000,   -0.122,   -0.122,   -0.129,   -0.129,    0.000,    0.000,    0.000,    0.000,    0.009,    0.009,   -0.102,   -0.102,    0.034,    0.034,   -0.071,   -0.071,   -0.007,   -0.007
 1090,2020090718,    0.123,    0.123,    0.000,    0.000,    0.000,    0.000,   -0.129,   -0.129,   -0.131,   -0.131,    0.000,    0.000,    0.000,    0.000,    0.009,    0.009,   -0.115,   -0.115,    0.034,    0.034,   -0.076,   -0.076,   -0.007,   -0.007
 1090,2020090712,    0.125,    0.125,    0.000,    0.000,    0.000,    0.000,   -0.119,   -0.119,   -0.125,   -0.125,    0.000,    0.000,    0.000,    0.000,    0.009,    0.009,   -0.103,   -0.103,    0.031,    0.031,   -0.070,   -0.070,   -0.008,   -0.008
 1090,2020090706,    0.124,    0.124,    0.000,    0.000,    0.000,    0.000,   -0.125,   -0.125,   -0.123,   -0.123,    0.000,    0.000,    0.000,    0.000,    0.009,    0.009,   -0.102,   -0.102,    0.032,    0.032,   -0.070,   -0.070,   -0.008,   -0.008
 1090,2020090700,    0.123,    0.123,    0.000,    0.000,    0.000,    0.000,   -0.133,   -0.133,   -0.128,   -0.128,    0.000,    0.000,    0.000,    0.000,    0.009,    0.009,   -0.104,   -0.104,    0.032,    0.032,   -0.072,   -0.072,   -0.008,   -0.008
 1090,2020090618,    0.123,    0.123,    0.000,    0.000,    0.000,    0.000,   -0.133,   -0.133,   -0.128,   -0.128,    0.000,    0.000,    0.000,    0.000,    0.010,    0.010,   -0.106,   -0.106,    0.039,    0.039,   -0.073,   -0.073,   -0.005,   -0.005
 1090,2020090612,    0.123,    0.123,    0.000,    0.000,    0.000,    0.000,   -0.137,   -0.137,   -0.130,   -0.130,    0.000,    0.000,    0.000,    0.000,    0.009,    0.009,   -0.105,   -0.105,    0.042,    0.042,   -0.073,   -0.073,   -0.003,   -0.003
 1090,2020090606,    0.122,    0.122,    0.000,    0.000,    0.000,    0.000,   -0.151,   -0.151,   -0.136,   -0.136,    0.000,    0.000,    0.000,    0.000,    0.010,    0.010,   -0.110,   -0.110,    0.041,    0.041,   -0.076,   -0.076,   -0.004,   -0.004
 1090,2020090600,    0.122,    0.122,    0.000,    0.000,    0.000,    0.000,   -0.156,   -0.156,   -0.135,   -0.135,    0.000,    0.000,    0.000,    0.000,    0.009,    0.009,   -0.109,   -0.109,    0.039,    0.039,   -0.075,   -0.075,   -0.004,   -0.004
 1090,2020090518,    0.123,    0.123,    0.000,    0.000,    0.000,    0.000,   -0.149,   -0.149,   -0.131,   -0.131,    0.000,    0.000,    0.000,    0.000,    0.009,    0.009,   -0.108,   -0.108,    0.038,    0.038,   -0.074,   -0.074,   -0.005,   -0.005
 1090,2020090512,    0.123,    0.123,    0.000,    0.000,    0.000,    0.000,   -0.147,   -0.147,   -0.132,   -0.132,    0.000,    0.000,    0.000,    0.000,    0.009,    0.009,   -0.101,   -0.101,    0.038,    0.038,   -0.070,   -0.070,   -0.005,   -0.005
 1090,2020090506,    0.122,    0.122,    0.000,    0.000,    0.000,    0.000,   -0.156,   -0.156,   -0.134,   -0.134,    0.000,    0.000,    0.000,    0.000,    0.009,    0.009,   -0.104,   -0.104,    0.031,    0.031,   -0.072,   -0.072,   -0.008,   -0.008
 1090,2020090500,    0.123,    0.123,    0.000,    0.000,    0.000,    0.000,   -0.158,   -0.158,   -0.131,   -0.131,    0.000,    0.000,    0.000,    0.000,    0.009,    0.009,   -0.107,   -0.107,    0.027,    0.027,   -0.074,   -0.074,   -0.008,   -0.008
 1090,2020090418,    0.122,    0.122,    0.000,    0.000,    0.000,    0.000,   -0.160,   -0.160,   -0.131,   -0.131,    0.000,    0.000,    0.000,    0.000,    0.009,    0.009,   -0.110,   -0.110,    0.026,    0.026,   -0.075,   -0.075,   -0.009,   -0.009
 1090,2020090412,    0.123,    0.123,    0.000,    0.000,    0.000,    0.000,   -0.148,   -0.148,   -0.132,   -0.132,    0.000,    0.000,    0.000,    0.000,    0.010,    0.010,   -0.104,   -0.104,    0.025,    0.025,   -0.072,   -0.072,   -0.009,   -0.009
 1090,2020090406,    0.123,    0.123,    0.000,    0.000,    0.000,    0.000,   -0.157,   -0.157,   -0.134,   -0.134,    0.000,    0.000,    0.000,    0.000,    0.010,    0.010,   -0.109,   -0.109,    0.028,    0.028,   -0.074,   -0.074,   -0.008,   -0.008
 1090,2020090400,    0.123,    0.123,    0.000,    0.000,    0.000,    0.000,   -0.157,   -0.157,   -0.135,   -0.135,    0.000,    0.000,    0.000,    0.000,    0.009,    0.009,   -0.103,   -0.103,    0.028,    0.028,   -0.071,   -0.071,   -0.008,   -0.008
 1090,2020090318,    0.123,    0.123,    0.000,    0.000,    0.000,    0.000,   -0.167,   -0.167,   -0.139,   -0.139,    0.000,    0.000,    0.000,    0.000,    0.009,    0.009,   -0.107,   -0.107,    0.030,    0.030,   -0.073,   -0.073,   -0.007,   -0.007
 1090,2020090312,    0.123,    0.123,    0.000,    0.000,    0.000,    0.000,   -0.178,   -0.178,   -0.141,   -0.141,    0.000,    0.000,    0.000,    0.000,    0.010,    0.010,   -0.103,   -0.103,    0.033,    0.033,   -0.071,   -0.071,   -0.005,   -0.005
 1090,2020090306,    0.122,    0.122,    0.000,    0.000,    0.000,    0.000,   -0.186,   -0.186,   -0.141,   -0.141,    0.000,    0.000,    0.000,    0.000,    0.010,    0.010,   -0.106,   -0.106,    0.035,    0.035,   -0.072,   -0.072,   -0.004,   -0.004
 1090,2020090300,    0.123,    0.123,    0.000,    0.000,    0.000,    0.000,   -0.192,   -0.192,   -0.148,   -0.148,    0.000,    0.000,    0.000,    0.000,    0.010,    0.010,   -0.105,   -0.105,    0.032,    0.032,   -0.071,   -0.071,   -0.005,   -0.005
 1090,2020090218,    0.123,    0.123,    0.000,    0.000,    0.000,    0.000,   -0.201,   -0.201,   -0.149,   -0.149,    0.000,    0.000,    0.000,    0.000,    0.010,    0.010,   -0.105,   -0.105,    0.028,    0.028,   -0.071,   -0.071,   -0.007,   -0.007
 1090,2020090212,    0.123,    0.123,    0.000,    0.000,    0.000,    0.000,   -0.205,   -0.205,   -0.152,   -0.152,    0.000,    0.000,    0.000,    0.000,    0.010,    0.010,   -0.102,   -0.102,    0.027,    0.027,   -0.069,   -0.069,   -0.008,   -0.008
 1090,2020090206,    0.122,    0.122,    0.000,    0.000,    0.000,    0.000,   -0.217,   -0.217,   -0.154,   -0.154,    0.000,    0.000,    0.000,    0.000,    0.010,    0.010,   -0.105,   -0.105,    0.027,    0.027,   -0.072,   -0.072,   -0.008,   -0.008
 1090,2020090200,    0.122,    0.122,    0.000,    0.000,    0.000,    0.000,   -0.224,   -0.224,   -0.164,   -0.164,    0.000,    0.000,    0.000,    0.000,    0.010,    0.010,   -0.105,   -0.105,    0.023,    0.023,   -0.071,   -0.071,   -0.010,   -0.010
 1090,2020090118,    0.123,    0.123,    0.000,    0.000,    0.000,    0.000,   -0.217,   -0.217,   -0.163,   -0.163,    0.000,    0.000,    0.000,    0.000,    0.010,    0.010,   -0.098,   -0.098,    0.025,    0.025,   -0.067,   -0.067,   -0.009,   -0.009
 1090,2020090112,    0.125,    0.125,    0.000,    0.000,    0.000,    0.000,   -0.221,   -0.221,   -0.168,   -0.168,    0.000,    0.000,    0.000,    0.000,    0.011,    0.011,   -0.091,   -0.091,    0.028,    0.028,   -0.064,   -0.064,   -0.008,   -0.008
 1090,2020090106,    0.124,    0.124,    0.000,    0.000,    0.000,    0.000,   -0.232,   -0.232,   -0.173,   -0.173,    0.000,    0.000,    0.000,    0.000,    0.011,    0.011,   -0.094,   -0.094,    0.031,    0.031,   -0.066,   -0.066,   -0.007,   -0.007
 1090,2020090100,    0.124,    0.124,    0.000,    0.000,    0.000,    0.000,   -0.240,   -0.240,   -0.178,   -0.178,    0.000,    0.000,    0.000,    0.000,    0.011,    0.011,   -0.094,   -0.094,    0.035,    0.035,   -0.066,   -0.066,   -0.005,   -0.005
 1090,2020083118,    0.124,    0.124,    0.000,    0.000,    0.000,    0.000,   -0.245,   -0.245,   -0.180,   -0.180,    0.000,    0.000,    0.000,    0.000,    0.011,    0.011,   -0.097,   -0.097,    0.033,    0.033,   -0.067,   -0.067,   -0.006,   -0.006
 1090,2020083112,    0.124,    0.124,    0.000,    0.000,    0.000,    0.000,   -0.252,   -0.252,   -0.183,   -0.183,    0.000,    0.000,    0.000,    0.000,    0.011,    0.011,   -0.097,   -0.097,    0.032,    0.032,   -0.067,   -0.067,   -0.006,   -0.006
 1090,2020083106,    0.124,    0.124,    0.000,    0.000,    0.000,    0.000,   -0.271,   -0.271,   -0.190,   -0.190,    0.000,    0.000,    0.000,    0.000,    0.012,    0.012,   -0.099,   -0.099,    0.031,    0.031,   -0.067,   -0.067,   -0.007,   -0.007
 1090,2020083100,    0.123,    0.123,    0.000,    0.000,    0.000,    0.000,   -0.284,   -0.284,   -0.198,   -0.198,    0.000,    0.000,    0.000,    0.000,    0.012,    0.012,   -0.103,   -0.103,    0.030,    0.030,   -0.069,   -0.069,   -0.008,   -0.008
 1090,2020083018,    0.124,    0.124,    0.000,    0.000,    0.000,    0.000,   -0.300,   -0.300,   -0.205,   -0.205,    0.000,    0.000,    0.000,    0.000,    0.012,    0.012,   -0.106,   -0.106,    0.032,    0.032,   -0.069,   -0.069,   -0.007,   -0.007
 1090,2020083012,    0.126,    0.126,    0.000,    0.000,    0.000,    0.000,   -0.302,   -0.302,   -0.210,   -0.210,    0.000,    0.000,    0.000,    0.000,    0.013,    0.013,   -0.096,   -0.096,    0.034,    0.034,   -0.064,   -0.064,   -0.006,   -0.006
 1090,2020083006,    0.126,    0.126,    0.000,    0.000,    0.000,    0.000,   -0.334,   -0.334,   -0.224,   -0.224,    0.000,    0.000,    0.000,    0.000,    0.013,    0.013,   -0.105,   -0.105,    0.033,    0.033,   -0.067,   -0.067,   -0.007,   -0.007
 1090,2020083000,    0.126,    0.126,    0.000,    0.000,    0.000,    0.000,   -0.343,   -0.343,   -0.228,   -0.228,    0.000,    0.000,    0.000,    0.000,    0.013,    0.013,   -0.100,   -0.100,    0.029,    0.029,   -0.065,   -0.065,   -0.008,   -0.008
