 6999,2020092000,    0.052,    0.052,    0.000,    0.000,    0.000,    0.000,   -0.262,   -0.262,   -0.614,   -0.614,    0.000,    0.000,    0.000,    0.000,    0.025,    0.025,    1.301,    1.301,   -0.039,   -0.039,   -0.172,   -0.172,    0.100,    0.100
 6999,2020091918,    0.057,    0.057,    0.000,    0.000,    0.000,    0.000,   -0.261,   -0.261,   -0.604,   -0.604,    0.000,    0.000,    0.000,    0.000,    0.027,    0.027,    1.332,    1.332,   -0.035,   -0.035,   -0.158,   -0.158,    0.103,    0.103
 6999,2020091912,    0.054,    0.054,    0.000,    0.000,    0.000,    0.000,   -0.267,   -0.267,   -0.612,   -0.612,    0.000,    0.000,    0.000,    0.000,    0.026,    0.026,    1.304,    1.304,   -0.035,   -0.035,   -0.172,   -0.172,    0.103,    0.103
 6999,2020091906,    0.057,    0.057,    0.000,    0.000,    0.000,    0.000,   -0.264,   -0.264,   -0.601,   -0.601,    0.000,    0.000,    0.000,    0.000,    0.026,    0.026,    1.314,    1.314,   -0.039,   -0.039,   -0.167,   -0.167,    0.101,    0.101
 6999,2020091900,    0.055,    0.055,    0.000,    0.000,    0.000,    0.000,   -0.288,   -0.288,   -0.595,   -0.595,    0.000,    0.000,    0.000,    0.000,    0.025,    0.025,    1.319,    1.319,   -0.042,   -0.042,   -0.168,   -0.168,    0.100,    0.100
 6999,2020091818,    0.055,    0.055,    0.000,    0.000,    0.000,    0.000,   -0.272,   -0.272,   -0.601,   -0.601,    0.000,    0.000,    0.000,    0.000,    0.026,    0.026,    1.315,    1.315,   -0.038,   -0.038,   -0.170,   -0.170,    0.103,    0.103
 6999,2020091812,    0.053,    0.053,    0.000,    0.000,    0.000,    0.000,   -0.328,   -0.328,   -0.604,   -0.604,    0.000,    0.000,    0.000,    0.000,    0.025,    0.025,    1.299,    1.299,   -0.020,   -0.020,   -0.178,   -0.178,    0.108,    0.108
 6999,2020091806,    0.052,    0.052,    0.000,    0.000,    0.000,    0.000,   -0.336,   -0.336,   -0.596,   -0.596,    0.000,    0.000,    0.000,    0.000,    0.026,    0.026,    1.300,    1.300,   -0.009,   -0.009,   -0.179,   -0.179,    0.110,    0.110
 6999,2020091800,    0.050,    0.050,    0.000,    0.000,    0.000,    0.000,   -0.336,   -0.336,   -0.599,   -0.599,    0.000,    0.000,    0.000,    0.000,    0.028,    0.028,    1.295,    1.295,   -0.029,   -0.029,   -0.184,   -0.184,    0.103,    0.103
 6999,2020091718,    0.048,    0.048,    0.000,    0.000,    0.000,    0.000,   -0.338,   -0.338,   -0.597,   -0.597,    0.000,    0.000,    0.000,    0.000,    0.028,    0.028,    1.295,    1.295,   -0.029,   -0.029,   -0.186,   -0.186,    0.106,    0.106
 6999,2020091712,    0.048,    0.048,    0.000,    0.000,    0.000,    0.000,   -0.320,   -0.320,   -0.608,   -0.608,    0.000,    0.000,    0.000,    0.000,    0.028,    0.028,    1.309,    1.309,   -0.023,   -0.023,   -0.181,   -0.181,    0.107,    0.107
 6999,2020091706,    0.046,    0.046,    0.000,    0.000,    0.000,    0.000,   -0.324,   -0.324,   -0.603,   -0.603,    0.000,    0.000,    0.000,    0.000,    0.028,    0.028,    1.309,    1.309,   -0.019,   -0.019,   -0.184,   -0.184,    0.110,    0.110
 6999,2020091700,    0.049,    0.049,    0.000,    0.000,    0.000,    0.000,   -0.298,   -0.298,   -0.618,   -0.618,    0.000,    0.000,    0.000,    0.000,    0.031,    0.031,    1.300,    1.300,   -0.017,   -0.017,   -0.186,   -0.186,    0.111,    0.111
 6999,2020091618,    0.051,    0.051,    0.000,    0.000,    0.000,    0.000,   -0.302,   -0.302,   -0.607,   -0.607,    0.000,    0.000,    0.000,    0.000,    0.032,    0.032,    1.325,    1.325,   -0.023,   -0.023,   -0.177,   -0.177,    0.109,    0.109
 6999,2020091612,    0.048,    0.048,    0.000,    0.000,    0.000,    0.000,   -0.319,   -0.319,   -0.604,   -0.604,    0.000,    0.000,    0.000,    0.000,    0.031,    0.031,    1.313,    1.313,   -0.025,   -0.025,   -0.184,   -0.184,    0.108,    0.108
 6999,2020091606,    0.045,    0.045,    0.000,    0.000,    0.000,    0.000,   -0.328,   -0.328,   -0.595,   -0.595,    0.000,    0.000,    0.000,    0.000,    0.030,    0.030,    1.309,    1.309,   -0.018,   -0.018,   -0.188,   -0.188,    0.110,    0.110
 6999,2020091600,    0.049,    0.049,    0.000,    0.000,    0.000,    0.000,   -0.312,   -0.312,   -0.606,   -0.606,    0.000,    0.000,    0.000,    0.000,    0.033,    0.033,    1.321,    1.321,   -0.016,   -0.016,   -0.183,   -0.183,    0.110,    0.110
 6999,2020091518,    0.049,    0.049,    0.000,    0.000,    0.000,    0.000,   -0.335,   -0.335,   -0.598,   -0.598,    0.000,    0.000,    0.000,    0.000,    0.034,    0.034,    1.319,    1.319,   -0.016,   -0.016,   -0.184,   -0.184,    0.113,    0.113
 6999,2020091512,    0.051,    0.051,    0.000,    0.000,    0.000,    0.000,   -0.318,   -0.318,   -0.605,   -0.605,    0.000,    0.000,    0.000,    0.000,    0.035,    0.035,    1.329,    1.329,   -0.021,   -0.021,   -0.180,   -0.180,    0.112,    0.112
 6999,2020091506,    0.051,    0.051,    0.000,    0.000,    0.000,    0.000,   -0.328,   -0.328,   -0.596,   -0.596,    0.000,    0.000,    0.000,    0.000,    0.033,    0.033,    1.326,    1.326,   -0.031,   -0.031,   -0.180,   -0.180,    0.109,    0.109
 6999,2020091500,    0.050,    0.050,    0.000,    0.000,    0.000,    0.000,   -0.331,   -0.331,   -0.604,   -0.604,    0.000,    0.000,    0.000,    0.000,    0.031,    0.031,    1.322,    1.322,   -0.048,   -0.048,   -0.184,   -0.184,    0.103,    0.103
 6999,2020091418,    0.048,    0.048,    0.000,    0.000,    0.000,    0.000,   -0.329,   -0.329,   -0.594,   -0.594,    0.000,    0.000,    0.000,    0.000,    0.031,    0.031,    1.312,    1.312,   -0.046,   -0.046,   -0.189,   -0.189,    0.104,    0.104
 6999,2020091412,    0.047,    0.047,    0.000,    0.000,    0.000,    0.000,   -0.330,   -0.330,   -0.604,   -0.604,    0.000,    0.000,    0.000,    0.000,    0.031,    0.031,    1.305,    1.305,   -0.040,   -0.040,   -0.193,   -0.193,    0.107,    0.107
 6999,2020091406,    0.046,    0.046,    0.000,    0.000,    0.000,    0.000,   -0.320,   -0.320,   -0.615,   -0.615,    0.000,    0.000,    0.000,    0.000,    0.031,    0.031,    1.293,    1.293,   -0.057,   -0.057,   -0.198,   -0.198,    0.098,    0.098
 6999,2020091400,    0.047,    0.047,    0.000,    0.000,    0.000,    0.000,   -0.314,   -0.314,   -0.624,   -0.624,    0.000,    0.000,    0.000,    0.000,    0.030,    0.030,    1.307,    1.307,   -0.058,   -0.058,   -0.194,   -0.194,    0.097,    0.097
 6999,2020091318,    0.050,    0.050,    0.000,    0.000,    0.000,    0.000,   -0.281,   -0.281,   -0.628,   -0.628,    0.000,    0.000,    0.000,    0.000,    0.030,    0.030,    1.317,    1.317,   -0.057,   -0.057,   -0.188,   -0.188,    0.096,    0.096
 6999,2020091312,    0.048,    0.048,    0.000,    0.000,    0.000,    0.000,   -0.286,   -0.286,   -0.630,   -0.630,    0.000,    0.000,    0.000,    0.000,    0.029,    0.029,    1.320,    1.320,   -0.062,   -0.062,   -0.190,   -0.190,    0.096,    0.096
 6999,2020091306,    0.047,    0.047,    0.000,    0.000,    0.000,    0.000,   -0.307,   -0.307,   -0.621,   -0.621,    0.000,    0.000,    0.000,    0.000,    0.027,    0.027,    1.320,    1.320,   -0.038,   -0.038,   -0.191,   -0.191,    0.107,    0.107
 6999,2020091300,    0.047,    0.047,    0.000,    0.000,    0.000,    0.000,   -0.324,   -0.324,   -0.623,   -0.623,    0.000,    0.000,    0.000,    0.000,    0.028,    0.028,    1.326,    1.326,   -0.051,   -0.051,   -0.190,   -0.190,    0.104,    0.104
 6999,2020091218,    0.051,    0.051,    0.000,    0.000,    0.000,    0.000,   -0.315,   -0.315,   -0.620,   -0.620,    0.000,    0.000,    0.000,    0.000,    0.029,    0.029,    1.325,    1.325,   -0.064,   -0.064,   -0.186,   -0.186,    0.101,    0.101
 6999,2020091212,    0.045,    0.045,    0.000,    0.000,    0.000,    0.000,   -0.354,   -0.354,   -0.611,   -0.611,    0.000,    0.000,    0.000,    0.000,    0.029,    0.029,    1.303,    1.303,   -0.065,   -0.065,   -0.201,   -0.201,    0.099,    0.099
 6999,2020091206,    0.045,    0.045,    0.000,    0.000,    0.000,    0.000,   -0.367,   -0.367,   -0.607,   -0.607,    0.000,    0.000,    0.000,    0.000,    0.027,    0.027,    1.281,    1.281,   -0.066,   -0.066,   -0.212,   -0.212,    0.101,    0.101
 6999,2020091200,    0.044,    0.044,    0.000,    0.000,    0.000,    0.000,   -0.379,   -0.379,   -0.600,   -0.600,    0.000,    0.000,    0.000,    0.000,    0.027,    0.027,    1.285,    1.285,   -0.056,   -0.056,   -0.211,   -0.211,    0.105,    0.105
 6999,2020091118,    0.045,    0.045,    0.000,    0.000,    0.000,    0.000,   -0.350,   -0.350,   -0.594,   -0.594,    0.000,    0.000,    0.000,    0.000,    0.027,    0.027,    1.286,    1.286,   -0.046,   -0.046,   -0.211,   -0.211,    0.107,    0.107
 6999,2020091112,    0.044,    0.044,    0.000,    0.000,    0.000,    0.000,   -0.330,   -0.330,   -0.602,   -0.602,    0.000,    0.000,    0.000,    0.000,    0.028,    0.028,    1.297,    1.297,   -0.056,   -0.056,   -0.208,   -0.208,    0.103,    0.103
 6999,2020091106,    0.045,    0.045,    0.000,    0.000,    0.000,    0.000,   -0.312,   -0.312,   -0.603,   -0.603,    0.000,    0.000,    0.000,    0.000,    0.027,    0.027,    1.304,    1.304,   -0.046,   -0.046,   -0.205,   -0.205,    0.106,    0.106
 6999,2020091100,    0.044,    0.044,    0.000,    0.000,    0.000,    0.000,   -0.312,   -0.312,   -0.604,   -0.604,    0.000,    0.000,    0.000,    0.000,    0.028,    0.028,    1.303,    1.303,   -0.037,   -0.037,   -0.206,   -0.206,    0.110,    0.110
 6999,2020091018,    0.046,    0.046,    0.000,    0.000,    0.000,    0.000,   -0.300,   -0.300,   -0.603,   -0.603,    0.000,    0.000,    0.000,    0.000,    0.028,    0.028,    1.319,    1.319,   -0.044,   -0.044,   -0.198,   -0.198,    0.111,    0.111
 6999,2020091012,    0.044,    0.044,    0.000,    0.000,    0.000,    0.000,   -0.310,   -0.310,   -0.597,   -0.597,    0.000,    0.000,    0.000,    0.000,    0.027,    0.027,    1.307,    1.307,   -0.045,   -0.045,   -0.207,   -0.207,    0.112,    0.112
 6999,2020091006,    0.045,    0.045,    0.000,    0.000,    0.000,    0.000,   -0.307,   -0.307,   -0.589,   -0.589,    0.000,    0.000,    0.000,    0.000,    0.026,    0.026,    1.317,    1.317,   -0.054,   -0.054,   -0.204,   -0.204,    0.109,    0.109
 6999,2020091000,    0.042,    0.042,    0.000,    0.000,    0.000,    0.000,   -0.323,   -0.323,   -0.591,   -0.591,    0.000,    0.000,    0.000,    0.000,    0.027,    0.027,    1.308,    1.308,   -0.038,   -0.038,   -0.209,   -0.209,    0.116,    0.116
 6999,2020090918,    0.042,    0.042,    0.000,    0.000,    0.000,    0.000,   -0.318,   -0.318,   -0.574,   -0.574,    0.000,    0.000,    0.000,    0.000,    0.028,    0.028,    1.313,    1.313,   -0.053,   -0.053,   -0.209,   -0.209,    0.109,    0.109
 6999,2020090912,    0.042,    0.042,    0.000,    0.000,    0.000,    0.000,   -0.317,   -0.317,   -0.582,   -0.582,    0.000,    0.000,    0.000,    0.000,    0.028,    0.028,    1.294,    1.294,   -0.045,   -0.045,   -0.216,   -0.216,    0.113,    0.113
 6999,2020090906,    0.041,    0.041,    0.000,    0.000,    0.000,    0.000,   -0.305,   -0.305,   -0.579,   -0.579,    0.000,    0.000,    0.000,    0.000,    0.027,    0.027,    1.305,    1.305,   -0.060,   -0.060,   -0.213,   -0.213,    0.106,    0.106
 6999,2020090900,    0.043,    0.043,    0.000,    0.000,    0.000,    0.000,   -0.319,   -0.319,   -0.586,   -0.586,    0.000,    0.000,    0.000,    0.000,    0.028,    0.028,    1.297,    1.297,   -0.046,   -0.046,   -0.213,   -0.213,    0.112,    0.112
 6999,2020090818,    0.043,    0.043,    0.000,    0.000,    0.000,    0.000,   -0.321,   -0.321,   -0.575,   -0.575,    0.000,    0.000,    0.000,    0.000,    0.029,    0.029,    1.314,    1.314,   -0.043,   -0.043,   -0.207,   -0.207,    0.115,    0.115
 6999,2020090812,    0.040,    0.040,    0.000,    0.000,    0.000,    0.000,   -0.293,   -0.293,   -0.600,   -0.600,    0.000,    0.000,    0.000,    0.000,    0.028,    0.028,    1.319,    1.319,   -0.050,   -0.050,   -0.208,   -0.208,    0.113,    0.113
 6999,2020090806,    0.039,    0.039,    0.000,    0.000,    0.000,    0.000,   -0.280,   -0.280,   -0.598,   -0.598,    0.000,    0.000,    0.000,    0.000,    0.027,    0.027,    1.314,    1.314,   -0.043,   -0.043,   -0.213,   -0.213,    0.115,    0.115
 6999,2020090800,    0.037,    0.037,    0.000,    0.000,    0.000,    0.000,   -0.296,   -0.296,   -0.589,   -0.589,    0.000,    0.000,    0.000,    0.000,    0.027,    0.027,    1.331,    1.331,   -0.038,   -0.038,   -0.208,   -0.208,    0.117,    0.117
 6999,2020090718,    0.040,    0.040,    0.000,    0.000,    0.000,    0.000,   -0.294,   -0.294,   -0.581,   -0.581,    0.000,    0.000,    0.000,    0.000,    0.027,    0.027,    1.338,    1.338,   -0.041,   -0.041,   -0.204,   -0.204,    0.117,    0.117
 6999,2020090712,    0.041,    0.041,    0.000,    0.000,    0.000,    0.000,   -0.274,   -0.274,   -0.595,   -0.595,    0.000,    0.000,    0.000,    0.000,    0.028,    0.028,    1.337,    1.337,   -0.045,   -0.045,   -0.205,   -0.205,    0.115,    0.115
 6999,2020090706,    0.039,    0.039,    0.000,    0.000,    0.000,    0.000,   -0.287,   -0.287,   -0.590,   -0.590,    0.000,    0.000,    0.000,    0.000,    0.028,    0.028,    1.345,    1.345,   -0.046,   -0.046,   -0.203,   -0.203,    0.111,    0.111
 6999,2020090700,    0.038,    0.038,    0.000,    0.000,    0.000,    0.000,   -0.304,   -0.304,   -0.595,   -0.595,    0.000,    0.000,    0.000,    0.000,    0.028,    0.028,    1.341,    1.341,   -0.060,   -0.060,   -0.206,   -0.206,    0.106,    0.106
 6999,2020090618,    0.034,    0.034,    0.000,    0.000,    0.000,    0.000,   -0.286,   -0.286,   -0.596,   -0.596,    0.000,    0.000,    0.000,    0.000,    0.028,    0.028,    1.325,    1.325,   -0.053,   -0.053,   -0.216,   -0.216,    0.109,    0.109
 6999,2020090612,    0.034,    0.034,    0.000,    0.000,    0.000,    0.000,   -0.284,   -0.284,   -0.596,   -0.596,    0.000,    0.000,    0.000,    0.000,    0.028,    0.028,    1.334,    1.334,   -0.061,   -0.061,   -0.214,   -0.214,    0.106,    0.106
 6999,2020090606,    0.032,    0.032,    0.000,    0.000,    0.000,    0.000,   -0.288,   -0.288,   -0.594,   -0.594,    0.000,    0.000,    0.000,    0.000,    0.025,    0.025,    1.321,    1.321,   -0.061,   -0.061,   -0.221,   -0.221,    0.105,    0.105
 6999,2020090600,    0.034,    0.034,    0.000,    0.000,    0.000,    0.000,   -0.283,   -0.283,   -0.591,   -0.591,    0.000,    0.000,    0.000,    0.000,    0.028,    0.028,    1.339,    1.339,   -0.059,   -0.059,   -0.214,   -0.214,    0.104,    0.104
 6999,2020090518,    0.034,    0.034,    0.000,    0.000,    0.000,    0.000,   -0.292,   -0.292,   -0.578,   -0.578,    0.000,    0.000,    0.000,    0.000,    0.028,    0.028,    1.341,    1.341,   -0.076,   -0.076,   -0.214,   -0.214,    0.099,    0.099
 6999,2020090512,    0.038,    0.038,    0.000,    0.000,    0.000,    0.000,   -0.299,   -0.299,   -0.586,   -0.586,    0.000,    0.000,    0.000,    0.000,    0.028,    0.028,    1.354,    1.354,   -0.068,   -0.068,   -0.207,   -0.207,    0.102,    0.102
 6999,2020090506,    0.039,    0.039,    0.000,    0.000,    0.000,    0.000,   -0.297,   -0.297,   -0.582,   -0.582,    0.000,    0.000,    0.000,    0.000,    0.028,    0.028,    1.363,    1.363,   -0.075,   -0.075,   -0.204,   -0.204,    0.100,    0.100
 6999,2020090500,    0.037,    0.037,    0.000,    0.000,    0.000,    0.000,   -0.297,   -0.297,   -0.586,   -0.586,    0.000,    0.000,    0.000,    0.000,    0.026,    0.026,    1.359,    1.359,   -0.075,   -0.075,   -0.207,   -0.207,    0.099,    0.099
 6999,2020090418,    0.037,    0.037,    0.000,    0.000,    0.000,    0.000,   -0.293,   -0.293,   -0.587,   -0.587,    0.000,    0.000,    0.000,    0.000,    0.027,    0.027,    1.356,    1.356,   -0.065,   -0.065,   -0.209,   -0.209,    0.105,    0.105
 6999,2020090412,    0.039,    0.039,    0.000,    0.000,    0.000,    0.000,   -0.299,   -0.299,   -0.593,   -0.593,    0.000,    0.000,    0.000,    0.000,    0.027,    0.027,    1.369,    1.369,   -0.064,   -0.064,   -0.205,   -0.205,    0.108,    0.108
 6999,2020090406,    0.038,    0.038,    0.000,    0.000,    0.000,    0.000,   -0.294,   -0.294,   -0.595,   -0.595,    0.000,    0.000,    0.000,    0.000,    0.026,    0.026,    1.357,    1.357,   -0.062,   -0.062,   -0.211,   -0.211,    0.106,    0.106
 6999,2020090400,    0.035,    0.035,    0.000,    0.000,    0.000,    0.000,   -0.326,   -0.326,   -0.590,   -0.590,    0.000,    0.000,    0.000,    0.000,    0.027,    0.027,    1.338,    1.338,   -0.069,   -0.069,   -0.221,   -0.221,    0.102,    0.102
 6999,2020090318,    0.036,    0.036,    0.000,    0.000,    0.000,    0.000,   -0.341,   -0.341,   -0.579,   -0.579,    0.000,    0.000,    0.000,    0.000,    0.029,    0.029,    1.331,    1.331,   -0.084,   -0.084,   -0.223,   -0.223,    0.098,    0.098
 6999,2020090312,    0.033,    0.033,    0.000,    0.000,    0.000,    0.000,   -0.335,   -0.335,   -0.582,   -0.582,    0.000,    0.000,    0.000,    0.000,    0.029,    0.029,    1.323,    1.323,   -0.086,   -0.086,   -0.229,   -0.229,    0.097,    0.097
 6999,2020090306,    0.035,    0.035,    0.000,    0.000,    0.000,    0.000,   -0.335,   -0.335,   -0.582,   -0.582,    0.000,    0.000,    0.000,    0.000,    0.031,    0.031,    1.325,    1.325,   -0.088,   -0.088,   -0.228,   -0.228,    0.096,    0.096
 6999,2020090300,    0.034,    0.034,    0.000,    0.000,    0.000,    0.000,   -0.332,   -0.332,   -0.579,   -0.579,    0.000,    0.000,    0.000,    0.000,    0.030,    0.030,    1.306,    1.306,   -0.085,   -0.085,   -0.237,   -0.237,    0.097,    0.097
 6999,2020090218,    0.041,    0.041,    0.000,    0.000,    0.000,    0.000,   -0.283,   -0.283,   -0.595,   -0.595,    0.000,    0.000,    0.000,    0.000,    0.032,    0.032,    1.331,    1.331,   -0.075,   -0.075,   -0.222,   -0.222,    0.099,    0.099
 6999,2020090212,    0.038,    0.038,    0.000,    0.000,    0.000,    0.000,   -0.328,   -0.328,   -0.584,   -0.584,    0.000,    0.000,    0.000,    0.000,    0.031,    0.031,    1.328,    1.328,   -0.087,   -0.087,   -0.226,   -0.226,    0.096,    0.096
 6999,2020090206,    0.043,    0.043,    0.000,    0.000,    0.000,    0.000,   -0.308,   -0.308,   -0.582,   -0.582,    0.000,    0.000,    0.000,    0.000,    0.031,    0.031,    1.343,    1.343,   -0.079,   -0.079,   -0.218,   -0.218,    0.100,    0.100
 6999,2020090200,    0.043,    0.043,    0.000,    0.000,    0.000,    0.000,   -0.308,   -0.308,   -0.588,   -0.588,    0.000,    0.000,    0.000,    0.000,    0.032,    0.032,    1.335,    1.335,   -0.074,   -0.074,   -0.220,   -0.220,    0.101,    0.101
 6999,2020090118,    0.045,    0.045,    0.000,    0.000,    0.000,    0.000,   -0.264,   -0.264,   -0.592,   -0.592,    0.000,    0.000,    0.000,    0.000,    0.033,    0.033,    1.337,    1.337,   -0.065,   -0.065,   -0.217,   -0.217,    0.105,    0.105
 6999,2020090112,    0.043,    0.043,    0.000,    0.000,    0.000,    0.000,   -0.257,   -0.257,   -0.593,   -0.593,    0.000,    0.000,    0.000,    0.000,    0.034,    0.034,    1.308,    1.308,   -0.075,   -0.075,   -0.230,   -0.230,    0.102,    0.102
 6999,2020090106,    0.045,    0.045,    0.000,    0.000,    0.000,    0.000,   -0.237,   -0.237,   -0.594,   -0.594,    0.000,    0.000,    0.000,    0.000,    0.033,    0.033,    1.350,    1.350,   -0.095,   -0.095,   -0.213,   -0.213,    0.097,    0.097
 6999,2020090100,    0.045,    0.045,    0.000,    0.000,    0.000,    0.000,   -0.230,   -0.230,   -0.603,   -0.603,    0.000,    0.000,    0.000,    0.000,    0.032,    0.032,    1.339,    1.339,   -0.102,   -0.102,   -0.218,   -0.218,    0.093,    0.093
 6999,2020083118,    0.045,    0.045,    0.000,    0.000,    0.000,    0.000,   -0.234,   -0.234,   -0.590,   -0.590,    0.000,    0.000,    0.000,    0.000,    0.031,    0.031,    1.340,    1.340,   -0.087,   -0.087,   -0.217,   -0.217,    0.100,    0.100
 6999,2020083112,    0.042,    0.042,    0.000,    0.000,    0.000,    0.000,   -0.260,   -0.260,   -0.583,   -0.583,    0.000,    0.000,    0.000,    0.000,    0.030,    0.030,    1.325,    1.325,   -0.086,   -0.086,   -0.226,   -0.226,    0.100,    0.100
 6999,2020083106,    0.040,    0.040,    0.000,    0.000,    0.000,    0.000,   -0.260,   -0.260,   -0.584,   -0.584,    0.000,    0.000,    0.000,    0.000,    0.029,    0.029,    1.324,    1.324,   -0.094,   -0.094,   -0.226,   -0.226,    0.097,    0.097
 6999,2020083100,    0.039,    0.039,    0.000,    0.000,    0.000,    0.000,   -0.272,   -0.272,   -0.584,   -0.584,    0.000,    0.000,    0.000,    0.000,    0.029,    0.029,    1.326,    1.326,   -0.099,   -0.099,   -0.229,   -0.229,    0.097,    0.097
 6999,2020083018,    0.037,    0.037,    0.000,    0.000,    0.000,    0.000,   -0.271,   -0.271,   -0.582,   -0.582,    0.000,    0.000,    0.000,    0.000,    0.029,    0.029,    1.326,    1.326,   -0.097,   -0.097,   -0.230,   -0.230,    0.098,    0.098
 6999,2020083012,    0.037,    0.037,    0.000,    0.000,    0.000,    0.000,   -0.268,   -0.268,   -0.587,   -0.587,    0.000,    0.000,    0.000,    0.000,    0.028,    0.028,    1.316,    1.316,   -0.098,   -0.098,   -0.234,   -0.234,    0.098,    0.098
 6999,2020083006,    0.034,    0.034,    0.000,    0.000,    0.000,    0.000,   -0.307,   -0.307,   -0.561,   -0.561,    0.000,    0.000,    0.000,    0.000,    0.027,    0.027,    1.313,    1.313,   -0.101,   -0.101,   -0.238,   -0.238,    0.097,    0.097
 6999,2020083000,    0.038,    0.038,    0.000,    0.000,    0.000,    0.000,   -0.281,   -0.281,   -0.572,   -0.572,    0.000,    0.000,    0.000,    0.000,    0.027,    0.027,    1.320,    1.320,   -0.117,   -0.117,   -0.232,   -0.232,    0.091,    0.091
