 5130,2020092000,   -0.065,   -0.065,    0.000,    0.000,    0.000,    0.000,    0.014,    0.014,   -0.207,   -0.207,    0.000,    0.000,    0.000,    0.000,   -0.004,   -0.004,   -0.113,   -0.113,   -0.082,   -0.082,    0.234,    0.234,    0.039,    0.039
 5130,2020091918,   -0.065,   -0.065,    0.000,    0.000,    0.000,    0.000,    0.016,    0.016,   -0.208,   -0.208,    0.000,    0.000,    0.000,    0.000,   -0.004,   -0.004,   -0.099,   -0.099,   -0.095,   -0.095,    0.241,    0.241,    0.032,    0.032
 5130,2020091912,   -0.064,   -0.064,    0.000,    0.000,    0.000,    0.000,    0.013,    0.013,   -0.212,   -0.212,    0.000,    0.000,    0.000,    0.000,   -0.004,   -0.004,   -0.106,   -0.106,   -0.103,   -0.103,    0.238,    0.238,    0.030,    0.030
 5130,2020091906,   -0.064,   -0.064,    0.000,    0.000,    0.000,    0.000,    0.014,    0.014,   -0.210,   -0.210,    0.000,    0.000,    0.000,    0.000,   -0.004,   -0.004,   -0.108,   -0.108,   -0.109,   -0.109,    0.238,    0.238,    0.028,    0.028
 5130,2020091900,   -0.064,   -0.064,    0.000,    0.000,    0.000,    0.000,    0.013,    0.013,   -0.211,   -0.211,    0.000,    0.000,    0.000,    0.000,   -0.006,   -0.006,   -0.107,   -0.107,   -0.106,   -0.106,    0.240,    0.240,    0.030,    0.030
 5130,2020091818,   -0.062,   -0.062,    0.000,    0.000,    0.000,    0.000,    0.014,    0.014,   -0.213,   -0.213,    0.000,    0.000,    0.000,    0.000,   -0.005,   -0.005,   -0.111,   -0.111,   -0.108,   -0.108,    0.239,    0.239,    0.030,    0.030
 5130,2020091812,   -0.060,   -0.060,    0.000,    0.000,    0.000,    0.000,    0.015,    0.015,   -0.214,   -0.214,    0.000,    0.000,    0.000,    0.000,   -0.005,   -0.005,   -0.098,   -0.098,   -0.107,   -0.107,    0.246,    0.246,    0.030,    0.030
 5130,2020091806,   -0.061,   -0.061,    0.000,    0.000,    0.000,    0.000,    0.016,    0.016,   -0.214,   -0.214,    0.000,    0.000,    0.000,    0.000,   -0.005,   -0.005,   -0.096,   -0.096,   -0.105,   -0.105,    0.247,    0.247,    0.031,    0.031
 5130,2020091800,   -0.057,   -0.057,    0.000,    0.000,    0.000,    0.000,    0.018,    0.018,   -0.215,   -0.215,    0.000,    0.000,    0.000,    0.000,   -0.006,   -0.006,   -0.073,   -0.073,   -0.100,   -0.100,    0.257,    0.257,    0.033,    0.033
 5130,2020091718,   -0.057,   -0.057,    0.000,    0.000,    0.000,    0.000,    0.019,    0.019,   -0.216,   -0.216,    0.000,    0.000,    0.000,    0.000,   -0.005,   -0.005,   -0.074,   -0.074,   -0.099,   -0.099,    0.258,    0.258,    0.035,    0.035
 5130,2020091712,   -0.056,   -0.056,    0.000,    0.000,    0.000,    0.000,    0.019,    0.019,   -0.219,   -0.219,    0.000,    0.000,    0.000,    0.000,   -0.005,   -0.005,   -0.075,   -0.075,   -0.099,   -0.099,    0.258,    0.258,    0.035,    0.035
 5130,2020091706,   -0.058,   -0.058,    0.000,    0.000,    0.000,    0.000,    0.015,    0.015,   -0.222,   -0.222,    0.000,    0.000,    0.000,    0.000,   -0.007,   -0.007,   -0.084,   -0.084,   -0.100,   -0.100,    0.253,    0.253,    0.033,    0.033
 5130,2020091700,   -0.056,   -0.056,    0.000,    0.000,    0.000,    0.000,    0.016,    0.016,   -0.221,   -0.221,    0.000,    0.000,    0.000,    0.000,   -0.008,   -0.008,   -0.098,   -0.098,   -0.104,   -0.104,    0.249,    0.249,    0.032,    0.032
 5130,2020091618,   -0.057,   -0.057,    0.000,    0.000,    0.000,    0.000,    0.014,    0.014,   -0.221,   -0.221,    0.000,    0.000,    0.000,    0.000,   -0.010,   -0.010,   -0.114,   -0.114,   -0.097,   -0.097,    0.242,    0.242,    0.034,    0.034
 5130,2020091612,   -0.057,   -0.057,    0.000,    0.000,    0.000,    0.000,    0.016,    0.016,   -0.223,   -0.223,    0.000,    0.000,    0.000,    0.000,   -0.008,   -0.008,   -0.105,   -0.105,   -0.092,   -0.092,    0.245,    0.245,    0.036,    0.036
 5130,2020091606,   -0.059,   -0.059,    0.000,    0.000,    0.000,    0.000,    0.010,    0.010,   -0.227,   -0.227,    0.000,    0.000,    0.000,    0.000,   -0.010,   -0.010,   -0.112,   -0.112,   -0.081,   -0.081,    0.242,    0.242,    0.039,    0.039
 5130,2020091600,   -0.057,   -0.057,    0.000,    0.000,    0.000,    0.000,    0.010,    0.010,   -0.231,   -0.231,    0.000,    0.000,    0.000,    0.000,   -0.008,   -0.008,   -0.105,   -0.105,   -0.083,   -0.083,    0.246,    0.246,    0.038,    0.038
 5130,2020091518,   -0.056,   -0.056,    0.000,    0.000,    0.000,    0.000,    0.007,    0.007,   -0.233,   -0.233,    0.000,    0.000,    0.000,    0.000,   -0.009,   -0.009,   -0.113,   -0.113,   -0.091,   -0.091,    0.243,    0.243,    0.036,    0.036
 5130,2020091512,   -0.056,   -0.056,    0.000,    0.000,    0.000,    0.000,    0.010,    0.010,   -0.236,   -0.236,    0.000,    0.000,    0.000,    0.000,   -0.008,   -0.008,   -0.121,   -0.121,   -0.088,   -0.088,    0.241,    0.241,    0.036,    0.036
 5130,2020091506,   -0.054,   -0.054,    0.000,    0.000,    0.000,    0.000,    0.012,    0.012,   -0.236,   -0.236,    0.000,    0.000,    0.000,    0.000,   -0.008,   -0.008,   -0.120,   -0.120,   -0.092,   -0.092,    0.242,    0.242,    0.033,    0.033
 5130,2020091500,   -0.052,   -0.052,    0.000,    0.000,    0.000,    0.000,    0.013,    0.013,   -0.235,   -0.235,    0.000,    0.000,    0.000,    0.000,   -0.011,   -0.011,   -0.104,   -0.104,   -0.091,   -0.091,    0.250,    0.250,    0.033,    0.033
 5130,2020091418,   -0.053,   -0.053,    0.000,    0.000,    0.000,    0.000,    0.012,    0.012,   -0.238,   -0.238,    0.000,    0.000,    0.000,    0.000,   -0.010,   -0.010,   -0.106,   -0.106,   -0.082,   -0.082,    0.249,    0.249,    0.037,    0.037
 5130,2020091412,   -0.052,   -0.052,    0.000,    0.000,    0.000,    0.000,    0.012,    0.012,   -0.240,   -0.240,    0.000,    0.000,    0.000,    0.000,   -0.009,   -0.009,   -0.104,   -0.104,   -0.079,   -0.079,    0.252,    0.252,    0.038,    0.038
 5130,2020091406,   -0.052,   -0.052,    0.000,    0.000,    0.000,    0.000,    0.014,    0.014,   -0.239,   -0.239,    0.000,    0.000,    0.000,    0.000,   -0.010,   -0.010,   -0.103,   -0.103,   -0.082,   -0.082,    0.251,    0.251,    0.036,    0.036
 5130,2020091400,   -0.051,   -0.051,    0.000,    0.000,    0.000,    0.000,    0.014,    0.014,   -0.241,   -0.241,    0.000,    0.000,    0.000,    0.000,   -0.010,   -0.010,   -0.100,   -0.100,   -0.075,   -0.075,    0.253,    0.253,    0.038,    0.038
 5130,2020091318,   -0.048,   -0.048,    0.000,    0.000,    0.000,    0.000,    0.018,    0.018,   -0.241,   -0.241,    0.000,    0.000,    0.000,    0.000,   -0.009,   -0.009,   -0.089,   -0.089,   -0.077,   -0.077,    0.260,    0.260,    0.038,    0.038
 5130,2020091312,   -0.050,   -0.050,    0.000,    0.000,    0.000,    0.000,    0.017,    0.017,   -0.248,   -0.248,    0.000,    0.000,    0.000,    0.000,   -0.008,   -0.008,   -0.116,   -0.116,   -0.075,   -0.075,    0.249,    0.249,    0.038,    0.038
 5130,2020091306,   -0.048,   -0.048,    0.000,    0.000,    0.000,    0.000,    0.019,    0.019,   -0.247,   -0.247,    0.000,    0.000,    0.000,    0.000,   -0.008,   -0.008,   -0.106,   -0.106,   -0.080,   -0.080,    0.255,    0.255,    0.035,    0.035
 5130,2020091300,   -0.047,   -0.047,    0.000,    0.000,    0.000,    0.000,    0.020,    0.020,   -0.247,   -0.247,    0.000,    0.000,    0.000,    0.000,   -0.009,   -0.009,   -0.102,   -0.102,   -0.084,   -0.084,    0.258,    0.258,    0.034,    0.034
 5130,2020091218,   -0.046,   -0.046,    0.000,    0.000,    0.000,    0.000,    0.020,    0.020,   -0.248,   -0.248,    0.000,    0.000,    0.000,    0.000,   -0.010,   -0.010,   -0.109,   -0.109,   -0.089,   -0.089,    0.255,    0.255,    0.031,    0.031
 5130,2020091212,   -0.047,   -0.047,    0.000,    0.000,    0.000,    0.000,    0.017,    0.017,   -0.251,   -0.251,    0.000,    0.000,    0.000,    0.000,   -0.009,   -0.009,   -0.124,   -0.124,   -0.088,   -0.088,    0.248,    0.248,    0.033,    0.033
 5130,2020091206,   -0.048,   -0.048,    0.000,    0.000,    0.000,    0.000,    0.016,    0.016,   -0.250,   -0.250,    0.000,    0.000,    0.000,    0.000,   -0.013,   -0.013,   -0.108,   -0.108,   -0.085,   -0.085,    0.253,    0.253,    0.034,    0.034
 5130,2020091200,   -0.046,   -0.046,    0.000,    0.000,    0.000,    0.000,    0.015,    0.015,   -0.252,   -0.252,    0.000,    0.000,    0.000,    0.000,   -0.011,   -0.011,   -0.110,   -0.110,   -0.087,   -0.087,    0.253,    0.253,    0.033,    0.033
 5130,2020091118,   -0.046,   -0.046,    0.000,    0.000,    0.000,    0.000,    0.017,    0.017,   -0.250,   -0.250,    0.000,    0.000,    0.000,    0.000,   -0.012,   -0.012,   -0.104,   -0.104,   -0.088,   -0.088,    0.256,    0.256,    0.033,    0.033
 5130,2020091112,   -0.048,   -0.048,    0.000,    0.000,    0.000,    0.000,    0.010,    0.010,   -0.254,   -0.254,    0.000,    0.000,    0.000,    0.000,   -0.012,   -0.012,   -0.124,   -0.124,   -0.094,   -0.094,    0.248,    0.248,    0.031,    0.031
 5130,2020091106,   -0.047,   -0.047,    0.000,    0.000,    0.000,    0.000,    0.010,    0.010,   -0.254,   -0.254,    0.000,    0.000,    0.000,    0.000,   -0.014,   -0.014,   -0.117,   -0.117,   -0.092,   -0.092,    0.250,    0.250,    0.033,    0.033
 5130,2020091100,   -0.046,   -0.046,    0.000,    0.000,    0.000,    0.000,    0.007,    0.007,   -0.257,   -0.257,    0.000,    0.000,    0.000,    0.000,   -0.013,   -0.013,   -0.105,   -0.105,   -0.087,   -0.087,    0.255,    0.255,    0.036,    0.036
 5130,2020091018,   -0.045,   -0.045,    0.000,    0.000,    0.000,    0.000,    0.008,    0.008,   -0.259,   -0.259,    0.000,    0.000,    0.000,    0.000,   -0.013,   -0.013,   -0.105,   -0.105,   -0.092,   -0.092,    0.256,    0.256,    0.034,    0.034
 5130,2020091012,   -0.044,   -0.044,    0.000,    0.000,    0.000,    0.000,    0.007,    0.007,   -0.260,   -0.260,    0.000,    0.000,    0.000,    0.000,   -0.012,   -0.012,   -0.108,   -0.108,   -0.085,   -0.085,    0.256,    0.256,    0.038,    0.038
 5130,2020091006,   -0.044,   -0.044,    0.000,    0.000,    0.000,    0.000,    0.006,    0.006,   -0.260,   -0.260,    0.000,    0.000,    0.000,    0.000,   -0.013,   -0.013,   -0.124,   -0.124,   -0.090,   -0.090,    0.251,    0.251,    0.037,    0.037
 5130,2020091000,   -0.042,   -0.042,    0.000,    0.000,    0.000,    0.000,    0.004,    0.004,   -0.265,   -0.265,    0.000,    0.000,    0.000,    0.000,   -0.012,   -0.012,   -0.112,   -0.112,   -0.085,   -0.085,    0.257,    0.257,    0.037,    0.037
 5130,2020090918,   -0.043,   -0.043,    0.000,    0.000,    0.000,    0.000,    0.004,    0.004,   -0.267,   -0.267,    0.000,    0.000,    0.000,    0.000,   -0.011,   -0.011,   -0.128,   -0.128,   -0.090,   -0.090,    0.248,    0.248,    0.035,    0.035
 5130,2020090912,   -0.040,   -0.040,    0.000,    0.000,    0.000,    0.000,    0.005,    0.005,   -0.268,   -0.268,    0.000,    0.000,    0.000,    0.000,   -0.010,   -0.010,   -0.122,   -0.122,   -0.092,   -0.092,    0.253,    0.253,    0.034,    0.034
 5130,2020090906,   -0.042,   -0.042,    0.000,    0.000,    0.000,    0.000,    0.003,    0.003,   -0.267,   -0.267,    0.000,    0.000,    0.000,    0.000,   -0.011,   -0.011,   -0.135,   -0.135,   -0.096,   -0.096,    0.247,    0.247,    0.032,    0.032
 5130,2020090900,   -0.040,   -0.040,    0.000,    0.000,    0.000,    0.000,    0.003,    0.003,   -0.267,   -0.267,    0.000,    0.000,    0.000,    0.000,   -0.014,   -0.014,   -0.137,   -0.137,   -0.098,   -0.098,    0.248,    0.248,    0.031,    0.031
 5130,2020090818,   -0.039,   -0.039,    0.000,    0.000,    0.000,    0.000,    0.008,    0.008,   -0.262,   -0.262,    0.000,    0.000,    0.000,    0.000,   -0.013,   -0.013,   -0.134,   -0.134,   -0.096,   -0.096,    0.250,    0.250,    0.031,    0.031
 5130,2020090812,   -0.038,   -0.038,    0.000,    0.000,    0.000,    0.000,    0.010,    0.010,   -0.263,   -0.263,    0.000,    0.000,    0.000,    0.000,   -0.012,   -0.012,   -0.148,   -0.148,   -0.097,   -0.097,    0.246,    0.246,    0.030,    0.030
 5130,2020090806,   -0.039,   -0.039,    0.000,    0.000,    0.000,    0.000,    0.010,    0.010,   -0.262,   -0.262,    0.000,    0.000,    0.000,    0.000,   -0.012,   -0.012,   -0.149,   -0.149,   -0.096,   -0.096,    0.245,    0.245,    0.030,    0.030
 5130,2020090800,   -0.036,   -0.036,    0.000,    0.000,    0.000,    0.000,    0.013,    0.013,   -0.262,   -0.262,    0.000,    0.000,    0.000,    0.000,   -0.011,   -0.011,   -0.141,   -0.141,   -0.086,   -0.086,    0.250,    0.250,    0.035,    0.035
 5130,2020090718,   -0.035,   -0.035,    0.000,    0.000,    0.000,    0.000,    0.013,    0.013,   -0.262,   -0.262,    0.000,    0.000,    0.000,    0.000,   -0.009,   -0.009,   -0.139,   -0.139,   -0.096,   -0.096,    0.249,    0.249,    0.031,    0.031
 5130,2020090712,   -0.035,   -0.035,    0.000,    0.000,    0.000,    0.000,    0.016,    0.016,   -0.263,   -0.263,    0.000,    0.000,    0.000,    0.000,   -0.006,   -0.006,   -0.136,   -0.136,   -0.097,   -0.097,    0.251,    0.251,    0.030,    0.030
 5130,2020090706,   -0.034,   -0.034,    0.000,    0.000,    0.000,    0.000,    0.012,    0.012,   -0.264,   -0.264,    0.000,    0.000,    0.000,    0.000,   -0.008,   -0.008,   -0.143,   -0.143,   -0.086,   -0.086,    0.248,    0.248,    0.035,    0.035
 5130,2020090700,   -0.034,   -0.034,    0.000,    0.000,    0.000,    0.000,    0.014,    0.014,   -0.264,   -0.264,    0.000,    0.000,    0.000,    0.000,   -0.008,   -0.008,   -0.140,   -0.140,   -0.091,   -0.091,    0.250,    0.250,    0.033,    0.033
 5130,2020090618,   -0.032,   -0.032,    0.000,    0.000,    0.000,    0.000,    0.012,    0.012,   -0.265,   -0.265,    0.000,    0.000,    0.000,    0.000,   -0.009,   -0.009,   -0.133,   -0.133,   -0.083,   -0.083,    0.255,    0.255,    0.038,    0.038
 5130,2020090612,   -0.033,   -0.033,    0.000,    0.000,    0.000,    0.000,    0.013,    0.013,   -0.268,   -0.268,    0.000,    0.000,    0.000,    0.000,   -0.009,   -0.009,   -0.147,   -0.147,   -0.095,   -0.095,    0.249,    0.249,    0.033,    0.033
 5130,2020090606,   -0.031,   -0.031,    0.000,    0.000,    0.000,    0.000,    0.014,    0.014,   -0.265,   -0.265,    0.000,    0.000,    0.000,    0.000,   -0.010,   -0.010,   -0.151,   -0.151,   -0.079,   -0.079,    0.249,    0.249,    0.039,    0.039
 5130,2020090600,   -0.029,   -0.029,    0.000,    0.000,    0.000,    0.000,    0.017,    0.017,   -0.267,   -0.267,    0.000,    0.000,    0.000,    0.000,   -0.009,   -0.009,   -0.145,   -0.145,   -0.076,   -0.076,    0.254,    0.254,    0.040,    0.040
 5130,2020090518,   -0.030,   -0.030,    0.000,    0.000,    0.000,    0.000,    0.014,    0.014,   -0.270,   -0.270,    0.000,    0.000,    0.000,    0.000,   -0.010,   -0.010,   -0.165,   -0.165,   -0.083,   -0.083,    0.246,    0.246,    0.036,    0.036
 5130,2020090512,   -0.031,   -0.031,    0.000,    0.000,    0.000,    0.000,    0.016,    0.016,   -0.269,   -0.269,    0.000,    0.000,    0.000,    0.000,   -0.009,   -0.009,   -0.155,   -0.155,   -0.077,   -0.077,    0.249,    0.249,    0.037,    0.037
 5130,2020090506,   -0.029,   -0.029,    0.000,    0.000,    0.000,    0.000,    0.015,    0.015,   -0.271,   -0.271,    0.000,    0.000,    0.000,    0.000,   -0.010,   -0.010,   -0.151,   -0.151,   -0.080,   -0.080,    0.250,    0.250,    0.036,    0.036
 5130,2020090500,   -0.027,   -0.027,    0.000,    0.000,    0.000,    0.000,    0.017,    0.017,   -0.268,   -0.268,    0.000,    0.000,    0.000,    0.000,   -0.011,   -0.011,   -0.144,   -0.144,   -0.076,   -0.076,    0.255,    0.255,    0.039,    0.039
 5130,2020090418,   -0.024,   -0.024,    0.000,    0.000,    0.000,    0.000,    0.020,    0.020,   -0.269,   -0.269,    0.000,    0.000,    0.000,    0.000,   -0.011,   -0.011,   -0.136,   -0.136,   -0.078,   -0.078,    0.260,    0.260,    0.037,    0.037
 5130,2020090412,   -0.026,   -0.026,    0.000,    0.000,    0.000,    0.000,    0.017,    0.017,   -0.272,   -0.272,    0.000,    0.000,    0.000,    0.000,   -0.010,   -0.010,   -0.142,   -0.142,   -0.078,   -0.078,    0.256,    0.256,    0.038,    0.038
 5130,2020090406,   -0.023,   -0.023,    0.000,    0.000,    0.000,    0.000,    0.020,    0.020,   -0.273,   -0.273,    0.000,    0.000,    0.000,    0.000,   -0.011,   -0.011,   -0.137,   -0.137,   -0.078,   -0.078,    0.261,    0.261,    0.037,    0.037
 5130,2020090400,   -0.020,   -0.020,    0.000,    0.000,    0.000,    0.000,    0.022,    0.022,   -0.274,   -0.274,    0.000,    0.000,    0.000,    0.000,   -0.010,   -0.010,   -0.133,   -0.133,   -0.087,   -0.087,    0.264,    0.264,    0.034,    0.034
 5130,2020090318,   -0.021,   -0.021,    0.000,    0.000,    0.000,    0.000,    0.019,    0.019,   -0.275,   -0.275,    0.000,    0.000,    0.000,    0.000,   -0.010,   -0.010,   -0.146,   -0.146,   -0.080,   -0.080,    0.259,    0.259,    0.039,    0.039
 5130,2020090312,   -0.023,   -0.023,    0.000,    0.000,    0.000,    0.000,    0.017,    0.017,   -0.277,   -0.277,    0.000,    0.000,    0.000,    0.000,   -0.010,   -0.010,   -0.159,   -0.159,   -0.077,   -0.077,    0.254,    0.254,    0.040,    0.040
 5130,2020090306,   -0.022,   -0.022,    0.000,    0.000,    0.000,    0.000,    0.018,    0.018,   -0.277,   -0.277,    0.000,    0.000,    0.000,    0.000,   -0.010,   -0.010,   -0.147,   -0.147,   -0.076,   -0.076,    0.258,    0.258,    0.040,    0.040
 5130,2020090300,   -0.018,   -0.018,    0.000,    0.000,    0.000,    0.000,    0.022,    0.022,   -0.276,   -0.276,    0.000,    0.000,    0.000,    0.000,   -0.010,   -0.010,   -0.129,   -0.129,   -0.076,   -0.076,    0.268,    0.268,    0.040,    0.040
 5130,2020090218,   -0.019,   -0.019,    0.000,    0.000,    0.000,    0.000,    0.021,    0.021,   -0.276,   -0.276,    0.000,    0.000,    0.000,    0.000,   -0.011,   -0.011,   -0.124,   -0.124,   -0.076,   -0.076,    0.271,    0.271,    0.040,    0.040
 5130,2020090212,   -0.017,   -0.017,    0.000,    0.000,    0.000,    0.000,    0.023,    0.023,   -0.278,   -0.278,    0.000,    0.000,    0.000,    0.000,   -0.010,   -0.010,   -0.130,   -0.130,   -0.073,   -0.073,    0.270,    0.270,    0.040,    0.040
 5130,2020090206,   -0.018,   -0.018,    0.000,    0.000,    0.000,    0.000,    0.021,    0.021,   -0.276,   -0.276,    0.000,    0.000,    0.000,    0.000,   -0.012,   -0.012,   -0.143,   -0.143,   -0.070,   -0.070,    0.263,    0.263,    0.042,    0.042
 5130,2020090200,   -0.015,   -0.015,    0.000,    0.000,    0.000,    0.000,    0.023,    0.023,   -0.277,   -0.277,    0.000,    0.000,    0.000,    0.000,   -0.011,   -0.011,   -0.143,   -0.143,   -0.074,   -0.074,    0.265,    0.265,    0.040,    0.040
 5130,2020090118,   -0.016,   -0.016,    0.000,    0.000,    0.000,    0.000,    0.023,    0.023,   -0.277,   -0.277,    0.000,    0.000,    0.000,    0.000,   -0.011,   -0.011,   -0.144,   -0.144,   -0.075,   -0.075,    0.263,    0.263,    0.038,    0.038
 5130,2020090112,   -0.015,   -0.015,    0.000,    0.000,    0.000,    0.000,    0.023,    0.023,   -0.279,   -0.279,    0.000,    0.000,    0.000,    0.000,   -0.011,   -0.011,   -0.144,   -0.144,   -0.080,   -0.080,    0.264,    0.264,    0.036,    0.036
 5130,2020090106,   -0.014,   -0.014,    0.000,    0.000,    0.000,    0.000,    0.026,    0.026,   -0.275,   -0.275,    0.000,    0.000,    0.000,    0.000,   -0.010,   -0.010,   -0.145,   -0.145,   -0.084,   -0.084,    0.264,    0.264,    0.034,    0.034
 5130,2020090100,   -0.012,   -0.012,    0.000,    0.000,    0.000,    0.000,    0.028,    0.028,   -0.280,   -0.280,    0.000,    0.000,    0.000,    0.000,   -0.007,   -0.007,   -0.141,   -0.141,   -0.090,   -0.090,    0.267,    0.267,    0.032,    0.032
 5130,2020083118,   -0.012,   -0.012,    0.000,    0.000,    0.000,    0.000,    0.029,    0.029,   -0.278,   -0.278,    0.000,    0.000,    0.000,    0.000,   -0.007,   -0.007,   -0.148,   -0.148,   -0.082,   -0.082,    0.265,    0.265,    0.036,    0.036
 5130,2020083112,   -0.009,   -0.009,    0.000,    0.000,    0.000,    0.000,    0.032,    0.032,   -0.282,   -0.282,    0.000,    0.000,    0.000,    0.000,   -0.006,   -0.006,   -0.142,   -0.142,   -0.082,   -0.082,    0.269,    0.269,    0.035,    0.035
 5130,2020083106,   -0.008,   -0.008,    0.000,    0.000,    0.000,    0.000,    0.032,    0.032,   -0.279,   -0.279,    0.000,    0.000,    0.000,    0.000,   -0.006,   -0.006,   -0.157,   -0.157,   -0.082,   -0.082,    0.264,    0.264,    0.034,    0.034
 5130,2020083100,   -0.006,   -0.006,    0.000,    0.000,    0.000,    0.000,    0.034,    0.034,   -0.279,   -0.279,    0.000,    0.000,    0.000,    0.000,   -0.007,   -0.007,   -0.163,   -0.163,   -0.080,   -0.080,    0.265,    0.265,    0.035,    0.035
 5130,2020083018,   -0.002,   -0.002,    0.000,    0.000,    0.000,    0.000,    0.037,    0.037,   -0.281,   -0.281,    0.000,    0.000,    0.000,    0.000,   -0.005,   -0.005,   -0.157,   -0.157,   -0.087,   -0.087,    0.268,    0.268,    0.032,    0.032
 5130,2020083012,   -0.000,   -0.000,    0.000,    0.000,    0.000,    0.000,    0.038,    0.038,   -0.285,   -0.285,    0.000,    0.000,    0.000,    0.000,   -0.004,   -0.004,   -0.147,   -0.147,   -0.079,   -0.079,    0.274,    0.274,    0.034,    0.034
 5130,2020083006,    0.002,    0.002,    0.000,    0.000,    0.000,    0.000,    0.039,    0.039,   -0.285,   -0.285,    0.000,    0.000,    0.000,    0.000,   -0.004,   -0.004,   -0.130,   -0.130,   -0.087,   -0.087,    0.283,    0.283,    0.031,    0.031
 5130,2020083000,    0.004,    0.004,    0.000,    0.000,    0.000,    0.000,    0.038,    0.038,   -0.285,   -0.285,    0.000,    0.000,    0.000,    0.000,   -0.006,   -0.006,   -0.110,   -0.110,   -0.084,   -0.084,    0.293,    0.293,    0.032,    0.032
