 3580,2020092000,   -0.659,   -0.659,    0.000,    0.000,    0.000,    0.000,   -0.008,   -0.008,   -0.189,   -0.189,    0.000,    0.000,    0.000,    0.000,    6.248,    6.248,    0.368,    0.368,   -0.045,   -0.045,   -0.370,   -0.370,    0.070,    0.070
 3580,2020091918,   -0.665,   -0.665,    0.000,    0.000,    0.000,    0.000,   -0.011,   -0.011,   -0.194,   -0.194,    0.000,    0.000,    0.000,    0.000,    6.248,    6.248,    0.367,    0.367,   -0.031,   -0.031,   -0.375,   -0.375,    0.078,    0.078
 3580,2020091912,   -0.659,   -0.659,    0.000,    0.000,    0.000,    0.000,   -0.008,   -0.008,   -0.189,   -0.189,    0.000,    0.000,    0.000,    0.000,    6.248,    6.248,    0.390,    0.390,   -0.035,   -0.035,   -0.364,   -0.364,    0.077,    0.077
 3580,2020091906,   -0.663,   -0.663,    0.000,    0.000,    0.000,    0.000,   -0.010,   -0.010,   -0.193,   -0.193,    0.000,    0.000,    0.000,    0.000,    6.248,    6.248,    0.375,    0.375,   -0.058,   -0.058,   -0.373,   -0.373,    0.067,    0.067
 3580,2020091900,   -0.660,   -0.660,    0.000,    0.000,    0.000,    0.000,   -0.007,   -0.007,   -0.185,   -0.185,    0.000,    0.000,    0.000,    0.000,    6.248,    6.248,    0.390,    0.390,   -0.067,   -0.067,   -0.368,   -0.368,    0.064,    0.064
 3580,2020091818,   -0.663,   -0.663,    0.000,    0.000,    0.000,    0.000,   -0.008,   -0.008,   -0.188,   -0.188,    0.000,    0.000,    0.000,    0.000,    6.248,    6.248,    0.379,    0.379,   -0.067,   -0.067,   -0.375,   -0.375,    0.063,    0.063
 3580,2020091812,   -0.663,   -0.663,    0.000,    0.000,    0.000,    0.000,   -0.005,   -0.005,   -0.184,   -0.184,    0.000,    0.000,    0.000,    0.000,    6.248,    6.248,    0.405,    0.405,   -0.053,   -0.053,   -0.365,   -0.365,    0.072,    0.072
 3580,2020091806,   -0.667,   -0.667,    0.000,    0.000,    0.000,    0.000,   -0.006,   -0.006,   -0.186,   -0.186,    0.000,    0.000,    0.000,    0.000,    6.248,    6.248,    0.371,    0.371,   -0.046,   -0.046,   -0.381,   -0.381,    0.077,    0.077
 3580,2020091800,   -0.665,   -0.665,    0.000,    0.000,    0.000,    0.000,   -0.004,   -0.004,   -0.182,   -0.182,    0.000,    0.000,    0.000,    0.000,    6.248,    6.248,    0.397,    0.397,   -0.049,   -0.049,   -0.368,   -0.368,    0.075,    0.075
 3580,2020091718,   -0.665,   -0.665,    0.000,    0.000,    0.000,    0.000,   -0.004,   -0.004,   -0.185,   -0.185,    0.000,    0.000,    0.000,    0.000,    6.214,    6.214,    0.404,    0.404,   -0.040,   -0.040,   -0.366,   -0.366,    0.078,    0.078
 3580,2020091712,   -0.663,   -0.663,    0.000,    0.000,    0.000,    0.000,   -0.003,   -0.003,   -0.183,   -0.183,    0.000,    0.000,    0.000,    0.000,    6.214,    6.214,    0.428,    0.428,   -0.051,   -0.051,   -0.357,   -0.357,    0.075,    0.075
 3580,2020091706,   -0.667,   -0.667,    0.000,    0.000,    0.000,    0.000,   -0.003,   -0.003,   -0.183,   -0.183,    0.000,    0.000,    0.000,    0.000,    6.214,    6.214,    0.416,    0.416,   -0.053,   -0.053,   -0.365,   -0.365,    0.075,    0.075
 3580,2020091700,   -0.668,   -0.668,    0.000,    0.000,    0.000,    0.000,   -0.002,   -0.002,   -0.179,   -0.179,    0.000,    0.000,    0.000,    0.000,    6.214,    6.214,    0.431,    0.431,   -0.043,   -0.043,   -0.361,   -0.361,    0.083,    0.083
 3580,2020091618,   -0.666,   -0.666,    0.000,    0.000,    0.000,    0.000,   -0.001,   -0.001,   -0.178,   -0.178,    0.000,    0.000,    0.000,    0.000,    6.214,    6.214,    0.453,    0.453,   -0.040,   -0.040,   -0.352,   -0.352,    0.083,    0.083
 3580,2020091612,   -0.667,   -0.667,    0.000,    0.000,    0.000,    0.000,    0.001,    0.001,   -0.179,   -0.179,    0.000,    0.000,    0.000,    0.000,    6.195,    6.195,    0.441,    0.441,   -0.040,   -0.040,   -0.359,   -0.359,    0.079,    0.079
 3580,2020091606,   -0.671,   -0.671,    0.000,    0.000,    0.000,    0.000,    0.001,    0.001,   -0.179,   -0.179,    0.000,    0.000,    0.000,    0.000,    6.195,    6.195,    0.416,    0.416,   -0.044,   -0.044,   -0.373,   -0.373,    0.077,    0.077
 3580,2020091600,   -0.670,   -0.670,    0.000,    0.000,    0.000,    0.000,    0.001,    0.001,   -0.177,   -0.177,    0.000,    0.000,    0.000,    0.000,    6.024,    6.024,    0.403,    0.403,   -0.015,   -0.015,   -0.376,   -0.376,    0.093,    0.093
 3580,2020091518,   -0.675,   -0.675,    0.000,    0.000,    0.000,    0.000,    0.001,    0.001,   -0.177,   -0.177,    0.000,    0.000,    0.000,    0.000,    5.896,    5.896,    0.379,    0.379,    0.004,    0.004,   -0.389,   -0.389,    0.101,    0.101
 3580,2020091512,   -0.674,   -0.674,    0.000,    0.000,    0.000,    0.000,    0.003,    0.003,   -0.176,   -0.176,    0.000,    0.000,    0.000,    0.000,    5.886,    5.886,    0.395,    0.395,   -0.019,   -0.019,   -0.383,   -0.383,    0.088,    0.088
 3580,2020091506,   -0.680,   -0.680,    0.000,    0.000,    0.000,    0.000,    0.001,    0.001,   -0.179,   -0.179,    0.000,    0.000,    0.000,    0.000,    5.886,    5.886,    0.374,    0.374,   -0.023,   -0.023,   -0.396,   -0.396,    0.084,    0.084
 3580,2020091500,   -0.676,   -0.676,    0.000,    0.000,    0.000,    0.000,    0.003,    0.003,   -0.179,   -0.179,    0.000,    0.000,    0.000,    0.000,    5.886,    5.886,    0.398,    0.398,   -0.017,   -0.017,   -0.385,   -0.385,    0.090,    0.090
 3580,2020091418,   -0.681,   -0.681,    0.000,    0.000,    0.000,    0.000,    0.002,    0.002,   -0.183,   -0.183,    0.000,    0.000,    0.000,    0.000,    5.886,    5.886,    0.381,    0.381,   -0.030,   -0.030,   -0.394,   -0.394,    0.083,    0.083
 3580,2020091412,   -0.677,   -0.677,    0.000,    0.000,    0.000,    0.000,    0.004,    0.004,   -0.187,   -0.187,    0.000,    0.000,    0.000,    0.000,    5.886,    5.886,    0.393,    0.393,   -0.042,   -0.042,   -0.388,   -0.388,    0.077,    0.077
 3580,2020091406,   -0.683,   -0.683,    0.000,    0.000,    0.000,    0.000,    0.000,    0.000,   -0.190,   -0.190,    0.000,    0.000,    0.000,    0.000,    5.886,    5.886,    0.371,    0.371,   -0.036,   -0.036,   -0.399,   -0.399,    0.078,    0.078
 3580,2020091400,   -0.681,   -0.681,    0.000,    0.000,    0.000,    0.000,   -0.000,   -0.000,   -0.190,   -0.190,    0.000,    0.000,    0.000,    0.000,    5.886,    5.886,    0.377,    0.377,   -0.016,   -0.016,   -0.395,   -0.395,    0.086,    0.086
 3580,2020091318,   -0.688,   -0.688,    0.000,    0.000,    0.000,    0.000,   -0.003,   -0.003,   -0.194,   -0.194,    0.000,    0.000,    0.000,    0.000,    5.886,    5.886,    0.365,    0.365,   -0.013,   -0.013,   -0.406,   -0.406,    0.088,    0.088
 3580,2020091312,   -0.686,   -0.686,    0.000,    0.000,    0.000,    0.000,   -0.002,   -0.002,   -0.196,   -0.196,    0.000,    0.000,    0.000,    0.000,    5.886,    5.886,    0.389,    0.389,   -0.036,   -0.036,   -0.394,   -0.394,    0.077,    0.077
 3580,2020091306,   -0.689,   -0.689,    0.000,    0.000,    0.000,    0.000,   -0.003,   -0.003,   -0.197,   -0.197,    0.000,    0.000,    0.000,    0.000,    5.886,    5.886,    0.380,    0.380,   -0.025,   -0.025,   -0.400,   -0.400,    0.082,    0.082
 3580,2020091300,   -0.688,   -0.688,    0.000,    0.000,    0.000,    0.000,   -0.004,   -0.004,   -0.198,   -0.198,    0.000,    0.000,    0.000,    0.000,    5.886,    5.886,    0.396,    0.396,   -0.044,   -0.044,   -0.392,   -0.392,    0.074,    0.074
 3580,2020091218,   -0.693,   -0.693,    0.000,    0.000,    0.000,    0.000,   -0.004,   -0.004,   -0.201,   -0.201,    0.000,    0.000,    0.000,    0.000,    5.886,    5.886,    0.372,    0.372,   -0.026,   -0.026,   -0.405,   -0.405,    0.083,    0.083
 3580,2020091212,   -0.688,   -0.688,    0.000,    0.000,    0.000,    0.000,   -0.003,   -0.003,   -0.199,   -0.199,    0.000,    0.000,    0.000,    0.000,    5.886,    5.886,    0.387,    0.387,   -0.029,   -0.029,   -0.398,   -0.398,    0.081,    0.081
 3580,2020091206,   -0.687,   -0.687,    0.000,    0.000,    0.000,    0.000,   -0.002,   -0.002,   -0.195,   -0.195,    0.000,    0.000,    0.000,    0.000,    5.886,    5.886,    0.398,    0.398,   -0.027,   -0.027,   -0.393,   -0.393,    0.080,    0.080
 3580,2020091200,   -0.684,   -0.684,    0.000,    0.000,    0.000,    0.000,   -0.004,   -0.004,   -0.198,   -0.198,    0.000,    0.000,    0.000,    0.000,    5.859,    5.859,    0.394,    0.394,   -0.035,   -0.035,   -0.394,   -0.394,    0.078,    0.078
 3580,2020091118,   -0.686,   -0.686,    0.000,    0.000,    0.000,    0.000,   -0.006,   -0.006,   -0.202,   -0.202,    0.000,    0.000,    0.000,    0.000,    5.832,    5.832,    0.394,    0.394,   -0.032,   -0.032,   -0.395,   -0.395,    0.077,    0.077
 3580,2020091112,   -0.685,   -0.685,    0.000,    0.000,    0.000,    0.000,   -0.006,   -0.006,   -0.203,   -0.203,    0.000,    0.000,    0.000,    0.000,    5.840,    5.840,    0.405,    0.405,   -0.031,   -0.031,   -0.389,   -0.389,    0.080,    0.080
 3580,2020091106,   -0.689,   -0.689,    0.000,    0.000,    0.000,    0.000,   -0.008,   -0.008,   -0.202,   -0.202,    0.000,    0.000,    0.000,    0.000,    5.840,    5.840,    0.383,    0.383,   -0.020,   -0.020,   -0.402,   -0.402,    0.085,    0.085
 3580,2020091100,   -0.684,   -0.684,    0.000,    0.000,    0.000,    0.000,   -0.007,   -0.007,   -0.200,   -0.200,    0.000,    0.000,    0.000,    0.000,    5.822,    5.822,    0.392,    0.392,   -0.019,   -0.019,   -0.395,   -0.395,    0.086,    0.086
 3580,2020091018,   -0.688,   -0.688,    0.000,    0.000,    0.000,    0.000,   -0.006,   -0.006,   -0.202,   -0.202,    0.000,    0.000,    0.000,    0.000,    5.813,    5.813,    0.380,    0.380,   -0.008,   -0.008,   -0.403,   -0.403,    0.092,    0.092
 3580,2020091012,   -0.688,   -0.688,    0.000,    0.000,    0.000,    0.000,   -0.006,   -0.006,   -0.201,   -0.201,    0.000,    0.000,    0.000,    0.000,    5.813,    5.813,    0.389,    0.389,   -0.038,   -0.038,   -0.401,   -0.401,    0.075,    0.075
 3580,2020091006,   -0.683,   -0.683,    0.000,    0.000,    0.000,    0.000,   -0.003,   -0.003,   -0.197,   -0.197,    0.000,    0.000,    0.000,    0.000,    5.813,    5.813,    0.402,    0.402,   -0.044,   -0.044,   -0.395,   -0.395,    0.076,    0.076
 3580,2020091000,   -0.682,   -0.682,    0.000,    0.000,    0.000,    0.000,   -0.003,   -0.003,   -0.195,   -0.195,    0.000,    0.000,    0.000,    0.000,    5.813,    5.813,    0.426,    0.426,   -0.048,   -0.048,   -0.387,   -0.387,    0.072,    0.072
 3580,2020090918,   -0.687,   -0.687,    0.000,    0.000,    0.000,    0.000,   -0.004,   -0.004,   -0.198,   -0.198,    0.000,    0.000,    0.000,    0.000,    5.813,    5.813,    0.422,    0.422,   -0.030,   -0.030,   -0.392,   -0.392,    0.080,    0.080
 3580,2020090912,   -0.687,   -0.687,    0.000,    0.000,    0.000,    0.000,   -0.005,   -0.005,   -0.203,   -0.203,    0.000,    0.000,    0.000,    0.000,    5.813,    5.813,    0.454,    0.454,   -0.045,   -0.045,   -0.381,   -0.381,    0.075,    0.075
 3580,2020090906,   -0.689,   -0.689,    0.000,    0.000,    0.000,    0.000,   -0.005,   -0.005,   -0.204,   -0.204,    0.000,    0.000,    0.000,    0.000,    5.813,    5.813,    0.448,    0.448,   -0.053,   -0.053,   -0.386,   -0.386,    0.068,    0.068
 3580,2020090900,   -0.691,   -0.691,    0.000,    0.000,    0.000,    0.000,   -0.007,   -0.007,   -0.203,   -0.203,    0.000,    0.000,    0.000,    0.000,    5.813,    5.813,    0.457,    0.457,   -0.027,   -0.027,   -0.385,   -0.385,    0.081,    0.081
 3580,2020090818,   -0.692,   -0.692,    0.000,    0.000,    0.000,    0.000,   -0.005,   -0.005,   -0.205,   -0.205,    0.000,    0.000,    0.000,    0.000,    5.813,    5.813,    0.439,    0.439,   -0.017,   -0.017,   -0.396,   -0.396,    0.084,    0.084
 3580,2020090812,   -0.691,   -0.691,    0.000,    0.000,    0.000,    0.000,   -0.004,   -0.004,   -0.204,   -0.204,    0.000,    0.000,    0.000,    0.000,    5.813,    5.813,    0.440,    0.440,   -0.026,   -0.026,   -0.397,   -0.397,    0.079,    0.079
 3580,2020090806,   -0.689,   -0.689,    0.000,    0.000,    0.000,    0.000,   -0.004,   -0.004,   -0.204,   -0.204,    0.000,    0.000,    0.000,    0.000,    5.813,    5.813,    0.461,    0.461,   -0.038,   -0.038,   -0.387,   -0.387,    0.073,    0.073
 3580,2020090800,   -0.693,   -0.693,    0.000,    0.000,    0.000,    0.000,   -0.009,   -0.009,   -0.208,   -0.208,    0.000,    0.000,    0.000,    0.000,    5.813,    5.813,    0.466,    0.466,   -0.054,   -0.054,   -0.388,   -0.388,    0.068,    0.068
 3580,2020090718,   -0.699,   -0.699,    0.000,    0.000,    0.000,    0.000,   -0.011,   -0.011,   -0.215,   -0.215,    0.000,    0.000,    0.000,    0.000,    5.813,    5.813,    0.459,    0.459,   -0.035,   -0.035,   -0.397,   -0.397,    0.077,    0.077
 3580,2020090712,   -0.704,   -0.704,    0.000,    0.000,    0.000,    0.000,   -0.011,   -0.011,   -0.217,   -0.217,    0.000,    0.000,    0.000,    0.000,    5.813,    5.813,    0.445,    0.445,   -0.045,   -0.045,   -0.405,   -0.405,    0.073,    0.073
 3580,2020090706,   -0.707,   -0.707,    0.000,    0.000,    0.000,    0.000,   -0.012,   -0.012,   -0.213,   -0.213,    0.000,    0.000,    0.000,    0.000,    5.813,    5.813,    0.433,    0.433,   -0.047,   -0.047,   -0.413,   -0.413,    0.074,    0.074
 3580,2020090700,   -0.703,   -0.703,    0.000,    0.000,    0.000,    0.000,   -0.010,   -0.010,   -0.210,   -0.210,    0.000,    0.000,    0.000,    0.000,    5.813,    5.813,    0.438,    0.438,   -0.049,   -0.049,   -0.407,   -0.407,    0.071,    0.071
 3580,2020090618,   -0.696,   -0.696,    0.000,    0.000,    0.000,    0.000,   -0.007,   -0.007,   -0.211,   -0.211,    0.000,    0.000,    0.000,    0.000,    5.813,    5.813,    0.465,    0.465,   -0.043,   -0.043,   -0.394,   -0.394,    0.074,    0.074
 3580,2020090612,   -0.690,   -0.690,    0.000,    0.000,    0.000,    0.000,   -0.004,   -0.004,   -0.206,   -0.206,    0.000,    0.000,    0.000,    0.000,    5.813,    5.813,    0.483,    0.483,   -0.033,   -0.033,   -0.383,   -0.383,    0.079,    0.079
 3580,2020090606,   -0.697,   -0.697,    0.000,    0.000,    0.000,    0.000,   -0.006,   -0.006,   -0.208,   -0.208,    0.000,    0.000,    0.000,    0.000,    5.813,    5.813,    0.458,    0.458,   -0.024,   -0.024,   -0.399,   -0.399,    0.081,    0.081
 3580,2020090600,   -0.695,   -0.695,    0.000,    0.000,    0.000,    0.000,   -0.005,   -0.005,   -0.208,   -0.208,    0.000,    0.000,    0.000,    0.000,    5.813,    5.813,    0.475,    0.475,   -0.013,   -0.013,   -0.391,   -0.391,    0.086,    0.086
 3580,2020090518,   -0.695,   -0.695,    0.000,    0.000,    0.000,    0.000,   -0.005,   -0.005,   -0.209,   -0.209,    0.000,    0.000,    0.000,    0.000,    5.813,    5.813,    0.484,    0.484,   -0.000,   -0.000,   -0.387,   -0.387,    0.093,    0.093
 3580,2020090512,   -0.696,   -0.696,    0.000,    0.000,    0.000,    0.000,   -0.003,   -0.003,   -0.208,   -0.208,    0.000,    0.000,    0.000,    0.000,    5.813,    5.813,    0.485,    0.485,   -0.013,   -0.013,   -0.389,   -0.389,    0.087,    0.087
 3580,2020090506,   -0.698,   -0.698,    0.000,    0.000,    0.000,    0.000,   -0.005,   -0.005,   -0.206,   -0.206,    0.000,    0.000,    0.000,    0.000,    5.813,    5.813,    0.468,    0.468,   -0.013,   -0.013,   -0.398,   -0.398,    0.087,    0.087
 3580,2020090500,   -0.700,   -0.700,    0.000,    0.000,    0.000,    0.000,   -0.005,   -0.005,   -0.205,   -0.205,    0.000,    0.000,    0.000,    0.000,    5.813,    5.813,    0.457,    0.457,   -0.013,   -0.013,   -0.403,   -0.403,    0.087,    0.087
 3580,2020090418,   -0.697,   -0.697,    0.000,    0.000,    0.000,    0.000,   -0.001,   -0.001,   -0.206,   -0.206,    0.000,    0.000,    0.000,    0.000,    5.813,    5.813,    0.456,    0.456,   -0.020,   -0.020,   -0.404,   -0.404,    0.083,    0.083
 3580,2020090412,   -0.699,   -0.699,    0.000,    0.000,    0.000,    0.000,   -0.001,   -0.001,   -0.202,   -0.202,    0.000,    0.000,    0.000,    0.000,    5.813,    5.813,    0.458,    0.458,   -0.017,   -0.017,   -0.406,   -0.406,    0.086,    0.086
 3580,2020090406,   -0.700,   -0.700,    0.000,    0.000,    0.000,    0.000,   -0.001,   -0.001,   -0.200,   -0.200,    0.000,    0.000,    0.000,    0.000,    5.813,    5.813,    0.458,    0.458,   -0.026,   -0.026,   -0.407,   -0.407,    0.077,    0.077
 3580,2020090400,   -0.699,   -0.699,    0.000,    0.000,    0.000,    0.000,    0.002,    0.002,   -0.193,   -0.193,    0.000,    0.000,    0.000,    0.000,    5.813,    5.813,    0.467,    0.467,   -0.026,   -0.026,   -0.403,   -0.403,    0.078,    0.078
 3580,2020090318,   -0.702,   -0.702,    0.000,    0.000,    0.000,    0.000,    0.002,    0.002,   -0.198,   -0.198,    0.000,    0.000,    0.000,    0.000,    5.782,    5.782,    0.458,    0.458,   -0.023,   -0.023,   -0.408,   -0.408,    0.078,    0.078
 3580,2020090312,   -0.706,   -0.706,    0.000,    0.000,    0.000,    0.000,    0.003,    0.003,   -0.190,   -0.190,    0.000,    0.000,    0.000,    0.000,    5.782,    5.782,    0.459,    0.459,   -0.013,   -0.013,   -0.410,   -0.410,    0.079,    0.079
 3580,2020090306,   -0.709,   -0.709,    0.000,    0.000,    0.000,    0.000,    0.000,    0.000,   -0.193,   -0.193,    0.000,    0.000,    0.000,    0.000,    5.782,    5.782,    0.462,    0.462,   -0.015,   -0.015,   -0.412,   -0.412,    0.078,    0.078
 3580,2020090300,   -0.705,   -0.705,    0.000,    0.000,    0.000,    0.000,    0.002,    0.002,   -0.193,   -0.193,    0.000,    0.000,    0.000,    0.000,    5.782,    5.782,    0.483,    0.483,   -0.025,   -0.025,   -0.402,   -0.402,    0.074,    0.074
 3580,2020090218,   -0.710,   -0.710,    0.000,    0.000,    0.000,    0.000,    0.001,    0.001,   -0.198,   -0.198,    0.000,    0.000,    0.000,    0.000,    5.782,    5.782,    0.468,    0.468,   -0.026,   -0.026,   -0.410,   -0.410,    0.077,    0.077
 3580,2020090212,   -0.712,   -0.712,    0.000,    0.000,    0.000,    0.000,    0.002,    0.002,   -0.194,   -0.194,    0.000,    0.000,    0.000,    0.000,    5.782,    5.782,    0.494,    0.494,   -0.023,   -0.023,   -0.403,   -0.403,    0.080,    0.080
 3580,2020090206,   -0.715,   -0.715,    0.000,    0.000,    0.000,    0.000,    0.002,    0.002,   -0.196,   -0.196,    0.000,    0.000,    0.000,    0.000,    5.782,    5.782,    0.506,    0.506,   -0.025,   -0.025,   -0.400,   -0.400,    0.081,    0.081
 3580,2020090200,   -0.716,   -0.716,    0.000,    0.000,    0.000,    0.000,    0.005,    0.005,   -0.190,   -0.190,    0.000,    0.000,    0.000,    0.000,    5.782,    5.782,    0.492,    0.492,   -0.024,   -0.024,   -0.406,   -0.406,    0.080,    0.080
 3580,2020090118,   -0.715,   -0.715,    0.000,    0.000,    0.000,    0.000,    0.006,    0.006,   -0.191,   -0.191,    0.000,    0.000,    0.000,    0.000,    5.782,    5.782,    0.504,    0.504,   -0.020,   -0.020,   -0.402,   -0.402,    0.082,    0.082
 3580,2020090112,   -0.724,   -0.724,    0.000,    0.000,    0.000,    0.000,    0.006,    0.006,   -0.190,   -0.190,    0.000,    0.000,    0.000,    0.000,    5.782,    5.782,    0.491,    0.491,   -0.036,   -0.036,   -0.414,   -0.414,    0.078,    0.078
 3580,2020090106,   -0.731,   -0.731,    0.000,    0.000,    0.000,    0.000,    0.004,    0.004,   -0.192,   -0.192,    0.000,    0.000,    0.000,    0.000,    5.782,    5.782,    0.467,    0.467,   -0.044,   -0.044,   -0.428,   -0.428,    0.075,    0.075
 3580,2020090100,   -0.728,   -0.728,    0.000,    0.000,    0.000,    0.000,    0.008,    0.008,   -0.188,   -0.188,    0.000,    0.000,    0.000,    0.000,    5.782,    5.782,    0.475,    0.475,   -0.038,   -0.038,   -0.421,   -0.421,    0.076,    0.076
 3580,2020083118,   -0.729,   -0.729,    0.000,    0.000,    0.000,    0.000,    0.006,    0.006,   -0.194,   -0.194,    0.000,    0.000,    0.000,    0.000,    5.782,    5.782,    0.491,    0.491,   -0.040,   -0.040,   -0.417,   -0.417,    0.074,    0.074
 3580,2020083112,   -0.732,   -0.732,    0.000,    0.000,    0.000,    0.000,    0.008,    0.008,   -0.190,   -0.190,    0.000,    0.000,    0.000,    0.000,    5.782,    5.782,    0.490,    0.490,   -0.042,   -0.042,   -0.422,   -0.422,    0.074,    0.074
 3580,2020083106,   -0.739,   -0.739,    0.000,    0.000,    0.000,    0.000,    0.004,    0.004,   -0.191,   -0.191,    0.000,    0.000,    0.000,    0.000,    5.782,    5.782,    0.474,    0.474,   -0.040,   -0.040,   -0.435,   -0.435,    0.072,    0.072
 3580,2020083100,   -0.732,   -0.732,    0.000,    0.000,    0.000,    0.000,    0.009,    0.009,   -0.184,   -0.184,    0.000,    0.000,    0.000,    0.000,    5.782,    5.782,    0.506,    0.506,   -0.033,   -0.033,   -0.420,   -0.420,    0.075,    0.075
 3580,2020083018,   -0.731,   -0.731,    0.000,    0.000,    0.000,    0.000,    0.009,    0.009,   -0.191,   -0.191,    0.000,    0.000,    0.000,    0.000,    5.782,    5.782,    0.514,    0.514,   -0.040,   -0.040,   -0.417,   -0.417,    0.073,    0.073
 3580,2020083012,   -0.736,   -0.736,    0.000,    0.000,    0.000,    0.000,    0.009,    0.009,   -0.190,   -0.190,    0.000,    0.000,    0.000,    0.000,    5.782,    5.782,    0.524,    0.524,   -0.012,   -0.012,   -0.416,   -0.416,    0.086,    0.086
 3580,2020083006,   -0.736,   -0.736,    0.000,    0.000,    0.000,    0.000,    0.010,    0.010,   -0.188,   -0.188,    0.000,    0.000,    0.000,    0.000,    5.782,    5.782,    0.516,    0.516,   -0.013,   -0.013,   -0.420,   -0.420,    0.086,    0.086
 3580,2020083000,   -0.731,   -0.731,    0.000,    0.000,    0.000,    0.000,    0.011,    0.011,   -0.189,   -0.189,    0.000,    0.000,    0.000,    0.000,    5.782,    5.782,    0.528,    0.528,    0.008,    0.008,   -0.415,   -0.415,    0.096,    0.096
