 6067,2020092000,    0.796,    0.796,    0.000,    0.000,    0.000,    0.000,   -0.236,   -0.236,   -0.087,   -0.087,    0.000,    0.000,    0.000,    0.000,    0.011,    0.011,   -0.175,   -0.175,   -0.051,   -0.051,    0.240,    0.240,   -0.014,   -0.014
 6067,2020091918,    0.800,    0.800,    0.000,    0.000,    0.000,    0.000,   -0.235,   -0.235,   -0.081,   -0.081,    0.000,    0.000,    0.000,    0.000,    0.011,    0.011,   -0.160,   -0.160,   -0.055,   -0.055,    0.249,    0.249,   -0.015,   -0.015
 6067,2020091912,    0.800,    0.800,    0.000,    0.000,    0.000,    0.000,   -0.234,   -0.234,   -0.088,   -0.088,    0.000,    0.000,    0.000,    0.000,    0.013,    0.013,   -0.168,   -0.168,   -0.050,   -0.050,    0.246,    0.246,   -0.013,   -0.013
 6067,2020091906,    0.800,    0.800,    0.000,    0.000,    0.000,    0.000,   -0.235,   -0.235,   -0.086,   -0.086,    0.000,    0.000,    0.000,    0.000,    0.014,    0.014,   -0.170,   -0.170,   -0.054,   -0.054,    0.245,    0.245,   -0.014,   -0.014
 6067,2020091900,    0.797,    0.797,    0.000,    0.000,    0.000,    0.000,   -0.247,   -0.247,   -0.089,   -0.089,    0.000,    0.000,    0.000,    0.000,    0.011,    0.011,   -0.190,   -0.190,   -0.059,   -0.059,    0.235,    0.235,   -0.015,   -0.015
 6067,2020091818,    0.800,    0.800,    0.000,    0.000,    0.000,    0.000,   -0.241,   -0.241,   -0.088,   -0.088,    0.000,    0.000,    0.000,    0.000,    0.012,    0.012,   -0.186,   -0.186,   -0.057,   -0.057,    0.239,    0.239,   -0.013,   -0.013
 6067,2020091812,    0.802,    0.802,    0.000,    0.000,    0.000,    0.000,   -0.236,   -0.236,   -0.100,   -0.100,    0.000,    0.000,    0.000,    0.000,    0.015,    0.015,   -0.190,   -0.190,   -0.060,   -0.060,    0.238,    0.238,   -0.013,   -0.013
 6067,2020091806,    0.804,    0.804,    0.000,    0.000,    0.000,    0.000,   -0.236,   -0.236,   -0.099,   -0.099,    0.000,    0.000,    0.000,    0.000,    0.015,    0.015,   -0.187,   -0.187,   -0.062,   -0.062,    0.241,    0.241,   -0.015,   -0.015
 6067,2020091800,    0.807,    0.807,    0.000,    0.000,    0.000,    0.000,   -0.241,   -0.241,   -0.104,   -0.104,    0.000,    0.000,    0.000,    0.000,    0.012,    0.012,   -0.182,   -0.182,   -0.054,   -0.054,    0.245,    0.245,   -0.010,   -0.010
 6067,2020091718,    0.811,    0.811,    0.000,    0.000,    0.000,    0.000,   -0.239,   -0.239,   -0.102,   -0.102,    0.000,    0.000,    0.000,    0.000,    0.013,    0.013,   -0.171,   -0.171,   -0.056,   -0.056,    0.252,    0.252,   -0.010,   -0.010
 6067,2020091712,    0.814,    0.814,    0.000,    0.000,    0.000,    0.000,   -0.234,   -0.234,   -0.108,   -0.108,    0.000,    0.000,    0.000,    0.000,    0.014,    0.014,   -0.169,   -0.169,   -0.055,   -0.055,    0.255,    0.255,   -0.009,   -0.009
 6067,2020091706,    0.815,    0.815,    0.000,    0.000,    0.000,    0.000,   -0.240,   -0.240,   -0.107,   -0.107,    0.000,    0.000,    0.000,    0.000,    0.013,    0.013,   -0.164,   -0.164,   -0.058,   -0.058,    0.258,    0.258,   -0.011,   -0.011
 6067,2020091700,    0.815,    0.815,    0.000,    0.000,    0.000,    0.000,   -0.243,   -0.243,   -0.113,   -0.113,    0.000,    0.000,    0.000,    0.000,    0.011,    0.011,   -0.179,   -0.179,   -0.061,   -0.061,    0.253,    0.253,   -0.012,   -0.012
 6067,2020091618,    0.820,    0.820,    0.000,    0.000,    0.000,    0.000,   -0.238,   -0.238,   -0.110,   -0.110,    0.000,    0.000,    0.000,    0.000,    0.011,    0.011,   -0.166,   -0.166,   -0.055,   -0.055,    0.261,    0.261,   -0.009,   -0.009
 6067,2020091612,    0.822,    0.822,    0.000,    0.000,    0.000,    0.000,   -0.229,   -0.229,   -0.119,   -0.119,    0.000,    0.000,    0.000,    0.000,    0.012,    0.012,   -0.156,   -0.156,   -0.042,   -0.042,    0.266,    0.266,   -0.004,   -0.004
 6067,2020091606,    0.824,    0.824,    0.000,    0.000,    0.000,    0.000,   -0.239,   -0.239,   -0.111,   -0.111,    0.000,    0.000,    0.000,    0.000,    0.011,    0.011,   -0.143,   -0.143,   -0.038,   -0.038,    0.273,    0.273,   -0.002,   -0.002
 6067,2020091600,    0.824,    0.824,    0.000,    0.000,    0.000,    0.000,   -0.239,   -0.239,   -0.117,   -0.117,    0.000,    0.000,    0.000,    0.000,    0.010,    0.010,   -0.157,   -0.157,   -0.046,   -0.046,    0.268,    0.268,   -0.006,   -0.006
 6067,2020091518,    0.826,    0.826,    0.000,    0.000,    0.000,    0.000,   -0.242,   -0.242,   -0.113,   -0.113,    0.000,    0.000,    0.000,    0.000,    0.009,    0.009,   -0.148,   -0.148,   -0.045,   -0.045,    0.272,    0.272,   -0.005,   -0.005
 6067,2020091512,    0.827,    0.827,    0.000,    0.000,    0.000,    0.000,   -0.228,   -0.228,   -0.122,   -0.122,    0.000,    0.000,    0.000,    0.000,    0.011,    0.011,   -0.149,   -0.149,   -0.050,   -0.050,    0.273,    0.273,   -0.007,   -0.007
 6067,2020091506,    0.828,    0.828,    0.000,    0.000,    0.000,    0.000,   -0.224,   -0.224,   -0.124,   -0.124,    0.000,    0.000,    0.000,    0.000,    0.012,    0.012,   -0.149,   -0.149,   -0.046,   -0.046,    0.274,    0.274,   -0.007,   -0.007
 6067,2020091500,    0.830,    0.830,    0.000,    0.000,    0.000,    0.000,   -0.220,   -0.220,   -0.127,   -0.127,    0.000,    0.000,    0.000,    0.000,    0.009,    0.009,   -0.148,   -0.148,   -0.053,   -0.053,    0.275,    0.275,   -0.011,   -0.011
 6067,2020091418,    0.834,    0.834,    0.000,    0.000,    0.000,    0.000,   -0.214,   -0.214,   -0.128,   -0.128,    0.000,    0.000,    0.000,    0.000,    0.010,    0.010,   -0.132,   -0.132,   -0.047,   -0.047,    0.284,    0.284,   -0.008,   -0.008
 6067,2020091412,    0.834,    0.834,    0.000,    0.000,    0.000,    0.000,   -0.211,   -0.211,   -0.134,   -0.134,    0.000,    0.000,    0.000,    0.000,    0.013,    0.013,   -0.131,   -0.131,   -0.050,   -0.050,    0.285,    0.285,   -0.010,   -0.010
 6067,2020091406,    0.835,    0.835,    0.000,    0.000,    0.000,    0.000,   -0.213,   -0.213,   -0.130,   -0.130,    0.000,    0.000,    0.000,    0.000,    0.014,    0.014,   -0.130,   -0.130,   -0.045,   -0.045,    0.285,    0.285,   -0.008,   -0.008
 6067,2020091400,    0.834,    0.834,    0.000,    0.000,    0.000,    0.000,   -0.214,   -0.214,   -0.135,   -0.135,    0.000,    0.000,    0.000,    0.000,    0.011,    0.011,   -0.132,   -0.132,   -0.042,   -0.042,    0.284,    0.284,   -0.007,   -0.007
 6067,2020091318,    0.836,    0.836,    0.000,    0.000,    0.000,    0.000,   -0.215,   -0.215,   -0.130,   -0.130,    0.000,    0.000,    0.000,    0.000,    0.011,    0.011,   -0.118,   -0.118,   -0.041,   -0.041,    0.290,    0.290,   -0.007,   -0.007
 6067,2020091312,    0.835,    0.835,    0.000,    0.000,    0.000,    0.000,   -0.222,   -0.222,   -0.141,   -0.141,    0.000,    0.000,    0.000,    0.000,    0.013,    0.013,   -0.131,   -0.131,   -0.041,   -0.041,    0.285,    0.285,   -0.007,   -0.007
 6067,2020091306,    0.836,    0.836,    0.000,    0.000,    0.000,    0.000,   -0.223,   -0.223,   -0.143,   -0.143,    0.000,    0.000,    0.000,    0.000,    0.013,    0.013,   -0.127,   -0.127,   -0.048,   -0.048,    0.287,    0.287,   -0.010,   -0.010
 6067,2020091300,    0.836,    0.836,    0.000,    0.000,    0.000,    0.000,   -0.231,   -0.231,   -0.148,   -0.148,    0.000,    0.000,    0.000,    0.000,    0.011,    0.011,   -0.132,   -0.132,   -0.047,   -0.047,    0.285,    0.285,   -0.009,   -0.009
 6067,2020091218,    0.839,    0.839,    0.000,    0.000,    0.000,    0.000,   -0.221,   -0.221,   -0.147,   -0.147,    0.000,    0.000,    0.000,    0.000,    0.011,    0.011,   -0.114,   -0.114,   -0.050,   -0.050,    0.294,    0.294,   -0.010,   -0.010
 6067,2020091212,    0.840,    0.840,    0.000,    0.000,    0.000,    0.000,   -0.225,   -0.225,   -0.149,   -0.149,    0.000,    0.000,    0.000,    0.000,    0.012,    0.012,   -0.116,   -0.116,   -0.050,   -0.050,    0.294,    0.294,   -0.010,   -0.010
 6067,2020091206,    0.840,    0.840,    0.000,    0.000,    0.000,    0.000,   -0.225,   -0.225,   -0.151,   -0.151,    0.000,    0.000,    0.000,    0.000,    0.013,    0.013,   -0.120,   -0.120,   -0.045,   -0.045,    0.292,    0.292,   -0.008,   -0.008
 6067,2020091200,    0.839,    0.839,    0.000,    0.000,    0.000,    0.000,   -0.231,   -0.231,   -0.153,   -0.153,    0.000,    0.000,    0.000,    0.000,    0.011,    0.011,   -0.117,   -0.117,   -0.041,   -0.041,    0.293,    0.293,   -0.006,   -0.006
 6067,2020091118,    0.841,    0.841,    0.000,    0.000,    0.000,    0.000,   -0.224,   -0.224,   -0.154,   -0.154,    0.000,    0.000,    0.000,    0.000,    0.012,    0.012,   -0.110,   -0.110,   -0.043,   -0.043,    0.297,    0.297,   -0.007,   -0.007
 6067,2020091112,    0.839,    0.839,    0.000,    0.000,    0.000,    0.000,   -0.234,   -0.234,   -0.150,   -0.150,    0.000,    0.000,    0.000,    0.000,    0.012,    0.012,   -0.112,   -0.112,   -0.037,   -0.037,    0.294,    0.294,   -0.005,   -0.005
 6067,2020091106,    0.841,    0.841,    0.000,    0.000,    0.000,    0.000,   -0.234,   -0.234,   -0.149,   -0.149,    0.000,    0.000,    0.000,    0.000,    0.012,    0.012,   -0.102,   -0.102,   -0.044,   -0.044,    0.299,    0.299,   -0.008,   -0.008
 6067,2020091100,    0.840,    0.840,    0.000,    0.000,    0.000,    0.000,   -0.243,   -0.243,   -0.150,   -0.150,    0.000,    0.000,    0.000,    0.000,    0.012,    0.012,   -0.106,   -0.106,   -0.043,   -0.043,    0.297,    0.297,   -0.009,   -0.009
 6067,2020091018,    0.844,    0.844,    0.000,    0.000,    0.000,    0.000,   -0.235,   -0.235,   -0.147,   -0.147,    0.000,    0.000,    0.000,    0.000,    0.012,    0.012,   -0.093,   -0.093,   -0.033,   -0.033,    0.305,    0.305,   -0.005,   -0.005
 6067,2020091012,    0.841,    0.841,    0.000,    0.000,    0.000,    0.000,   -0.247,   -0.247,   -0.146,   -0.146,    0.000,    0.000,    0.000,    0.000,    0.013,    0.013,   -0.111,   -0.111,   -0.030,   -0.030,    0.296,    0.296,   -0.005,   -0.005
 6067,2020091006,    0.842,    0.842,    0.000,    0.000,    0.000,    0.000,   -0.255,   -0.255,   -0.141,   -0.141,    0.000,    0.000,    0.000,    0.000,    0.014,    0.014,   -0.110,   -0.110,   -0.026,   -0.026,    0.297,    0.297,   -0.003,   -0.003
 6067,2020091000,    0.838,    0.838,    0.000,    0.000,    0.000,    0.000,   -0.264,   -0.264,   -0.140,   -0.140,    0.000,    0.000,    0.000,    0.000,    0.011,    0.011,   -0.122,   -0.122,   -0.031,   -0.031,    0.290,    0.290,   -0.006,   -0.006
 6067,2020090918,    0.841,    0.841,    0.000,    0.000,    0.000,    0.000,   -0.261,   -0.261,   -0.135,   -0.135,    0.000,    0.000,    0.000,    0.000,    0.012,    0.012,   -0.115,   -0.115,   -0.034,   -0.034,    0.293,    0.293,   -0.009,   -0.009
 6067,2020090912,    0.841,    0.841,    0.000,    0.000,    0.000,    0.000,   -0.261,   -0.261,   -0.140,   -0.140,    0.000,    0.000,    0.000,    0.000,    0.012,    0.012,   -0.126,   -0.126,   -0.023,   -0.023,    0.289,    0.289,   -0.004,   -0.004
 6067,2020090906,    0.841,    0.841,    0.000,    0.000,    0.000,    0.000,   -0.261,   -0.261,   -0.136,   -0.136,    0.000,    0.000,    0.000,    0.000,    0.013,    0.013,   -0.122,   -0.122,   -0.029,   -0.029,    0.291,    0.291,   -0.007,   -0.007
 6067,2020090900,    0.841,    0.841,    0.000,    0.000,    0.000,    0.000,   -0.268,   -0.268,   -0.134,   -0.134,    0.000,    0.000,    0.000,    0.000,    0.010,    0.010,   -0.125,   -0.125,   -0.033,   -0.033,    0.290,    0.290,   -0.009,   -0.009
 6067,2020090818,    0.842,    0.842,    0.000,    0.000,    0.000,    0.000,   -0.264,   -0.264,   -0.122,   -0.122,    0.000,    0.000,    0.000,    0.000,    0.011,    0.011,   -0.119,   -0.119,   -0.036,   -0.036,    0.293,    0.293,   -0.012,   -0.012
 6067,2020090812,    0.844,    0.844,    0.000,    0.000,    0.000,    0.000,   -0.265,   -0.265,   -0.131,   -0.131,    0.000,    0.000,    0.000,    0.000,    0.012,    0.012,   -0.118,   -0.118,   -0.033,   -0.033,    0.296,    0.296,   -0.011,   -0.011
 6067,2020090806,    0.844,    0.844,    0.000,    0.000,    0.000,    0.000,   -0.272,   -0.272,   -0.120,   -0.120,    0.000,    0.000,    0.000,    0.000,    0.014,    0.014,   -0.113,   -0.113,   -0.040,   -0.040,    0.297,    0.297,   -0.015,   -0.015
 6067,2020090800,    0.844,    0.844,    0.000,    0.000,    0.000,    0.000,   -0.280,   -0.280,   -0.128,   -0.128,    0.000,    0.000,    0.000,    0.000,    0.011,    0.011,   -0.119,   -0.119,   -0.045,   -0.045,    0.294,    0.294,   -0.018,   -0.018
 6067,2020090718,    0.844,    0.844,    0.000,    0.000,    0.000,    0.000,   -0.279,   -0.279,   -0.120,   -0.120,    0.000,    0.000,    0.000,    0.000,    0.013,    0.013,   -0.120,   -0.120,   -0.046,   -0.046,    0.294,    0.294,   -0.018,   -0.018
 6067,2020090712,    0.846,    0.846,    0.000,    0.000,    0.000,    0.000,   -0.277,   -0.277,   -0.125,   -0.125,    0.000,    0.000,    0.000,    0.000,    0.014,    0.014,   -0.122,   -0.122,   -0.042,   -0.042,    0.295,    0.295,   -0.017,   -0.017
 6067,2020090706,    0.846,    0.846,    0.000,    0.000,    0.000,    0.000,   -0.287,   -0.287,   -0.122,   -0.122,    0.000,    0.000,    0.000,    0.000,    0.014,    0.014,   -0.124,   -0.124,   -0.033,   -0.033,    0.294,    0.294,   -0.015,   -0.015
 6067,2020090700,    0.847,    0.847,    0.000,    0.000,    0.000,    0.000,   -0.282,   -0.282,   -0.120,   -0.120,    0.000,    0.000,    0.000,    0.000,    0.014,    0.014,   -0.116,   -0.116,   -0.036,   -0.036,    0.297,    0.297,   -0.016,   -0.016
 6067,2020090618,    0.850,    0.850,    0.000,    0.000,    0.000,    0.000,   -0.278,   -0.278,   -0.121,   -0.121,    0.000,    0.000,    0.000,    0.000,    0.015,    0.015,   -0.108,   -0.108,   -0.032,   -0.032,    0.303,    0.303,   -0.014,   -0.014
 6067,2020090612,    0.849,    0.849,    0.000,    0.000,    0.000,    0.000,   -0.281,   -0.281,   -0.127,   -0.127,    0.000,    0.000,    0.000,    0.000,    0.016,    0.016,   -0.121,   -0.121,   -0.028,   -0.028,    0.297,    0.297,   -0.013,   -0.013
 6067,2020090606,    0.850,    0.850,    0.000,    0.000,    0.000,    0.000,   -0.286,   -0.286,   -0.120,   -0.120,    0.000,    0.000,    0.000,    0.000,    0.016,    0.016,   -0.132,   -0.132,   -0.016,   -0.016,    0.293,    0.293,   -0.008,   -0.008
 6067,2020090600,    0.847,    0.847,    0.000,    0.000,    0.000,    0.000,   -0.289,   -0.289,   -0.121,   -0.121,    0.000,    0.000,    0.000,    0.000,    0.014,    0.014,   -0.148,   -0.148,   -0.014,   -0.014,    0.286,    0.286,   -0.007,   -0.007
 6067,2020090518,    0.848,    0.848,    0.000,    0.000,    0.000,    0.000,   -0.288,   -0.288,   -0.115,   -0.115,    0.000,    0.000,    0.000,    0.000,    0.014,    0.014,   -0.152,   -0.152,   -0.013,   -0.013,    0.285,    0.285,   -0.006,   -0.006
 6067,2020090512,    0.847,    0.847,    0.000,    0.000,    0.000,    0.000,   -0.289,   -0.289,   -0.122,   -0.122,    0.000,    0.000,    0.000,    0.000,    0.015,    0.015,   -0.154,   -0.154,   -0.009,   -0.009,    0.284,    0.284,   -0.006,   -0.006
 6067,2020090506,    0.848,    0.848,    0.000,    0.000,    0.000,    0.000,   -0.290,   -0.290,   -0.120,   -0.120,    0.000,    0.000,    0.000,    0.000,    0.016,    0.016,   -0.155,   -0.155,   -0.004,   -0.004,    0.284,    0.284,   -0.004,   -0.004
 6067,2020090500,    0.846,    0.846,    0.000,    0.000,    0.000,    0.000,   -0.302,   -0.302,   -0.119,   -0.119,    0.000,    0.000,    0.000,    0.000,    0.012,    0.012,   -0.168,   -0.168,   -0.009,   -0.009,    0.277,    0.277,   -0.006,   -0.006
 6067,2020090418,    0.849,    0.849,    0.000,    0.000,    0.000,    0.000,   -0.293,   -0.293,   -0.114,   -0.114,    0.000,    0.000,    0.000,    0.000,    0.013,    0.013,   -0.152,   -0.152,   -0.014,   -0.014,    0.285,    0.285,   -0.008,   -0.008
 6067,2020090412,    0.845,    0.845,    0.000,    0.000,    0.000,    0.000,   -0.306,   -0.306,   -0.119,   -0.119,    0.000,    0.000,    0.000,    0.000,    0.012,    0.012,   -0.178,   -0.178,   -0.011,   -0.011,    0.273,    0.273,   -0.007,   -0.007
 6067,2020090406,    0.848,    0.848,    0.000,    0.000,    0.000,    0.000,   -0.302,   -0.302,   -0.118,   -0.118,    0.000,    0.000,    0.000,    0.000,    0.014,    0.014,   -0.172,   -0.172,   -0.014,   -0.014,    0.278,    0.278,   -0.008,   -0.008
 6067,2020090400,    0.848,    0.848,    0.000,    0.000,    0.000,    0.000,   -0.305,   -0.305,   -0.120,   -0.120,    0.000,    0.000,    0.000,    0.000,    0.012,    0.012,   -0.182,   -0.182,   -0.019,   -0.019,    0.274,    0.274,   -0.010,   -0.010
 6067,2020090318,    0.852,    0.852,    0.000,    0.000,    0.000,    0.000,   -0.297,   -0.297,   -0.121,   -0.121,    0.000,    0.000,    0.000,    0.000,    0.014,    0.014,   -0.167,   -0.167,   -0.021,   -0.021,    0.282,    0.282,   -0.011,   -0.011
 6067,2020090312,    0.852,    0.852,    0.000,    0.000,    0.000,    0.000,   -0.301,   -0.301,   -0.125,   -0.125,    0.000,    0.000,    0.000,    0.000,    0.014,    0.014,   -0.178,   -0.178,   -0.024,   -0.024,    0.278,    0.278,   -0.012,   -0.012
 6067,2020090306,    0.855,    0.855,    0.000,    0.000,    0.000,    0.000,   -0.304,   -0.304,   -0.117,   -0.117,    0.000,    0.000,    0.000,    0.000,    0.015,    0.015,   -0.169,   -0.169,   -0.030,   -0.030,    0.284,    0.284,   -0.016,   -0.016
 6067,2020090300,    0.855,    0.855,    0.000,    0.000,    0.000,    0.000,   -0.302,   -0.302,   -0.123,   -0.123,    0.000,    0.000,    0.000,    0.000,    0.013,    0.013,   -0.174,   -0.174,   -0.031,   -0.031,    0.283,    0.283,   -0.015,   -0.015
 6067,2020090218,    0.857,    0.857,    0.000,    0.000,    0.000,    0.000,   -0.302,   -0.302,   -0.118,   -0.118,    0.000,    0.000,    0.000,    0.000,    0.014,    0.014,   -0.164,   -0.164,   -0.025,   -0.025,    0.289,    0.289,   -0.012,   -0.012
 6067,2020090212,    0.861,    0.861,    0.000,    0.000,    0.000,    0.000,   -0.296,   -0.296,   -0.127,   -0.127,    0.000,    0.000,    0.000,    0.000,    0.015,    0.015,   -0.154,   -0.154,   -0.026,   -0.026,    0.296,    0.296,   -0.012,   -0.012
 6067,2020090206,    0.862,    0.862,    0.000,    0.000,    0.000,    0.000,   -0.306,   -0.306,   -0.123,   -0.123,    0.000,    0.000,    0.000,    0.000,    0.015,    0.015,   -0.159,   -0.159,   -0.023,   -0.023,    0.294,    0.294,   -0.010,   -0.010
 6067,2020090200,    0.863,    0.863,    0.000,    0.000,    0.000,    0.000,   -0.308,   -0.308,   -0.132,   -0.132,    0.000,    0.000,    0.000,    0.000,    0.014,    0.014,   -0.161,   -0.161,   -0.034,   -0.034,    0.295,    0.295,   -0.016,   -0.016
 6067,2020090118,    0.866,    0.866,    0.000,    0.000,    0.000,    0.000,   -0.301,   -0.301,   -0.137,   -0.137,    0.000,    0.000,    0.000,    0.000,    0.016,    0.016,   -0.158,   -0.158,   -0.030,   -0.030,    0.298,    0.298,   -0.015,   -0.015
 6067,2020090112,    0.866,    0.866,    0.000,    0.000,    0.000,    0.000,   -0.293,   -0.293,   -0.142,   -0.142,    0.000,    0.000,    0.000,    0.000,    0.017,    0.017,   -0.145,   -0.145,   -0.034,   -0.034,    0.304,    0.304,   -0.016,   -0.016
 6067,2020090106,    0.868,    0.868,    0.000,    0.000,    0.000,    0.000,   -0.299,   -0.299,   -0.140,   -0.140,    0.000,    0.000,    0.000,    0.000,    0.018,    0.018,   -0.137,   -0.137,   -0.030,   -0.030,    0.308,    0.308,   -0.013,   -0.013
 6067,2020090100,    0.868,    0.868,    0.000,    0.000,    0.000,    0.000,   -0.297,   -0.297,   -0.147,   -0.147,    0.000,    0.000,    0.000,    0.000,    0.016,    0.016,   -0.145,   -0.145,   -0.043,   -0.043,    0.304,    0.304,   -0.018,   -0.018
 6067,2020083118,    0.871,    0.871,    0.000,    0.000,    0.000,    0.000,   -0.287,   -0.287,   -0.153,   -0.153,    0.000,    0.000,    0.000,    0.000,    0.017,    0.017,   -0.135,   -0.135,   -0.039,   -0.039,    0.310,    0.310,   -0.017,   -0.017
 6067,2020083112,    0.871,    0.871,    0.000,    0.000,    0.000,    0.000,   -0.288,   -0.288,   -0.161,   -0.161,    0.000,    0.000,    0.000,    0.000,    0.018,    0.018,   -0.140,   -0.140,   -0.036,   -0.036,    0.309,    0.309,   -0.016,   -0.016
 6067,2020083106,    0.873,    0.873,    0.000,    0.000,    0.000,    0.000,   -0.288,   -0.288,   -0.160,   -0.160,    0.000,    0.000,    0.000,    0.000,    0.019,    0.019,   -0.140,   -0.140,   -0.041,   -0.041,    0.311,    0.311,   -0.018,   -0.018
 6067,2020083100,    0.871,    0.871,    0.000,    0.000,    0.000,    0.000,   -0.298,   -0.298,   -0.158,   -0.158,    0.000,    0.000,    0.000,    0.000,    0.016,    0.016,   -0.152,   -0.152,   -0.040,   -0.040,    0.305,    0.305,   -0.017,   -0.017
 6067,2020083018,    0.875,    0.875,    0.000,    0.000,    0.000,    0.000,   -0.289,   -0.289,   -0.162,   -0.162,    0.000,    0.000,    0.000,    0.000,    0.017,    0.017,   -0.134,   -0.134,   -0.043,   -0.043,    0.314,    0.314,   -0.018,   -0.018
 6067,2020083012,    0.875,    0.875,    0.000,    0.000,    0.000,    0.000,   -0.293,   -0.293,   -0.167,   -0.167,    0.000,    0.000,    0.000,    0.000,    0.018,    0.018,   -0.141,   -0.141,   -0.038,   -0.038,    0.311,    0.311,   -0.016,   -0.016
 6067,2020083006,    0.877,    0.877,    0.000,    0.000,    0.000,    0.000,   -0.290,   -0.290,   -0.164,   -0.164,    0.000,    0.000,    0.000,    0.000,    0.019,    0.019,   -0.129,   -0.129,   -0.040,   -0.040,    0.317,    0.317,   -0.017,   -0.017
 6067,2020083000,    0.878,    0.878,    0.000,    0.000,    0.000,    0.000,   -0.292,   -0.292,   -0.164,   -0.164,    0.000,    0.000,    0.000,    0.000,    0.018,    0.018,   -0.128,   -0.128,   -0.031,   -0.031,    0.318,    0.318,   -0.011,   -0.011
