  173,2020092000,    0.103,    0.103,    0.000,    0.000,    0.000,    0.000,    0.011,    0.011,   -0.209,   -0.209,    0.000,    0.000,    0.000,    0.000,   -8.819,   -8.819,    0.092,    0.092,   -0.018,   -0.018,    0.047,    0.047,    0.017,    0.017
  173,2020091918,    0.102,    0.102,    0.000,    0.000,    0.000,    0.000,    0.009,    0.009,   -0.208,   -0.208,    0.000,    0.000,    0.000,    0.000,   -8.831,   -8.831,    0.089,    0.089,   -0.016,   -0.016,    0.045,    0.045,    0.018,    0.018
  173,2020091912,    0.104,    0.104,    0.000,    0.000,    0.000,    0.000,    0.010,    0.010,   -0.209,   -0.209,    0.000,    0.000,    0.000,    0.000,   -8.831,   -8.831,    0.092,    0.092,   -0.014,   -0.014,    0.048,    0.048,    0.019,    0.019
  173,2020091906,    0.102,    0.102,    0.000,    0.000,    0.000,    0.000,    0.008,    0.008,   -0.206,   -0.206,    0.000,    0.000,    0.000,    0.000,   -8.831,   -8.831,    0.090,    0.090,   -0.014,   -0.014,    0.046,    0.046,    0.018,    0.018
  173,2020091900,    0.103,    0.103,    0.000,    0.000,    0.000,    0.000,    0.010,    0.010,   -0.207,   -0.207,    0.000,    0.000,    0.000,    0.000,   -8.825,   -8.825,    0.093,    0.093,   -0.014,   -0.014,    0.047,    0.047,    0.019,    0.019
  173,2020091818,    0.104,    0.104,    0.000,    0.000,    0.000,    0.000,    0.011,    0.011,   -0.207,   -0.207,    0.000,    0.000,    0.000,    0.000,   -8.812,   -8.812,    0.097,    0.097,   -0.013,   -0.013,    0.049,    0.049,    0.019,    0.019
  173,2020091812,    0.104,    0.104,    0.000,    0.000,    0.000,    0.000,    0.010,    0.010,   -0.206,   -0.206,    0.000,    0.000,    0.000,    0.000,   -8.780,   -8.780,    0.098,    0.098,   -0.016,   -0.016,    0.050,    0.050,    0.018,    0.018
  173,2020091806,    0.104,    0.104,    0.000,    0.000,    0.000,    0.000,    0.010,    0.010,   -0.207,   -0.207,    0.000,    0.000,    0.000,    0.000,   -8.780,   -8.780,    0.100,    0.100,   -0.014,   -0.014,    0.051,    0.051,    0.019,    0.019
  173,2020091800,    0.103,    0.103,    0.000,    0.000,    0.000,    0.000,    0.010,    0.010,   -0.207,   -0.207,    0.000,    0.000,    0.000,    0.000,   -8.792,   -8.792,    0.101,    0.101,   -0.017,   -0.017,    0.050,    0.050,    0.017,    0.017
  173,2020091718,    0.102,    0.102,    0.000,    0.000,    0.000,    0.000,    0.013,    0.013,   -0.207,   -0.207,    0.000,    0.000,    0.000,    0.000,   -8.829,   -8.829,    0.099,    0.099,   -0.016,   -0.016,    0.049,    0.049,    0.017,    0.017
  173,2020091712,    0.101,    0.101,    0.000,    0.000,    0.000,    0.000,    0.010,    0.010,   -0.206,   -0.206,    0.000,    0.000,    0.000,    0.000,   -8.856,   -8.856,    0.098,    0.098,   -0.015,   -0.015,    0.048,    0.048,    0.018,    0.018
  173,2020091706,    0.101,    0.101,    0.000,    0.000,    0.000,    0.000,    0.012,    0.012,   -0.207,   -0.207,    0.000,    0.000,    0.000,    0.000,   -8.856,   -8.856,    0.101,    0.101,   -0.013,   -0.013,    0.049,    0.049,    0.019,    0.019
  173,2020091700,    0.101,    0.101,    0.000,    0.000,    0.000,    0.000,    0.011,    0.011,   -0.205,   -0.205,    0.000,    0.000,    0.000,    0.000,   -8.873,   -8.873,    0.099,    0.099,   -0.015,   -0.015,    0.048,    0.048,    0.017,    0.017
  173,2020091618,    0.102,    0.102,    0.000,    0.000,    0.000,    0.000,    0.012,    0.012,   -0.205,   -0.205,    0.000,    0.000,    0.000,    0.000,   -8.905,   -8.905,    0.099,    0.099,   -0.012,   -0.012,    0.048,    0.048,    0.019,    0.019
  173,2020091612,    0.102,    0.102,    0.000,    0.000,    0.000,    0.000,    0.009,    0.009,   -0.204,   -0.204,    0.000,    0.000,    0.000,    0.000,   -8.976,   -8.976,    0.101,    0.101,   -0.015,   -0.015,    0.049,    0.049,    0.017,    0.017
  173,2020091606,    0.102,    0.102,    0.000,    0.000,    0.000,    0.000,    0.010,    0.010,   -0.205,   -0.205,    0.000,    0.000,    0.000,    0.000,   -8.976,   -8.976,    0.102,    0.102,   -0.014,   -0.014,    0.049,    0.049,    0.018,    0.018
  173,2020091600,    0.101,    0.101,    0.000,    0.000,    0.000,    0.000,    0.008,    0.008,   -0.205,   -0.205,    0.000,    0.000,    0.000,    0.000,   -8.949,   -8.949,    0.102,    0.102,   -0.014,   -0.014,    0.048,    0.048,    0.019,    0.019
  173,2020091518,    0.102,    0.102,    0.000,    0.000,    0.000,    0.000,    0.007,    0.007,   -0.203,   -0.203,    0.000,    0.000,    0.000,    0.000,   -8.943,   -8.943,    0.104,    0.104,   -0.014,   -0.014,    0.049,    0.049,    0.018,    0.018
  173,2020091512,    0.101,    0.101,    0.000,    0.000,    0.000,    0.000,    0.006,    0.006,   -0.203,   -0.203,    0.000,    0.000,    0.000,    0.000,   -8.934,   -8.934,    0.103,    0.103,   -0.014,   -0.014,    0.048,    0.048,    0.018,    0.018
  173,2020091506,    0.101,    0.101,    0.000,    0.000,    0.000,    0.000,    0.006,    0.006,   -0.202,   -0.202,    0.000,    0.000,    0.000,    0.000,   -8.934,   -8.934,    0.102,    0.102,   -0.013,   -0.013,    0.047,    0.047,    0.018,    0.018
  173,2020091500,    0.102,    0.102,    0.000,    0.000,    0.000,    0.000,    0.006,    0.006,   -0.202,   -0.202,    0.000,    0.000,    0.000,    0.000,   -8.932,   -8.932,    0.104,    0.104,   -0.013,   -0.013,    0.048,    0.048,    0.018,    0.018
  173,2020091418,    0.101,    0.101,    0.000,    0.000,    0.000,    0.000,    0.006,    0.006,   -0.200,   -0.200,    0.000,    0.000,    0.000,    0.000,   -8.989,   -8.989,    0.102,    0.102,   -0.016,   -0.016,    0.047,    0.047,    0.016,    0.016
  173,2020091412,    0.101,    0.101,    0.000,    0.000,    0.000,    0.000,    0.009,    0.009,   -0.201,   -0.201,    0.000,    0.000,    0.000,    0.000,   -8.971,   -8.971,    0.101,    0.101,   -0.015,   -0.015,    0.046,    0.046,    0.016,    0.016
  173,2020091406,    0.101,    0.101,    0.000,    0.000,    0.000,    0.000,    0.008,    0.008,   -0.199,   -0.199,    0.000,    0.000,    0.000,    0.000,   -8.990,   -8.990,    0.100,    0.100,   -0.014,   -0.014,    0.045,    0.045,    0.017,    0.017
  173,2020091400,    0.103,    0.103,    0.000,    0.000,    0.000,    0.000,    0.007,    0.007,   -0.200,   -0.200,    0.000,    0.000,    0.000,    0.000,   -9.034,   -9.034,    0.101,    0.101,   -0.014,   -0.014,    0.047,    0.047,    0.016,    0.016
  173,2020091318,    0.103,    0.103,    0.000,    0.000,    0.000,    0.000,    0.007,    0.007,   -0.202,   -0.202,    0.000,    0.000,    0.000,    0.000,   -9.039,   -9.039,    0.099,    0.099,   -0.015,   -0.015,    0.045,    0.045,    0.016,    0.016
  173,2020091312,    0.103,    0.103,    0.000,    0.000,    0.000,    0.000,    0.007,    0.007,   -0.202,   -0.202,    0.000,    0.000,    0.000,    0.000,   -9.052,   -9.052,    0.098,    0.098,   -0.012,   -0.012,    0.045,    0.045,    0.018,    0.018
  173,2020091306,    0.103,    0.103,    0.000,    0.000,    0.000,    0.000,    0.006,    0.006,   -0.202,   -0.202,    0.000,    0.000,    0.000,    0.000,   -9.055,   -9.055,    0.099,    0.099,   -0.016,   -0.016,    0.044,    0.044,    0.016,    0.016
  173,2020091300,    0.103,    0.103,    0.000,    0.000,    0.000,    0.000,    0.005,    0.005,   -0.204,   -0.204,    0.000,    0.000,    0.000,    0.000,   -9.048,   -9.048,    0.099,    0.099,   -0.017,   -0.017,    0.044,    0.044,    0.015,    0.015
  173,2020091218,    0.103,    0.103,    0.000,    0.000,    0.000,    0.000,    0.006,    0.006,   -0.205,   -0.205,    0.000,    0.000,    0.000,    0.000,   -9.041,   -9.041,    0.097,    0.097,   -0.018,   -0.018,    0.043,    0.043,    0.015,    0.015
  173,2020091212,    0.103,    0.103,    0.000,    0.000,    0.000,    0.000,    0.003,    0.003,   -0.202,   -0.202,    0.000,    0.000,    0.000,    0.000,   -9.021,   -9.021,    0.098,    0.098,   -0.015,   -0.015,    0.043,    0.043,    0.017,    0.017
  173,2020091206,    0.101,    0.101,    0.000,    0.000,    0.000,    0.000,    0.002,    0.002,   -0.203,   -0.203,    0.000,    0.000,    0.000,    0.000,   -9.021,   -9.021,    0.092,    0.092,   -0.016,   -0.016,    0.039,    0.039,    0.015,    0.015
  173,2020091200,    0.102,    0.102,    0.000,    0.000,    0.000,    0.000,    0.005,    0.005,   -0.206,   -0.206,    0.000,    0.000,    0.000,    0.000,   -9.021,   -9.021,    0.099,    0.099,   -0.016,   -0.016,    0.042,    0.042,    0.016,    0.016
  173,2020091118,    0.102,    0.102,    0.000,    0.000,    0.000,    0.000,    0.008,    0.008,   -0.210,   -0.210,    0.000,    0.000,    0.000,    0.000,   -9.059,   -9.059,    0.100,    0.100,   -0.015,   -0.015,    0.042,    0.042,    0.016,    0.016
  173,2020091112,    0.103,    0.103,    0.000,    0.000,    0.000,    0.000,    0.006,    0.006,   -0.206,   -0.206,    0.000,    0.000,    0.000,    0.000,   -9.130,   -9.130,    0.106,    0.106,   -0.016,   -0.016,    0.045,    0.045,    0.015,    0.015
  173,2020091106,    0.103,    0.103,    0.000,    0.000,    0.000,    0.000,    0.005,    0.005,   -0.208,   -0.208,    0.000,    0.000,    0.000,    0.000,   -9.130,   -9.130,    0.103,    0.103,   -0.019,   -0.019,    0.043,    0.043,    0.014,    0.014
  173,2020091100,    0.105,    0.105,    0.000,    0.000,    0.000,    0.000,    0.007,    0.007,   -0.207,   -0.207,    0.000,    0.000,    0.000,    0.000,   -9.134,   -9.134,    0.109,    0.109,   -0.019,   -0.019,    0.046,    0.046,    0.014,    0.014
  173,2020091018,    0.103,    0.103,    0.000,    0.000,    0.000,    0.000,    0.004,    0.004,   -0.206,   -0.206,    0.000,    0.000,    0.000,    0.000,   -9.138,   -9.138,    0.105,    0.105,   -0.016,   -0.016,    0.044,    0.044,    0.016,    0.016
  173,2020091012,    0.103,    0.103,    0.000,    0.000,    0.000,    0.000,    0.003,    0.003,   -0.205,   -0.205,    0.000,    0.000,    0.000,    0.000,   -9.138,   -9.138,    0.105,    0.105,   -0.015,   -0.015,    0.043,    0.043,    0.016,    0.016
  173,2020091006,    0.101,    0.101,    0.000,    0.000,    0.000,    0.000,    0.005,    0.005,   -0.207,   -0.207,    0.000,    0.000,    0.000,    0.000,   -9.138,   -9.138,    0.101,    0.101,   -0.016,   -0.016,    0.041,    0.041,    0.015,    0.015
  173,2020091000,    0.102,    0.102,    0.000,    0.000,    0.000,    0.000,    0.007,    0.007,   -0.209,   -0.209,    0.000,    0.000,    0.000,    0.000,   -9.141,   -9.141,    0.105,    0.105,   -0.018,   -0.018,    0.043,    0.043,    0.015,    0.015
  173,2020090918,    0.102,    0.102,    0.000,    0.000,    0.000,    0.000,    0.006,    0.006,   -0.208,   -0.208,    0.000,    0.000,    0.000,    0.000,   -9.138,   -9.138,    0.103,    0.103,   -0.015,   -0.015,    0.042,    0.042,    0.017,    0.017
  173,2020090912,    0.101,    0.101,    0.000,    0.000,    0.000,    0.000,    0.004,    0.004,   -0.206,   -0.206,    0.000,    0.000,    0.000,    0.000,   -9.154,   -9.154,    0.102,    0.102,   -0.014,   -0.014,    0.041,    0.041,    0.017,    0.017
  173,2020090906,    0.102,    0.102,    0.000,    0.000,    0.000,    0.000,    0.004,    0.004,   -0.208,   -0.208,    0.000,    0.000,    0.000,    0.000,   -9.154,   -9.154,    0.103,    0.103,   -0.018,   -0.018,    0.041,    0.041,    0.016,    0.016
  173,2020090900,    0.103,    0.103,    0.000,    0.000,    0.000,    0.000,    0.002,    0.002,   -0.208,   -0.208,    0.000,    0.000,    0.000,    0.000,   -9.172,   -9.172,    0.106,    0.106,   -0.019,   -0.019,    0.043,    0.043,    0.014,    0.014
  173,2020090818,    0.102,    0.102,    0.000,    0.000,    0.000,    0.000,    0.004,    0.004,   -0.209,   -0.209,    0.000,    0.000,    0.000,    0.000,   -9.152,   -9.152,    0.104,    0.104,   -0.019,   -0.019,    0.041,    0.041,    0.015,    0.015
  173,2020090812,    0.104,    0.104,    0.000,    0.000,    0.000,    0.000,    0.002,    0.002,   -0.205,   -0.205,    0.000,    0.000,    0.000,    0.000,   -9.103,   -9.103,    0.108,    0.108,   -0.020,   -0.020,    0.044,    0.044,    0.015,    0.015
  173,2020090806,    0.103,    0.103,    0.000,    0.000,    0.000,    0.000,    0.001,    0.001,   -0.206,   -0.206,    0.000,    0.000,    0.000,    0.000,   -9.103,   -9.103,    0.108,    0.108,   -0.023,   -0.023,    0.043,    0.043,    0.014,    0.014
  173,2020090800,    0.104,    0.104,    0.000,    0.000,    0.000,    0.000,    0.003,    0.003,   -0.205,   -0.205,    0.000,    0.000,    0.000,    0.000,   -9.163,   -9.163,    0.111,    0.111,   -0.026,   -0.026,    0.044,    0.044,    0.012,    0.012
  173,2020090718,    0.105,    0.105,    0.000,    0.000,    0.000,    0.000,    0.006,    0.006,   -0.208,   -0.208,    0.000,    0.000,    0.000,    0.000,   -9.140,   -9.140,    0.110,    0.110,   -0.022,   -0.022,    0.044,    0.044,    0.014,    0.014
  173,2020090712,    0.103,    0.103,    0.000,    0.000,    0.000,    0.000,    0.006,    0.006,   -0.211,   -0.211,    0.000,    0.000,    0.000,    0.000,   -9.141,   -9.141,    0.108,    0.108,   -0.022,   -0.022,    0.042,    0.042,    0.015,    0.015
  173,2020090706,    0.104,    0.104,    0.000,    0.000,    0.000,    0.000,    0.007,    0.007,   -0.212,   -0.212,    0.000,    0.000,    0.000,    0.000,   -9.141,   -9.141,    0.109,    0.109,   -0.021,   -0.021,    0.043,    0.043,    0.014,    0.014
  173,2020090700,    0.105,    0.105,    0.000,    0.000,    0.000,    0.000,    0.008,    0.008,   -0.210,   -0.210,    0.000,    0.000,    0.000,    0.000,   -9.141,   -9.141,    0.111,    0.111,   -0.021,   -0.021,    0.044,    0.044,    0.014,    0.014
  173,2020090618,    0.104,    0.104,    0.000,    0.000,    0.000,    0.000,    0.009,    0.009,   -0.211,   -0.211,    0.000,    0.000,    0.000,    0.000,   -9.216,   -9.216,    0.110,    0.110,   -0.020,   -0.020,    0.042,    0.042,    0.015,    0.015
  173,2020090612,    0.103,    0.103,    0.000,    0.000,    0.000,    0.000,    0.008,    0.008,   -0.210,   -0.210,    0.000,    0.000,    0.000,    0.000,   -9.218,   -9.218,    0.111,    0.111,   -0.019,   -0.019,    0.042,    0.042,    0.015,    0.015
  173,2020090606,    0.102,    0.102,    0.000,    0.000,    0.000,    0.000,    0.008,    0.008,   -0.210,   -0.210,    0.000,    0.000,    0.000,    0.000,   -9.218,   -9.218,    0.112,    0.112,   -0.021,   -0.021,    0.043,    0.043,    0.014,    0.014
  173,2020090600,    0.102,    0.102,    0.000,    0.000,    0.000,    0.000,    0.007,    0.007,   -0.211,   -0.211,    0.000,    0.000,    0.000,    0.000,   -9.234,   -9.234,    0.113,    0.113,   -0.022,   -0.022,    0.042,    0.042,    0.014,    0.014
  173,2020090518,    0.102,    0.102,    0.000,    0.000,    0.000,    0.000,    0.009,    0.009,   -0.212,   -0.212,    0.000,    0.000,    0.000,    0.000,   -9.245,   -9.245,    0.112,    0.112,   -0.023,   -0.023,    0.042,    0.042,    0.014,    0.014
  173,2020090512,    0.101,    0.101,    0.000,    0.000,    0.000,    0.000,    0.007,    0.007,   -0.212,   -0.212,    0.000,    0.000,    0.000,    0.000,   -9.232,   -9.232,    0.109,    0.109,   -0.023,   -0.023,    0.040,    0.040,    0.014,    0.014
  173,2020090506,    0.102,    0.102,    0.000,    0.000,    0.000,    0.000,    0.007,    0.007,   -0.211,   -0.211,    0.000,    0.000,    0.000,    0.000,   -9.222,   -9.222,    0.110,    0.110,   -0.022,   -0.022,    0.041,    0.041,    0.014,    0.014
  173,2020090500,    0.102,    0.102,    0.000,    0.000,    0.000,    0.000,    0.006,    0.006,   -0.211,   -0.211,    0.000,    0.000,    0.000,    0.000,   -9.222,   -9.222,    0.110,    0.110,   -0.024,   -0.024,    0.040,    0.040,    0.012,    0.012
  173,2020090418,    0.100,    0.100,    0.000,    0.000,    0.000,    0.000,    0.007,    0.007,   -0.212,   -0.212,    0.000,    0.000,    0.000,    0.000,   -9.214,   -9.214,    0.108,    0.108,   -0.024,   -0.024,    0.039,    0.039,    0.012,    0.012
  173,2020090412,    0.100,    0.100,    0.000,    0.000,    0.000,    0.000,    0.005,    0.005,   -0.211,   -0.211,    0.000,    0.000,    0.000,    0.000,   -9.207,   -9.207,    0.107,    0.107,   -0.022,   -0.022,    0.038,    0.038,    0.013,    0.013
  173,2020090406,    0.101,    0.101,    0.000,    0.000,    0.000,    0.000,    0.007,    0.007,   -0.210,   -0.210,    0.000,    0.000,    0.000,    0.000,   -9.200,   -9.200,    0.110,    0.110,   -0.020,   -0.020,    0.040,    0.040,    0.013,    0.013
  173,2020090400,    0.100,    0.100,    0.000,    0.000,    0.000,    0.000,    0.006,    0.006,   -0.213,   -0.213,    0.000,    0.000,    0.000,    0.000,   -9.218,   -9.218,    0.110,    0.110,   -0.022,   -0.022,    0.039,    0.039,    0.012,    0.012
  173,2020090318,    0.100,    0.100,    0.000,    0.000,    0.000,    0.000,    0.011,    0.011,   -0.215,   -0.215,    0.000,    0.000,    0.000,    0.000,   -9.181,   -9.181,    0.111,    0.111,   -0.018,   -0.018,    0.039,    0.039,    0.015,    0.015
  173,2020090312,    0.099,    0.099,    0.000,    0.000,    0.000,    0.000,    0.006,    0.006,   -0.214,   -0.214,    0.000,    0.000,    0.000,    0.000,   -9.175,   -9.175,    0.111,    0.111,   -0.020,   -0.020,    0.039,    0.039,    0.013,    0.013
  173,2020090306,    0.099,    0.099,    0.000,    0.000,    0.000,    0.000,    0.006,    0.006,   -0.215,   -0.215,    0.000,    0.000,    0.000,    0.000,   -9.175,   -9.175,    0.109,    0.109,   -0.017,   -0.017,    0.038,    0.038,    0.015,    0.015
  173,2020090300,    0.100,    0.100,    0.000,    0.000,    0.000,    0.000,    0.007,    0.007,   -0.216,   -0.216,    0.000,    0.000,    0.000,    0.000,   -9.166,   -9.166,    0.110,    0.110,   -0.016,   -0.016,    0.038,    0.038,    0.016,    0.016
  173,2020090218,    0.100,    0.100,    0.000,    0.000,    0.000,    0.000,    0.010,    0.010,   -0.217,   -0.217,    0.000,    0.000,    0.000,    0.000,   -9.103,   -9.103,    0.109,    0.109,   -0.014,   -0.014,    0.038,    0.038,    0.017,    0.017
  173,2020090212,    0.100,    0.100,    0.000,    0.000,    0.000,    0.000,    0.005,    0.005,   -0.215,   -0.215,    0.000,    0.000,    0.000,    0.000,   -9.142,   -9.142,    0.108,    0.108,   -0.015,   -0.015,    0.037,    0.037,    0.016,    0.016
  173,2020090206,    0.100,    0.100,    0.000,    0.000,    0.000,    0.000,    0.007,    0.007,   -0.214,   -0.214,    0.000,    0.000,    0.000,    0.000,   -9.142,   -9.142,    0.108,    0.108,   -0.015,   -0.015,    0.037,    0.037,    0.017,    0.017
  173,2020090200,    0.100,    0.100,    0.000,    0.000,    0.000,    0.000,    0.008,    0.008,   -0.215,   -0.215,    0.000,    0.000,    0.000,    0.000,   -9.125,   -9.125,    0.113,    0.113,   -0.016,   -0.016,    0.039,    0.039,    0.016,    0.016
  173,2020090118,    0.103,    0.103,    0.000,    0.000,    0.000,    0.000,    0.011,    0.011,   -0.216,   -0.216,    0.000,    0.000,    0.000,    0.000,   -9.163,   -9.163,    0.117,    0.117,   -0.015,   -0.015,    0.041,    0.041,    0.016,    0.016
  173,2020090112,    0.105,    0.105,    0.000,    0.000,    0.000,    0.000,    0.011,    0.011,   -0.215,   -0.215,    0.000,    0.000,    0.000,    0.000,   -9.196,   -9.196,    0.126,    0.126,   -0.017,   -0.017,    0.045,    0.045,    0.015,    0.015
  173,2020090106,    0.103,    0.103,    0.000,    0.000,    0.000,    0.000,    0.012,    0.012,   -0.215,   -0.215,    0.000,    0.000,    0.000,    0.000,   -9.196,   -9.196,    0.123,    0.123,   -0.020,   -0.020,    0.043,    0.043,    0.013,    0.013
  173,2020090100,    0.103,    0.103,    0.000,    0.000,    0.000,    0.000,    0.011,    0.011,   -0.216,   -0.216,    0.000,    0.000,    0.000,    0.000,   -9.196,   -9.196,    0.127,    0.127,   -0.019,   -0.019,    0.045,    0.045,    0.013,    0.013
  173,2020083118,    0.100,    0.100,    0.000,    0.000,    0.000,    0.000,    0.009,    0.009,   -0.216,   -0.216,    0.000,    0.000,    0.000,    0.000,   -9.191,   -9.191,    0.122,    0.122,   -0.017,   -0.017,    0.041,    0.041,    0.014,    0.014
  173,2020083112,    0.101,    0.101,    0.000,    0.000,    0.000,    0.000,    0.010,    0.010,   -0.215,   -0.215,    0.000,    0.000,    0.000,    0.000,   -9.229,   -9.229,    0.127,    0.127,   -0.016,   -0.016,    0.043,    0.043,    0.015,    0.015
  173,2020083106,    0.101,    0.101,    0.000,    0.000,    0.000,    0.000,    0.010,    0.010,   -0.212,   -0.212,    0.000,    0.000,    0.000,    0.000,   -9.229,   -9.229,    0.123,    0.123,   -0.020,   -0.020,    0.041,    0.041,    0.013,    0.013
  173,2020083100,    0.102,    0.102,    0.000,    0.000,    0.000,    0.000,    0.010,    0.010,   -0.214,   -0.214,    0.000,    0.000,    0.000,    0.000,   -9.228,   -9.228,    0.126,    0.126,   -0.023,   -0.023,    0.043,    0.043,    0.011,    0.011
  173,2020083018,    0.101,    0.101,    0.000,    0.000,    0.000,    0.000,    0.010,    0.010,   -0.214,   -0.214,    0.000,    0.000,    0.000,    0.000,   -9.228,   -9.228,    0.128,    0.128,   -0.022,   -0.022,    0.043,    0.043,    0.012,    0.012
  173,2020083012,    0.100,    0.100,    0.000,    0.000,    0.000,    0.000,    0.011,    0.011,   -0.213,   -0.213,    0.000,    0.000,    0.000,    0.000,   -9.252,   -9.252,    0.128,    0.128,   -0.022,   -0.022,    0.042,    0.042,    0.012,    0.012
  173,2020083006,    0.101,    0.101,    0.000,    0.000,    0.000,    0.000,    0.011,    0.011,   -0.209,   -0.209,    0.000,    0.000,    0.000,    0.000,   -9.237,   -9.237,    0.127,    0.127,   -0.024,   -0.024,    0.041,    0.041,    0.011,    0.011
  173,2020083000,    0.100,    0.100,    0.000,    0.000,    0.000,    0.000,    0.011,    0.011,   -0.211,   -0.211,    0.000,    0.000,    0.000,    0.000,   -9.237,   -9.237,    0.128,    0.128,   -0.023,   -0.023,    0.042,    0.042,    0.012,    0.012
