 1194,2020092000,   -0.024,   -0.024,    0.000,    0.000,    0.000,    0.000,    0.034,    0.034,   -0.018,   -0.018,    0.000,    0.000,    0.000,    0.000,    0.013,    0.013,   -0.164,   -0.164,   -0.086,   -0.086,   -0.338,   -0.338,    0.013,    0.013
 1194,2020091918,   -0.025,   -0.025,    0.000,    0.000,    0.000,    0.000,    0.029,    0.029,   -0.015,   -0.015,    0.000,    0.000,    0.000,    0.000,    0.013,    0.013,   -0.166,   -0.166,   -0.084,   -0.084,   -0.339,   -0.339,    0.014,    0.014
 1194,2020091912,   -0.025,   -0.025,    0.000,    0.000,    0.000,    0.000,    0.035,    0.035,   -0.014,   -0.014,    0.000,    0.000,    0.000,    0.000,    0.013,    0.013,   -0.167,   -0.167,   -0.085,   -0.085,   -0.338,   -0.338,    0.015,    0.015
 1194,2020091906,   -0.025,   -0.025,    0.000,    0.000,    0.000,    0.000,    0.043,    0.043,   -0.013,   -0.013,    0.000,    0.000,    0.000,    0.000,    0.012,    0.012,   -0.170,   -0.170,   -0.087,   -0.087,   -0.339,   -0.339,    0.015,    0.015
 1194,2020091900,   -0.024,   -0.024,    0.000,    0.000,    0.000,    0.000,    0.043,    0.043,   -0.012,   -0.012,    0.000,    0.000,    0.000,    0.000,    0.012,    0.012,   -0.164,   -0.164,   -0.091,   -0.091,   -0.337,   -0.337,    0.013,    0.013
 1194,2020091818,   -0.024,   -0.024,    0.000,    0.000,    0.000,    0.000,    0.048,    0.048,   -0.012,   -0.012,    0.000,    0.000,    0.000,    0.000,    0.012,    0.012,   -0.163,   -0.163,   -0.096,   -0.096,   -0.336,   -0.336,    0.012,    0.012
 1194,2020091812,   -0.024,   -0.024,    0.000,    0.000,    0.000,    0.000,    0.046,    0.046,   -0.020,   -0.020,    0.000,    0.000,    0.000,    0.000,    0.013,    0.013,   -0.171,   -0.171,   -0.088,   -0.088,   -0.338,   -0.338,    0.016,    0.016
 1194,2020091806,   -0.027,   -0.027,    0.000,    0.000,    0.000,    0.000,    0.038,    0.038,   -0.016,   -0.016,    0.000,    0.000,    0.000,    0.000,    0.012,    0.012,   -0.184,   -0.184,   -0.080,   -0.080,   -0.345,   -0.345,    0.018,    0.018
 1194,2020091800,   -0.026,   -0.026,    0.000,    0.000,    0.000,    0.000,    0.039,    0.039,   -0.022,   -0.022,    0.000,    0.000,    0.000,    0.000,    0.012,    0.012,   -0.182,   -0.182,   -0.081,   -0.081,   -0.343,   -0.343,    0.019,    0.019
 1194,2020091718,   -0.025,   -0.025,    0.000,    0.000,    0.000,    0.000,    0.048,    0.048,   -0.019,   -0.019,    0.000,    0.000,    0.000,    0.000,    0.013,    0.013,   -0.185,   -0.185,   -0.082,   -0.082,   -0.343,   -0.343,    0.020,    0.020
 1194,2020091712,   -0.024,   -0.024,    0.000,    0.000,    0.000,    0.000,    0.056,    0.056,   -0.027,   -0.027,    0.000,    0.000,    0.000,    0.000,    0.014,    0.014,   -0.184,   -0.184,   -0.085,   -0.085,   -0.342,   -0.342,    0.019,    0.019
 1194,2020091706,   -0.025,   -0.025,    0.000,    0.000,    0.000,    0.000,    0.044,    0.044,   -0.036,   -0.036,    0.000,    0.000,    0.000,    0.000,    0.014,    0.014,   -0.189,   -0.189,   -0.081,   -0.081,   -0.345,   -0.345,    0.021,    0.021
 1194,2020091700,   -0.023,   -0.023,    0.000,    0.000,    0.000,    0.000,    0.038,    0.038,   -0.037,   -0.037,    0.000,    0.000,    0.000,    0.000,    0.014,    0.014,   -0.180,   -0.180,   -0.081,   -0.081,   -0.340,   -0.340,    0.020,    0.020
 1194,2020091618,   -0.024,   -0.024,    0.000,    0.000,    0.000,    0.000,    0.045,    0.045,   -0.034,   -0.034,    0.000,    0.000,    0.000,    0.000,    0.014,    0.014,   -0.184,   -0.184,   -0.085,   -0.085,   -0.342,   -0.342,    0.019,    0.019
 1194,2020091612,   -0.023,   -0.023,    0.000,    0.000,    0.000,    0.000,    0.044,    0.044,   -0.034,   -0.034,    0.000,    0.000,    0.000,    0.000,    0.014,    0.014,   -0.189,   -0.189,   -0.083,   -0.083,   -0.343,   -0.343,    0.019,    0.019
 1194,2020091606,   -0.024,   -0.024,    0.000,    0.000,    0.000,    0.000,    0.050,    0.050,   -0.033,   -0.033,    0.000,    0.000,    0.000,    0.000,    0.014,    0.014,   -0.192,   -0.192,   -0.086,   -0.086,   -0.345,   -0.345,    0.018,    0.018
 1194,2020091600,   -0.023,   -0.023,    0.000,    0.000,    0.000,    0.000,    0.039,    0.039,   -0.044,   -0.044,    0.000,    0.000,    0.000,    0.000,    0.014,    0.014,   -0.194,   -0.194,   -0.087,   -0.087,   -0.345,   -0.345,    0.017,    0.017
 1194,2020091518,   -0.024,   -0.024,    0.000,    0.000,    0.000,    0.000,    0.042,    0.042,   -0.046,   -0.046,    0.000,    0.000,    0.000,    0.000,    0.014,    0.014,   -0.199,   -0.199,   -0.092,   -0.092,   -0.348,   -0.348,    0.015,    0.015
 1194,2020091512,   -0.023,   -0.023,    0.000,    0.000,    0.000,    0.000,    0.044,    0.044,   -0.049,   -0.049,    0.000,    0.000,    0.000,    0.000,    0.015,    0.015,   -0.188,   -0.188,   -0.091,   -0.091,   -0.344,   -0.344,    0.016,    0.016
 1194,2020091506,   -0.023,   -0.023,    0.000,    0.000,    0.000,    0.000,    0.049,    0.049,   -0.045,   -0.045,    0.000,    0.000,    0.000,    0.000,    0.015,    0.015,   -0.186,   -0.186,   -0.096,   -0.096,   -0.344,   -0.344,    0.013,    0.013
 1194,2020091500,   -0.025,   -0.025,    0.000,    0.000,    0.000,    0.000,    0.037,    0.037,   -0.047,   -0.047,    0.000,    0.000,    0.000,    0.000,    0.015,    0.015,   -0.184,   -0.184,   -0.102,   -0.102,   -0.344,   -0.344,    0.010,    0.010
 1194,2020091418,   -0.024,   -0.024,    0.000,    0.000,    0.000,    0.000,    0.043,    0.043,   -0.044,   -0.044,    0.000,    0.000,    0.000,    0.000,    0.015,    0.015,   -0.188,   -0.188,   -0.102,   -0.102,   -0.346,   -0.346,    0.009,    0.009
 1194,2020091412,   -0.023,   -0.023,    0.000,    0.000,    0.000,    0.000,    0.048,    0.048,   -0.049,   -0.049,    0.000,    0.000,    0.000,    0.000,    0.016,    0.016,   -0.184,   -0.184,   -0.104,   -0.104,   -0.343,   -0.343,    0.009,    0.009
 1194,2020091406,   -0.024,   -0.024,    0.000,    0.000,    0.000,    0.000,    0.051,    0.051,   -0.049,   -0.049,    0.000,    0.000,    0.000,    0.000,    0.015,    0.015,   -0.192,   -0.192,   -0.108,   -0.108,   -0.347,   -0.347,    0.006,    0.006
 1194,2020091400,   -0.025,   -0.025,    0.000,    0.000,    0.000,    0.000,    0.036,    0.036,   -0.050,   -0.050,    0.000,    0.000,    0.000,    0.000,    0.016,    0.016,   -0.195,   -0.195,   -0.111,   -0.111,   -0.348,   -0.348,    0.004,    0.004
 1194,2020091318,   -0.026,   -0.026,    0.000,    0.000,    0.000,    0.000,    0.041,    0.041,   -0.039,   -0.039,    0.000,    0.000,    0.000,    0.000,    0.015,    0.015,   -0.204,   -0.204,   -0.112,   -0.112,   -0.352,   -0.352,    0.004,    0.004
 1194,2020091312,   -0.024,   -0.024,    0.000,    0.000,    0.000,    0.000,    0.047,    0.047,   -0.044,   -0.044,    0.000,    0.000,    0.000,    0.000,    0.015,    0.015,   -0.200,   -0.200,   -0.114,   -0.114,   -0.349,   -0.349,    0.004,    0.004
 1194,2020091306,   -0.028,   -0.028,    0.000,    0.000,    0.000,    0.000,    0.021,    0.021,   -0.036,   -0.036,    0.000,    0.000,    0.000,    0.000,    0.015,    0.015,   -0.220,   -0.220,   -0.115,   -0.115,   -0.360,   -0.360,    0.004,    0.004
 1194,2020091300,   -0.029,   -0.029,    0.000,    0.000,    0.000,    0.000,    0.001,    0.001,   -0.036,   -0.036,    0.000,    0.000,    0.000,    0.000,    0.014,    0.014,   -0.224,   -0.224,   -0.117,   -0.117,   -0.361,   -0.361,    0.003,    0.003
 1194,2020091218,   -0.028,   -0.028,    0.000,    0.000,    0.000,    0.000,    0.017,    0.017,   -0.033,   -0.033,    0.000,    0.000,    0.000,    0.000,    0.014,    0.014,   -0.221,   -0.221,   -0.114,   -0.114,   -0.360,   -0.360,    0.005,    0.005
 1194,2020091212,   -0.028,   -0.028,    0.000,    0.000,    0.000,    0.000,    0.016,    0.016,   -0.039,   -0.039,    0.000,    0.000,    0.000,    0.000,    0.015,    0.015,   -0.226,   -0.226,   -0.112,   -0.112,   -0.362,   -0.362,    0.007,    0.007
 1194,2020091206,   -0.029,   -0.029,    0.000,    0.000,    0.000,    0.000,    0.014,    0.014,   -0.035,   -0.035,    0.000,    0.000,    0.000,    0.000,    0.014,    0.014,   -0.226,   -0.226,   -0.107,   -0.107,   -0.364,   -0.364,    0.009,    0.009
 1194,2020091200,   -0.028,   -0.028,    0.000,    0.000,    0.000,    0.000,    0.010,    0.010,   -0.035,   -0.035,    0.000,    0.000,    0.000,    0.000,    0.014,    0.014,   -0.218,   -0.218,   -0.102,   -0.102,   -0.360,   -0.360,    0.012,    0.012
 1194,2020091118,   -0.029,   -0.029,    0.000,    0.000,    0.000,    0.000,    0.021,    0.021,   -0.028,   -0.028,    0.000,    0.000,    0.000,    0.000,    0.014,    0.014,   -0.214,   -0.214,   -0.101,   -0.101,   -0.359,   -0.359,    0.012,    0.012
 1194,2020091112,   -0.026,   -0.026,    0.000,    0.000,    0.000,    0.000,    0.025,    0.025,   -0.034,   -0.034,    0.000,    0.000,    0.000,    0.000,    0.015,    0.015,   -0.199,   -0.199,   -0.100,   -0.100,   -0.351,   -0.351,    0.012,    0.012
 1194,2020091106,   -0.026,   -0.026,    0.000,    0.000,    0.000,    0.000,    0.035,    0.035,   -0.032,   -0.032,    0.000,    0.000,    0.000,    0.000,    0.015,    0.015,   -0.196,   -0.196,   -0.098,   -0.098,   -0.351,   -0.351,    0.012,    0.012
 1194,2020091100,   -0.025,   -0.025,    0.000,    0.000,    0.000,    0.000,    0.035,    0.035,   -0.034,   -0.034,    0.000,    0.000,    0.000,    0.000,    0.015,    0.015,   -0.197,   -0.197,   -0.088,   -0.088,   -0.350,   -0.350,    0.015,    0.015
 1194,2020091018,   -0.026,   -0.026,    0.000,    0.000,    0.000,    0.000,    0.032,    0.032,   -0.029,   -0.029,    0.000,    0.000,    0.000,    0.000,    0.014,    0.014,   -0.202,   -0.202,   -0.091,   -0.091,   -0.353,   -0.353,    0.015,    0.015
 1194,2020091012,   -0.022,   -0.022,    0.000,    0.000,    0.000,    0.000,    0.049,    0.049,   -0.038,   -0.038,    0.000,    0.000,    0.000,    0.000,    0.015,    0.015,   -0.194,   -0.194,   -0.091,   -0.091,   -0.348,   -0.348,    0.016,    0.016
 1194,2020091006,   -0.023,   -0.023,    0.000,    0.000,    0.000,    0.000,    0.040,    0.040,   -0.038,   -0.038,    0.000,    0.000,    0.000,    0.000,    0.015,    0.015,   -0.193,   -0.193,   -0.090,   -0.090,   -0.349,   -0.349,    0.017,    0.017
 1194,2020091000,   -0.023,   -0.023,    0.000,    0.000,    0.000,    0.000,    0.029,    0.029,   -0.033,   -0.033,    0.000,    0.000,    0.000,    0.000,    0.015,    0.015,   -0.194,   -0.194,   -0.086,   -0.086,   -0.348,   -0.348,    0.018,    0.018
 1194,2020090918,   -0.023,   -0.023,    0.000,    0.000,    0.000,    0.000,    0.038,    0.038,   -0.032,   -0.032,    0.000,    0.000,    0.000,    0.000,    0.014,    0.014,   -0.191,   -0.191,   -0.087,   -0.087,   -0.348,   -0.348,    0.018,    0.018
 1194,2020090912,   -0.020,   -0.020,    0.000,    0.000,    0.000,    0.000,    0.043,    0.043,   -0.035,   -0.035,    0.000,    0.000,    0.000,    0.000,    0.014,    0.014,   -0.186,   -0.186,   -0.091,   -0.091,   -0.344,   -0.344,    0.018,    0.018
 1194,2020090906,   -0.022,   -0.022,    0.000,    0.000,    0.000,    0.000,    0.026,    0.026,   -0.038,   -0.038,    0.000,    0.000,    0.000,    0.000,    0.014,    0.014,   -0.197,   -0.197,   -0.097,   -0.097,   -0.350,   -0.350,    0.016,    0.016
 1194,2020090900,   -0.022,   -0.022,    0.000,    0.000,    0.000,    0.000,    0.011,    0.011,   -0.046,   -0.046,    0.000,    0.000,    0.000,    0.000,    0.014,    0.014,   -0.190,   -0.190,   -0.102,   -0.102,   -0.346,   -0.346,    0.015,    0.015
 1194,2020090818,   -0.023,   -0.023,    0.000,    0.000,    0.000,    0.000,    0.021,    0.021,   -0.040,   -0.040,    0.000,    0.000,    0.000,    0.000,    0.014,    0.014,   -0.192,   -0.192,   -0.104,   -0.104,   -0.348,   -0.348,    0.015,    0.015
 1194,2020090812,   -0.023,   -0.023,    0.000,    0.000,    0.000,    0.000,    0.025,    0.025,   -0.045,   -0.045,    0.000,    0.000,    0.000,    0.000,    0.015,    0.015,   -0.186,   -0.186,   -0.104,   -0.104,   -0.345,   -0.345,    0.015,    0.015
 1194,2020090806,   -0.024,   -0.024,    0.000,    0.000,    0.000,    0.000,    0.032,    0.032,   -0.038,   -0.038,    0.000,    0.000,    0.000,    0.000,    0.015,    0.015,   -0.195,   -0.195,   -0.105,   -0.105,   -0.349,   -0.349,    0.014,    0.014
 1194,2020090800,   -0.023,   -0.023,    0.000,    0.000,    0.000,    0.000,    0.019,    0.019,   -0.039,   -0.039,    0.000,    0.000,    0.000,    0.000,    0.015,    0.015,   -0.181,   -0.181,   -0.110,   -0.110,   -0.344,   -0.344,    0.011,    0.011
 1194,2020090718,   -0.024,   -0.024,    0.000,    0.000,    0.000,    0.000,    0.027,    0.027,   -0.029,   -0.029,    0.000,    0.000,    0.000,    0.000,    0.015,    0.015,   -0.171,   -0.171,   -0.103,   -0.103,   -0.342,   -0.342,    0.014,    0.014
 1194,2020090712,   -0.024,   -0.024,    0.000,    0.000,    0.000,    0.000,    0.027,    0.027,   -0.032,   -0.032,    0.000,    0.000,    0.000,    0.000,    0.015,    0.015,   -0.166,   -0.166,   -0.102,   -0.102,   -0.340,   -0.340,    0.015,    0.015
 1194,2020090706,   -0.026,   -0.026,    0.000,    0.000,    0.000,    0.000,    0.022,    0.022,   -0.026,   -0.026,    0.000,    0.000,    0.000,    0.000,    0.015,    0.015,   -0.167,   -0.167,   -0.101,   -0.101,   -0.342,   -0.342,    0.014,    0.014
 1194,2020090700,   -0.027,   -0.027,    0.000,    0.000,    0.000,    0.000,    0.013,    0.013,   -0.029,   -0.029,    0.000,    0.000,    0.000,    0.000,    0.014,    0.014,   -0.164,   -0.164,   -0.104,   -0.104,   -0.341,   -0.341,    0.013,    0.013
 1194,2020090618,   -0.029,   -0.029,    0.000,    0.000,    0.000,    0.000,   -0.005,   -0.005,   -0.030,   -0.030,    0.000,    0.000,    0.000,    0.000,    0.014,    0.014,   -0.172,   -0.172,   -0.107,   -0.107,   -0.346,   -0.346,    0.012,    0.012
 1194,2020090612,   -0.029,   -0.029,    0.000,    0.000,    0.000,    0.000,   -0.007,   -0.007,   -0.030,   -0.030,    0.000,    0.000,    0.000,    0.000,    0.015,    0.015,   -0.167,   -0.167,   -0.105,   -0.105,   -0.344,   -0.344,    0.013,    0.013
 1194,2020090606,   -0.029,   -0.029,    0.000,    0.000,    0.000,    0.000,    0.010,    0.010,   -0.021,   -0.021,    0.000,    0.000,    0.000,    0.000,    0.015,    0.015,   -0.169,   -0.169,   -0.103,   -0.103,   -0.345,   -0.345,    0.013,    0.013
 1194,2020090600,   -0.029,   -0.029,    0.000,    0.000,    0.000,    0.000,    0.009,    0.009,   -0.025,   -0.025,    0.000,    0.000,    0.000,    0.000,    0.015,    0.015,   -0.174,   -0.174,   -0.097,   -0.097,   -0.347,   -0.347,    0.015,    0.015
 1194,2020090518,   -0.027,   -0.027,    0.000,    0.000,    0.000,    0.000,    0.009,    0.009,   -0.028,   -0.028,    0.000,    0.000,    0.000,    0.000,    0.014,    0.014,   -0.176,   -0.176,   -0.108,   -0.108,   -0.347,   -0.347,    0.011,    0.011
 1194,2020090512,   -0.026,   -0.026,    0.000,    0.000,    0.000,    0.000,    0.022,    0.022,   -0.035,   -0.035,    0.000,    0.000,    0.000,    0.000,    0.015,    0.015,   -0.170,   -0.170,   -0.112,   -0.112,   -0.344,   -0.344,    0.012,    0.012
 1194,2020090506,   -0.026,   -0.026,    0.000,    0.000,    0.000,    0.000,    0.005,    0.005,   -0.034,   -0.034,    0.000,    0.000,    0.000,    0.000,    0.015,    0.015,   -0.170,   -0.170,   -0.106,   -0.106,   -0.345,   -0.345,    0.014,    0.014
 1194,2020090500,   -0.026,   -0.026,    0.000,    0.000,    0.000,    0.000,   -0.003,   -0.003,   -0.036,   -0.036,    0.000,    0.000,    0.000,    0.000,    0.015,    0.015,   -0.171,   -0.171,   -0.105,   -0.105,   -0.345,   -0.345,    0.013,    0.013
 1194,2020090418,   -0.026,   -0.026,    0.000,    0.000,    0.000,    0.000,   -0.014,   -0.014,   -0.034,   -0.034,    0.000,    0.000,    0.000,    0.000,    0.014,    0.014,   -0.177,   -0.177,   -0.107,   -0.107,   -0.347,   -0.347,    0.012,    0.012
 1194,2020090412,   -0.026,   -0.026,    0.000,    0.000,    0.000,    0.000,   -0.016,   -0.016,   -0.046,   -0.046,    0.000,    0.000,    0.000,    0.000,    0.015,    0.015,   -0.174,   -0.174,   -0.104,   -0.104,   -0.345,   -0.345,    0.015,    0.015
 1194,2020090406,   -0.027,   -0.027,    0.000,    0.000,    0.000,    0.000,   -0.032,   -0.032,   -0.053,   -0.053,    0.000,    0.000,    0.000,    0.000,    0.015,    0.015,   -0.179,   -0.179,   -0.102,   -0.102,   -0.347,   -0.347,    0.015,    0.015
 1194,2020090400,   -0.026,   -0.026,    0.000,    0.000,    0.000,    0.000,   -0.032,   -0.032,   -0.054,   -0.054,    0.000,    0.000,    0.000,    0.000,    0.015,    0.015,   -0.181,   -0.181,   -0.103,   -0.103,   -0.348,   -0.348,    0.015,    0.015
 1194,2020090318,   -0.028,   -0.028,    0.000,    0.000,    0.000,    0.000,   -0.043,   -0.043,   -0.048,   -0.048,    0.000,    0.000,    0.000,    0.000,    0.015,    0.015,   -0.186,   -0.186,   -0.105,   -0.105,   -0.352,   -0.352,    0.015,    0.015
 1194,2020090312,   -0.028,   -0.028,    0.000,    0.000,    0.000,    0.000,   -0.040,   -0.040,   -0.046,   -0.046,    0.000,    0.000,    0.000,    0.000,    0.016,    0.016,   -0.183,   -0.183,   -0.109,   -0.109,   -0.351,   -0.351,    0.013,    0.013
 1194,2020090306,   -0.028,   -0.028,    0.000,    0.000,    0.000,    0.000,   -0.067,   -0.067,   -0.051,   -0.051,    0.000,    0.000,    0.000,    0.000,    0.016,    0.016,   -0.186,   -0.186,   -0.104,   -0.104,   -0.352,   -0.352,    0.015,    0.015
 1194,2020090300,   -0.028,   -0.028,    0.000,    0.000,    0.000,    0.000,   -0.058,   -0.058,   -0.057,   -0.057,    0.000,    0.000,    0.000,    0.000,    0.016,    0.016,   -0.183,   -0.183,   -0.105,   -0.105,   -0.350,   -0.350,    0.014,    0.014
 1194,2020090218,   -0.027,   -0.027,    0.000,    0.000,    0.000,    0.000,   -0.050,   -0.050,   -0.054,   -0.054,    0.000,    0.000,    0.000,    0.000,    0.016,    0.016,   -0.175,   -0.175,   -0.110,   -0.110,   -0.347,   -0.347,    0.014,    0.014
 1194,2020090212,   -0.027,   -0.027,    0.000,    0.000,    0.000,    0.000,   -0.054,   -0.054,   -0.054,   -0.054,    0.000,    0.000,    0.000,    0.000,    0.017,    0.017,   -0.173,   -0.173,   -0.110,   -0.110,   -0.346,   -0.346,    0.014,    0.014
 1194,2020090206,   -0.028,   -0.028,    0.000,    0.000,    0.000,    0.000,   -0.064,   -0.064,   -0.057,   -0.057,    0.000,    0.000,    0.000,    0.000,    0.017,    0.017,   -0.169,   -0.169,   -0.116,   -0.116,   -0.345,   -0.345,    0.012,    0.012
 1194,2020090200,   -0.027,   -0.027,    0.000,    0.000,    0.000,    0.000,   -0.057,   -0.057,   -0.067,   -0.067,    0.000,    0.000,    0.000,    0.000,    0.017,    0.017,   -0.165,   -0.165,   -0.116,   -0.116,   -0.343,   -0.343,    0.012,    0.012
 1194,2020090118,   -0.026,   -0.026,    0.000,    0.000,    0.000,    0.000,   -0.076,   -0.076,   -0.066,   -0.066,    0.000,    0.000,    0.000,    0.000,    0.017,    0.017,   -0.170,   -0.170,   -0.119,   -0.119,   -0.345,   -0.345,    0.012,    0.012
 1194,2020090112,   -0.027,   -0.027,    0.000,    0.000,    0.000,    0.000,   -0.079,   -0.079,   -0.059,   -0.059,    0.000,    0.000,    0.000,    0.000,    0.018,    0.018,   -0.170,   -0.170,   -0.122,   -0.122,   -0.345,   -0.345,    0.012,    0.012
 1194,2020090106,   -0.026,   -0.026,    0.000,    0.000,    0.000,    0.000,   -0.099,   -0.099,   -0.068,   -0.068,    0.000,    0.000,    0.000,    0.000,    0.018,    0.018,   -0.167,   -0.167,   -0.125,   -0.125,   -0.343,   -0.343,    0.012,    0.012
 1194,2020090100,   -0.027,   -0.027,    0.000,    0.000,    0.000,    0.000,   -0.134,   -0.134,   -0.082,   -0.082,    0.000,    0.000,    0.000,    0.000,    0.017,    0.017,   -0.173,   -0.173,   -0.124,   -0.124,   -0.346,   -0.346,    0.013,    0.013
 1194,2020083118,   -0.025,   -0.025,    0.000,    0.000,    0.000,    0.000,   -0.115,   -0.115,   -0.079,   -0.079,    0.000,    0.000,    0.000,    0.000,    0.017,    0.017,   -0.175,   -0.175,   -0.124,   -0.124,   -0.345,   -0.345,    0.013,    0.013
 1194,2020083112,   -0.026,   -0.026,    0.000,    0.000,    0.000,    0.000,   -0.124,   -0.124,   -0.082,   -0.082,    0.000,    0.000,    0.000,    0.000,    0.017,    0.017,   -0.177,   -0.177,   -0.122,   -0.122,   -0.345,   -0.345,    0.014,    0.014
 1194,2020083106,   -0.026,   -0.026,    0.000,    0.000,    0.000,    0.000,   -0.124,   -0.124,   -0.083,   -0.083,    0.000,    0.000,    0.000,    0.000,    0.017,    0.017,   -0.177,   -0.177,   -0.121,   -0.121,   -0.345,   -0.345,    0.014,    0.014
 1194,2020083100,   -0.026,   -0.026,    0.000,    0.000,    0.000,    0.000,   -0.144,   -0.144,   -0.086,   -0.086,    0.000,    0.000,    0.000,    0.000,    0.017,    0.017,   -0.180,   -0.180,   -0.115,   -0.115,   -0.347,   -0.347,    0.017,    0.017
 1194,2020083018,   -0.027,   -0.027,    0.000,    0.000,    0.000,    0.000,   -0.154,   -0.154,   -0.084,   -0.084,    0.000,    0.000,    0.000,    0.000,    0.016,    0.016,   -0.183,   -0.183,   -0.110,   -0.110,   -0.347,   -0.347,    0.018,    0.018
 1194,2020083012,   -0.027,   -0.027,    0.000,    0.000,    0.000,    0.000,   -0.177,   -0.177,   -0.080,   -0.080,    0.000,    0.000,    0.000,    0.000,    0.017,    0.017,   -0.184,   -0.184,   -0.103,   -0.103,   -0.347,   -0.347,    0.020,    0.020
 1194,2020083006,   -0.029,   -0.029,    0.000,    0.000,    0.000,    0.000,   -0.202,   -0.202,   -0.079,   -0.079,    0.000,    0.000,    0.000,    0.000,    0.016,    0.016,   -0.186,   -0.186,   -0.105,   -0.105,   -0.348,   -0.348,    0.019,    0.019
 1194,2020083000,   -0.027,   -0.027,    0.000,    0.000,    0.000,    0.000,   -0.201,   -0.201,   -0.083,   -0.083,    0.000,    0.000,    0.000,    0.000,    0.016,    0.016,   -0.178,   -0.178,   -0.102,   -0.102,   -0.344,   -0.344,    0.019,    0.019
