  457,2020092000,    0.070,    0.070,    0.000,    0.000,    0.000,    0.000,   -0.116,   -0.116,    0.096,    0.096,    0.000,    0.000,    0.000,    0.000,    0.012,    0.012,    0.167,    0.167,   -0.011,   -0.011,   -0.673,   -0.673,   -0.009,   -0.009
  457,2020091918,    0.069,    0.069,    0.000,    0.000,    0.000,    0.000,   -0.124,   -0.124,    0.095,    0.095,    0.000,    0.000,    0.000,    0.000,    0.012,    0.012,    0.161,    0.161,   -0.011,   -0.011,   -0.676,   -0.676,   -0.010,   -0.010
  457,2020091912,    0.069,    0.069,    0.000,    0.000,    0.000,    0.000,   -0.125,   -0.125,    0.096,    0.096,    0.000,    0.000,    0.000,    0.000,    0.012,    0.012,    0.165,    0.165,   -0.007,   -0.007,   -0.674,   -0.674,   -0.007,   -0.007
  457,2020091906,    0.070,    0.070,    0.000,    0.000,    0.000,    0.000,   -0.125,   -0.125,    0.098,    0.098,    0.000,    0.000,    0.000,    0.000,    0.012,    0.012,    0.165,    0.165,   -0.009,   -0.009,   -0.673,   -0.673,   -0.007,   -0.007
  457,2020091900,    0.070,    0.070,    0.000,    0.000,    0.000,    0.000,   -0.125,   -0.125,    0.100,    0.100,    0.000,    0.000,    0.000,    0.000,    0.012,    0.012,    0.170,    0.170,   -0.018,   -0.018,   -0.671,   -0.671,   -0.010,   -0.010
  457,2020091818,    0.070,    0.070,    0.000,    0.000,    0.000,    0.000,   -0.126,   -0.126,    0.099,    0.099,    0.000,    0.000,    0.000,    0.000,    0.012,    0.012,    0.171,    0.171,   -0.017,   -0.017,   -0.671,   -0.671,   -0.009,   -0.009
  457,2020091812,    0.071,    0.071,    0.000,    0.000,    0.000,    0.000,   -0.123,   -0.123,    0.093,    0.093,    0.000,    0.000,    0.000,    0.000,    0.012,    0.012,    0.166,    0.166,   -0.014,   -0.014,   -0.672,   -0.672,   -0.008,   -0.008
  457,2020091806,    0.070,    0.070,    0.000,    0.000,    0.000,    0.000,   -0.128,   -0.128,    0.089,    0.089,    0.000,    0.000,    0.000,    0.000,    0.012,    0.012,    0.156,    0.156,   -0.012,   -0.012,   -0.677,   -0.677,   -0.007,   -0.007
  457,2020091800,    0.070,    0.070,    0.000,    0.000,    0.000,    0.000,   -0.127,   -0.127,    0.091,    0.091,    0.000,    0.000,    0.000,    0.000,    0.012,    0.012,    0.157,    0.157,   -0.015,   -0.015,   -0.676,   -0.676,   -0.008,   -0.008
  457,2020091718,    0.070,    0.070,    0.000,    0.000,    0.000,    0.000,   -0.125,   -0.125,    0.091,    0.091,    0.000,    0.000,    0.000,    0.000,    0.012,    0.012,    0.158,    0.158,   -0.017,   -0.017,   -0.676,   -0.676,   -0.007,   -0.007
  457,2020091712,    0.071,    0.071,    0.000,    0.000,    0.000,    0.000,   -0.122,   -0.122,    0.086,    0.086,    0.000,    0.000,    0.000,    0.000,    0.013,    0.013,    0.156,    0.156,   -0.017,   -0.017,   -0.676,   -0.676,   -0.006,   -0.006
  457,2020091706,    0.071,    0.071,    0.000,    0.000,    0.000,    0.000,   -0.125,   -0.125,    0.085,    0.085,    0.000,    0.000,    0.000,    0.000,    0.013,    0.013,    0.155,    0.155,   -0.018,   -0.018,   -0.676,   -0.676,   -0.006,   -0.006
  457,2020091700,    0.072,    0.072,    0.000,    0.000,    0.000,    0.000,   -0.127,   -0.127,    0.084,    0.084,    0.000,    0.000,    0.000,    0.000,    0.012,    0.012,    0.159,    0.159,   -0.016,   -0.016,   -0.674,   -0.674,   -0.005,   -0.005
  457,2020091618,    0.072,    0.072,    0.000,    0.000,    0.000,    0.000,   -0.128,   -0.128,    0.083,    0.083,    0.000,    0.000,    0.000,    0.000,    0.012,    0.012,    0.160,    0.160,   -0.019,   -0.019,   -0.673,   -0.673,   -0.006,   -0.006
  457,2020091612,    0.073,    0.073,    0.000,    0.000,    0.000,    0.000,   -0.126,   -0.126,    0.082,    0.082,    0.000,    0.000,    0.000,    0.000,    0.012,    0.012,    0.160,    0.160,   -0.019,   -0.019,   -0.672,   -0.672,   -0.007,   -0.007
  457,2020091606,    0.072,    0.072,    0.000,    0.000,    0.000,    0.000,   -0.125,   -0.125,    0.083,    0.083,    0.000,    0.000,    0.000,    0.000,    0.013,    0.013,    0.158,    0.158,   -0.014,   -0.014,   -0.673,   -0.673,   -0.005,   -0.005
  457,2020091600,    0.073,    0.073,    0.000,    0.000,    0.000,    0.000,   -0.125,   -0.125,    0.081,    0.081,    0.000,    0.000,    0.000,    0.000,    0.013,    0.013,    0.156,    0.156,   -0.015,   -0.015,   -0.672,   -0.672,   -0.006,   -0.006
  457,2020091518,    0.073,    0.073,    0.000,    0.000,    0.000,    0.000,   -0.124,   -0.124,    0.080,    0.080,    0.000,    0.000,    0.000,    0.000,    0.013,    0.013,    0.156,    0.156,   -0.021,   -0.021,   -0.672,   -0.672,   -0.008,   -0.008
  457,2020091512,    0.074,    0.074,    0.000,    0.000,    0.000,    0.000,   -0.118,   -0.118,    0.077,    0.077,    0.000,    0.000,    0.000,    0.000,    0.014,    0.014,    0.163,    0.163,   -0.015,   -0.015,   -0.669,   -0.669,   -0.005,   -0.005
  457,2020091506,    0.073,    0.073,    0.000,    0.000,    0.000,    0.000,   -0.116,   -0.116,    0.076,    0.076,    0.000,    0.000,    0.000,    0.000,    0.014,    0.014,    0.158,    0.158,   -0.018,   -0.018,   -0.672,   -0.672,   -0.007,   -0.007
  457,2020091500,    0.074,    0.074,    0.000,    0.000,    0.000,    0.000,   -0.116,   -0.116,    0.077,    0.077,    0.000,    0.000,    0.000,    0.000,    0.013,    0.013,    0.161,    0.161,   -0.024,   -0.024,   -0.670,   -0.670,   -0.010,   -0.010
  457,2020091418,    0.074,    0.074,    0.000,    0.000,    0.000,    0.000,   -0.113,   -0.113,    0.075,    0.075,    0.000,    0.000,    0.000,    0.000,    0.014,    0.014,    0.157,    0.157,   -0.024,   -0.024,   -0.671,   -0.671,   -0.010,   -0.010
  457,2020091412,    0.074,    0.074,    0.000,    0.000,    0.000,    0.000,   -0.109,   -0.109,    0.073,    0.073,    0.000,    0.000,    0.000,    0.000,    0.014,    0.014,    0.161,    0.161,   -0.024,   -0.024,   -0.670,   -0.670,   -0.009,   -0.009
  457,2020091406,    0.074,    0.074,    0.000,    0.000,    0.000,    0.000,   -0.108,   -0.108,    0.071,    0.071,    0.000,    0.000,    0.000,    0.000,    0.014,    0.014,    0.157,    0.157,   -0.028,   -0.028,   -0.672,   -0.672,   -0.011,   -0.011
  457,2020091400,    0.074,    0.074,    0.000,    0.000,    0.000,    0.000,   -0.110,   -0.110,    0.070,    0.070,    0.000,    0.000,    0.000,    0.000,    0.014,    0.014,    0.158,    0.158,   -0.028,   -0.028,   -0.671,   -0.671,   -0.011,   -0.011
  457,2020091318,    0.074,    0.074,    0.000,    0.000,    0.000,    0.000,   -0.111,   -0.111,    0.071,    0.071,    0.000,    0.000,    0.000,    0.000,    0.014,    0.014,    0.157,    0.157,   -0.030,   -0.030,   -0.671,   -0.671,   -0.012,   -0.012
  457,2020091312,    0.074,    0.074,    0.000,    0.000,    0.000,    0.000,   -0.108,   -0.108,    0.071,    0.071,    0.000,    0.000,    0.000,    0.000,    0.013,    0.013,    0.157,    0.157,   -0.028,   -0.028,   -0.671,   -0.671,   -0.011,   -0.011
  457,2020091306,    0.072,    0.072,    0.000,    0.000,    0.000,    0.000,   -0.115,   -0.115,    0.071,    0.071,    0.000,    0.000,    0.000,    0.000,    0.013,    0.013,    0.147,    0.147,   -0.031,   -0.031,   -0.676,   -0.676,   -0.012,   -0.012
  457,2020091300,    0.072,    0.072,    0.000,    0.000,    0.000,    0.000,   -0.117,   -0.117,    0.071,    0.071,    0.000,    0.000,    0.000,    0.000,    0.012,    0.012,    0.152,    0.152,   -0.033,   -0.033,   -0.674,   -0.674,   -0.013,   -0.013
  457,2020091218,    0.072,    0.072,    0.000,    0.000,    0.000,    0.000,   -0.116,   -0.116,    0.074,    0.074,    0.000,    0.000,    0.000,    0.000,    0.012,    0.012,    0.156,    0.156,   -0.032,   -0.032,   -0.672,   -0.672,   -0.012,   -0.012
  457,2020091212,    0.072,    0.072,    0.000,    0.000,    0.000,    0.000,   -0.115,   -0.115,    0.071,    0.071,    0.000,    0.000,    0.000,    0.000,    0.012,    0.012,    0.151,    0.151,   -0.032,   -0.032,   -0.674,   -0.674,   -0.011,   -0.011
  457,2020091206,    0.070,    0.070,    0.000,    0.000,    0.000,    0.000,   -0.121,   -0.121,    0.073,    0.073,    0.000,    0.000,    0.000,    0.000,    0.012,    0.012,    0.150,    0.150,   -0.035,   -0.035,   -0.676,   -0.676,   -0.011,   -0.011
  457,2020091200,    0.071,    0.071,    0.000,    0.000,    0.000,    0.000,   -0.117,   -0.117,    0.073,    0.073,    0.000,    0.000,    0.000,    0.000,    0.011,    0.011,    0.155,    0.155,   -0.035,   -0.035,   -0.673,   -0.673,   -0.011,   -0.011
  457,2020091118,    0.071,    0.071,    0.000,    0.000,    0.000,    0.000,   -0.117,   -0.117,    0.074,    0.074,    0.000,    0.000,    0.000,    0.000,    0.011,    0.011,    0.156,    0.156,   -0.041,   -0.041,   -0.674,   -0.674,   -0.013,   -0.013
  457,2020091112,    0.071,    0.071,    0.000,    0.000,    0.000,    0.000,   -0.116,   -0.116,    0.070,    0.070,    0.000,    0.000,    0.000,    0.000,    0.012,    0.012,    0.159,    0.159,   -0.034,   -0.034,   -0.672,   -0.672,   -0.010,   -0.010
  457,2020091106,    0.071,    0.071,    0.000,    0.000,    0.000,    0.000,   -0.117,   -0.117,    0.072,    0.072,    0.000,    0.000,    0.000,    0.000,    0.012,    0.012,    0.158,    0.158,   -0.031,   -0.031,   -0.672,   -0.672,   -0.009,   -0.009
  457,2020091100,    0.072,    0.072,    0.000,    0.000,    0.000,    0.000,   -0.115,   -0.115,    0.073,    0.073,    0.000,    0.000,    0.000,    0.000,    0.012,    0.012,    0.162,    0.162,   -0.032,   -0.032,   -0.670,   -0.670,   -0.008,   -0.008
  457,2020091018,    0.072,    0.072,    0.000,    0.000,    0.000,    0.000,   -0.115,   -0.115,    0.073,    0.073,    0.000,    0.000,    0.000,    0.000,    0.012,    0.012,    0.162,    0.162,   -0.040,   -0.040,   -0.671,   -0.671,   -0.012,   -0.012
  457,2020091012,    0.073,    0.073,    0.000,    0.000,    0.000,    0.000,   -0.113,   -0.113,    0.074,    0.074,    0.000,    0.000,    0.000,    0.000,    0.012,    0.012,    0.166,    0.166,   -0.035,   -0.035,   -0.668,   -0.668,   -0.009,   -0.009
  457,2020091006,    0.073,    0.073,    0.000,    0.000,    0.000,    0.000,   -0.115,   -0.115,    0.069,    0.069,    0.000,    0.000,    0.000,    0.000,    0.012,    0.012,    0.163,    0.163,   -0.031,   -0.031,   -0.669,   -0.669,   -0.007,   -0.007
  457,2020091000,    0.073,    0.073,    0.000,    0.000,    0.000,    0.000,   -0.116,   -0.116,    0.070,    0.070,    0.000,    0.000,    0.000,    0.000,    0.012,    0.012,    0.167,    0.167,   -0.033,   -0.033,   -0.667,   -0.667,   -0.008,   -0.008
  457,2020090918,    0.074,    0.074,    0.000,    0.000,    0.000,    0.000,   -0.114,   -0.114,    0.069,    0.069,    0.000,    0.000,    0.000,    0.000,    0.012,    0.012,    0.167,    0.167,   -0.036,   -0.036,   -0.667,   -0.667,   -0.009,   -0.009
  457,2020090912,    0.075,    0.075,    0.000,    0.000,    0.000,    0.000,   -0.118,   -0.118,    0.067,    0.067,    0.000,    0.000,    0.000,    0.000,    0.012,    0.012,    0.165,    0.165,   -0.031,   -0.031,   -0.667,   -0.667,   -0.007,   -0.007
  457,2020090906,    0.074,    0.074,    0.000,    0.000,    0.000,    0.000,   -0.119,   -0.119,    0.065,    0.065,    0.000,    0.000,    0.000,    0.000,    0.012,    0.012,    0.164,    0.164,   -0.031,   -0.031,   -0.668,   -0.668,   -0.006,   -0.006
  457,2020090900,    0.075,    0.075,    0.000,    0.000,    0.000,    0.000,   -0.122,   -0.122,    0.064,    0.064,    0.000,    0.000,    0.000,    0.000,    0.012,    0.012,    0.171,    0.171,   -0.035,   -0.035,   -0.665,   -0.665,   -0.007,   -0.007
  457,2020090818,    0.074,    0.074,    0.000,    0.000,    0.000,    0.000,   -0.126,   -0.126,    0.061,    0.061,    0.000,    0.000,    0.000,    0.000,    0.012,    0.012,    0.166,    0.166,   -0.033,   -0.033,   -0.667,   -0.667,   -0.006,   -0.006
  457,2020090812,    0.073,    0.073,    0.000,    0.000,    0.000,    0.000,   -0.129,   -0.129,    0.061,    0.061,    0.000,    0.000,    0.000,    0.000,    0.012,    0.012,    0.171,    0.171,   -0.027,   -0.027,   -0.665,   -0.665,   -0.005,   -0.005
  457,2020090806,    0.073,    0.073,    0.000,    0.000,    0.000,    0.000,   -0.130,   -0.130,    0.062,    0.062,    0.000,    0.000,    0.000,    0.000,    0.012,    0.012,    0.170,    0.170,   -0.021,   -0.021,   -0.665,   -0.665,   -0.003,   -0.003
  457,2020090800,    0.076,    0.076,    0.000,    0.000,    0.000,    0.000,   -0.124,   -0.124,    0.064,    0.064,    0.000,    0.000,    0.000,    0.000,    0.012,    0.012,    0.180,    0.180,   -0.026,   -0.026,   -0.660,   -0.660,   -0.005,   -0.005
  457,2020090718,    0.074,    0.074,    0.000,    0.000,    0.000,    0.000,   -0.130,   -0.130,    0.065,    0.065,    0.000,    0.000,    0.000,    0.000,    0.012,    0.012,    0.178,    0.178,   -0.024,   -0.024,   -0.662,   -0.662,   -0.003,   -0.003
  457,2020090712,    0.074,    0.074,    0.000,    0.000,    0.000,    0.000,   -0.133,   -0.133,    0.062,    0.062,    0.000,    0.000,    0.000,    0.000,    0.013,    0.013,    0.178,    0.178,   -0.022,   -0.022,   -0.661,   -0.661,   -0.002,   -0.002
  457,2020090706,    0.072,    0.072,    0.000,    0.000,    0.000,    0.000,   -0.140,   -0.140,    0.062,    0.062,    0.000,    0.000,    0.000,    0.000,    0.013,    0.013,    0.174,    0.174,   -0.023,   -0.023,   -0.665,   -0.665,   -0.004,   -0.004
  457,2020090700,    0.072,    0.072,    0.000,    0.000,    0.000,    0.000,   -0.143,   -0.143,    0.063,    0.063,    0.000,    0.000,    0.000,    0.000,    0.012,    0.012,    0.174,    0.174,   -0.023,   -0.023,   -0.665,   -0.665,   -0.004,   -0.004
  457,2020090618,    0.071,    0.071,    0.000,    0.000,    0.000,    0.000,   -0.146,   -0.146,    0.061,    0.061,    0.000,    0.000,    0.000,    0.000,    0.013,    0.013,    0.171,    0.171,   -0.024,   -0.024,   -0.666,   -0.666,   -0.004,   -0.004
  457,2020090612,    0.071,    0.071,    0.000,    0.000,    0.000,    0.000,   -0.144,   -0.144,    0.060,    0.060,    0.000,    0.000,    0.000,    0.000,    0.013,    0.013,    0.169,    0.169,   -0.022,   -0.022,   -0.667,   -0.667,   -0.003,   -0.003
  457,2020090606,    0.071,    0.071,    0.000,    0.000,    0.000,    0.000,   -0.142,   -0.142,    0.062,    0.062,    0.000,    0.000,    0.000,    0.000,    0.012,    0.012,    0.170,    0.170,   -0.020,   -0.020,   -0.667,   -0.667,   -0.002,   -0.002
  457,2020090600,    0.072,    0.072,    0.000,    0.000,    0.000,    0.000,   -0.142,   -0.142,    0.060,    0.060,    0.000,    0.000,    0.000,    0.000,    0.013,    0.013,    0.165,    0.165,   -0.014,   -0.014,   -0.669,   -0.669,    0.001,    0.001
  457,2020090518,    0.073,    0.073,    0.000,    0.000,    0.000,    0.000,   -0.138,   -0.138,    0.059,    0.059,    0.000,    0.000,    0.000,    0.000,    0.013,    0.013,    0.168,    0.168,   -0.021,   -0.021,   -0.668,   -0.668,   -0.002,   -0.002
  457,2020090512,    0.072,    0.072,    0.000,    0.000,    0.000,    0.000,   -0.136,   -0.136,    0.056,    0.056,    0.000,    0.000,    0.000,    0.000,    0.013,    0.013,    0.172,    0.172,   -0.025,   -0.025,   -0.666,   -0.666,   -0.002,   -0.002
  457,2020090506,    0.073,    0.073,    0.000,    0.000,    0.000,    0.000,   -0.133,   -0.133,    0.059,    0.059,    0.000,    0.000,    0.000,    0.000,    0.013,    0.013,    0.181,    0.181,   -0.016,   -0.016,   -0.662,   -0.662,    0.002,    0.002
  457,2020090500,    0.074,    0.074,    0.000,    0.000,    0.000,    0.000,   -0.129,   -0.129,    0.059,    0.059,    0.000,    0.000,    0.000,    0.000,    0.013,    0.013,    0.177,    0.177,   -0.022,   -0.022,   -0.663,   -0.663,   -0.001,   -0.001
  457,2020090418,    0.074,    0.074,    0.000,    0.000,    0.000,    0.000,   -0.128,   -0.128,    0.061,    0.061,    0.000,    0.000,    0.000,    0.000,    0.013,    0.013,    0.173,    0.173,   -0.027,   -0.027,   -0.664,   -0.664,   -0.004,   -0.004
  457,2020090412,    0.073,    0.073,    0.000,    0.000,    0.000,    0.000,   -0.130,   -0.130,    0.057,    0.057,    0.000,    0.000,    0.000,    0.000,    0.013,    0.013,    0.171,    0.171,   -0.022,   -0.022,   -0.665,   -0.665,   -0.001,   -0.001
  457,2020090406,    0.072,    0.072,    0.000,    0.000,    0.000,    0.000,   -0.133,   -0.133,    0.054,    0.054,    0.000,    0.000,    0.000,    0.000,    0.013,    0.013,    0.164,    0.164,   -0.019,   -0.019,   -0.669,   -0.669,    0.001,    0.001
  457,2020090400,    0.074,    0.074,    0.000,    0.000,    0.000,    0.000,   -0.130,   -0.130,    0.055,    0.055,    0.000,    0.000,    0.000,    0.000,    0.014,    0.014,    0.173,    0.173,   -0.021,   -0.021,   -0.665,   -0.665,    0.001,    0.001
  457,2020090318,    0.073,    0.073,    0.000,    0.000,    0.000,    0.000,   -0.132,   -0.132,    0.056,    0.056,    0.000,    0.000,    0.000,    0.000,    0.014,    0.014,    0.167,    0.167,   -0.025,   -0.025,   -0.667,   -0.667,   -0.001,   -0.001
  457,2020090312,    0.074,    0.074,    0.000,    0.000,    0.000,    0.000,   -0.134,   -0.134,    0.058,    0.058,    0.000,    0.000,    0.000,    0.000,    0.015,    0.015,    0.165,    0.165,   -0.021,   -0.021,   -0.668,   -0.668,    0.001,    0.001
  457,2020090306,    0.074,    0.074,    0.000,    0.000,    0.000,    0.000,   -0.134,   -0.134,    0.055,    0.055,    0.000,    0.000,    0.000,    0.000,    0.015,    0.015,    0.166,    0.166,   -0.025,   -0.025,   -0.668,   -0.668,   -0.002,   -0.002
  457,2020090300,    0.074,    0.074,    0.000,    0.000,    0.000,    0.000,   -0.129,   -0.129,    0.055,    0.055,    0.000,    0.000,    0.000,    0.000,    0.016,    0.016,    0.165,    0.165,   -0.025,   -0.025,   -0.668,   -0.668,   -0.002,   -0.002
  457,2020090218,    0.075,    0.075,    0.000,    0.000,    0.000,    0.000,   -0.128,   -0.128,    0.056,    0.056,    0.000,    0.000,    0.000,    0.000,    0.015,    0.015,    0.168,    0.168,   -0.030,   -0.030,   -0.666,   -0.666,   -0.004,   -0.004
  457,2020090212,    0.076,    0.076,    0.000,    0.000,    0.000,    0.000,   -0.126,   -0.126,    0.055,    0.055,    0.000,    0.000,    0.000,    0.000,    0.016,    0.016,    0.172,    0.172,   -0.031,   -0.031,   -0.663,   -0.663,   -0.004,   -0.004
  457,2020090206,    0.076,    0.076,    0.000,    0.000,    0.000,    0.000,   -0.127,   -0.127,    0.055,    0.055,    0.000,    0.000,    0.000,    0.000,    0.016,    0.016,    0.170,    0.170,   -0.032,   -0.032,   -0.664,   -0.664,   -0.004,   -0.004
  457,2020090200,    0.077,    0.077,    0.000,    0.000,    0.000,    0.000,   -0.126,   -0.126,    0.053,    0.053,    0.000,    0.000,    0.000,    0.000,    0.016,    0.016,    0.174,    0.174,   -0.031,   -0.031,   -0.662,   -0.662,   -0.003,   -0.003
  457,2020090118,    0.077,    0.077,    0.000,    0.000,    0.000,    0.000,   -0.129,   -0.129,    0.054,    0.054,    0.000,    0.000,    0.000,    0.000,    0.016,    0.016,    0.171,    0.171,   -0.030,   -0.030,   -0.663,   -0.663,   -0.003,   -0.003
  457,2020090112,    0.077,    0.077,    0.000,    0.000,    0.000,    0.000,   -0.130,   -0.130,    0.055,    0.055,    0.000,    0.000,    0.000,    0.000,    0.016,    0.016,    0.168,    0.168,   -0.023,   -0.023,   -0.664,   -0.664,    0.001,    0.001
  457,2020090106,    0.076,    0.076,    0.000,    0.000,    0.000,    0.000,   -0.133,   -0.133,    0.053,    0.053,    0.000,    0.000,    0.000,    0.000,    0.016,    0.016,    0.168,    0.168,   -0.021,   -0.021,   -0.665,   -0.665,    0.003,    0.003
  457,2020090100,    0.077,    0.077,    0.000,    0.000,    0.000,    0.000,   -0.134,   -0.134,    0.050,    0.050,    0.000,    0.000,    0.000,    0.000,    0.016,    0.016,    0.166,    0.166,   -0.019,   -0.019,   -0.665,   -0.665,    0.004,    0.004
  457,2020083118,    0.076,    0.076,    0.000,    0.000,    0.000,    0.000,   -0.133,   -0.133,    0.047,    0.047,    0.000,    0.000,    0.000,    0.000,    0.015,    0.015,    0.163,    0.163,   -0.015,   -0.015,   -0.667,   -0.667,    0.005,    0.005
  457,2020083112,    0.077,    0.077,    0.000,    0.000,    0.000,    0.000,   -0.130,   -0.130,    0.049,    0.049,    0.000,    0.000,    0.000,    0.000,    0.015,    0.015,    0.164,    0.164,   -0.014,   -0.014,   -0.665,   -0.665,    0.006,    0.006
  457,2020083106,    0.077,    0.077,    0.000,    0.000,    0.000,    0.000,   -0.129,   -0.129,    0.052,    0.052,    0.000,    0.000,    0.000,    0.000,    0.015,    0.015,    0.166,    0.166,   -0.012,   -0.012,   -0.665,   -0.665,    0.007,    0.007
  457,2020083100,    0.079,    0.079,    0.000,    0.000,    0.000,    0.000,   -0.126,   -0.126,    0.053,    0.053,    0.000,    0.000,    0.000,    0.000,    0.015,    0.015,    0.173,    0.173,   -0.018,   -0.018,   -0.661,   -0.661,    0.005,    0.005
  457,2020083018,    0.078,    0.078,    0.000,    0.000,    0.000,    0.000,   -0.125,   -0.125,    0.055,    0.055,    0.000,    0.000,    0.000,    0.000,    0.015,    0.015,    0.167,    0.167,   -0.012,   -0.012,   -0.662,   -0.662,    0.008,    0.008
  457,2020083012,    0.079,    0.079,    0.000,    0.000,    0.000,    0.000,   -0.123,   -0.123,    0.059,    0.059,    0.000,    0.000,    0.000,    0.000,    0.014,    0.014,    0.165,    0.165,   -0.005,   -0.005,   -0.663,   -0.663,    0.010,    0.010
  457,2020083006,    0.078,    0.078,    0.000,    0.000,    0.000,    0.000,   -0.126,   -0.126,    0.058,    0.058,    0.000,    0.000,    0.000,    0.000,    0.014,    0.014,    0.165,    0.165,   -0.001,   -0.001,   -0.663,   -0.663,    0.012,    0.012
  457,2020083000,    0.079,    0.079,    0.000,    0.000,    0.000,    0.000,   -0.121,   -0.121,    0.060,    0.060,    0.000,    0.000,    0.000,    0.000,    0.014,    0.014,    0.176,    0.176,   -0.002,   -0.002,   -0.657,   -0.657,    0.012,    0.012
