 5948,2020092000,    2.254,    2.254,    0.000,    0.000,    0.000,    0.000,   -0.090,   -0.090,   -0.133,   -0.133,    0.000,    0.000,    0.000,    0.000,   -0.003,   -0.003,   -0.489,   -0.489,   -0.056,   -0.056,    0.393,    0.393,   -0.055,   -0.055
 5948,2020091918,    2.274,    2.274,    0.000,    0.000,    0.000,    0.000,   -0.026,   -0.026,   -0.083,   -0.083,    0.000,    0.000,    0.000,    0.000,   -0.002,   -0.002,   -0.419,   -0.419,   -0.060,   -0.060,    0.435,    0.435,   -0.056,   -0.056
 5948,2020091912,    2.267,    2.267,    0.000,    0.000,    0.000,    0.000,   -0.033,   -0.033,   -0.134,   -0.134,    0.000,    0.000,    0.000,    0.000,    0.001,    0.001,   -0.490,   -0.490,   -0.057,   -0.057,    0.403,    0.403,   -0.055,   -0.055
 5948,2020091906,    2.273,    2.273,    0.000,    0.000,    0.000,    0.000,   -0.065,   -0.065,   -0.124,   -0.124,    0.000,    0.000,    0.000,    0.000,    0.002,    0.002,   -0.485,   -0.485,   -0.072,   -0.072,    0.408,    0.408,   -0.061,   -0.061
 5948,2020091900,    2.264,    2.264,    0.000,    0.000,    0.000,    0.000,   -0.193,   -0.193,   -0.157,   -0.157,    0.000,    0.000,    0.000,    0.000,   -0.003,   -0.003,   -0.545,   -0.545,   -0.073,   -0.073,    0.377,    0.377,   -0.058,   -0.058
 5948,2020091818,    2.281,    2.281,    0.000,    0.000,    0.000,    0.000,   -0.125,   -0.125,   -0.129,   -0.129,    0.000,    0.000,    0.000,    0.000,   -0.001,   -0.001,   -0.513,   -0.513,   -0.049,   -0.049,    0.403,    0.403,   -0.042,   -0.042
 5948,2020091812,    2.285,    2.285,    0.000,    0.000,    0.000,    0.000,   -0.079,   -0.079,   -0.216,   -0.216,    0.000,    0.000,    0.000,    0.000,    0.001,    0.001,   -0.551,   -0.551,   -0.076,   -0.076,    0.390,    0.390,   -0.051,   -0.051
 5948,2020091806,    2.293,    2.293,    0.000,    0.000,    0.000,    0.000,   -0.128,   -0.128,   -0.194,   -0.194,    0.000,    0.000,    0.000,    0.000,    0.002,    0.002,   -0.550,   -0.550,   -0.101,   -0.101,    0.396,    0.396,   -0.062,   -0.062
 5948,2020091800,    2.295,    2.295,    0.000,    0.000,    0.000,    0.000,   -0.232,   -0.232,   -0.249,   -0.249,    0.000,    0.000,    0.000,    0.000,   -0.002,   -0.002,   -0.573,   -0.573,   -0.085,   -0.085,    0.390,    0.390,   -0.050,   -0.050
 5948,2020091718,    2.314,    2.314,    0.000,    0.000,    0.000,    0.000,   -0.115,   -0.115,   -0.229,   -0.229,    0.000,    0.000,    0.000,    0.000,    0.000,    0.000,   -0.536,   -0.536,   -0.086,   -0.086,    0.418,    0.418,   -0.050,   -0.050
 5948,2020091712,    2.320,    2.320,    0.000,    0.000,    0.000,    0.000,   -0.134,   -0.134,   -0.288,   -0.288,    0.000,    0.000,    0.000,    0.000,    0.001,    0.001,   -0.578,   -0.578,   -0.088,   -0.088,    0.407,    0.407,   -0.049,   -0.049
 5948,2020091706,    2.334,    2.334,    0.000,    0.000,    0.000,    0.000,   -0.066,   -0.066,   -0.250,   -0.250,    0.000,    0.000,    0.000,    0.000,    0.001,    0.001,   -0.527,   -0.527,   -0.082,   -0.082,    0.436,    0.436,   -0.049,   -0.049
 5948,2020091700,    2.329,    2.329,    0.000,    0.000,    0.000,    0.000,   -0.225,   -0.225,   -0.297,   -0.297,    0.000,    0.000,    0.000,    0.000,   -0.004,   -0.004,   -0.586,   -0.586,   -0.078,   -0.078,    0.410,    0.410,   -0.046,   -0.046
 5948,2020091618,    2.351,    2.351,    0.000,    0.000,    0.000,    0.000,   -0.109,   -0.109,   -0.269,   -0.269,    0.000,    0.000,    0.000,    0.000,   -0.000,   -0.000,   -0.500,   -0.500,   -0.068,   -0.068,    0.461,    0.461,   -0.042,   -0.042
 5948,2020091612,    2.353,    2.353,    0.000,    0.000,    0.000,    0.000,   -0.145,   -0.145,   -0.302,   -0.302,    0.000,    0.000,    0.000,    0.000,   -0.001,   -0.001,   -0.522,   -0.522,   -0.029,   -0.029,    0.451,    0.451,   -0.027,   -0.027
 5948,2020091606,    2.370,    2.370,    0.000,    0.000,    0.000,    0.000,   -0.070,   -0.070,   -0.237,   -0.237,    0.000,    0.000,    0.000,    0.000,   -0.000,   -0.000,   -0.434,   -0.434,   -0.026,   -0.026,    0.498,    0.498,   -0.023,   -0.023
 5948,2020091600,    2.365,    2.365,    0.000,    0.000,    0.000,    0.000,   -0.174,   -0.174,   -0.262,   -0.262,    0.000,    0.000,    0.000,    0.000,   -0.004,   -0.004,   -0.502,   -0.502,   -0.052,   -0.052,    0.468,    0.468,   -0.034,   -0.034
 5948,2020091518,    2.381,    2.381,    0.000,    0.000,    0.000,    0.000,   -0.056,   -0.056,   -0.251,   -0.251,    0.000,    0.000,    0.000,    0.000,   -0.004,   -0.004,   -0.426,   -0.426,   -0.036,   -0.036,    0.508,    0.508,   -0.025,   -0.025
 5948,2020091512,    2.381,    2.381,    0.000,    0.000,    0.000,    0.000,   -0.023,   -0.023,   -0.296,   -0.296,    0.000,    0.000,    0.000,    0.000,   -0.003,   -0.003,   -0.445,   -0.445,   -0.045,   -0.045,    0.500,    0.500,   -0.031,   -0.031
 5948,2020091506,    2.392,    2.392,    0.000,    0.000,    0.000,    0.000,    0.006,    0.006,   -0.287,   -0.287,    0.000,    0.000,    0.000,    0.000,   -0.001,   -0.001,   -0.411,   -0.411,   -0.036,   -0.036,    0.520,    0.520,   -0.031,   -0.031
 5948,2020091500,    2.388,    2.388,    0.000,    0.000,    0.000,    0.000,   -0.094,   -0.094,   -0.307,   -0.307,    0.000,    0.000,    0.000,    0.000,   -0.006,   -0.006,   -0.468,   -0.468,   -0.050,   -0.050,    0.496,    0.496,   -0.038,   -0.038
 5948,2020091418,    2.414,    2.414,    0.000,    0.000,    0.000,    0.000,    0.077,    0.077,   -0.270,   -0.270,    0.000,    0.000,    0.000,    0.000,   -0.004,   -0.004,   -0.358,   -0.358,   -0.016,   -0.016,    0.555,    0.555,   -0.028,   -0.028
 5948,2020091412,    2.407,    2.407,    0.000,    0.000,    0.000,    0.000,    0.086,    0.086,   -0.331,   -0.331,    0.000,    0.000,    0.000,    0.000,   -0.002,   -0.002,   -0.394,   -0.394,   -0.042,   -0.042,    0.537,    0.537,   -0.039,   -0.039
 5948,2020091406,    2.417,    2.417,    0.000,    0.000,    0.000,    0.000,    0.075,    0.075,   -0.297,   -0.297,    0.000,    0.000,    0.000,    0.000,    0.001,    0.001,   -0.372,   -0.372,   -0.037,   -0.037,    0.550,    0.550,   -0.037,   -0.037
 5948,2020091400,    2.413,    2.413,    0.000,    0.000,    0.000,    0.000,    0.010,    0.010,   -0.325,   -0.325,    0.000,    0.000,    0.000,    0.000,   -0.004,   -0.004,   -0.391,   -0.391,   -0.022,   -0.022,    0.541,    0.541,   -0.029,   -0.029
 5948,2020091318,    2.429,    2.429,    0.000,    0.000,    0.000,    0.000,    0.035,    0.035,   -0.277,   -0.277,    0.000,    0.000,    0.000,    0.000,   -0.003,   -0.003,   -0.315,   -0.315,   -0.020,   -0.020,    0.582,    0.582,   -0.029,   -0.029
 5948,2020091312,    2.425,    2.425,    0.000,    0.000,    0.000,    0.000,   -0.033,   -0.033,   -0.329,   -0.329,    0.000,    0.000,    0.000,    0.000,   -0.003,   -0.003,   -0.363,   -0.363,   -0.032,   -0.032,    0.561,    0.561,   -0.036,   -0.036
 5948,2020091306,    2.436,    2.436,    0.000,    0.000,    0.000,    0.000,   -0.047,   -0.047,   -0.306,   -0.306,    0.000,    0.000,    0.000,    0.000,   -0.001,   -0.001,   -0.321,   -0.321,   -0.049,   -0.049,    0.584,    0.584,   -0.043,   -0.043
 5948,2020091300,    2.433,    2.433,    0.000,    0.000,    0.000,    0.000,   -0.115,   -0.115,   -0.350,   -0.350,    0.000,    0.000,    0.000,    0.000,   -0.005,   -0.005,   -0.332,   -0.332,   -0.060,   -0.060,    0.579,    0.579,   -0.045,   -0.045
 5948,2020091218,    2.446,    2.446,    0.000,    0.000,    0.000,    0.000,   -0.040,   -0.040,   -0.344,   -0.344,    0.000,    0.000,    0.000,    0.000,   -0.003,   -0.003,   -0.278,   -0.278,   -0.062,   -0.062,    0.609,    0.609,   -0.045,   -0.045
 5948,2020091212,    2.448,    2.448,    0.000,    0.000,    0.000,    0.000,   -0.036,   -0.036,   -0.357,   -0.357,    0.000,    0.000,    0.000,    0.000,   -0.003,   -0.003,   -0.283,   -0.283,   -0.069,   -0.069,    0.608,    0.608,   -0.046,   -0.046
 5948,2020091206,    2.454,    2.454,    0.000,    0.000,    0.000,    0.000,   -0.009,   -0.009,   -0.361,   -0.361,    0.000,    0.000,    0.000,    0.000,   -0.002,   -0.002,   -0.267,   -0.267,   -0.058,   -0.058,    0.618,    0.618,   -0.042,   -0.042
 5948,2020091200,    2.448,    2.448,    0.000,    0.000,    0.000,    0.000,   -0.088,   -0.088,   -0.390,   -0.390,    0.000,    0.000,    0.000,    0.000,   -0.004,   -0.004,   -0.269,   -0.269,   -0.059,   -0.059,    0.612,    0.612,   -0.041,   -0.041
 5948,2020091118,    2.460,    2.460,    0.000,    0.000,    0.000,    0.000,   -0.063,   -0.063,   -0.383,   -0.383,    0.000,    0.000,    0.000,    0.000,   -0.002,   -0.002,   -0.240,   -0.240,   -0.050,   -0.050,    0.633,    0.633,   -0.037,   -0.037
 5948,2020091112,    2.452,    2.452,    0.000,    0.000,    0.000,    0.000,   -0.098,   -0.098,   -0.393,   -0.393,    0.000,    0.000,    0.000,    0.000,   -0.003,   -0.003,   -0.256,   -0.256,   -0.008,   -0.008,    0.620,    0.620,   -0.022,   -0.022
 5948,2020091106,    2.464,    2.464,    0.000,    0.000,    0.000,    0.000,   -0.094,   -0.094,   -0.379,   -0.379,    0.000,    0.000,    0.000,    0.000,   -0.002,   -0.002,   -0.216,   -0.216,   -0.022,   -0.022,    0.643,    0.643,   -0.026,   -0.026
 5948,2020091100,    2.455,    2.455,    0.000,    0.000,    0.000,    0.000,   -0.216,   -0.216,   -0.400,   -0.400,    0.000,    0.000,    0.000,    0.000,   -0.004,   -0.004,   -0.252,   -0.252,   -0.035,   -0.035,    0.624,    0.624,   -0.034,   -0.034
 5948,2020091018,    2.472,    2.472,    0.000,    0.000,    0.000,    0.000,   -0.111,   -0.111,   -0.374,   -0.374,    0.000,    0.000,    0.000,    0.000,   -0.003,   -0.003,   -0.182,   -0.182,   -0.005,   -0.005,    0.662,    0.662,   -0.023,   -0.023
 5948,2020091012,    2.459,    2.459,    0.000,    0.000,    0.000,    0.000,   -0.208,   -0.208,   -0.417,   -0.417,    0.000,    0.000,    0.000,    0.000,   -0.004,   -0.004,   -0.257,   -0.257,   -0.006,   -0.006,    0.624,    0.624,   -0.027,   -0.027
 5948,2020091006,    2.464,    2.464,    0.000,    0.000,    0.000,    0.000,   -0.289,   -0.289,   -0.397,   -0.397,    0.000,    0.000,    0.000,    0.000,   -0.001,   -0.001,   -0.227,   -0.227,    0.006,    0.006,    0.638,    0.638,   -0.021,   -0.021
 5948,2020091000,    2.453,    2.453,    0.000,    0.000,    0.000,    0.000,   -0.371,   -0.371,   -0.414,   -0.414,    0.000,    0.000,    0.000,    0.000,   -0.006,   -0.006,   -0.265,   -0.265,   -0.019,   -0.019,    0.615,    0.615,   -0.034,   -0.034
 5948,2020090918,    2.465,    2.465,    0.000,    0.000,    0.000,    0.000,   -0.340,   -0.340,   -0.365,   -0.365,    0.000,    0.000,    0.000,    0.000,   -0.005,   -0.005,   -0.208,   -0.208,   -0.025,   -0.025,    0.645,    0.645,   -0.038,   -0.038
 5948,2020090912,    2.459,    2.459,    0.000,    0.000,    0.000,    0.000,   -0.381,   -0.381,   -0.453,   -0.453,    0.000,    0.000,    0.000,    0.000,   -0.004,   -0.004,   -0.279,   -0.279,   -0.011,   -0.011,    0.615,    0.615,   -0.032,   -0.032
 5948,2020090906,    2.461,    2.461,    0.000,    0.000,    0.000,    0.000,   -0.439,   -0.439,   -0.416,   -0.416,    0.000,    0.000,    0.000,    0.000,   -0.001,   -0.001,   -0.257,   -0.257,   -0.022,   -0.022,    0.626,    0.626,   -0.038,   -0.038
 5948,2020090900,    2.456,    2.456,    0.000,    0.000,    0.000,    0.000,   -0.557,   -0.557,   -0.444,   -0.444,    0.000,    0.000,    0.000,    0.000,   -0.007,   -0.007,   -0.286,   -0.286,   -0.030,   -0.030,    0.612,    0.612,   -0.037,   -0.037
 5948,2020090818,    2.466,    2.466,    0.000,    0.000,    0.000,    0.000,   -0.534,   -0.534,   -0.372,   -0.372,    0.000,    0.000,    0.000,    0.000,   -0.004,   -0.004,   -0.238,   -0.238,   -0.031,   -0.031,    0.637,    0.637,   -0.041,   -0.041
 5948,2020090812,    2.465,    2.465,    0.000,    0.000,    0.000,    0.000,   -0.586,   -0.586,   -0.462,   -0.462,    0.000,    0.000,    0.000,    0.000,   -0.004,   -0.004,   -0.255,   -0.255,   -0.028,   -0.028,    0.632,    0.632,   -0.040,   -0.040
 5948,2020090806,    2.472,    2.472,    0.000,    0.000,    0.000,    0.000,   -0.651,   -0.651,   -0.389,   -0.389,    0.000,    0.000,    0.000,    0.000,    0.000,    0.000,   -0.237,   -0.237,   -0.077,   -0.077,    0.640,    0.640,   -0.063,   -0.063
 5948,2020090800,    2.471,    2.471,    0.000,    0.000,    0.000,    0.000,   -0.713,   -0.713,   -0.456,   -0.456,    0.000,    0.000,    0.000,    0.000,   -0.004,   -0.004,   -0.235,   -0.235,   -0.107,   -0.107,    0.641,    0.641,   -0.075,   -0.075
 5948,2020090718,    2.470,    2.470,    0.000,    0.000,    0.000,    0.000,   -0.793,   -0.793,   -0.432,   -0.432,    0.000,    0.000,    0.000,    0.000,   -0.001,   -0.001,   -0.233,   -0.233,   -0.084,   -0.084,    0.640,    0.640,   -0.064,   -0.064
 5948,2020090712,    2.475,    2.475,    0.000,    0.000,    0.000,    0.000,   -0.812,   -0.812,   -0.478,   -0.478,    0.000,    0.000,    0.000,    0.000,   -0.003,   -0.003,   -0.251,   -0.251,   -0.070,   -0.070,    0.638,    0.638,   -0.057,   -0.057
 5948,2020090706,    2.475,    2.475,    0.000,    0.000,    0.000,    0.000,   -0.918,   -0.918,   -0.468,   -0.468,    0.000,    0.000,    0.000,    0.000,   -0.003,   -0.003,   -0.250,   -0.250,   -0.053,   -0.053,    0.636,    0.636,   -0.053,   -0.053
 5948,2020090700,    2.479,    2.479,    0.000,    0.000,    0.000,    0.000,   -0.865,   -0.865,   -0.467,   -0.467,    0.000,    0.000,    0.000,    0.000,   -0.002,   -0.002,   -0.212,   -0.212,   -0.058,   -0.058,    0.653,    0.653,   -0.053,   -0.053
 5948,2020090618,    2.491,    2.491,    0.000,    0.000,    0.000,    0.000,   -0.843,   -0.843,   -0.476,   -0.476,    0.000,    0.000,    0.000,    0.000,    0.002,    0.002,   -0.189,   -0.189,   -0.054,   -0.054,    0.669,    0.669,   -0.052,   -0.052
 5948,2020090612,    2.485,    2.485,    0.000,    0.000,    0.000,    0.000,   -0.830,   -0.830,   -0.529,   -0.529,    0.000,    0.000,    0.000,    0.000,    0.001,    0.001,   -0.245,   -0.245,   -0.043,   -0.043,    0.642,    0.642,   -0.047,   -0.047
 5948,2020090606,    2.489,    2.489,    0.000,    0.000,    0.000,    0.000,   -0.830,   -0.830,   -0.459,   -0.459,    0.000,    0.000,    0.000,    0.000,    0.000,    0.000,   -0.261,   -0.261,   -0.027,   -0.027,    0.638,    0.638,   -0.041,   -0.041
 5948,2020090600,    2.482,    2.482,    0.000,    0.000,    0.000,    0.000,   -0.868,   -0.868,   -0.435,   -0.435,    0.000,    0.000,    0.000,    0.000,   -0.004,   -0.004,   -0.300,   -0.300,   -0.018,   -0.018,    0.619,    0.619,   -0.036,   -0.036
 5948,2020090518,    2.488,    2.488,    0.000,    0.000,    0.000,    0.000,   -0.790,   -0.790,   -0.371,   -0.371,    0.000,    0.000,    0.000,    0.000,   -0.003,   -0.003,   -0.301,   -0.301,   -0.012,   -0.012,    0.623,    0.623,   -0.034,   -0.034
 5948,2020090512,    2.478,    2.478,    0.000,    0.000,    0.000,    0.000,   -0.863,   -0.863,   -0.414,   -0.414,    0.000,    0.000,    0.000,    0.000,   -0.003,   -0.003,   -0.358,   -0.358,   -0.006,   -0.006,    0.594,    0.594,   -0.034,   -0.034
 5948,2020090506,    2.478,    2.478,    0.000,    0.000,    0.000,    0.000,   -0.939,   -0.939,   -0.391,   -0.391,    0.000,    0.000,    0.000,    0.000,   -0.001,   -0.001,   -0.374,   -0.374,    0.023,    0.023,    0.588,    0.588,   -0.021,   -0.021
 5948,2020090500,    2.470,    2.470,    0.000,    0.000,    0.000,    0.000,   -1.042,   -1.042,   -0.411,   -0.411,    0.000,    0.000,    0.000,    0.000,   -0.006,   -0.006,   -0.430,   -0.430,    0.006,    0.006,    0.561,    0.561,   -0.025,   -0.025
 5948,2020090418,    2.482,    2.482,    0.000,    0.000,    0.000,    0.000,   -1.008,   -1.008,   -0.354,   -0.354,    0.000,    0.000,    0.000,    0.000,   -0.003,   -0.003,   -0.371,   -0.371,    0.009,    0.009,    0.591,    0.591,   -0.023,   -0.023
 5948,2020090412,    2.473,    2.473,    0.000,    0.000,    0.000,    0.000,   -1.107,   -1.107,   -0.412,   -0.412,    0.000,    0.000,    0.000,    0.000,   -0.006,   -0.006,   -0.449,   -0.449,    0.007,    0.007,    0.556,    0.556,   -0.026,   -0.026
 5948,2020090406,    2.482,    2.482,    0.000,    0.000,    0.000,    0.000,   -1.144,   -1.144,   -0.382,   -0.382,    0.000,    0.000,    0.000,    0.000,   -0.002,   -0.002,   -0.417,   -0.417,    0.003,    0.003,    0.576,    0.576,   -0.027,   -0.027
 5948,2020090400,    2.477,    2.477,    0.000,    0.000,    0.000,    0.000,   -1.253,   -1.253,   -0.411,   -0.411,    0.000,    0.000,    0.000,    0.000,   -0.007,   -0.007,   -0.465,   -0.465,   -0.011,   -0.011,    0.552,    0.552,   -0.033,   -0.033
 5948,2020090318,    2.494,    2.494,    0.000,    0.000,    0.000,    0.000,   -1.189,   -1.189,   -0.366,   -0.366,    0.000,    0.000,    0.000,    0.000,   -0.002,   -0.002,   -0.400,   -0.400,   -0.017,   -0.017,    0.589,    0.589,   -0.032,   -0.032
 5948,2020090312,    2.491,    2.491,    0.000,    0.000,    0.000,    0.000,   -1.295,   -1.295,   -0.405,   -0.405,    0.000,    0.000,    0.000,    0.000,   -0.004,   -0.004,   -0.444,   -0.444,   -0.024,   -0.024,    0.570,    0.570,   -0.037,   -0.037
 5948,2020090306,    2.507,    2.507,    0.000,    0.000,    0.000,    0.000,   -1.287,   -1.287,   -0.329,   -0.329,    0.000,    0.000,    0.000,    0.000,   -0.001,   -0.001,   -0.382,   -0.382,   -0.053,   -0.053,    0.606,    0.606,   -0.053,   -0.053
 5948,2020090300,    2.501,    2.501,    0.000,    0.000,    0.000,    0.000,   -1.366,   -1.366,   -0.372,   -0.372,    0.000,    0.000,    0.000,    0.000,   -0.005,   -0.005,   -0.446,   -0.446,   -0.058,   -0.058,    0.579,    0.579,   -0.055,   -0.055
 5948,2020090218,    2.516,    2.516,    0.000,    0.000,    0.000,    0.000,   -1.338,   -1.338,   -0.334,   -0.334,    0.000,    0.000,    0.000,    0.000,   -0.001,   -0.001,   -0.385,   -0.385,   -0.037,   -0.037,    0.612,    0.612,   -0.043,   -0.043
 5948,2020090212,    2.523,    2.523,    0.000,    0.000,    0.000,    0.000,   -1.378,   -1.378,   -0.360,   -0.360,    0.000,    0.000,    0.000,    0.000,   -0.002,   -0.002,   -0.393,   -0.393,   -0.048,   -0.048,    0.615,    0.615,   -0.046,   -0.046
 5948,2020090206,    2.538,    2.538,    0.000,    0.000,    0.000,    0.000,   -1.394,   -1.394,   -0.294,   -0.294,    0.000,    0.000,    0.000,    0.000,   -0.000,   -0.000,   -0.351,   -0.351,   -0.046,   -0.046,    0.640,    0.640,   -0.043,   -0.043
 5948,2020090200,    2.535,    2.535,    0.000,    0.000,    0.000,    0.000,   -1.485,   -1.485,   -0.343,   -0.343,    0.000,    0.000,    0.000,    0.000,   -0.003,   -0.003,   -0.390,   -0.390,   -0.066,   -0.066,    0.626,    0.626,   -0.055,   -0.055
 5948,2020090118,    2.551,    2.551,    0.000,    0.000,    0.000,    0.000,   -1.483,   -1.483,   -0.325,   -0.325,    0.000,    0.000,    0.000,    0.000,    0.002,    0.002,   -0.349,   -0.349,   -0.051,   -0.051,    0.654,    0.654,   -0.050,   -0.050
 5948,2020090112,    2.547,    2.547,    0.000,    0.000,    0.000,    0.000,   -1.511,   -1.511,   -0.356,   -0.356,    0.000,    0.000,    0.000,    0.000,    0.002,    0.002,   -0.369,   -0.369,   -0.051,   -0.051,    0.644,    0.644,   -0.048,   -0.048
 5948,2020090106,    2.561,    2.561,    0.000,    0.000,    0.000,    0.000,   -1.557,   -1.557,   -0.343,   -0.343,    0.000,    0.000,    0.000,    0.000,    0.005,    0.005,   -0.316,   -0.316,   -0.039,   -0.039,    0.673,    0.673,   -0.039,   -0.039
 5948,2020090100,    2.553,    2.553,    0.000,    0.000,    0.000,    0.000,   -1.628,   -1.628,   -0.379,   -0.379,    0.000,    0.000,    0.000,    0.000,    0.001,    0.001,   -0.367,   -0.367,   -0.052,   -0.052,    0.646,    0.646,   -0.042,   -0.042
 5948,2020083118,    2.571,    2.571,    0.000,    0.000,    0.000,    0.000,   -1.617,   -1.617,   -0.375,   -0.375,    0.000,    0.000,    0.000,    0.000,    0.004,    0.004,   -0.313,   -0.313,   -0.040,   -0.040,    0.680,    0.680,   -0.039,   -0.039
 5948,2020083112,    2.559,    2.559,    0.000,    0.000,    0.000,    0.000,   -1.727,   -1.727,   -0.424,   -0.424,    0.000,    0.000,    0.000,    0.000,    0.003,    0.003,   -0.390,   -0.390,   -0.029,   -0.029,    0.641,    0.641,   -0.034,   -0.034
 5948,2020083106,    2.574,    2.574,    0.000,    0.000,    0.000,    0.000,   -1.724,   -1.724,   -0.402,   -0.402,    0.000,    0.000,    0.000,    0.000,    0.007,    0.007,   -0.343,   -0.343,   -0.051,   -0.051,    0.670,    0.670,   -0.044,   -0.044
 5948,2020083100,    2.562,    2.562,    0.000,    0.000,    0.000,    0.000,   -1.849,   -1.849,   -0.391,   -0.391,    0.000,    0.000,    0.000,    0.000,    0.002,    0.002,   -0.401,   -0.401,   -0.041,   -0.041,    0.639,    0.639,   -0.040,   -0.040
 5948,2020083018,    2.586,    2.586,    0.000,    0.000,    0.000,    0.000,   -1.711,   -1.711,   -0.364,   -0.364,    0.000,    0.000,    0.000,    0.000,    0.003,    0.003,   -0.315,   -0.315,   -0.039,   -0.039,    0.690,    0.690,   -0.038,   -0.038
 5948,2020083012,    2.574,    2.574,    0.000,    0.000,    0.000,    0.000,   -1.796,   -1.796,   -0.407,   -0.407,    0.000,    0.000,    0.000,    0.000,    0.002,    0.002,   -0.386,   -0.386,   -0.042,   -0.042,    0.652,    0.652,   -0.041,   -0.041
 5948,2020083006,    2.587,    2.587,    0.000,    0.000,    0.000,    0.000,   -1.787,   -1.787,   -0.383,   -0.383,    0.000,    0.000,    0.000,    0.000,    0.005,    0.005,   -0.349,   -0.349,   -0.042,   -0.042,    0.675,    0.675,   -0.040,   -0.040
 5948,2020083000,    2.582,    2.582,    0.000,    0.000,    0.000,    0.000,   -1.882,   -1.882,   -0.391,   -0.391,    0.000,    0.000,    0.000,    0.000,    0.002,    0.002,   -0.400,   -0.400,   -0.021,   -0.021,    0.653,    0.653,   -0.027,   -0.027
