 3375,2020092000,   -0.098,   -0.098,    0.000,    0.000,    0.000,    0.000,    0.053,    0.053,    0.176,    0.176,    0.000,    0.000,    0.000,    0.000,   -0.145,   -0.145,   -0.565,   -0.565,    0.014,    0.014,    0.274,    0.274,    0.020,    0.020
 3375,2020091918,   -0.101,   -0.101,    0.000,    0.000,    0.000,    0.000,    0.054,    0.054,    0.175,    0.175,    0.000,    0.000,    0.000,    0.000,   -0.105,   -0.105,   -0.569,   -0.569,    0.018,    0.018,    0.271,    0.271,    0.020,    0.020
 3375,2020091912,   -0.101,   -0.101,    0.000,    0.000,    0.000,    0.000,    0.055,    0.055,    0.170,    0.170,    0.000,    0.000,    0.000,    0.000,   -0.106,   -0.106,   -0.576,   -0.576,    0.012,    0.012,    0.268,    0.268,    0.017,    0.017
 3375,2020091906,   -0.103,   -0.103,    0.000,    0.000,    0.000,    0.000,    0.055,    0.055,    0.173,    0.173,    0.000,    0.000,    0.000,    0.000,   -0.115,   -0.115,   -0.565,   -0.565,    0.006,    0.006,    0.271,    0.271,    0.017,    0.017
 3375,2020091900,   -0.103,   -0.103,    0.000,    0.000,    0.000,    0.000,    0.057,    0.057,    0.172,    0.172,    0.000,    0.000,    0.000,    0.000,   -0.143,   -0.143,   -0.560,   -0.560,    0.011,    0.011,    0.273,    0.273,    0.020,    0.020
 3375,2020091818,   -0.103,   -0.103,    0.000,    0.000,    0.000,    0.000,    0.055,    0.055,    0.171,    0.171,    0.000,    0.000,    0.000,    0.000,   -0.150,   -0.150,   -0.569,   -0.569,    0.017,    0.017,    0.271,    0.271,    0.023,    0.023
 3375,2020091812,   -0.103,   -0.103,    0.000,    0.000,    0.000,    0.000,    0.054,    0.054,    0.173,    0.173,    0.000,    0.000,    0.000,    0.000,   -0.136,   -0.136,   -0.562,   -0.562,    0.016,    0.016,    0.275,    0.275,    0.023,    0.023
 3375,2020091806,   -0.101,   -0.101,    0.000,    0.000,    0.000,    0.000,    0.053,    0.053,    0.175,    0.175,    0.000,    0.000,    0.000,    0.000,   -0.111,   -0.111,   -0.562,   -0.562,    0.013,    0.013,    0.277,    0.277,    0.023,    0.023
 3375,2020091800,   -0.102,   -0.102,    0.000,    0.000,    0.000,    0.000,    0.052,    0.052,    0.176,    0.176,    0.000,    0.000,    0.000,    0.000,   -0.127,   -0.127,   -0.571,   -0.571,    0.015,    0.015,    0.275,    0.275,    0.022,    0.022
 3375,2020091718,   -0.102,   -0.102,    0.000,    0.000,    0.000,    0.000,    0.050,    0.050,    0.175,    0.175,    0.000,    0.000,    0.000,    0.000,   -0.092,   -0.092,   -0.568,   -0.568,    0.022,    0.022,    0.276,    0.276,    0.024,    0.024
 3375,2020091712,   -0.103,   -0.103,    0.000,    0.000,    0.000,    0.000,    0.047,    0.047,    0.175,    0.175,    0.000,    0.000,    0.000,    0.000,   -0.051,   -0.051,   -0.558,   -0.558,    0.008,    0.008,    0.280,    0.280,    0.016,    0.016
 3375,2020091706,   -0.103,   -0.103,    0.000,    0.000,    0.000,    0.000,    0.047,    0.047,    0.179,    0.179,    0.000,    0.000,    0.000,    0.000,   -0.068,   -0.068,   -0.562,   -0.562,    0.006,    0.006,    0.279,    0.279,    0.018,    0.018
 3375,2020091700,   -0.103,   -0.103,    0.000,    0.000,    0.000,    0.000,    0.048,    0.048,    0.181,    0.181,    0.000,    0.000,    0.000,    0.000,   -0.073,   -0.073,   -0.535,   -0.535,    0.009,    0.009,    0.289,    0.289,    0.021,    0.021
 3375,2020091618,   -0.104,   -0.104,    0.000,    0.000,    0.000,    0.000,    0.048,    0.048,    0.181,    0.181,    0.000,    0.000,    0.000,    0.000,   -0.075,   -0.075,   -0.545,   -0.545,    0.006,    0.006,    0.286,    0.286,    0.020,    0.020
 3375,2020091612,   -0.101,   -0.101,    0.000,    0.000,    0.000,    0.000,    0.051,    0.051,    0.179,    0.179,    0.000,    0.000,    0.000,    0.000,   -0.091,   -0.091,   -0.545,   -0.545,   -0.006,   -0.006,    0.289,    0.289,    0.013,    0.013
 3375,2020091606,   -0.101,   -0.101,    0.000,    0.000,    0.000,    0.000,    0.050,    0.050,    0.183,    0.183,    0.000,    0.000,    0.000,    0.000,   -0.085,   -0.085,   -0.547,   -0.547,    0.005,    0.005,    0.288,    0.288,    0.018,    0.018
 3375,2020091600,   -0.104,   -0.104,    0.000,    0.000,    0.000,    0.000,    0.048,    0.048,    0.184,    0.184,    0.000,    0.000,    0.000,    0.000,   -0.099,   -0.099,   -0.549,   -0.549,    0.002,    0.002,    0.287,    0.287,    0.018,    0.018
 3375,2020091518,   -0.101,   -0.101,    0.000,    0.000,    0.000,    0.000,    0.049,    0.049,    0.186,    0.186,    0.000,    0.000,    0.000,    0.000,   -0.160,   -0.160,   -0.531,   -0.531,    0.003,    0.003,    0.296,    0.296,    0.019,    0.019
 3375,2020091512,   -0.101,   -0.101,    0.000,    0.000,    0.000,    0.000,    0.051,    0.051,    0.184,    0.184,    0.000,    0.000,    0.000,    0.000,   -0.200,   -0.200,   -0.545,   -0.545,   -0.000,   -0.000,    0.291,    0.291,    0.017,    0.017
 3375,2020091506,   -0.106,   -0.106,    0.000,    0.000,    0.000,    0.000,    0.048,    0.048,    0.188,    0.188,    0.000,    0.000,    0.000,    0.000,   -0.222,   -0.222,   -0.562,   -0.562,    0.006,    0.006,    0.280,    0.280,    0.019,    0.019
 3375,2020091500,   -0.106,   -0.106,    0.000,    0.000,    0.000,    0.000,    0.051,    0.051,    0.190,    0.190,    0.000,    0.000,    0.000,    0.000,   -0.245,   -0.245,   -0.564,   -0.564,    0.007,    0.007,    0.280,    0.280,    0.022,    0.022
 3375,2020091418,   -0.106,   -0.106,    0.000,    0.000,    0.000,    0.000,    0.050,    0.050,    0.193,    0.193,    0.000,    0.000,    0.000,    0.000,   -0.251,   -0.251,   -0.561,   -0.561,    0.007,    0.007,    0.283,    0.283,    0.022,    0.022
 3375,2020091412,   -0.107,   -0.107,    0.000,    0.000,    0.000,    0.000,    0.051,    0.051,    0.195,    0.195,    0.000,    0.000,    0.000,    0.000,   -0.270,   -0.270,   -0.575,   -0.575,    0.003,    0.003,    0.278,    0.278,    0.020,    0.020
 3375,2020091406,   -0.106,   -0.106,    0.000,    0.000,    0.000,    0.000,    0.051,    0.051,    0.200,    0.200,    0.000,    0.000,    0.000,    0.000,   -0.256,   -0.256,   -0.557,   -0.557,    0.006,    0.006,    0.286,    0.286,    0.022,    0.022
 3375,2020091400,   -0.108,   -0.108,    0.000,    0.000,    0.000,    0.000,    0.051,    0.051,    0.200,    0.200,    0.000,    0.000,    0.000,    0.000,   -0.273,   -0.273,   -0.575,   -0.575,    0.001,    0.001,    0.278,    0.278,    0.023,    0.023
 3375,2020091318,   -0.109,   -0.109,    0.000,    0.000,    0.000,    0.000,    0.049,    0.049,    0.199,    0.199,    0.000,    0.000,    0.000,    0.000,   -0.254,   -0.254,   -0.571,   -0.571,    0.007,    0.007,    0.279,    0.279,    0.026,    0.026
 3375,2020091312,   -0.107,   -0.107,    0.000,    0.000,    0.000,    0.000,    0.052,    0.052,    0.198,    0.198,    0.000,    0.000,    0.000,    0.000,   -0.216,   -0.216,   -0.548,   -0.548,   -0.002,   -0.002,    0.289,    0.289,    0.022,    0.022
 3375,2020091306,   -0.108,   -0.108,    0.000,    0.000,    0.000,    0.000,    0.052,    0.052,    0.197,    0.197,    0.000,    0.000,    0.000,    0.000,   -0.208,   -0.208,   -0.549,   -0.549,   -0.001,   -0.001,    0.288,    0.288,    0.022,    0.022
 3375,2020091300,   -0.106,   -0.106,    0.000,    0.000,    0.000,    0.000,    0.054,    0.054,    0.200,    0.200,    0.000,    0.000,    0.000,    0.000,   -0.201,   -0.201,   -0.556,   -0.556,    0.001,    0.001,    0.289,    0.289,    0.025,    0.025
 3375,2020091218,   -0.108,   -0.108,    0.000,    0.000,    0.000,    0.000,    0.054,    0.054,    0.195,    0.195,    0.000,    0.000,    0.000,    0.000,   -0.223,   -0.223,   -0.569,   -0.569,   -0.001,   -0.001,    0.283,    0.283,    0.024,    0.024
 3375,2020091212,   -0.109,   -0.109,    0.000,    0.000,    0.000,    0.000,    0.054,    0.054,    0.196,    0.196,    0.000,    0.000,    0.000,    0.000,   -0.214,   -0.214,   -0.579,   -0.579,   -0.003,   -0.003,    0.279,    0.279,    0.020,    0.020
 3375,2020091206,   -0.109,   -0.109,    0.000,    0.000,    0.000,    0.000,    0.053,    0.053,    0.196,    0.196,    0.000,    0.000,    0.000,    0.000,   -0.217,   -0.217,   -0.582,   -0.582,   -0.001,   -0.001,    0.279,    0.279,    0.020,    0.020
 3375,2020091200,   -0.105,   -0.105,    0.000,    0.000,    0.000,    0.000,    0.054,    0.054,    0.198,    0.198,    0.000,    0.000,    0.000,    0.000,   -0.239,   -0.239,   -0.580,   -0.580,   -0.010,   -0.010,    0.285,    0.285,    0.018,    0.018
 3375,2020091118,   -0.107,   -0.107,    0.000,    0.000,    0.000,    0.000,    0.053,    0.053,    0.197,    0.197,    0.000,    0.000,    0.000,    0.000,   -0.233,   -0.233,   -0.602,   -0.602,   -0.010,   -0.010,    0.276,    0.276,    0.017,    0.017
 3375,2020091112,   -0.105,   -0.105,    0.000,    0.000,    0.000,    0.000,    0.053,    0.053,    0.196,    0.196,    0.000,    0.000,    0.000,    0.000,   -0.110,   -0.110,   -0.593,   -0.593,   -0.014,   -0.014,    0.281,    0.281,    0.013,    0.013
 3375,2020091106,   -0.108,   -0.108,    0.000,    0.000,    0.000,    0.000,    0.050,    0.050,    0.198,    0.198,    0.000,    0.000,    0.000,    0.000,   -0.056,   -0.056,   -0.600,   -0.600,   -0.009,   -0.009,    0.278,    0.278,    0.014,    0.014
 3375,2020091100,   -0.102,   -0.102,    0.000,    0.000,    0.000,    0.000,    0.052,    0.052,    0.202,    0.202,    0.000,    0.000,    0.000,    0.000,   -0.082,   -0.082,   -0.590,   -0.590,    0.008,    0.008,    0.287,    0.287,    0.022,    0.022
 3375,2020091018,   -0.106,   -0.106,    0.000,    0.000,    0.000,    0.000,    0.049,    0.049,    0.201,    0.201,    0.000,    0.000,    0.000,    0.000,   -0.025,   -0.025,   -0.587,   -0.587,   -0.002,   -0.002,    0.286,    0.286,    0.016,    0.016
 3375,2020091012,   -0.103,   -0.103,    0.000,    0.000,    0.000,    0.000,    0.051,    0.051,    0.201,    0.201,    0.000,    0.000,    0.000,    0.000,    0.013,    0.013,   -0.568,   -0.568,   -0.013,   -0.013,    0.296,    0.296,    0.011,    0.011
 3375,2020091006,   -0.106,   -0.106,    0.000,    0.000,    0.000,    0.000,    0.049,    0.049,    0.202,    0.202,    0.000,    0.000,    0.000,    0.000,    0.026,    0.026,   -0.588,   -0.588,   -0.018,   -0.018,    0.286,    0.286,    0.009,    0.009
 3375,2020091000,   -0.106,   -0.106,    0.000,    0.000,    0.000,    0.000,    0.051,    0.051,    0.206,    0.206,    0.000,    0.000,    0.000,    0.000,    0.041,    0.041,   -0.572,   -0.572,   -0.013,   -0.013,    0.293,    0.293,    0.012,    0.012
 3375,2020090918,   -0.108,   -0.108,    0.000,    0.000,    0.000,    0.000,    0.049,    0.049,    0.201,    0.201,    0.000,    0.000,    0.000,    0.000,    0.037,    0.037,   -0.580,   -0.580,   -0.013,   -0.013,    0.289,    0.289,    0.010,    0.010
 3375,2020090912,   -0.106,   -0.106,    0.000,    0.000,    0.000,    0.000,    0.049,    0.049,    0.199,    0.199,    0.000,    0.000,    0.000,    0.000,    0.042,    0.042,   -0.579,   -0.579,   -0.010,   -0.010,    0.291,    0.291,    0.010,    0.010
 3375,2020090906,   -0.107,   -0.107,    0.000,    0.000,    0.000,    0.000,    0.050,    0.050,    0.196,    0.196,    0.000,    0.000,    0.000,    0.000,    0.046,    0.046,   -0.578,   -0.578,   -0.015,   -0.015,    0.291,    0.291,    0.008,    0.008
 3375,2020090900,   -0.107,   -0.107,    0.000,    0.000,    0.000,    0.000,    0.051,    0.051,    0.195,    0.195,    0.000,    0.000,    0.000,    0.000,    0.063,    0.063,   -0.590,   -0.590,   -0.014,   -0.014,    0.287,    0.287,    0.009,    0.009
 3375,2020090818,   -0.110,   -0.110,    0.000,    0.000,    0.000,    0.000,    0.051,    0.051,    0.193,    0.193,    0.000,    0.000,    0.000,    0.000,    0.089,    0.089,   -0.594,   -0.594,   -0.017,   -0.017,    0.285,    0.285,    0.007,    0.007
 3375,2020090812,   -0.107,   -0.107,    0.000,    0.000,    0.000,    0.000,    0.053,    0.053,    0.192,    0.192,    0.000,    0.000,    0.000,    0.000,    0.094,    0.094,   -0.595,   -0.595,   -0.009,   -0.009,    0.288,    0.288,    0.010,    0.010
 3375,2020090806,   -0.107,   -0.107,    0.000,    0.000,    0.000,    0.000,    0.054,    0.054,    0.191,    0.191,    0.000,    0.000,    0.000,    0.000,    0.081,    0.081,   -0.610,   -0.610,    0.001,    0.001,    0.284,    0.284,    0.012,    0.012
 3375,2020090800,   -0.106,   -0.106,    0.000,    0.000,    0.000,    0.000,    0.053,    0.053,    0.193,    0.193,    0.000,    0.000,    0.000,    0.000,    0.183,    0.183,   -0.597,   -0.597,   -0.007,   -0.007,    0.291,    0.291,    0.007,    0.007
 3375,2020090718,   -0.109,   -0.109,    0.000,    0.000,    0.000,    0.000,    0.050,    0.050,    0.189,    0.189,    0.000,    0.000,    0.000,    0.000,    0.253,    0.253,   -0.608,   -0.608,   -0.012,   -0.012,    0.284,    0.284,    0.006,    0.006
 3375,2020090712,   -0.108,   -0.108,    0.000,    0.000,    0.000,    0.000,    0.051,    0.051,    0.189,    0.189,    0.000,    0.000,    0.000,    0.000,    1.977,    1.977,   -0.593,   -0.593,   -0.010,   -0.010,    0.292,    0.292,    0.008,    0.008
 3375,2020090706,   -0.112,   -0.112,    0.000,    0.000,    0.000,    0.000,    0.049,    0.049,    0.184,    0.184,    0.000,    0.000,    0.000,    0.000,   -0.038,   -0.038,   -0.611,   -0.611,   -0.009,   -0.009,    0.283,    0.283,    0.009,    0.009
 3375,2020090700,   -0.110,   -0.110,    0.000,    0.000,    0.000,    0.000,    0.049,    0.049,    0.186,    0.186,    0.000,    0.000,    0.000,    0.000,   -0.038,   -0.038,   -0.601,   -0.601,   -0.005,   -0.005,    0.288,    0.288,    0.011,    0.011
 3375,2020090618,   -0.109,   -0.109,    0.000,    0.000,    0.000,    0.000,    0.048,    0.048,    0.187,    0.187,    0.000,    0.000,    0.000,    0.000,   -0.002,   -0.002,   -0.595,   -0.595,   -0.008,   -0.008,    0.291,    0.291,    0.009,    0.009
 3375,2020090612,   -0.107,   -0.107,    0.000,    0.000,    0.000,    0.000,    0.050,    0.050,    0.189,    0.189,    0.000,    0.000,    0.000,    0.000,   -0.000,   -0.000,   -0.600,   -0.600,   -0.007,   -0.007,    0.291,    0.291,    0.010,    0.010
 3375,2020090606,   -0.108,   -0.108,    0.000,    0.000,    0.000,    0.000,    0.049,    0.049,    0.191,    0.191,    0.000,    0.000,    0.000,    0.000,    0.004,    0.004,   -0.597,   -0.597,   -0.004,   -0.004,    0.294,    0.294,    0.011,    0.011
 3375,2020090600,   -0.107,   -0.107,    0.000,    0.000,    0.000,    0.000,    0.044,    0.044,    0.190,    0.190,    0.000,    0.000,    0.000,    0.000,    0.005,    0.005,   -0.584,   -0.584,   -0.007,   -0.007,    0.300,    0.300,    0.009,    0.009
 3375,2020090518,   -0.105,   -0.105,    0.000,    0.000,    0.000,    0.000,    0.044,    0.044,    0.188,    0.188,    0.000,    0.000,    0.000,    0.000,    0.036,    0.036,   -0.583,   -0.583,   -0.003,   -0.003,    0.302,    0.302,    0.011,    0.011
 3375,2020090512,   -0.107,   -0.107,    0.000,    0.000,    0.000,    0.000,    0.043,    0.043,    0.186,    0.186,    0.000,    0.000,    0.000,    0.000,    0.024,    0.024,   -0.574,   -0.574,   -0.012,   -0.012,    0.305,    0.305,    0.008,    0.008
 3375,2020090506,   -0.106,   -0.106,    0.000,    0.000,    0.000,    0.000,    0.044,    0.044,    0.188,    0.188,    0.000,    0.000,    0.000,    0.000,    0.007,    0.007,   -0.586,   -0.586,   -0.012,   -0.012,    0.301,    0.301,    0.007,    0.007
 3375,2020090500,   -0.109,   -0.109,    0.000,    0.000,    0.000,    0.000,    0.043,    0.043,    0.186,    0.186,    0.000,    0.000,    0.000,    0.000,    0.002,    0.002,   -0.611,   -0.611,   -0.004,   -0.004,    0.291,    0.291,    0.009,    0.009
 3375,2020090418,   -0.109,   -0.109,    0.000,    0.000,    0.000,    0.000,    0.041,    0.041,    0.187,    0.187,    0.000,    0.000,    0.000,    0.000,    0.009,    0.009,   -0.605,   -0.605,   -0.003,   -0.003,    0.295,    0.295,    0.008,    0.008
 3375,2020090412,   -0.105,   -0.105,    0.000,    0.000,    0.000,    0.000,    0.041,    0.041,    0.185,    0.185,    0.000,    0.000,    0.000,    0.000,    0.031,    0.031,   -0.609,   -0.609,   -0.003,   -0.003,    0.297,    0.297,    0.010,    0.010
 3375,2020090406,   -0.104,   -0.104,    0.000,    0.000,    0.000,    0.000,    0.040,    0.040,    0.189,    0.189,    0.000,    0.000,    0.000,    0.000,    0.025,    0.025,   -0.619,   -0.619,   -0.005,   -0.005,    0.296,    0.296,    0.008,    0.008
 3375,2020090400,   -0.104,   -0.104,    0.000,    0.000,    0.000,    0.000,    0.042,    0.042,    0.190,    0.190,    0.000,    0.000,    0.000,    0.000,   -0.004,   -0.004,   -0.622,   -0.622,   -0.013,   -0.013,    0.297,    0.297,    0.007,    0.007
 3375,2020090318,   -0.102,   -0.102,    0.000,    0.000,    0.000,    0.000,    0.040,    0.040,    0.191,    0.191,    0.000,    0.000,    0.000,    0.000,    0.040,    0.040,   -0.611,   -0.611,   -0.000,   -0.000,    0.302,    0.302,    0.013,    0.013
 3375,2020090312,   -0.104,   -0.104,    0.000,    0.000,    0.000,    0.000,    0.041,    0.041,    0.189,    0.189,    0.000,    0.000,    0.000,    0.000,    0.036,    0.036,   -0.631,   -0.631,    0.011,    0.011,    0.294,    0.294,    0.016,    0.016
 3375,2020090306,   -0.102,   -0.102,    0.000,    0.000,    0.000,    0.000,    0.041,    0.041,    0.192,    0.192,    0.000,    0.000,    0.000,    0.000,    0.022,    0.022,   -0.625,   -0.625,    0.022,    0.022,    0.300,    0.300,    0.022,    0.022
 3375,2020090300,   -0.101,   -0.101,    0.000,    0.000,    0.000,    0.000,    0.043,    0.043,    0.190,    0.190,    0.000,    0.000,    0.000,    0.000,    0.053,    0.053,   -0.618,   -0.618,    0.022,    0.022,    0.304,    0.304,    0.022,    0.022
 3375,2020090218,   -0.102,   -0.102,    0.000,    0.000,    0.000,    0.000,    0.043,    0.043,    0.190,    0.190,    0.000,    0.000,    0.000,    0.000,    0.031,    0.031,   -0.627,   -0.627,    0.027,    0.027,    0.300,    0.300,    0.024,    0.024
 3375,2020090212,   -0.099,   -0.099,    0.000,    0.000,    0.000,    0.000,    0.044,    0.044,    0.191,    0.191,    0.000,    0.000,    0.000,    0.000,    0.012,    0.012,   -0.618,   -0.618,    0.023,    0.023,    0.306,    0.306,    0.023,    0.023
 3375,2020090206,   -0.099,   -0.099,    0.000,    0.000,    0.000,    0.000,    0.046,    0.046,    0.189,    0.189,    0.000,    0.000,    0.000,    0.000,    0.012,    0.012,   -0.631,   -0.631,    0.017,    0.017,    0.302,    0.302,    0.021,    0.021
 3375,2020090200,   -0.097,   -0.097,    0.000,    0.000,    0.000,    0.000,    0.047,    0.047,    0.190,    0.190,    0.000,    0.000,    0.000,    0.000,    0.016,    0.016,   -0.636,   -0.636,    0.021,    0.021,    0.303,    0.303,    0.021,    0.021
 3375,2020090118,   -0.095,   -0.095,    0.000,    0.000,    0.000,    0.000,    0.051,    0.051,    0.189,    0.189,    0.000,    0.000,    0.000,    0.000,    0.021,    0.021,   -0.639,   -0.639,    0.021,    0.021,    0.303,    0.303,    0.021,    0.021
 3375,2020090112,   -0.097,   -0.097,    0.000,    0.000,    0.000,    0.000,    0.050,    0.050,    0.189,    0.189,    0.000,    0.000,    0.000,    0.000,   -0.009,   -0.009,   -0.656,   -0.656,    0.027,    0.027,    0.297,    0.297,    0.021,    0.021
 3375,2020090106,   -0.094,   -0.094,    0.000,    0.000,    0.000,    0.000,    0.055,    0.055,    0.187,    0.187,    0.000,    0.000,    0.000,    0.000,   -0.019,   -0.019,   -0.643,   -0.643,    0.025,    0.025,    0.304,    0.304,    0.018,    0.018
 3375,2020090100,   -0.097,   -0.097,    0.000,    0.000,    0.000,    0.000,    0.054,    0.054,    0.188,    0.188,    0.000,    0.000,    0.000,    0.000,   -0.021,   -0.021,   -0.646,   -0.646,    0.019,    0.019,    0.304,    0.304,    0.013,    0.013
 3375,2020083118,   -0.095,   -0.095,    0.000,    0.000,    0.000,    0.000,    0.057,    0.057,    0.183,    0.183,    0.000,    0.000,    0.000,    0.000,   -0.041,   -0.041,   -0.629,   -0.629,    0.019,    0.019,    0.311,    0.311,    0.014,    0.014
 3375,2020083112,   -0.096,   -0.096,    0.000,    0.000,    0.000,    0.000,    0.059,    0.059,    0.183,    0.183,    0.000,    0.000,    0.000,    0.000,   -0.093,   -0.093,   -0.636,   -0.636,    0.018,    0.018,    0.308,    0.308,    0.012,    0.012
 3375,2020083106,   -0.097,   -0.097,    0.000,    0.000,    0.000,    0.000,    0.059,    0.059,    0.182,    0.182,    0.000,    0.000,    0.000,    0.000,   -0.087,   -0.087,   -0.636,   -0.636,    0.006,    0.006,    0.309,    0.309,    0.006,    0.006
 3375,2020083100,   -0.099,   -0.099,    0.000,    0.000,    0.000,    0.000,    0.059,    0.059,    0.182,    0.182,    0.000,    0.000,    0.000,    0.000,   -0.086,   -0.086,   -0.649,   -0.649,    0.015,    0.015,    0.303,    0.303,    0.008,    0.008
 3375,2020083018,   -0.098,   -0.098,    0.000,    0.000,    0.000,    0.000,    0.059,    0.059,    0.180,    0.180,    0.000,    0.000,    0.000,    0.000,   -0.074,   -0.074,   -0.633,   -0.633,    0.025,    0.025,    0.311,    0.311,    0.012,    0.012
 3375,2020083012,   -0.101,   -0.101,    0.000,    0.000,    0.000,    0.000,    0.058,    0.058,    0.184,    0.184,    0.000,    0.000,    0.000,    0.000,   -0.045,   -0.045,   -0.634,   -0.634,    0.026,    0.026,    0.308,    0.308,    0.014,    0.014
 3375,2020083006,   -0.102,   -0.102,    0.000,    0.000,    0.000,    0.000,    0.056,    0.056,    0.188,    0.188,    0.000,    0.000,    0.000,    0.000,   -0.012,   -0.012,   -0.638,   -0.638,    0.030,    0.030,    0.308,    0.308,    0.015,    0.015
 3375,2020083000,   -0.102,   -0.102,    0.000,    0.000,    0.000,    0.000,    0.057,    0.057,    0.188,    0.188,    0.000,    0.000,    0.000,    0.000,    0.012,    0.012,   -0.639,   -0.639,    0.036,    0.036,    0.306,    0.306,    0.019,    0.019
