   70,2020092000,    0.304,    0.304,    0.000,    0.000,    0.000,    0.000,   -0.009,   -0.009,   -0.163,   -0.163,    0.000,    0.000,    0.000,    0.000,    0.000,    0.000,   -0.183,   -0.183,   -0.028,   -0.028,    0.212,    0.212,    0.005,    0.005
   70,2020091918,    0.303,    0.303,    0.000,    0.000,    0.000,    0.000,   -0.009,   -0.009,   -0.163,   -0.163,    0.000,    0.000,    0.000,    0.000,    0.000,    0.000,   -0.186,   -0.186,   -0.028,   -0.028,    0.210,    0.210,    0.005,    0.005
   70,2020091912,    0.303,    0.303,    0.000,    0.000,    0.000,    0.000,   -0.009,   -0.009,   -0.163,   -0.163,    0.000,    0.000,    0.000,    0.000,    0.000,    0.000,   -0.184,   -0.184,   -0.026,   -0.026,    0.211,    0.211,    0.006,    0.006
   70,2020091906,    0.301,    0.301,    0.000,    0.000,    0.000,    0.000,   -0.010,   -0.010,   -0.162,   -0.162,    0.000,    0.000,    0.000,    0.000,    0.000,    0.000,   -0.188,   -0.188,   -0.026,   -0.026,    0.208,    0.208,    0.006,    0.006
   70,2020091900,    0.303,    0.303,    0.000,    0.000,    0.000,    0.000,   -0.008,   -0.008,   -0.161,   -0.161,    0.000,    0.000,    0.000,    0.000,    0.000,    0.000,   -0.187,   -0.187,   -0.025,   -0.025,    0.209,    0.209,    0.007,    0.007
   70,2020091818,    0.302,    0.302,    0.000,    0.000,    0.000,    0.000,   -0.008,   -0.008,   -0.160,   -0.160,    0.000,    0.000,    0.000,    0.000,    0.000,    0.000,   -0.186,   -0.186,   -0.026,   -0.026,    0.209,    0.209,    0.006,    0.006
   70,2020091812,    0.301,    0.301,    0.000,    0.000,    0.000,    0.000,   -0.008,   -0.008,   -0.161,   -0.161,    0.000,    0.000,    0.000,    0.000,    0.000,    0.000,   -0.185,   -0.185,   -0.027,   -0.027,    0.209,    0.209,    0.006,    0.006
   70,2020091806,    0.301,    0.301,    0.000,    0.000,    0.000,    0.000,   -0.008,   -0.008,   -0.159,   -0.159,    0.000,    0.000,    0.000,    0.000,    0.000,    0.000,   -0.183,   -0.183,   -0.029,   -0.029,    0.210,    0.210,    0.005,    0.005
   70,2020091800,    0.302,    0.302,    0.000,    0.000,    0.000,    0.000,   -0.006,   -0.006,   -0.158,   -0.158,    0.000,    0.000,    0.000,    0.000,    0.000,    0.000,   -0.183,   -0.183,   -0.030,   -0.030,    0.211,    0.211,    0.005,    0.005
   70,2020091718,    0.300,    0.300,    0.000,    0.000,    0.000,    0.000,   -0.006,   -0.006,   -0.157,   -0.157,    0.000,    0.000,    0.000,    0.000,    0.000,    0.000,   -0.186,   -0.186,   -0.031,   -0.031,    0.209,    0.209,    0.004,    0.004
   70,2020091712,    0.300,    0.300,    0.000,    0.000,    0.000,    0.000,   -0.005,   -0.005,   -0.159,   -0.159,    0.000,    0.000,    0.000,    0.000,    0.000,    0.000,   -0.187,   -0.187,   -0.030,   -0.030,    0.208,    0.208,    0.004,    0.004
   70,2020091706,    0.300,    0.300,    0.000,    0.000,    0.000,    0.000,   -0.004,   -0.004,   -0.156,   -0.156,    0.000,    0.000,    0.000,    0.000,    0.000,    0.000,   -0.186,   -0.186,   -0.032,   -0.032,    0.209,    0.209,    0.003,    0.003
   70,2020091700,    0.300,    0.300,    0.000,    0.000,    0.000,    0.000,   -0.002,   -0.002,   -0.155,   -0.155,    0.000,    0.000,    0.000,    0.000,    0.000,    0.000,   -0.185,   -0.185,   -0.031,   -0.031,    0.209,    0.209,    0.004,    0.004
   70,2020091618,    0.300,    0.300,    0.000,    0.000,    0.000,    0.000,   -0.002,   -0.002,   -0.153,   -0.153,    0.000,    0.000,    0.000,    0.000,    0.000,    0.000,   -0.186,   -0.186,   -0.030,   -0.030,    0.208,    0.208,    0.005,    0.005
   70,2020091612,    0.301,    0.301,    0.000,    0.000,    0.000,    0.000,   -0.001,   -0.001,   -0.152,   -0.152,    0.000,    0.000,    0.000,    0.000,    0.000,    0.000,   -0.187,   -0.187,   -0.030,   -0.030,    0.208,    0.208,    0.005,    0.005
   70,2020091606,    0.300,    0.300,    0.000,    0.000,    0.000,    0.000,   -0.001,   -0.001,   -0.150,   -0.150,    0.000,    0.000,    0.000,    0.000,    0.000,    0.000,   -0.189,   -0.189,   -0.029,   -0.029,    0.206,    0.206,    0.006,    0.006
   70,2020091600,    0.301,    0.301,    0.000,    0.000,    0.000,    0.000,    0.002,    0.002,   -0.151,   -0.151,    0.000,    0.000,    0.000,    0.000,    0.000,    0.000,   -0.186,   -0.186,   -0.029,   -0.029,    0.208,    0.208,    0.007,    0.007
   70,2020091518,    0.301,    0.301,    0.000,    0.000,    0.000,    0.000,    0.004,    0.004,   -0.151,   -0.151,    0.000,    0.000,    0.000,    0.000,    0.000,    0.000,   -0.185,   -0.185,   -0.029,   -0.029,    0.208,    0.208,    0.006,    0.006
   70,2020091512,    0.299,    0.299,    0.000,    0.000,    0.000,    0.000,    0.002,    0.002,   -0.151,   -0.151,    0.000,    0.000,    0.000,    0.000,    0.000,    0.000,   -0.186,   -0.186,   -0.031,   -0.031,    0.207,    0.207,    0.006,    0.006
   70,2020091506,    0.301,    0.301,    0.000,    0.000,    0.000,    0.000,    0.004,    0.004,   -0.151,   -0.151,    0.000,    0.000,    0.000,    0.000,    0.000,    0.000,   -0.186,   -0.186,   -0.032,   -0.032,    0.208,    0.208,    0.005,    0.005
   70,2020091500,    0.302,    0.302,    0.000,    0.000,    0.000,    0.000,    0.004,    0.004,   -0.152,   -0.152,    0.000,    0.000,    0.000,    0.000,    0.000,    0.000,   -0.183,   -0.183,   -0.034,   -0.034,    0.210,    0.210,    0.004,    0.004
   70,2020091418,    0.300,    0.300,    0.000,    0.000,    0.000,    0.000,    0.004,    0.004,   -0.154,   -0.154,    0.000,    0.000,    0.000,    0.000,    0.000,    0.000,   -0.188,   -0.188,   -0.035,   -0.035,    0.207,    0.207,    0.004,    0.004
   70,2020091412,    0.301,    0.301,    0.000,    0.000,    0.000,    0.000,    0.003,    0.003,   -0.154,   -0.154,    0.000,    0.000,    0.000,    0.000,    0.000,    0.000,   -0.188,   -0.188,   -0.037,   -0.037,    0.207,    0.207,    0.004,    0.004
   70,2020091406,    0.300,    0.300,    0.000,    0.000,    0.000,    0.000,    0.002,    0.002,   -0.156,   -0.156,    0.000,    0.000,    0.000,    0.000,    0.000,    0.000,   -0.191,   -0.191,   -0.035,   -0.035,    0.205,    0.205,    0.005,    0.005
   70,2020091400,    0.300,    0.300,    0.000,    0.000,    0.000,    0.000,    0.002,    0.002,   -0.157,   -0.157,    0.000,    0.000,    0.000,    0.000,    0.000,    0.000,   -0.191,   -0.191,   -0.037,   -0.037,    0.205,    0.205,    0.005,    0.005
   70,2020091318,    0.300,    0.300,    0.000,    0.000,    0.000,    0.000,    0.003,    0.003,   -0.155,   -0.155,    0.000,    0.000,    0.000,    0.000,    0.000,    0.000,   -0.196,   -0.196,   -0.036,   -0.036,    0.203,    0.203,    0.005,    0.005
   70,2020091312,    0.299,    0.299,    0.000,    0.000,    0.000,    0.000,    0.002,    0.002,   -0.155,   -0.155,    0.000,    0.000,    0.000,    0.000,    0.000,    0.000,   -0.195,   -0.195,   -0.037,   -0.037,    0.203,    0.203,    0.005,    0.005
   70,2020091306,    0.299,    0.299,    0.000,    0.000,    0.000,    0.000,    0.001,    0.001,   -0.158,   -0.158,    0.000,    0.000,    0.000,    0.000,    0.000,    0.000,   -0.195,   -0.195,   -0.035,   -0.035,    0.203,    0.203,    0.006,    0.006
   70,2020091300,    0.301,    0.301,    0.000,    0.000,    0.000,    0.000,    0.002,    0.002,   -0.159,   -0.159,    0.000,    0.000,    0.000,    0.000,    0.000,    0.000,   -0.190,   -0.190,   -0.036,   -0.036,    0.206,    0.206,    0.005,    0.005
   70,2020091218,    0.299,    0.299,    0.000,    0.000,    0.000,    0.000,   -0.000,   -0.000,   -0.161,   -0.161,    0.000,    0.000,    0.000,    0.000,    0.000,    0.000,   -0.196,   -0.196,   -0.035,   -0.035,    0.202,    0.202,    0.005,    0.005
   70,2020091212,    0.301,    0.301,    0.000,    0.000,    0.000,    0.000,    0.000,    0.000,   -0.160,   -0.160,    0.000,    0.000,    0.000,    0.000,    0.000,    0.000,   -0.195,   -0.195,   -0.034,   -0.034,    0.204,    0.204,    0.006,    0.006
   70,2020091206,    0.302,    0.302,    0.000,    0.000,    0.000,    0.000,    0.000,    0.000,   -0.161,   -0.161,    0.000,    0.000,    0.000,    0.000,    0.000,    0.000,   -0.192,   -0.192,   -0.033,   -0.033,    0.205,    0.205,    0.006,    0.006
   70,2020091200,    0.302,    0.302,    0.000,    0.000,    0.000,    0.000,    0.000,    0.000,   -0.160,   -0.160,    0.000,    0.000,    0.000,    0.000,    0.000,    0.000,   -0.193,   -0.193,   -0.034,   -0.034,    0.205,    0.205,    0.006,    0.006
   70,2020091118,    0.301,    0.301,    0.000,    0.000,    0.000,    0.000,   -0.001,   -0.001,   -0.159,   -0.159,    0.000,    0.000,    0.000,    0.000,    0.000,    0.000,   -0.199,   -0.199,   -0.036,   -0.036,    0.202,    0.202,    0.005,    0.005
   70,2020091112,    0.302,    0.302,    0.000,    0.000,    0.000,    0.000,    0.000,    0.000,   -0.160,   -0.160,    0.000,    0.000,    0.000,    0.000,    0.000,    0.000,   -0.197,   -0.197,   -0.035,   -0.035,    0.203,    0.203,    0.006,    0.006
   70,2020091106,    0.302,    0.302,    0.000,    0.000,    0.000,    0.000,    0.000,    0.000,   -0.160,   -0.160,    0.000,    0.000,    0.000,    0.000,    0.000,    0.000,   -0.195,   -0.195,   -0.038,   -0.038,    0.203,    0.203,    0.005,    0.005
   70,2020091100,    0.304,    0.304,    0.000,    0.000,    0.000,    0.000,    0.001,    0.001,   -0.160,   -0.160,    0.000,    0.000,    0.000,    0.000,    0.000,    0.000,   -0.192,   -0.192,   -0.038,   -0.038,    0.205,    0.205,    0.005,    0.005
   70,2020091018,    0.302,    0.302,    0.000,    0.000,    0.000,    0.000,    0.003,    0.003,   -0.160,   -0.160,    0.000,    0.000,    0.000,    0.000,    0.000,    0.000,   -0.194,   -0.194,   -0.037,   -0.037,    0.203,    0.203,    0.006,    0.006
   70,2020091012,    0.303,    0.303,    0.000,    0.000,    0.000,    0.000,    0.005,    0.005,   -0.159,   -0.159,    0.000,    0.000,    0.000,    0.000,    0.000,    0.000,   -0.192,   -0.192,   -0.036,   -0.036,    0.204,    0.204,    0.007,    0.007
   70,2020091006,    0.303,    0.303,    0.000,    0.000,    0.000,    0.000,    0.005,    0.005,   -0.159,   -0.159,    0.000,    0.000,    0.000,    0.000,    0.000,    0.000,   -0.195,   -0.195,   -0.038,   -0.038,    0.203,    0.203,    0.006,    0.006
   70,2020091000,    0.304,    0.304,    0.000,    0.000,    0.000,    0.000,    0.007,    0.007,   -0.159,   -0.159,    0.000,    0.000,    0.000,    0.000,    0.000,    0.000,   -0.191,   -0.191,   -0.037,   -0.037,    0.205,    0.205,    0.006,    0.006
   70,2020090918,    0.305,    0.305,    0.000,    0.000,    0.000,    0.000,    0.009,    0.009,   -0.161,   -0.161,    0.000,    0.000,    0.000,    0.000,    0.000,    0.000,   -0.189,   -0.189,   -0.037,   -0.037,    0.206,    0.206,    0.007,    0.007
   70,2020090912,    0.305,    0.305,    0.000,    0.000,    0.000,    0.000,    0.010,    0.010,   -0.159,   -0.159,    0.000,    0.000,    0.000,    0.000,    0.000,    0.000,   -0.191,   -0.191,   -0.041,   -0.041,    0.205,    0.205,    0.005,    0.005
   70,2020090906,    0.304,    0.304,    0.000,    0.000,    0.000,    0.000,    0.011,    0.011,   -0.160,   -0.160,    0.000,    0.000,    0.000,    0.000,    0.000,    0.000,   -0.193,   -0.193,   -0.045,   -0.045,    0.204,    0.204,    0.003,    0.003
   70,2020090900,    0.304,    0.304,    0.000,    0.000,    0.000,    0.000,    0.011,    0.011,   -0.161,   -0.161,    0.000,    0.000,    0.000,    0.000,    0.000,    0.000,   -0.196,   -0.196,   -0.043,   -0.043,    0.203,    0.203,    0.005,    0.005
   70,2020090818,    0.304,    0.304,    0.000,    0.000,    0.000,    0.000,    0.012,    0.012,   -0.161,   -0.161,    0.000,    0.000,    0.000,    0.000,    0.000,    0.000,   -0.196,   -0.196,   -0.040,   -0.040,    0.203,    0.203,    0.006,    0.006
   70,2020090812,    0.304,    0.304,    0.000,    0.000,    0.000,    0.000,    0.011,    0.011,   -0.161,   -0.161,    0.000,    0.000,    0.000,    0.000,    0.000,    0.000,   -0.195,   -0.195,   -0.041,   -0.041,    0.203,    0.203,    0.005,    0.005
   70,2020090806,    0.305,    0.305,    0.000,    0.000,    0.000,    0.000,    0.012,    0.012,   -0.160,   -0.160,    0.000,    0.000,    0.000,    0.000,    0.000,    0.000,   -0.197,   -0.197,   -0.044,   -0.044,    0.203,    0.203,    0.005,    0.005
   70,2020090800,    0.306,    0.306,    0.000,    0.000,    0.000,    0.000,    0.013,    0.013,   -0.160,   -0.160,    0.000,    0.000,    0.000,    0.000,    0.000,    0.000,   -0.192,   -0.192,   -0.044,   -0.044,    0.205,    0.205,    0.004,    0.004
   70,2020090718,    0.303,    0.303,    0.000,    0.000,    0.000,    0.000,    0.010,    0.010,   -0.158,   -0.158,    0.000,    0.000,    0.000,    0.000,    0.000,    0.000,   -0.197,   -0.197,   -0.041,   -0.041,    0.201,    0.201,    0.006,    0.006
   70,2020090712,    0.304,    0.304,    0.000,    0.000,    0.000,    0.000,    0.012,    0.012,   -0.157,   -0.157,    0.000,    0.000,    0.000,    0.000,    0.000,    0.000,   -0.194,   -0.194,   -0.039,   -0.039,    0.203,    0.203,    0.007,    0.007
   70,2020090706,    0.307,    0.307,    0.000,    0.000,    0.000,    0.000,    0.014,    0.014,   -0.157,   -0.157,    0.000,    0.000,    0.000,    0.000,    0.000,    0.000,   -0.187,   -0.187,   -0.040,   -0.040,    0.207,    0.207,    0.007,    0.007
   70,2020090700,    0.308,    0.308,    0.000,    0.000,    0.000,    0.000,    0.014,    0.014,   -0.157,   -0.157,    0.000,    0.000,    0.000,    0.000,    0.000,    0.000,   -0.185,   -0.185,   -0.039,   -0.039,    0.209,    0.209,    0.008,    0.008
   70,2020090618,    0.305,    0.305,    0.000,    0.000,    0.000,    0.000,    0.013,    0.013,   -0.158,   -0.158,    0.000,    0.000,    0.000,    0.000,    0.000,    0.000,   -0.189,   -0.189,   -0.038,   -0.038,    0.206,    0.206,    0.008,    0.008
   70,2020090612,    0.306,    0.306,    0.000,    0.000,    0.000,    0.000,    0.014,    0.014,   -0.156,   -0.156,    0.000,    0.000,    0.000,    0.000,    0.000,    0.000,   -0.184,   -0.184,   -0.038,   -0.038,    0.208,    0.208,    0.009,    0.009
   70,2020090606,    0.305,    0.305,    0.000,    0.000,    0.000,    0.000,    0.013,    0.013,   -0.155,   -0.155,    0.000,    0.000,    0.000,    0.000,    0.000,    0.000,   -0.186,   -0.186,   -0.038,   -0.038,    0.207,    0.207,    0.009,    0.009
   70,2020090600,    0.305,    0.305,    0.000,    0.000,    0.000,    0.000,    0.014,    0.014,   -0.155,   -0.155,    0.000,    0.000,    0.000,    0.000,    0.000,    0.000,   -0.185,   -0.185,   -0.038,   -0.038,    0.207,    0.207,    0.009,    0.009
   70,2020090518,    0.304,    0.304,    0.000,    0.000,    0.000,    0.000,    0.012,    0.012,   -0.155,   -0.155,    0.000,    0.000,    0.000,    0.000,    0.000,    0.000,   -0.188,   -0.188,   -0.039,   -0.039,    0.205,    0.205,    0.009,    0.009
   70,2020090512,    0.304,    0.304,    0.000,    0.000,    0.000,    0.000,    0.012,    0.012,   -0.153,   -0.153,    0.000,    0.000,    0.000,    0.000,    0.000,    0.000,   -0.185,   -0.185,   -0.041,   -0.041,    0.207,    0.207,    0.008,    0.008
   70,2020090506,    0.305,    0.305,    0.000,    0.000,    0.000,    0.000,    0.013,    0.013,   -0.151,   -0.151,    0.000,    0.000,    0.000,    0.000,    0.000,    0.000,   -0.180,   -0.180,   -0.041,   -0.041,    0.209,    0.209,    0.008,    0.008
   70,2020090500,    0.304,    0.304,    0.000,    0.000,    0.000,    0.000,    0.014,    0.014,   -0.150,   -0.150,    0.000,    0.000,    0.000,    0.000,    0.000,    0.000,   -0.182,   -0.182,   -0.042,   -0.042,    0.208,    0.208,    0.008,    0.008
   70,2020090418,    0.304,    0.304,    0.000,    0.000,    0.000,    0.000,    0.014,    0.014,   -0.149,   -0.149,    0.000,    0.000,    0.000,    0.000,    0.000,    0.000,   -0.182,   -0.182,   -0.042,   -0.042,    0.208,    0.208,    0.008,    0.008
   70,2020090412,    0.303,    0.303,    0.000,    0.000,    0.000,    0.000,    0.014,    0.014,   -0.147,   -0.147,    0.000,    0.000,    0.000,    0.000,    0.000,    0.000,   -0.184,   -0.184,   -0.043,   -0.043,    0.206,    0.206,    0.007,    0.007
   70,2020090406,    0.305,    0.305,    0.000,    0.000,    0.000,    0.000,    0.014,    0.014,   -0.147,   -0.147,    0.000,    0.000,    0.000,    0.000,    0.000,    0.000,   -0.183,   -0.183,   -0.046,   -0.046,    0.208,    0.208,    0.006,    0.006
   70,2020090400,    0.303,    0.303,    0.000,    0.000,    0.000,    0.000,    0.013,    0.013,   -0.145,   -0.145,    0.000,    0.000,    0.000,    0.000,    0.000,    0.000,   -0.185,   -0.185,   -0.047,   -0.047,    0.205,    0.205,    0.005,    0.005
   70,2020090318,    0.303,    0.303,    0.000,    0.000,    0.000,    0.000,    0.013,    0.013,   -0.145,   -0.145,    0.000,    0.000,    0.000,    0.000,    0.000,    0.000,   -0.186,   -0.186,   -0.049,   -0.049,    0.205,    0.205,    0.004,    0.004
   70,2020090312,    0.303,    0.303,    0.000,    0.000,    0.000,    0.000,    0.014,    0.014,   -0.142,   -0.142,    0.000,    0.000,    0.000,    0.000,    0.000,    0.000,   -0.187,   -0.187,   -0.050,   -0.050,    0.205,    0.205,    0.004,    0.004
   70,2020090306,    0.305,    0.305,    0.000,    0.000,    0.000,    0.000,    0.016,    0.016,   -0.142,   -0.142,    0.000,    0.000,    0.000,    0.000,    0.000,    0.000,   -0.185,   -0.185,   -0.047,   -0.047,    0.207,    0.207,    0.006,    0.006
   70,2020090300,    0.304,    0.304,    0.000,    0.000,    0.000,    0.000,    0.016,    0.016,   -0.141,   -0.141,    0.000,    0.000,    0.000,    0.000,    0.000,    0.000,   -0.185,   -0.185,   -0.044,   -0.044,    0.207,    0.207,    0.007,    0.007
   70,2020090218,    0.302,    0.302,    0.000,    0.000,    0.000,    0.000,    0.015,    0.015,   -0.145,   -0.145,    0.000,    0.000,    0.000,    0.000,    0.000,    0.000,   -0.188,   -0.188,   -0.045,   -0.045,    0.204,    0.204,    0.007,    0.007
   70,2020090212,    0.300,    0.300,    0.000,    0.000,    0.000,    0.000,    0.014,    0.014,   -0.143,   -0.143,    0.000,    0.000,    0.000,    0.000,    0.000,    0.000,   -0.191,   -0.191,   -0.047,   -0.047,    0.202,    0.202,    0.006,    0.006
   70,2020090206,    0.302,    0.302,    0.000,    0.000,    0.000,    0.000,    0.014,    0.014,   -0.144,   -0.144,    0.000,    0.000,    0.000,    0.000,    0.000,    0.000,   -0.191,   -0.191,   -0.047,   -0.047,    0.203,    0.203,    0.006,    0.006
   70,2020090200,    0.302,    0.302,    0.000,    0.000,    0.000,    0.000,    0.016,    0.016,   -0.143,   -0.143,    0.000,    0.000,    0.000,    0.000,    0.000,    0.000,   -0.191,   -0.191,   -0.045,   -0.045,    0.203,    0.203,    0.008,    0.008
   70,2020090118,    0.301,    0.301,    0.000,    0.000,    0.000,    0.000,    0.016,    0.016,   -0.143,   -0.143,    0.000,    0.000,    0.000,    0.000,    0.000,    0.000,   -0.193,   -0.193,   -0.045,   -0.045,    0.201,    0.201,    0.008,    0.008
   70,2020090112,    0.301,    0.301,    0.000,    0.000,    0.000,    0.000,    0.016,    0.016,   -0.142,   -0.142,    0.000,    0.000,    0.000,    0.000,    0.000,    0.000,   -0.193,   -0.193,   -0.045,   -0.045,    0.201,    0.201,    0.009,    0.009
   70,2020090106,    0.302,    0.302,    0.000,    0.000,    0.000,    0.000,    0.018,    0.018,   -0.140,   -0.140,    0.000,    0.000,    0.000,    0.000,    0.000,    0.000,   -0.193,   -0.193,   -0.046,   -0.046,    0.201,    0.201,    0.009,    0.009
   70,2020090100,    0.301,    0.301,    0.000,    0.000,    0.000,    0.000,    0.018,    0.018,   -0.138,   -0.138,    0.000,    0.000,    0.000,    0.000,    0.000,    0.000,   -0.197,   -0.197,   -0.045,   -0.045,    0.200,    0.200,    0.010,    0.010
   70,2020083118,    0.300,    0.300,    0.000,    0.000,    0.000,    0.000,    0.017,    0.017,   -0.136,   -0.136,    0.000,    0.000,    0.000,    0.000,    0.000,    0.000,   -0.203,   -0.203,   -0.046,   -0.046,    0.196,    0.196,    0.010,    0.010
   70,2020083112,    0.301,    0.301,    0.000,    0.000,    0.000,    0.000,    0.020,    0.020,   -0.133,   -0.133,    0.000,    0.000,    0.000,    0.000,    0.000,    0.000,   -0.199,   -0.199,   -0.045,   -0.045,    0.198,    0.198,    0.011,    0.011
   70,2020083106,    0.301,    0.301,    0.000,    0.000,    0.000,    0.000,    0.020,    0.020,   -0.134,   -0.134,    0.000,    0.000,    0.000,    0.000,    0.000,    0.000,   -0.201,   -0.201,   -0.047,   -0.047,    0.197,    0.197,    0.010,    0.010
   70,2020083100,    0.303,    0.303,    0.000,    0.000,    0.000,    0.000,    0.023,    0.023,   -0.133,   -0.133,    0.000,    0.000,    0.000,    0.000,    0.000,    0.000,   -0.201,   -0.201,   -0.048,   -0.048,    0.198,    0.198,    0.010,    0.010
   70,2020083018,    0.301,    0.301,    0.000,    0.000,    0.000,    0.000,    0.022,    0.022,   -0.133,   -0.133,    0.000,    0.000,    0.000,    0.000,    0.000,    0.000,   -0.207,   -0.207,   -0.048,   -0.048,    0.194,    0.194,    0.010,    0.010
   70,2020083012,    0.300,    0.300,    0.000,    0.000,    0.000,    0.000,    0.022,    0.022,   -0.133,   -0.133,    0.000,    0.000,    0.000,    0.000,    0.000,    0.000,   -0.209,   -0.209,   -0.049,   -0.049,    0.193,    0.193,    0.010,    0.010
   70,2020083006,    0.300,    0.300,    0.000,    0.000,    0.000,    0.000,    0.021,    0.021,   -0.137,   -0.137,    0.000,    0.000,    0.000,    0.000,    0.000,    0.000,   -0.210,   -0.210,   -0.052,   -0.052,    0.193,    0.193,    0.008,    0.008
   70,2020083000,    0.303,    0.303,    0.000,    0.000,    0.000,    0.000,    0.023,    0.023,   -0.137,   -0.137,    0.000,    0.000,    0.000,    0.000,    0.000,    0.000,   -0.206,   -0.206,   -0.048,   -0.048,    0.196,    0.196,    0.010,    0.010
