 2094,2020092000,   -0.098,   -0.098,    0.000,    0.000,    0.000,    0.000,    1.275,    1.275,    0.282,    0.282,    0.000,    0.000,    0.000,    0.000,   -0.006,   -0.006,   -0.063,   -0.063,   -0.122,   -0.122,   -0.885,   -0.885,   -0.000,   -0.000
 2094,2020091918,   -0.099,   -0.099,    0.000,    0.000,    0.000,    0.000,    1.244,    1.244,    0.279,    0.279,    0.000,    0.000,    0.000,    0.000,   -0.006,   -0.006,   -0.065,   -0.065,   -0.124,   -0.124,   -0.886,   -0.886,   -0.001,   -0.001
 2094,2020091912,   -0.099,   -0.099,    0.000,    0.000,    0.000,    0.000,    1.241,    1.241,    0.278,    0.278,    0.000,    0.000,    0.000,    0.000,   -0.005,   -0.005,   -0.073,   -0.073,   -0.125,   -0.125,   -0.888,   -0.888,   -0.001,   -0.001
 2094,2020091906,   -0.098,   -0.098,    0.000,    0.000,    0.000,    0.000,    1.230,    1.230,    0.282,    0.282,    0.000,    0.000,    0.000,    0.000,   -0.007,   -0.007,   -0.079,   -0.079,   -0.132,   -0.132,   -0.891,   -0.891,   -0.003,   -0.003
 2094,2020091900,   -0.099,   -0.099,    0.000,    0.000,    0.000,    0.000,    1.196,    1.196,    0.280,    0.280,    0.000,    0.000,    0.000,    0.000,   -0.006,   -0.006,   -0.071,   -0.071,   -0.131,   -0.131,   -0.888,   -0.888,   -0.002,   -0.002
 2094,2020091818,   -0.098,   -0.098,    0.000,    0.000,    0.000,    0.000,    1.243,    1.243,    0.278,    0.278,    0.000,    0.000,    0.000,    0.000,   -0.006,   -0.006,   -0.072,   -0.072,   -0.133,   -0.133,   -0.889,   -0.889,   -0.001,   -0.001
 2094,2020091812,   -0.097,   -0.097,    0.000,    0.000,    0.000,    0.000,    1.248,    1.248,    0.263,    0.263,    0.000,    0.000,    0.000,    0.000,   -0.005,   -0.005,   -0.067,   -0.067,   -0.134,   -0.134,   -0.886,   -0.886,   -0.001,   -0.001
 2094,2020091806,   -0.097,   -0.097,    0.000,    0.000,    0.000,    0.000,    1.248,    1.248,    0.267,    0.267,    0.000,    0.000,    0.000,    0.000,   -0.005,   -0.005,   -0.067,   -0.067,   -0.130,   -0.130,   -0.886,   -0.886,    0.002,    0.002
 2094,2020091800,   -0.096,   -0.096,    0.000,    0.000,    0.000,    0.000,    1.266,    1.266,    0.247,    0.247,    0.000,    0.000,    0.000,    0.000,   -0.004,   -0.004,   -0.072,   -0.072,   -0.128,   -0.128,   -0.888,   -0.888,    0.003,    0.003
 2094,2020091718,   -0.097,   -0.097,    0.000,    0.000,    0.000,    0.000,    1.268,    1.268,    0.247,    0.247,    0.000,    0.000,    0.000,    0.000,   -0.005,   -0.005,   -0.084,   -0.084,   -0.123,   -0.123,   -0.894,   -0.894,    0.006,    0.006
 2094,2020091712,   -0.097,   -0.097,    0.000,    0.000,    0.000,    0.000,    1.268,    1.268,    0.242,    0.242,    0.000,    0.000,    0.000,    0.000,   -0.005,   -0.005,   -0.092,   -0.092,   -0.131,   -0.131,   -0.896,   -0.896,    0.004,    0.004
 2094,2020091706,   -0.096,   -0.096,    0.000,    0.000,    0.000,    0.000,    1.228,    1.228,    0.235,    0.235,    0.000,    0.000,    0.000,    0.000,   -0.005,   -0.005,   -0.090,   -0.090,   -0.129,   -0.129,   -0.896,   -0.896,    0.005,    0.005
 2094,2020091700,   -0.095,   -0.095,    0.000,    0.000,    0.000,    0.000,    1.243,    1.243,    0.237,    0.237,    0.000,    0.000,    0.000,    0.000,   -0.005,   -0.005,   -0.099,   -0.099,   -0.126,   -0.126,   -0.900,   -0.900,    0.006,    0.006
 2094,2020091618,   -0.094,   -0.094,    0.000,    0.000,    0.000,    0.000,    1.231,    1.231,    0.239,    0.239,    0.000,    0.000,    0.000,    0.000,   -0.006,   -0.006,   -0.099,   -0.099,   -0.116,   -0.116,   -0.899,   -0.899,    0.011,    0.011
 2094,2020091612,   -0.094,   -0.094,    0.000,    0.000,    0.000,    0.000,    1.210,    1.210,    0.239,    0.239,    0.000,    0.000,    0.000,    0.000,   -0.006,   -0.006,   -0.103,   -0.103,   -0.117,   -0.117,   -0.900,   -0.900,    0.010,    0.010
 2094,2020091606,   -0.092,   -0.092,    0.000,    0.000,    0.000,    0.000,    1.211,    1.211,    0.245,    0.245,    0.000,    0.000,    0.000,    0.000,   -0.007,   -0.007,   -0.099,   -0.099,   -0.132,   -0.132,   -0.898,   -0.898,    0.004,    0.004
 2094,2020091600,   -0.092,   -0.092,    0.000,    0.000,    0.000,    0.000,    1.210,    1.210,    0.248,    0.248,    0.000,    0.000,    0.000,    0.000,   -0.006,   -0.006,   -0.104,   -0.104,   -0.130,   -0.130,   -0.901,   -0.901,    0.006,    0.006
 2094,2020091518,   -0.089,   -0.089,    0.000,    0.000,    0.000,    0.000,    1.199,    1.199,    0.237,    0.237,    0.000,    0.000,    0.000,    0.000,   -0.005,   -0.005,   -0.093,   -0.093,   -0.124,   -0.124,   -0.895,   -0.895,    0.009,    0.009
 2094,2020091512,   -0.090,   -0.090,    0.000,    0.000,    0.000,    0.000,    1.172,    1.172,    0.247,    0.247,    0.000,    0.000,    0.000,    0.000,   -0.006,   -0.006,   -0.092,   -0.092,   -0.129,   -0.129,   -0.896,   -0.896,    0.007,    0.007
 2094,2020091506,   -0.088,   -0.088,    0.000,    0.000,    0.000,    0.000,    1.164,    1.164,    0.257,    0.257,    0.000,    0.000,    0.000,    0.000,   -0.006,   -0.006,   -0.081,   -0.081,   -0.140,   -0.140,   -0.892,   -0.892,    0.002,    0.002
 2094,2020091500,   -0.090,   -0.090,    0.000,    0.000,    0.000,    0.000,    1.130,    1.130,    0.263,    0.263,    0.000,    0.000,    0.000,    0.000,   -0.006,   -0.006,   -0.073,   -0.073,   -0.145,   -0.145,   -0.891,   -0.891,    0.001,    0.001
 2094,2020091418,   -0.087,   -0.087,    0.000,    0.000,    0.000,    0.000,    1.123,    1.123,    0.264,    0.264,    0.000,    0.000,    0.000,    0.000,   -0.006,   -0.006,   -0.057,   -0.057,   -0.156,   -0.156,   -0.883,   -0.883,   -0.004,   -0.004
 2094,2020091412,   -0.086,   -0.086,    0.000,    0.000,    0.000,    0.000,    1.127,    1.127,    0.261,    0.261,    0.000,    0.000,    0.000,    0.000,   -0.005,   -0.005,   -0.071,   -0.071,   -0.159,   -0.159,   -0.889,   -0.889,   -0.005,   -0.005
 2094,2020091406,   -0.086,   -0.086,    0.000,    0.000,    0.000,    0.000,    1.111,    1.111,    0.263,    0.263,    0.000,    0.000,    0.000,    0.000,   -0.005,   -0.005,   -0.072,   -0.072,   -0.161,   -0.161,   -0.888,   -0.888,   -0.008,   -0.008
 2094,2020091400,   -0.087,   -0.087,    0.000,    0.000,    0.000,    0.000,    1.108,    1.108,    0.273,    0.273,    0.000,    0.000,    0.000,    0.000,   -0.006,   -0.006,   -0.079,   -0.079,   -0.155,   -0.155,   -0.893,   -0.893,   -0.006,   -0.006
 2094,2020091318,   -0.087,   -0.087,    0.000,    0.000,    0.000,    0.000,    1.091,    1.091,    0.274,    0.274,    0.000,    0.000,    0.000,    0.000,   -0.005,   -0.005,   -0.084,   -0.084,   -0.166,   -0.166,   -0.894,   -0.894,   -0.010,   -0.010
 2094,2020091312,   -0.087,   -0.087,    0.000,    0.000,    0.000,    0.000,    1.096,    1.096,    0.274,    0.274,    0.000,    0.000,    0.000,    0.000,   -0.005,   -0.005,   -0.097,   -0.097,   -0.163,   -0.163,   -0.899,   -0.899,   -0.009,   -0.009
 2094,2020091306,   -0.089,   -0.089,    0.000,    0.000,    0.000,    0.000,    1.030,    1.030,    0.277,    0.277,    0.000,    0.000,    0.000,    0.000,   -0.005,   -0.005,   -0.113,   -0.113,   -0.163,   -0.163,   -0.907,   -0.907,   -0.008,   -0.008
 2094,2020091300,   -0.089,   -0.089,    0.000,    0.000,    0.000,    0.000,    0.988,    0.988,    0.273,    0.273,    0.000,    0.000,    0.000,    0.000,   -0.005,   -0.005,   -0.119,   -0.119,   -0.160,   -0.160,   -0.910,   -0.910,   -0.006,   -0.006
 2094,2020091218,   -0.088,   -0.088,    0.000,    0.000,    0.000,    0.000,    0.980,    0.980,    0.268,    0.268,    0.000,    0.000,    0.000,    0.000,   -0.006,   -0.006,   -0.109,   -0.109,   -0.154,   -0.154,   -0.906,   -0.906,   -0.003,   -0.003
 2094,2020091212,   -0.087,   -0.087,    0.000,    0.000,    0.000,    0.000,    0.998,    0.998,    0.266,    0.266,    0.000,    0.000,    0.000,    0.000,   -0.005,   -0.005,   -0.115,   -0.115,   -0.155,   -0.155,   -0.908,   -0.908,   -0.003,   -0.003
 2094,2020091206,   -0.087,   -0.087,    0.000,    0.000,    0.000,    0.000,    0.968,    0.968,    0.263,    0.263,    0.000,    0.000,    0.000,    0.000,   -0.005,   -0.005,   -0.111,   -0.111,   -0.142,   -0.142,   -0.907,   -0.907,    0.001,    0.001
 2094,2020091200,   -0.086,   -0.086,    0.000,    0.000,    0.000,    0.000,    0.995,    0.995,    0.270,    0.270,    0.000,    0.000,    0.000,    0.000,   -0.005,   -0.005,   -0.106,   -0.106,   -0.140,   -0.140,   -0.905,   -0.905,    0.003,    0.003
 2094,2020091118,   -0.084,   -0.084,    0.000,    0.000,    0.000,    0.000,    0.967,    0.967,    0.266,    0.266,    0.000,    0.000,    0.000,    0.000,   -0.005,   -0.005,   -0.097,   -0.097,   -0.130,   -0.130,   -0.900,   -0.900,    0.007,    0.007
 2094,2020091112,   -0.084,   -0.084,    0.000,    0.000,    0.000,    0.000,    0.951,    0.951,    0.263,    0.263,    0.000,    0.000,    0.000,    0.000,   -0.006,   -0.006,   -0.099,   -0.099,   -0.134,   -0.134,   -0.902,   -0.902,    0.003,    0.003
 2094,2020091106,   -0.082,   -0.082,    0.000,    0.000,    0.000,    0.000,    0.958,    0.958,    0.264,    0.264,    0.000,    0.000,    0.000,    0.000,   -0.005,   -0.005,   -0.093,   -0.093,   -0.139,   -0.139,   -0.898,   -0.898,    0.001,    0.001
 2094,2020091100,   -0.083,   -0.083,    0.000,    0.000,    0.000,    0.000,    0.919,    0.919,    0.268,    0.268,    0.000,    0.000,    0.000,    0.000,   -0.006,   -0.006,   -0.105,   -0.105,   -0.136,   -0.136,   -0.904,   -0.904,    0.001,    0.001
 2094,2020091018,   -0.081,   -0.081,    0.000,    0.000,    0.000,    0.000,    0.875,    0.875,    0.269,    0.269,    0.000,    0.000,    0.000,    0.000,   -0.005,   -0.005,   -0.090,   -0.090,   -0.133,   -0.133,   -0.897,   -0.897,    0.004,    0.004
 2094,2020091012,   -0.081,   -0.081,    0.000,    0.000,    0.000,    0.000,    0.874,    0.874,    0.275,    0.275,    0.000,    0.000,    0.000,    0.000,   -0.006,   -0.006,   -0.093,   -0.093,   -0.144,   -0.144,   -0.898,   -0.898,    0.001,    0.001
 2094,2020091006,   -0.080,   -0.080,    0.000,    0.000,    0.000,    0.000,    0.820,    0.820,    0.276,    0.276,    0.000,    0.000,    0.000,    0.000,   -0.006,   -0.006,   -0.090,   -0.090,   -0.144,   -0.144,   -0.898,   -0.898,    0.001,    0.001
 2094,2020091000,   -0.081,   -0.081,    0.000,    0.000,    0.000,    0.000,    0.798,    0.798,    0.291,    0.291,    0.000,    0.000,    0.000,    0.000,   -0.006,   -0.006,   -0.089,   -0.089,   -0.133,   -0.133,   -0.898,   -0.898,    0.006,    0.006
 2094,2020090918,   -0.077,   -0.077,    0.000,    0.000,    0.000,    0.000,    0.776,    0.776,    0.289,    0.289,    0.000,    0.000,    0.000,    0.000,   -0.005,   -0.005,   -0.064,   -0.064,   -0.138,   -0.138,   -0.887,   -0.887,    0.006,    0.006
 2094,2020090912,   -0.075,   -0.075,    0.000,    0.000,    0.000,    0.000,    0.780,    0.780,    0.290,    0.290,    0.000,    0.000,    0.000,    0.000,   -0.004,   -0.004,   -0.066,   -0.066,   -0.140,   -0.140,   -0.887,   -0.887,    0.006,    0.006
 2094,2020090906,   -0.076,   -0.076,    0.000,    0.000,    0.000,    0.000,    0.760,    0.760,    0.287,    0.287,    0.000,    0.000,    0.000,    0.000,   -0.005,   -0.005,   -0.071,   -0.071,   -0.149,   -0.149,   -0.891,   -0.891,    0.002,    0.002
 2094,2020090900,   -0.077,   -0.077,    0.000,    0.000,    0.000,    0.000,    0.731,    0.731,    0.285,    0.285,    0.000,    0.000,    0.000,    0.000,   -0.005,   -0.005,   -0.081,   -0.081,   -0.145,   -0.145,   -0.896,   -0.896,    0.004,    0.004
 2094,2020090818,   -0.075,   -0.075,    0.000,    0.000,    0.000,    0.000,    0.703,    0.703,    0.275,    0.275,    0.000,    0.000,    0.000,    0.000,   -0.004,   -0.004,   -0.073,   -0.073,   -0.160,   -0.160,   -0.892,   -0.892,   -0.000,   -0.000
 2094,2020090812,   -0.074,   -0.074,    0.000,    0.000,    0.000,    0.000,    0.749,    0.749,    0.278,    0.278,    0.000,    0.000,    0.000,    0.000,   -0.003,   -0.003,   -0.069,   -0.069,   -0.157,   -0.157,   -0.889,   -0.889,    0.001,    0.001
 2094,2020090806,   -0.075,   -0.075,    0.000,    0.000,    0.000,    0.000,    0.711,    0.711,    0.290,    0.290,    0.000,    0.000,    0.000,    0.000,   -0.003,   -0.003,   -0.071,   -0.071,   -0.164,   -0.164,   -0.892,   -0.892,   -0.001,   -0.001
 2094,2020090800,   -0.072,   -0.072,    0.000,    0.000,    0.000,    0.000,    0.717,    0.717,    0.289,    0.289,    0.000,    0.000,    0.000,    0.000,   -0.001,   -0.001,   -0.044,   -0.044,   -0.165,   -0.165,   -0.881,   -0.881,   -0.002,   -0.002
 2094,2020090718,   -0.073,   -0.073,    0.000,    0.000,    0.000,    0.000,    0.716,    0.716,    0.303,    0.303,    0.000,    0.000,    0.000,    0.000,   -0.003,   -0.003,   -0.032,   -0.032,   -0.151,   -0.151,   -0.879,   -0.879,    0.004,    0.004
 2094,2020090712,   -0.074,   -0.074,    0.000,    0.000,    0.000,    0.000,    0.713,    0.713,    0.313,    0.313,    0.000,    0.000,    0.000,    0.000,   -0.004,   -0.004,   -0.027,   -0.027,   -0.153,   -0.153,   -0.878,   -0.878,    0.005,    0.005
 2094,2020090706,   -0.077,   -0.077,    0.000,    0.000,    0.000,    0.000,    0.691,    0.691,    0.326,    0.326,    0.000,    0.000,    0.000,    0.000,   -0.005,   -0.005,   -0.037,   -0.037,   -0.144,   -0.144,   -0.885,   -0.885,    0.008,    0.008
 2094,2020090700,   -0.077,   -0.077,    0.000,    0.000,    0.000,    0.000,    0.690,    0.690,    0.329,    0.329,    0.000,    0.000,    0.000,    0.000,   -0.004,   -0.004,   -0.039,   -0.039,   -0.148,   -0.148,   -0.885,   -0.885,    0.006,    0.006
 2094,2020090618,   -0.080,   -0.080,    0.000,    0.000,    0.000,    0.000,    0.624,    0.624,    0.330,    0.330,    0.000,    0.000,    0.000,    0.000,   -0.006,   -0.006,   -0.051,   -0.051,   -0.144,   -0.144,   -0.892,   -0.892,    0.008,    0.008
 2094,2020090612,   -0.081,   -0.081,    0.000,    0.000,    0.000,    0.000,    0.590,    0.590,    0.334,    0.334,    0.000,    0.000,    0.000,    0.000,   -0.005,   -0.005,   -0.054,   -0.054,   -0.147,   -0.147,   -0.894,   -0.894,    0.007,    0.007
 2094,2020090606,   -0.081,   -0.081,    0.000,    0.000,    0.000,    0.000,    0.568,    0.568,    0.335,    0.335,    0.000,    0.000,    0.000,    0.000,   -0.004,   -0.004,   -0.059,   -0.059,   -0.156,   -0.156,   -0.896,   -0.896,    0.002,    0.002
 2094,2020090600,   -0.081,   -0.081,    0.000,    0.000,    0.000,    0.000,    0.538,    0.538,    0.343,    0.343,    0.000,    0.000,    0.000,    0.000,   -0.005,   -0.005,   -0.055,   -0.055,   -0.152,   -0.152,   -0.895,   -0.895,    0.004,    0.004
 2094,2020090518,   -0.078,   -0.078,    0.000,    0.000,    0.000,    0.000,    0.572,    0.572,    0.349,    0.349,    0.000,    0.000,    0.000,    0.000,   -0.004,   -0.004,   -0.049,   -0.049,   -0.156,   -0.156,   -0.892,   -0.892,    0.003,    0.003
 2094,2020090512,   -0.077,   -0.077,    0.000,    0.000,    0.000,    0.000,    0.599,    0.599,    0.345,    0.345,    0.000,    0.000,    0.000,    0.000,   -0.004,   -0.004,   -0.052,   -0.052,   -0.163,   -0.163,   -0.892,   -0.892,    0.002,    0.002
 2094,2020090506,   -0.076,   -0.076,    0.000,    0.000,    0.000,    0.000,    0.567,    0.567,    0.344,    0.344,    0.000,    0.000,    0.000,    0.000,   -0.004,   -0.004,   -0.042,   -0.042,   -0.165,   -0.165,   -0.888,   -0.888,    0.002,    0.002
 2094,2020090500,   -0.077,   -0.077,    0.000,    0.000,    0.000,    0.000,    0.544,    0.544,    0.343,    0.343,    0.000,    0.000,    0.000,    0.000,   -0.004,   -0.004,   -0.043,   -0.043,   -0.160,   -0.160,   -0.889,   -0.889,    0.004,    0.004
 2094,2020090418,   -0.074,   -0.074,    0.000,    0.000,    0.000,    0.000,    0.497,    0.497,    0.327,    0.327,    0.000,    0.000,    0.000,    0.000,   -0.003,   -0.003,   -0.030,   -0.030,   -0.162,   -0.162,   -0.884,   -0.884,    0.002,    0.002
 2094,2020090412,   -0.075,   -0.075,    0.000,    0.000,    0.000,    0.000,    0.470,    0.470,    0.307,    0.307,    0.000,    0.000,    0.000,    0.000,   -0.002,   -0.002,   -0.043,   -0.043,   -0.157,   -0.157,   -0.889,   -0.889,    0.005,    0.005
 2094,2020090406,   -0.073,   -0.073,    0.000,    0.000,    0.000,    0.000,    0.503,    0.503,    0.308,    0.308,    0.000,    0.000,    0.000,    0.000,   -0.002,   -0.002,   -0.038,   -0.038,   -0.160,   -0.160,   -0.886,   -0.886,    0.004,    0.004
 2094,2020090400,   -0.074,   -0.074,    0.000,    0.000,    0.000,    0.000,    0.463,    0.463,    0.300,    0.300,    0.000,    0.000,    0.000,    0.000,   -0.003,   -0.003,   -0.045,   -0.045,   -0.160,   -0.160,   -0.890,   -0.890,    0.005,    0.005
 2094,2020090318,   -0.073,   -0.073,    0.000,    0.000,    0.000,    0.000,    0.457,    0.457,    0.300,    0.300,    0.000,    0.000,    0.000,    0.000,   -0.002,   -0.002,   -0.040,   -0.040,   -0.154,   -0.154,   -0.888,   -0.888,    0.009,    0.009
 2094,2020090312,   -0.073,   -0.073,    0.000,    0.000,    0.000,    0.000,    0.461,    0.461,    0.305,    0.305,    0.000,    0.000,    0.000,    0.000,   -0.003,   -0.003,   -0.037,   -0.037,   -0.167,   -0.167,   -0.888,   -0.888,    0.004,    0.004
 2094,2020090306,   -0.074,   -0.074,    0.000,    0.000,    0.000,    0.000,    0.431,    0.431,    0.300,    0.300,    0.000,    0.000,    0.000,    0.000,   -0.003,   -0.003,   -0.042,   -0.042,   -0.166,   -0.166,   -0.891,   -0.891,    0.005,    0.005
 2094,2020090300,   -0.075,   -0.075,    0.000,    0.000,    0.000,    0.000,    0.416,    0.416,    0.300,    0.300,    0.000,    0.000,    0.000,    0.000,   -0.003,   -0.003,   -0.045,   -0.045,   -0.165,   -0.165,   -0.893,   -0.893,    0.005,    0.005
 2094,2020090218,   -0.073,   -0.073,    0.000,    0.000,    0.000,    0.000,    0.400,    0.400,    0.290,    0.290,    0.000,    0.000,    0.000,    0.000,   -0.003,   -0.003,   -0.031,   -0.031,   -0.157,   -0.157,   -0.887,   -0.887,    0.009,    0.009
 2094,2020090212,   -0.074,   -0.074,    0.000,    0.000,    0.000,    0.000,    0.390,    0.390,    0.297,    0.297,    0.000,    0.000,    0.000,    0.000,   -0.004,   -0.004,   -0.038,   -0.038,   -0.160,   -0.160,   -0.890,   -0.890,    0.009,    0.009
 2094,2020090206,   -0.074,   -0.074,    0.000,    0.000,    0.000,    0.000,    0.348,    0.348,    0.293,    0.293,    0.000,    0.000,    0.000,    0.000,   -0.004,   -0.004,   -0.044,   -0.044,   -0.157,   -0.157,   -0.893,   -0.893,    0.010,    0.010
 2094,2020090200,   -0.072,   -0.072,    0.000,    0.000,    0.000,    0.000,    0.348,    0.348,    0.288,    0.288,    0.000,    0.000,    0.000,    0.000,   -0.004,   -0.004,   -0.044,   -0.044,   -0.165,   -0.165,   -0.892,   -0.892,    0.006,    0.006
 2094,2020090118,   -0.070,   -0.070,    0.000,    0.000,    0.000,    0.000,    0.327,    0.327,    0.269,    0.269,    0.000,    0.000,    0.000,    0.000,   -0.003,   -0.003,   -0.047,   -0.047,   -0.153,   -0.153,   -0.892,   -0.892,    0.012,    0.012
 2094,2020090112,   -0.072,   -0.072,    0.000,    0.000,    0.000,    0.000,    0.307,    0.307,    0.294,    0.294,    0.000,    0.000,    0.000,    0.000,   -0.004,   -0.004,   -0.055,   -0.055,   -0.160,   -0.160,   -0.897,   -0.897,    0.010,    0.010
 2094,2020090106,   -0.071,   -0.071,    0.000,    0.000,    0.000,    0.000,    0.333,    0.333,    0.291,    0.291,    0.000,    0.000,    0.000,    0.000,   -0.004,   -0.004,   -0.058,   -0.058,   -0.163,   -0.163,   -0.898,   -0.898,    0.009,    0.009
 2094,2020090100,   -0.070,   -0.070,    0.000,    0.000,    0.000,    0.000,    0.360,    0.360,    0.298,    0.298,    0.000,    0.000,    0.000,    0.000,   -0.004,   -0.004,   -0.047,   -0.047,   -0.165,   -0.165,   -0.894,   -0.894,    0.010,    0.010
 2094,2020083118,   -0.069,   -0.069,    0.000,    0.000,    0.000,    0.000,    0.339,    0.339,    0.276,    0.276,    0.000,    0.000,    0.000,    0.000,   -0.003,   -0.003,   -0.043,   -0.043,   -0.164,   -0.164,   -0.891,   -0.891,    0.011,    0.011
 2094,2020083112,   -0.070,   -0.070,    0.000,    0.000,    0.000,    0.000,    0.328,    0.328,    0.285,    0.285,    0.000,    0.000,    0.000,    0.000,   -0.004,   -0.004,   -0.055,   -0.055,   -0.160,   -0.160,   -0.897,   -0.897,    0.012,    0.012
 2094,2020083106,   -0.069,   -0.069,    0.000,    0.000,    0.000,    0.000,    0.329,    0.329,    0.265,    0.265,    0.000,    0.000,    0.000,    0.000,   -0.003,   -0.003,   -0.043,   -0.043,   -0.160,   -0.160,   -0.893,   -0.893,    0.011,    0.011
 2094,2020083100,   -0.070,   -0.070,    0.000,    0.000,    0.000,    0.000,    0.287,    0.287,    0.272,    0.272,    0.000,    0.000,    0.000,    0.000,   -0.005,   -0.005,   -0.050,   -0.050,   -0.151,   -0.151,   -0.895,   -0.895,    0.014,    0.014
 2094,2020083018,   -0.069,   -0.069,    0.000,    0.000,    0.000,    0.000,    0.254,    0.254,    0.257,    0.257,    0.000,    0.000,    0.000,    0.000,   -0.003,   -0.003,   -0.053,   -0.053,   -0.146,   -0.146,   -0.895,   -0.895,    0.016,    0.016
 2094,2020083012,   -0.070,   -0.070,    0.000,    0.000,    0.000,    0.000,    0.212,    0.212,    0.267,    0.267,    0.000,    0.000,    0.000,    0.000,   -0.004,   -0.004,   -0.054,   -0.054,   -0.137,   -0.137,   -0.896,   -0.896,    0.018,    0.018
 2094,2020083006,   -0.071,   -0.071,    0.000,    0.000,    0.000,    0.000,    0.184,    0.184,    0.260,    0.260,    0.000,    0.000,    0.000,    0.000,   -0.004,   -0.004,   -0.056,   -0.056,   -0.128,   -0.128,   -0.897,   -0.897,    0.021,    0.021
 2094,2020083000,   -0.071,   -0.071,    0.000,    0.000,    0.000,    0.000,    0.141,    0.141,    0.255,    0.255,    0.000,    0.000,    0.000,    0.000,   -0.005,   -0.005,   -0.055,   -0.055,   -0.122,   -0.122,   -0.896,   -0.896,    0.023,    0.023
