 7089,2020092000,    0.070,    0.070,    0.000,    0.000,    0.000,    0.000,    0.004,    0.004,   -0.428,   -0.428,    0.000,    0.000,    0.000,    0.000,    0.011,    0.011,    0.348,    0.348,    0.065,    0.065,   -0.052,   -0.052,    0.010,    0.010
 7089,2020091918,    0.069,    0.069,    0.000,    0.000,    0.000,    0.000,    0.000,    0.000,   -0.437,   -0.437,    0.000,    0.000,    0.000,    0.000,    0.013,    0.013,    0.335,    0.335,    0.067,    0.067,   -0.059,   -0.059,    0.010,    0.010
 7089,2020091912,    0.064,    0.064,    0.000,    0.000,    0.000,    0.000,   -0.100,   -0.100,   -0.434,   -0.434,    0.000,    0.000,    0.000,    0.000,    0.012,    0.012,    0.333,    0.333,    0.076,    0.076,   -0.063,   -0.063,    0.014,    0.014
 7089,2020091906,    0.070,    0.070,    0.000,    0.000,    0.000,    0.000,   -0.082,   -0.082,   -0.419,   -0.419,    0.000,    0.000,    0.000,    0.000,    0.012,    0.012,    0.347,    0.347,    0.072,    0.072,   -0.052,   -0.052,    0.013,    0.013
 7089,2020091900,    0.069,    0.069,    0.000,    0.000,    0.000,    0.000,   -0.075,   -0.075,   -0.419,   -0.419,    0.000,    0.000,    0.000,    0.000,    0.011,    0.011,    0.352,    0.352,    0.058,    0.058,   -0.051,   -0.051,    0.008,    0.008
 7089,2020091818,    0.066,    0.066,    0.000,    0.000,    0.000,    0.000,   -0.159,   -0.159,   -0.426,   -0.426,    0.000,    0.000,    0.000,    0.000,    0.012,    0.012,    0.337,    0.337,    0.051,    0.051,   -0.058,   -0.058,    0.009,    0.009
 7089,2020091812,    0.063,    0.063,    0.000,    0.000,    0.000,    0.000,   -0.133,   -0.133,   -0.464,   -0.464,    0.000,    0.000,    0.000,    0.000,    0.012,    0.012,    0.306,    0.306,    0.036,    0.036,   -0.074,   -0.074,    0.002,    0.002
 7089,2020091806,    0.068,    0.068,    0.000,    0.000,    0.000,    0.000,   -0.092,   -0.092,   -0.448,   -0.448,    0.000,    0.000,    0.000,    0.000,    0.012,    0.012,    0.326,    0.326,    0.034,    0.034,   -0.065,   -0.065,    0.002,    0.002
 7089,2020091800,    0.071,    0.071,    0.000,    0.000,    0.000,    0.000,   -0.102,   -0.102,   -0.455,   -0.455,    0.000,    0.000,    0.000,    0.000,    0.012,    0.012,    0.330,    0.330,    0.036,    0.036,   -0.061,   -0.061,    0.002,    0.002
 7089,2020091718,    0.071,    0.071,    0.000,    0.000,    0.000,    0.000,   -0.145,   -0.145,   -0.447,   -0.447,    0.000,    0.000,    0.000,    0.000,    0.014,    0.014,    0.323,    0.323,    0.035,    0.035,   -0.064,   -0.064,    0.000,    0.000
 7089,2020091712,    0.069,    0.069,    0.000,    0.000,    0.000,    0.000,   -0.248,   -0.248,   -0.452,   -0.452,    0.000,    0.000,    0.000,    0.000,    0.014,    0.014,    0.321,    0.321,    0.031,    0.031,   -0.068,   -0.068,   -0.001,   -0.001
 7089,2020091706,    0.070,    0.070,    0.000,    0.000,    0.000,    0.000,   -0.264,   -0.264,   -0.428,   -0.428,    0.000,    0.000,    0.000,    0.000,    0.015,    0.015,    0.327,    0.327,    0.024,    0.024,   -0.064,   -0.064,   -0.003,   -0.003
 7089,2020091700,    0.074,    0.074,    0.000,    0.000,    0.000,    0.000,   -0.246,   -0.246,   -0.419,   -0.419,    0.000,    0.000,    0.000,    0.000,    0.015,    0.015,    0.353,    0.353,    0.017,    0.017,   -0.054,   -0.054,   -0.004,   -0.004
 7089,2020091618,    0.071,    0.071,    0.000,    0.000,    0.000,    0.000,   -0.308,   -0.308,   -0.406,   -0.406,    0.000,    0.000,    0.000,    0.000,    0.015,    0.015,    0.326,    0.326,    0.021,    0.021,   -0.066,   -0.066,   -0.003,   -0.003
 7089,2020091612,    0.070,    0.070,    0.000,    0.000,    0.000,    0.000,   -0.305,   -0.305,   -0.422,   -0.422,    0.000,    0.000,    0.000,    0.000,    0.015,    0.015,    0.317,    0.317,    0.015,    0.015,   -0.070,   -0.070,   -0.003,   -0.003
 7089,2020091606,    0.067,    0.067,    0.000,    0.000,    0.000,    0.000,   -0.408,   -0.408,   -0.390,   -0.390,    0.000,    0.000,    0.000,    0.000,    0.013,    0.013,    0.305,    0.305,    0.023,    0.023,   -0.078,   -0.078,    0.001,    0.001
 7089,2020091600,    0.072,    0.072,    0.000,    0.000,    0.000,    0.000,   -0.405,   -0.405,   -0.384,   -0.384,    0.000,    0.000,    0.000,    0.000,    0.014,    0.014,    0.339,    0.339,    0.014,    0.014,   -0.062,   -0.062,   -0.004,   -0.004
 7089,2020091518,    0.071,    0.071,    0.000,    0.000,    0.000,    0.000,   -0.344,   -0.344,   -0.406,   -0.406,    0.000,    0.000,    0.000,    0.000,    0.015,    0.015,    0.335,    0.335,    0.032,    0.032,   -0.065,   -0.065,    0.001,    0.001
 7089,2020091512,    0.070,    0.070,    0.000,    0.000,    0.000,    0.000,   -0.282,   -0.282,   -0.445,   -0.445,    0.000,    0.000,    0.000,    0.000,    0.015,    0.015,    0.331,    0.331,    0.047,    0.047,   -0.066,   -0.066,    0.007,    0.007
 7089,2020091506,    0.069,    0.069,    0.000,    0.000,    0.000,    0.000,   -0.325,   -0.325,   -0.427,   -0.427,    0.000,    0.000,    0.000,    0.000,    0.014,    0.014,    0.327,    0.327,    0.057,    0.057,   -0.069,   -0.069,    0.012,    0.012
 7089,2020091500,    0.074,    0.074,    0.000,    0.000,    0.000,    0.000,   -0.271,   -0.271,   -0.419,   -0.419,    0.000,    0.000,    0.000,    0.000,    0.015,    0.015,    0.346,    0.346,    0.039,    0.039,   -0.059,   -0.059,    0.004,    0.004
 7089,2020091418,    0.072,    0.072,    0.000,    0.000,    0.000,    0.000,   -0.322,   -0.322,   -0.405,   -0.405,    0.000,    0.000,    0.000,    0.000,    0.017,    0.017,    0.352,    0.352,    0.045,    0.045,   -0.059,   -0.059,    0.006,    0.006
 7089,2020091412,    0.070,    0.070,    0.000,    0.000,    0.000,    0.000,   -0.373,   -0.373,   -0.405,   -0.405,    0.000,    0.000,    0.000,    0.000,    0.017,    0.017,    0.371,    0.371,    0.055,    0.055,   -0.055,   -0.055,    0.010,    0.010
 7089,2020091406,    0.073,    0.073,    0.000,    0.000,    0.000,    0.000,   -0.377,   -0.377,   -0.389,   -0.389,    0.000,    0.000,    0.000,    0.000,    0.016,    0.016,    0.363,    0.363,    0.070,    0.070,   -0.058,   -0.058,    0.018,    0.018
 7089,2020091400,    0.070,    0.070,    0.000,    0.000,    0.000,    0.000,   -0.378,   -0.378,   -0.385,   -0.385,    0.000,    0.000,    0.000,    0.000,    0.015,    0.015,    0.348,    0.348,    0.076,    0.076,   -0.068,   -0.068,    0.019,    0.019
 7089,2020091318,    0.068,    0.068,    0.000,    0.000,    0.000,    0.000,   -0.404,   -0.404,   -0.379,   -0.379,    0.000,    0.000,    0.000,    0.000,    0.016,    0.016,    0.355,    0.355,    0.082,    0.082,   -0.066,   -0.066,    0.022,    0.022
 7089,2020091312,    0.065,    0.065,    0.000,    0.000,    0.000,    0.000,   -0.410,   -0.410,   -0.395,   -0.395,    0.000,    0.000,    0.000,    0.000,    0.015,    0.015,    0.351,    0.351,    0.082,    0.082,   -0.070,   -0.070,    0.022,    0.022
 7089,2020091306,    0.066,    0.066,    0.000,    0.000,    0.000,    0.000,   -0.361,   -0.361,   -0.369,   -0.369,    0.000,    0.000,    0.000,    0.000,    0.014,    0.014,    0.359,    0.359,    0.085,    0.085,   -0.065,   -0.065,    0.022,    0.022
 7089,2020091300,    0.063,    0.063,    0.000,    0.000,    0.000,    0.000,   -0.378,   -0.378,   -0.371,   -0.371,    0.000,    0.000,    0.000,    0.000,    0.014,    0.014,    0.357,    0.357,    0.082,    0.082,   -0.069,   -0.069,    0.020,    0.020
 7089,2020091218,    0.063,    0.063,    0.000,    0.000,    0.000,    0.000,   -0.309,   -0.309,   -0.401,   -0.401,    0.000,    0.000,    0.000,    0.000,    0.015,    0.015,    0.368,    0.368,    0.087,    0.087,   -0.065,   -0.065,    0.022,    0.022
 7089,2020091212,    0.057,    0.057,    0.000,    0.000,    0.000,    0.000,   -0.348,   -0.348,   -0.410,   -0.410,    0.000,    0.000,    0.000,    0.000,    0.013,    0.013,    0.336,    0.336,    0.086,    0.086,   -0.082,   -0.082,    0.018,    0.018
 7089,2020091206,    0.061,    0.061,    0.000,    0.000,    0.000,    0.000,   -0.317,   -0.317,   -0.389,   -0.389,    0.000,    0.000,    0.000,    0.000,    0.014,    0.014,    0.374,    0.374,    0.094,    0.094,   -0.065,   -0.065,    0.019,    0.019
 7089,2020091200,    0.058,    0.058,    0.000,    0.000,    0.000,    0.000,   -0.293,   -0.293,   -0.411,   -0.411,    0.000,    0.000,    0.000,    0.000,    0.012,    0.012,    0.344,    0.344,    0.085,    0.085,   -0.079,   -0.079,    0.015,    0.015
 7089,2020091118,    0.059,    0.059,    0.000,    0.000,    0.000,    0.000,   -0.276,   -0.276,   -0.419,   -0.419,    0.000,    0.000,    0.000,    0.000,    0.014,    0.014,    0.354,    0.354,    0.080,    0.080,   -0.075,   -0.075,    0.012,    0.012
 7089,2020091112,    0.057,    0.057,    0.000,    0.000,    0.000,    0.000,   -0.274,   -0.274,   -0.438,   -0.438,    0.000,    0.000,    0.000,    0.000,    0.013,    0.013,    0.345,    0.345,    0.073,    0.073,   -0.080,   -0.080,    0.009,    0.009
 7089,2020091106,    0.059,    0.059,    0.000,    0.000,    0.000,    0.000,   -0.270,   -0.270,   -0.439,   -0.439,    0.000,    0.000,    0.000,    0.000,    0.012,    0.012,    0.352,    0.352,    0.077,    0.077,   -0.076,   -0.076,    0.010,    0.010
 7089,2020091100,    0.057,    0.057,    0.000,    0.000,    0.000,    0.000,   -0.265,   -0.265,   -0.437,   -0.437,    0.000,    0.000,    0.000,    0.000,    0.013,    0.013,    0.353,    0.353,    0.071,    0.071,   -0.077,   -0.077,    0.008,    0.008
 7089,2020091018,    0.060,    0.060,    0.000,    0.000,    0.000,    0.000,   -0.256,   -0.256,   -0.434,   -0.434,    0.000,    0.000,    0.000,    0.000,    0.015,    0.015,    0.378,    0.378,    0.068,    0.068,   -0.067,   -0.067,    0.007,    0.007
 7089,2020091012,    0.058,    0.058,    0.000,    0.000,    0.000,    0.000,   -0.290,   -0.290,   -0.448,   -0.448,    0.000,    0.000,    0.000,    0.000,    0.014,    0.014,    0.364,    0.364,    0.071,    0.071,   -0.077,   -0.077,    0.011,    0.011
 7089,2020091006,    0.062,    0.062,    0.000,    0.000,    0.000,    0.000,   -0.298,   -0.298,   -0.430,   -0.430,    0.000,    0.000,    0.000,    0.000,    0.014,    0.014,    0.378,    0.378,    0.071,    0.071,   -0.068,   -0.068,    0.011,    0.011
 7089,2020091000,    0.063,    0.063,    0.000,    0.000,    0.000,    0.000,   -0.289,   -0.289,   -0.424,   -0.424,    0.000,    0.000,    0.000,    0.000,    0.014,    0.014,    0.381,    0.381,    0.061,    0.061,   -0.068,   -0.068,    0.009,    0.009
 7089,2020090918,    0.066,    0.066,    0.000,    0.000,    0.000,    0.000,   -0.208,   -0.208,   -0.434,   -0.434,    0.000,    0.000,    0.000,    0.000,    0.016,    0.016,    0.408,    0.408,    0.065,    0.065,   -0.058,   -0.058,    0.009,    0.009
 7089,2020090912,    0.059,    0.059,    0.000,    0.000,    0.000,    0.000,   -0.211,   -0.211,   -0.455,   -0.455,    0.000,    0.000,    0.000,    0.000,    0.014,    0.014,    0.389,    0.389,    0.073,    0.073,   -0.071,   -0.071,    0.011,    0.011
 7089,2020090906,    0.063,    0.063,    0.000,    0.000,    0.000,    0.000,   -0.139,   -0.139,   -0.455,   -0.455,    0.000,    0.000,    0.000,    0.000,    0.013,    0.013,    0.391,    0.391,    0.074,    0.074,   -0.068,   -0.068,    0.013,    0.013
 7089,2020090900,    0.061,    0.061,    0.000,    0.000,    0.000,    0.000,   -0.151,   -0.151,   -0.453,   -0.453,    0.000,    0.000,    0.000,    0.000,    0.013,    0.013,    0.376,    0.376,    0.076,    0.076,   -0.077,   -0.077,    0.012,    0.012
 7089,2020090818,    0.061,    0.061,    0.000,    0.000,    0.000,    0.000,   -0.117,   -0.117,   -0.467,   -0.467,    0.000,    0.000,    0.000,    0.000,    0.015,    0.015,    0.395,    0.395,    0.059,    0.059,   -0.071,   -0.071,    0.010,    0.010
 7089,2020090812,    0.059,    0.059,    0.000,    0.000,    0.000,    0.000,   -0.170,   -0.170,   -0.491,   -0.491,    0.000,    0.000,    0.000,    0.000,    0.014,    0.014,    0.371,    0.371,    0.068,    0.068,   -0.082,   -0.082,    0.015,    0.015
 7089,2020090806,    0.063,    0.063,    0.000,    0.000,    0.000,    0.000,   -0.039,   -0.039,   -0.497,   -0.497,    0.000,    0.000,    0.000,    0.000,    0.012,    0.012,    0.387,    0.387,    0.072,    0.072,   -0.072,   -0.072,    0.015,    0.015
 7089,2020090800,    0.065,    0.065,    0.000,    0.000,    0.000,    0.000,   -0.065,   -0.065,   -0.483,   -0.483,    0.000,    0.000,    0.000,    0.000,    0.012,    0.012,    0.401,    0.401,    0.065,    0.065,   -0.066,   -0.066,    0.014,    0.014
 7089,2020090718,    0.061,    0.061,    0.000,    0.000,    0.000,    0.000,   -0.057,   -0.057,   -0.503,   -0.503,    0.000,    0.000,    0.000,    0.000,    0.013,    0.013,    0.390,    0.390,    0.062,    0.062,   -0.073,   -0.073,    0.011,    0.011
 7089,2020090712,    0.065,    0.065,    0.000,    0.000,    0.000,    0.000,   -0.142,   -0.142,   -0.503,   -0.503,    0.000,    0.000,    0.000,    0.000,    0.015,    0.015,    0.398,    0.398,    0.060,    0.060,   -0.067,   -0.067,    0.009,    0.009
 7089,2020090706,    0.066,    0.066,    0.000,    0.000,    0.000,    0.000,   -0.161,   -0.161,   -0.505,   -0.505,    0.000,    0.000,    0.000,    0.000,    0.015,    0.015,    0.404,    0.404,    0.053,    0.053,   -0.065,   -0.065,    0.006,    0.006
 7089,2020090700,    0.068,    0.068,    0.000,    0.000,    0.000,    0.000,   -0.177,   -0.177,   -0.517,   -0.517,    0.000,    0.000,    0.000,    0.000,    0.016,    0.016,    0.421,    0.421,    0.031,    0.031,   -0.058,   -0.058,   -0.001,   -0.001
 7089,2020090618,    0.070,    0.070,    0.000,    0.000,    0.000,    0.000,   -0.077,   -0.077,   -0.535,   -0.535,    0.000,    0.000,    0.000,    0.000,    0.018,    0.018,    0.443,    0.443,    0.034,    0.034,   -0.049,   -0.049,    0.002,    0.002
 7089,2020090612,    0.065,    0.065,    0.000,    0.000,    0.000,    0.000,   -0.180,   -0.180,   -0.510,   -0.510,    0.000,    0.000,    0.000,    0.000,    0.015,    0.015,    0.426,    0.426,    0.037,    0.037,   -0.059,   -0.059,    0.004,    0.004
 7089,2020090606,    0.065,    0.065,    0.000,    0.000,    0.000,    0.000,   -0.202,   -0.202,   -0.493,   -0.493,    0.000,    0.000,    0.000,    0.000,    0.013,    0.013,    0.421,    0.421,    0.046,    0.046,   -0.061,   -0.061,    0.005,    0.005
 7089,2020090600,    0.067,    0.067,    0.000,    0.000,    0.000,    0.000,   -0.174,   -0.174,   -0.490,   -0.490,    0.000,    0.000,    0.000,    0.000,    0.012,    0.012,    0.432,    0.432,    0.043,    0.043,   -0.057,   -0.057,    0.003,    0.003
 7089,2020090518,    0.069,    0.069,    0.000,    0.000,    0.000,    0.000,   -0.195,   -0.195,   -0.479,   -0.479,    0.000,    0.000,    0.000,    0.000,    0.013,    0.013,    0.439,    0.439,    0.046,    0.046,   -0.055,   -0.055,    0.005,    0.005
 7089,2020090512,    0.066,    0.066,    0.000,    0.000,    0.000,    0.000,   -0.251,   -0.251,   -0.506,   -0.506,    0.000,    0.000,    0.000,    0.000,    0.012,    0.012,    0.430,    0.430,    0.057,    0.057,   -0.061,   -0.061,    0.010,    0.010
 7089,2020090506,    0.065,    0.065,    0.000,    0.000,    0.000,    0.000,   -0.252,   -0.252,   -0.483,   -0.483,    0.000,    0.000,    0.000,    0.000,    0.012,    0.012,    0.438,    0.438,    0.062,    0.062,   -0.059,   -0.059,    0.010,    0.010
 7089,2020090500,    0.066,    0.066,    0.000,    0.000,    0.000,    0.000,   -0.248,   -0.248,   -0.461,   -0.461,    0.000,    0.000,    0.000,    0.000,    0.011,    0.011,    0.450,    0.450,    0.043,    0.043,   -0.056,   -0.056,    0.004,    0.004
 7089,2020090418,    0.066,    0.066,    0.000,    0.000,    0.000,    0.000,   -0.223,   -0.223,   -0.470,   -0.470,    0.000,    0.000,    0.000,    0.000,    0.013,    0.013,    0.457,    0.457,    0.037,    0.037,   -0.053,   -0.053,    0.003,    0.003
 7089,2020090412,    0.063,    0.063,    0.000,    0.000,    0.000,    0.000,   -0.199,   -0.199,   -0.523,   -0.523,    0.000,    0.000,    0.000,    0.000,    0.013,    0.013,    0.431,    0.431,    0.056,    0.056,   -0.066,   -0.066,    0.008,    0.008
 7089,2020090406,    0.065,    0.065,    0.000,    0.000,    0.000,    0.000,   -0.175,   -0.175,   -0.495,   -0.495,    0.000,    0.000,    0.000,    0.000,    0.012,    0.012,    0.423,    0.423,    0.069,    0.069,   -0.067,   -0.067,    0.011,    0.011
 7089,2020090400,    0.065,    0.065,    0.000,    0.000,    0.000,    0.000,   -0.271,   -0.271,   -0.479,   -0.479,    0.000,    0.000,    0.000,    0.000,    0.012,    0.012,    0.419,    0.419,    0.056,    0.056,   -0.070,   -0.070,    0.006,    0.006
 7089,2020090318,    0.065,    0.065,    0.000,    0.000,    0.000,    0.000,   -0.352,   -0.352,   -0.459,   -0.459,    0.000,    0.000,    0.000,    0.000,    0.013,    0.013,    0.417,    0.417,    0.064,    0.064,   -0.070,   -0.070,    0.012,    0.012
 7089,2020090312,    0.061,    0.061,    0.000,    0.000,    0.000,    0.000,   -0.459,   -0.459,   -0.478,   -0.478,    0.000,    0.000,    0.000,    0.000,    0.014,    0.014,    0.401,    0.401,    0.060,    0.060,   -0.080,   -0.080,    0.008,    0.008
 7089,2020090306,    0.061,    0.061,    0.000,    0.000,    0.000,    0.000,   -0.485,   -0.485,   -0.433,   -0.433,    0.000,    0.000,    0.000,    0.000,    0.012,    0.012,    0.425,    0.425,    0.052,    0.052,   -0.071,   -0.071,    0.005,    0.005
 7089,2020090300,    0.065,    0.065,    0.000,    0.000,    0.000,    0.000,   -0.446,   -0.446,   -0.445,   -0.445,    0.000,    0.000,    0.000,    0.000,    0.013,    0.013,    0.434,    0.434,    0.032,    0.032,   -0.067,   -0.067,   -0.004,   -0.004
 7089,2020090218,    0.067,    0.067,    0.000,    0.000,    0.000,    0.000,   -0.428,   -0.428,   -0.460,   -0.460,    0.000,    0.000,    0.000,    0.000,    0.015,    0.015,    0.454,    0.454,    0.041,    0.041,   -0.059,   -0.059,   -0.002,   -0.002
 7089,2020090212,    0.063,    0.063,    0.000,    0.000,    0.000,    0.000,   -0.434,   -0.434,   -0.489,   -0.489,    0.000,    0.000,    0.000,    0.000,    0.015,    0.015,    0.443,    0.443,    0.034,    0.034,   -0.066,   -0.066,   -0.004,   -0.004
 7089,2020090206,    0.064,    0.064,    0.000,    0.000,    0.000,    0.000,   -0.480,   -0.480,   -0.445,   -0.445,    0.000,    0.000,    0.000,    0.000,    0.015,    0.015,    0.458,    0.458,    0.050,    0.050,   -0.059,   -0.059,    0.003,    0.003
 7089,2020090200,    0.068,    0.068,    0.000,    0.000,    0.000,    0.000,   -0.443,   -0.443,   -0.463,   -0.463,    0.000,    0.000,    0.000,    0.000,    0.015,    0.015,    0.489,    0.489,    0.052,    0.052,   -0.046,   -0.046,    0.003,    0.003
 7089,2020090118,    0.068,    0.068,    0.000,    0.000,    0.000,    0.000,   -0.351,   -0.351,   -0.509,   -0.509,    0.000,    0.000,    0.000,    0.000,    0.017,    0.017,    0.487,    0.487,    0.061,    0.061,   -0.046,   -0.046,    0.008,    0.008
 7089,2020090112,    0.066,    0.066,    0.000,    0.000,    0.000,    0.000,   -0.344,   -0.344,   -0.538,   -0.538,    0.000,    0.000,    0.000,    0.000,    0.016,    0.016,    0.473,    0.473,    0.057,    0.057,   -0.054,   -0.054,    0.006,    0.006
 7089,2020090106,    0.068,    0.068,    0.000,    0.000,    0.000,    0.000,   -0.326,   -0.326,   -0.512,   -0.512,    0.000,    0.000,    0.000,    0.000,    0.016,    0.016,    0.482,    0.482,    0.066,    0.066,   -0.049,   -0.049,    0.010,    0.010
 7089,2020090100,    0.069,    0.069,    0.000,    0.000,    0.000,    0.000,   -0.312,   -0.312,   -0.518,   -0.518,    0.000,    0.000,    0.000,    0.000,    0.016,    0.016,    0.483,    0.483,    0.063,    0.063,   -0.050,   -0.050,    0.011,    0.011
 7089,2020083118,    0.068,    0.068,    0.000,    0.000,    0.000,    0.000,   -0.316,   -0.316,   -0.528,   -0.528,    0.000,    0.000,    0.000,    0.000,    0.018,    0.018,    0.479,    0.479,    0.063,    0.063,   -0.054,   -0.054,    0.014,    0.014
 7089,2020083112,    0.066,    0.066,    0.000,    0.000,    0.000,    0.000,   -0.284,   -0.284,   -0.566,   -0.566,    0.000,    0.000,    0.000,    0.000,    0.018,    0.018,    0.469,    0.469,    0.060,    0.060,   -0.059,   -0.059,    0.014,    0.014
 7089,2020083106,    0.068,    0.068,    0.000,    0.000,    0.000,    0.000,   -0.189,   -0.189,   -0.574,   -0.574,    0.000,    0.000,    0.000,    0.000,    0.018,    0.018,    0.484,    0.484,    0.067,    0.067,   -0.052,   -0.052,    0.018,    0.018
 7089,2020083100,    0.072,    0.072,    0.000,    0.000,    0.000,    0.000,   -0.204,   -0.204,   -0.557,   -0.557,    0.000,    0.000,    0.000,    0.000,    0.019,    0.019,    0.503,    0.503,    0.049,    0.049,   -0.042,   -0.042,    0.010,    0.010
 7089,2020083018,    0.066,    0.066,    0.000,    0.000,    0.000,    0.000,   -0.243,   -0.243,   -0.560,   -0.560,    0.000,    0.000,    0.000,    0.000,    0.021,    0.021,    0.496,    0.496,    0.056,    0.056,   -0.049,   -0.049,    0.013,    0.013
 7089,2020083012,    0.067,    0.067,    0.000,    0.000,    0.000,    0.000,   -0.236,   -0.236,   -0.604,   -0.604,    0.000,    0.000,    0.000,    0.000,    0.022,    0.022,    0.487,    0.487,    0.055,    0.055,   -0.052,   -0.052,    0.014,    0.014
 7089,2020083006,    0.066,    0.066,    0.000,    0.000,    0.000,    0.000,   -0.318,   -0.318,   -0.575,   -0.575,    0.000,    0.000,    0.000,    0.000,    0.020,    0.020,    0.452,    0.452,    0.061,    0.061,   -0.066,   -0.066,    0.017,    0.017
 7089,2020083000,    0.070,    0.070,    0.000,    0.000,    0.000,    0.000,   -0.303,   -0.303,   -0.577,   -0.577,    0.000,    0.000,    0.000,    0.000,    0.020,    0.020,    0.479,    0.479,    0.029,    0.029,   -0.054,   -0.054,    0.008,    0.008
