  472,2020092000,    0.146,    0.146,    0.000,    0.000,    0.000,    0.000,   -0.564,   -0.564,    0.596,    0.596,    0.000,    0.000,    0.000,    0.000,    0.008,    0.008,   -0.054,   -0.054,    0.042,    0.042,   -0.049,   -0.049,   -0.014,   -0.014
  472,2020091918,    0.148,    0.148,    0.000,    0.000,    0.000,    0.000,   -0.563,   -0.563,    0.597,    0.597,    0.000,    0.000,    0.000,    0.000,    0.009,    0.009,   -0.045,   -0.045,    0.042,    0.042,   -0.045,   -0.045,   -0.013,   -0.013
  472,2020091912,    0.146,    0.146,    0.000,    0.000,    0.000,    0.000,   -0.564,   -0.564,    0.594,    0.594,    0.000,    0.000,    0.000,    0.000,    0.008,    0.008,   -0.057,   -0.057,    0.044,    0.044,   -0.050,   -0.050,   -0.012,   -0.012
  472,2020091906,    0.146,    0.146,    0.000,    0.000,    0.000,    0.000,   -0.565,   -0.565,    0.594,    0.594,    0.000,    0.000,    0.000,    0.000,    0.009,    0.009,   -0.057,   -0.057,    0.045,    0.045,   -0.050,   -0.050,   -0.012,   -0.012
  472,2020091900,    0.145,    0.145,    0.000,    0.000,    0.000,    0.000,   -0.565,   -0.565,    0.595,    0.595,    0.000,    0.000,    0.000,    0.000,    0.008,    0.008,   -0.058,   -0.058,    0.041,    0.041,   -0.050,   -0.050,   -0.014,   -0.014
  472,2020091818,    0.146,    0.146,    0.000,    0.000,    0.000,    0.000,   -0.564,   -0.564,    0.595,    0.595,    0.000,    0.000,    0.000,    0.000,    0.009,    0.009,   -0.057,   -0.057,    0.044,    0.044,   -0.050,   -0.050,   -0.013,   -0.013
  472,2020091812,    0.144,    0.144,    0.000,    0.000,    0.000,    0.000,   -0.563,   -0.563,    0.593,    0.593,    0.000,    0.000,    0.000,    0.000,    0.009,    0.009,   -0.063,   -0.063,    0.048,    0.048,   -0.053,   -0.053,   -0.011,   -0.011
  472,2020091806,    0.145,    0.145,    0.000,    0.000,    0.000,    0.000,   -0.566,   -0.566,    0.592,    0.592,    0.000,    0.000,    0.000,    0.000,    0.009,    0.009,   -0.059,   -0.059,    0.041,    0.041,   -0.052,   -0.052,   -0.014,   -0.014
  472,2020091800,    0.144,    0.144,    0.000,    0.000,    0.000,    0.000,   -0.567,   -0.567,    0.594,    0.594,    0.000,    0.000,    0.000,    0.000,    0.008,    0.008,   -0.063,   -0.063,    0.039,    0.039,   -0.054,   -0.054,   -0.014,   -0.014
  472,2020091718,    0.145,    0.145,    0.000,    0.000,    0.000,    0.000,   -0.565,   -0.565,    0.595,    0.595,    0.000,    0.000,    0.000,    0.000,    0.009,    0.009,   -0.059,   -0.059,    0.041,    0.041,   -0.052,   -0.052,   -0.014,   -0.014
  472,2020091712,    0.143,    0.143,    0.000,    0.000,    0.000,    0.000,   -0.565,   -0.565,    0.594,    0.594,    0.000,    0.000,    0.000,    0.000,    0.008,    0.008,   -0.067,   -0.067,    0.037,    0.037,   -0.057,   -0.057,   -0.017,   -0.017
  472,2020091706,    0.143,    0.143,    0.000,    0.000,    0.000,    0.000,   -0.567,   -0.567,    0.592,    0.592,    0.000,    0.000,    0.000,    0.000,    0.009,    0.009,   -0.060,   -0.060,    0.038,    0.038,   -0.054,   -0.054,   -0.016,   -0.016
  472,2020091700,    0.143,    0.143,    0.000,    0.000,    0.000,    0.000,   -0.565,   -0.565,    0.594,    0.594,    0.000,    0.000,    0.000,    0.000,    0.008,    0.008,   -0.066,   -0.066,    0.036,    0.036,   -0.056,   -0.056,   -0.016,   -0.016
  472,2020091618,    0.144,    0.144,    0.000,    0.000,    0.000,    0.000,   -0.563,   -0.563,    0.592,    0.592,    0.000,    0.000,    0.000,    0.000,    0.009,    0.009,   -0.061,   -0.061,    0.034,    0.034,   -0.053,   -0.053,   -0.018,   -0.018
  472,2020091612,    0.143,    0.143,    0.000,    0.000,    0.000,    0.000,   -0.561,   -0.561,    0.589,    0.589,    0.000,    0.000,    0.000,    0.000,    0.008,    0.008,   -0.065,   -0.065,    0.036,    0.036,   -0.057,   -0.057,   -0.016,   -0.016
  472,2020091606,    0.144,    0.144,    0.000,    0.000,    0.000,    0.000,   -0.560,   -0.560,    0.585,    0.585,    0.000,    0.000,    0.000,    0.000,    0.009,    0.009,   -0.060,   -0.060,    0.037,    0.037,   -0.054,   -0.054,   -0.017,   -0.017
  472,2020091600,    0.143,    0.143,    0.000,    0.000,    0.000,    0.000,   -0.559,   -0.559,    0.586,    0.586,    0.000,    0.000,    0.000,    0.000,    0.009,    0.009,   -0.064,   -0.064,    0.037,    0.037,   -0.057,   -0.057,   -0.017,   -0.017
  472,2020091518,    0.144,    0.144,    0.000,    0.000,    0.000,    0.000,   -0.563,   -0.563,    0.584,    0.584,    0.000,    0.000,    0.000,    0.000,    0.009,    0.009,   -0.061,   -0.061,    0.035,    0.035,   -0.055,   -0.055,   -0.017,   -0.017
  472,2020091512,    0.144,    0.144,    0.000,    0.000,    0.000,    0.000,   -0.559,   -0.559,    0.583,    0.583,    0.000,    0.000,    0.000,    0.000,    0.008,    0.008,   -0.064,   -0.064,    0.033,    0.033,   -0.057,   -0.057,   -0.018,   -0.018
  472,2020091506,    0.144,    0.144,    0.000,    0.000,    0.000,    0.000,   -0.560,   -0.560,    0.581,    0.581,    0.000,    0.000,    0.000,    0.000,    0.009,    0.009,   -0.065,   -0.065,    0.035,    0.035,   -0.057,   -0.057,   -0.017,   -0.017
  472,2020091500,    0.143,    0.143,    0.000,    0.000,    0.000,    0.000,   -0.561,   -0.561,    0.584,    0.584,    0.000,    0.000,    0.000,    0.000,    0.008,    0.008,   -0.065,   -0.065,    0.035,    0.035,   -0.058,   -0.058,   -0.017,   -0.017
  472,2020091418,    0.144,    0.144,    0.000,    0.000,    0.000,    0.000,   -0.555,   -0.555,    0.584,    0.584,    0.000,    0.000,    0.000,    0.000,    0.009,    0.009,   -0.064,   -0.064,    0.038,    0.038,   -0.057,   -0.057,   -0.016,   -0.016
  472,2020091412,    0.145,    0.145,    0.000,    0.000,    0.000,    0.000,   -0.554,   -0.554,    0.582,    0.582,    0.000,    0.000,    0.000,    0.000,    0.009,    0.009,   -0.070,   -0.070,    0.044,    0.044,   -0.059,   -0.059,   -0.014,   -0.014
  472,2020091406,    0.145,    0.145,    0.000,    0.000,    0.000,    0.000,   -0.549,   -0.549,    0.580,    0.580,    0.000,    0.000,    0.000,    0.000,    0.009,    0.009,   -0.070,   -0.070,    0.047,    0.047,   -0.059,   -0.059,   -0.014,   -0.014
  472,2020091400,    0.145,    0.145,    0.000,    0.000,    0.000,    0.000,   -0.550,   -0.550,    0.580,    0.580,    0.000,    0.000,    0.000,    0.000,    0.009,    0.009,   -0.069,   -0.069,    0.048,    0.048,   -0.059,   -0.059,   -0.013,   -0.013
  472,2020091318,    0.147,    0.147,    0.000,    0.000,    0.000,    0.000,   -0.548,   -0.548,    0.579,    0.579,    0.000,    0.000,    0.000,    0.000,    0.010,    0.010,   -0.056,   -0.056,    0.052,    0.052,   -0.053,   -0.053,   -0.012,   -0.012
  472,2020091312,    0.145,    0.145,    0.000,    0.000,    0.000,    0.000,   -0.551,   -0.551,    0.576,    0.576,    0.000,    0.000,    0.000,    0.000,    0.009,    0.009,   -0.073,   -0.073,    0.051,    0.051,   -0.060,   -0.060,   -0.012,   -0.012
  472,2020091306,    0.145,    0.145,    0.000,    0.000,    0.000,    0.000,   -0.553,   -0.553,    0.575,    0.575,    0.000,    0.000,    0.000,    0.000,    0.009,    0.009,   -0.072,   -0.072,    0.043,    0.043,   -0.060,   -0.060,   -0.015,   -0.015
  472,2020091300,    0.145,    0.145,    0.000,    0.000,    0.000,    0.000,   -0.551,   -0.551,    0.578,    0.578,    0.000,    0.000,    0.000,    0.000,    0.009,    0.009,   -0.068,   -0.068,    0.043,    0.043,   -0.058,   -0.058,   -0.015,   -0.015
  472,2020091218,    0.146,    0.146,    0.000,    0.000,    0.000,    0.000,   -0.551,   -0.551,    0.578,    0.578,    0.000,    0.000,    0.000,    0.000,    0.009,    0.009,   -0.061,   -0.061,    0.043,    0.043,   -0.055,   -0.055,   -0.015,   -0.015
  472,2020091212,    0.144,    0.144,    0.000,    0.000,    0.000,    0.000,   -0.552,   -0.552,    0.577,    0.577,    0.000,    0.000,    0.000,    0.000,    0.009,    0.009,   -0.070,   -0.070,    0.048,    0.048,   -0.059,   -0.059,   -0.012,   -0.012
  472,2020091206,    0.145,    0.145,    0.000,    0.000,    0.000,    0.000,   -0.557,   -0.557,    0.574,    0.574,    0.000,    0.000,    0.000,    0.000,    0.009,    0.009,   -0.062,   -0.062,    0.048,    0.048,   -0.056,   -0.056,   -0.012,   -0.012
  472,2020091200,    0.144,    0.144,    0.000,    0.000,    0.000,    0.000,   -0.557,   -0.557,    0.575,    0.575,    0.000,    0.000,    0.000,    0.000,    0.008,    0.008,   -0.064,   -0.064,    0.051,    0.051,   -0.057,   -0.057,   -0.012,   -0.012
  472,2020091118,    0.144,    0.144,    0.000,    0.000,    0.000,    0.000,   -0.560,   -0.560,    0.575,    0.575,    0.000,    0.000,    0.000,    0.000,    0.008,    0.008,   -0.062,   -0.062,    0.048,    0.048,   -0.056,   -0.056,   -0.013,   -0.013
  472,2020091112,    0.144,    0.144,    0.000,    0.000,    0.000,    0.000,   -0.555,   -0.555,    0.572,    0.572,    0.000,    0.000,    0.000,    0.000,    0.008,    0.008,   -0.065,   -0.065,    0.048,    0.048,   -0.057,   -0.057,   -0.013,   -0.013
  472,2020091106,    0.146,    0.146,    0.000,    0.000,    0.000,    0.000,   -0.559,   -0.559,    0.570,    0.570,    0.000,    0.000,    0.000,    0.000,    0.009,    0.009,   -0.056,   -0.056,    0.048,    0.048,   -0.053,   -0.053,   -0.012,   -0.012
  472,2020091100,    0.146,    0.146,    0.000,    0.000,    0.000,    0.000,   -0.558,   -0.558,    0.571,    0.571,    0.000,    0.000,    0.000,    0.000,    0.009,    0.009,   -0.054,   -0.054,    0.047,    0.047,   -0.053,   -0.053,   -0.012,   -0.012
  472,2020091018,    0.147,    0.147,    0.000,    0.000,    0.000,    0.000,   -0.562,   -0.562,    0.571,    0.571,    0.000,    0.000,    0.000,    0.000,    0.009,    0.009,   -0.042,   -0.042,    0.047,    0.047,   -0.048,   -0.048,   -0.012,   -0.012
  472,2020091012,    0.145,    0.145,    0.000,    0.000,    0.000,    0.000,   -0.559,   -0.559,    0.570,    0.570,    0.000,    0.000,    0.000,    0.000,    0.009,    0.009,   -0.045,   -0.045,    0.045,    0.045,   -0.050,   -0.050,   -0.013,   -0.013
  472,2020091006,    0.146,    0.146,    0.000,    0.000,    0.000,    0.000,   -0.560,   -0.560,    0.568,    0.568,    0.000,    0.000,    0.000,    0.000,    0.010,    0.010,   -0.042,   -0.042,    0.039,    0.039,   -0.047,   -0.047,   -0.015,   -0.015
  472,2020091000,    0.146,    0.146,    0.000,    0.000,    0.000,    0.000,   -0.559,   -0.559,    0.569,    0.569,    0.000,    0.000,    0.000,    0.000,    0.009,    0.009,   -0.036,   -0.036,    0.040,    0.040,   -0.045,   -0.045,   -0.014,   -0.014
  472,2020090918,    0.148,    0.148,    0.000,    0.000,    0.000,    0.000,   -0.555,   -0.555,    0.568,    0.568,    0.000,    0.000,    0.000,    0.000,    0.010,    0.010,   -0.031,   -0.031,    0.042,    0.042,   -0.042,   -0.042,   -0.013,   -0.013
  472,2020090912,    0.146,    0.146,    0.000,    0.000,    0.000,    0.000,   -0.554,   -0.554,    0.566,    0.566,    0.000,    0.000,    0.000,    0.000,    0.010,    0.010,   -0.042,   -0.042,    0.043,    0.043,   -0.047,   -0.047,   -0.014,   -0.014
  472,2020090906,    0.148,    0.148,    0.000,    0.000,    0.000,    0.000,   -0.558,   -0.558,    0.561,    0.561,    0.000,    0.000,    0.000,    0.000,    0.010,    0.010,   -0.042,   -0.042,    0.040,    0.040,   -0.046,   -0.046,   -0.015,   -0.015
  472,2020090900,    0.146,    0.146,    0.000,    0.000,    0.000,    0.000,   -0.556,   -0.556,    0.565,    0.565,    0.000,    0.000,    0.000,    0.000,    0.010,    0.010,   -0.042,   -0.042,    0.041,    0.041,   -0.047,   -0.047,   -0.015,   -0.015
  472,2020090818,    0.147,    0.147,    0.000,    0.000,    0.000,    0.000,   -0.548,   -0.548,    0.565,    0.565,    0.000,    0.000,    0.000,    0.000,    0.010,    0.010,   -0.037,   -0.037,    0.038,    0.038,   -0.046,   -0.046,   -0.015,   -0.015
  472,2020090812,    0.144,    0.144,    0.000,    0.000,    0.000,    0.000,   -0.555,   -0.555,    0.566,    0.566,    0.000,    0.000,    0.000,    0.000,    0.010,    0.010,   -0.051,   -0.051,    0.034,    0.034,   -0.053,   -0.053,   -0.016,   -0.016
  472,2020090806,    0.144,    0.144,    0.000,    0.000,    0.000,    0.000,   -0.555,   -0.555,    0.564,    0.564,    0.000,    0.000,    0.000,    0.000,    0.010,    0.010,   -0.044,   -0.044,    0.033,    0.033,   -0.050,   -0.050,   -0.018,   -0.018
  472,2020090800,    0.143,    0.143,    0.000,    0.000,    0.000,    0.000,   -0.556,   -0.556,    0.565,    0.565,    0.000,    0.000,    0.000,    0.000,    0.010,    0.010,   -0.044,   -0.044,    0.034,    0.034,   -0.051,   -0.051,   -0.017,   -0.017
  472,2020090718,    0.146,    0.146,    0.000,    0.000,    0.000,    0.000,   -0.556,   -0.556,    0.563,    0.563,    0.000,    0.000,    0.000,    0.000,    0.010,    0.010,   -0.036,   -0.036,    0.035,    0.035,   -0.046,   -0.046,   -0.017,   -0.017
  472,2020090712,    0.144,    0.144,    0.000,    0.000,    0.000,    0.000,   -0.559,   -0.559,    0.563,    0.563,    0.000,    0.000,    0.000,    0.000,    0.010,    0.010,   -0.046,   -0.046,    0.036,    0.036,   -0.051,   -0.051,   -0.017,   -0.017
  472,2020090706,    0.144,    0.144,    0.000,    0.000,    0.000,    0.000,   -0.561,   -0.561,    0.562,    0.562,    0.000,    0.000,    0.000,    0.000,    0.010,    0.010,   -0.044,   -0.044,    0.040,    0.040,   -0.050,   -0.050,   -0.015,   -0.015
  472,2020090700,    0.145,    0.145,    0.000,    0.000,    0.000,    0.000,   -0.561,   -0.561,    0.560,    0.560,    0.000,    0.000,    0.000,    0.000,    0.010,    0.010,   -0.040,   -0.040,    0.038,    0.038,   -0.048,   -0.048,   -0.016,   -0.016
  472,2020090618,    0.147,    0.147,    0.000,    0.000,    0.000,    0.000,   -0.560,   -0.560,    0.557,    0.557,    0.000,    0.000,    0.000,    0.000,    0.011,    0.011,   -0.030,   -0.030,    0.037,    0.037,   -0.043,   -0.043,   -0.016,   -0.016
  472,2020090612,    0.147,    0.147,    0.000,    0.000,    0.000,    0.000,   -0.560,   -0.560,    0.554,    0.554,    0.000,    0.000,    0.000,    0.000,    0.011,    0.011,   -0.030,   -0.030,    0.036,    0.036,   -0.042,   -0.042,   -0.015,   -0.015
  472,2020090606,    0.149,    0.149,    0.000,    0.000,    0.000,    0.000,   -0.557,   -0.557,    0.551,    0.551,    0.000,    0.000,    0.000,    0.000,    0.011,    0.011,   -0.026,   -0.026,    0.043,    0.043,   -0.040,   -0.040,   -0.012,   -0.012
  472,2020090600,    0.148,    0.148,    0.000,    0.000,    0.000,    0.000,   -0.555,   -0.555,    0.552,    0.552,    0.000,    0.000,    0.000,    0.000,    0.011,    0.011,   -0.020,   -0.020,    0.042,    0.042,   -0.038,   -0.038,   -0.012,   -0.012
  472,2020090518,    0.148,    0.148,    0.000,    0.000,    0.000,    0.000,   -0.560,   -0.560,    0.547,    0.547,    0.000,    0.000,    0.000,    0.000,    0.010,    0.010,   -0.023,   -0.023,    0.041,    0.041,   -0.040,   -0.040,   -0.014,   -0.014
  472,2020090512,    0.146,    0.146,    0.000,    0.000,    0.000,    0.000,   -0.562,   -0.562,    0.544,    0.544,    0.000,    0.000,    0.000,    0.000,    0.009,    0.009,   -0.035,   -0.035,    0.039,    0.039,   -0.046,   -0.046,   -0.014,   -0.014
  472,2020090506,    0.146,    0.146,    0.000,    0.000,    0.000,    0.000,   -0.562,   -0.562,    0.544,    0.544,    0.000,    0.000,    0.000,    0.000,    0.009,    0.009,   -0.036,   -0.036,    0.040,    0.040,   -0.046,   -0.046,   -0.013,   -0.013
  472,2020090500,    0.147,    0.147,    0.000,    0.000,    0.000,    0.000,   -0.559,   -0.559,    0.546,    0.546,    0.000,    0.000,    0.000,    0.000,    0.009,    0.009,   -0.021,   -0.021,    0.041,    0.041,   -0.040,   -0.040,   -0.013,   -0.013
  472,2020090418,    0.149,    0.149,    0.000,    0.000,    0.000,    0.000,   -0.557,   -0.557,    0.543,    0.543,    0.000,    0.000,    0.000,    0.000,    0.009,    0.009,   -0.011,   -0.011,    0.043,    0.043,   -0.035,   -0.035,   -0.012,   -0.012
  472,2020090412,    0.147,    0.147,    0.000,    0.000,    0.000,    0.000,   -0.560,   -0.560,    0.538,    0.538,    0.000,    0.000,    0.000,    0.000,    0.009,    0.009,   -0.026,   -0.026,    0.044,    0.044,   -0.042,   -0.042,   -0.011,   -0.011
  472,2020090406,    0.148,    0.148,    0.000,    0.000,    0.000,    0.000,   -0.560,   -0.560,    0.536,    0.536,    0.000,    0.000,    0.000,    0.000,    0.009,    0.009,   -0.023,   -0.023,    0.043,    0.043,   -0.040,   -0.040,   -0.011,   -0.011
  472,2020090400,    0.148,    0.148,    0.000,    0.000,    0.000,    0.000,   -0.562,   -0.562,    0.534,    0.534,    0.000,    0.000,    0.000,    0.000,    0.010,    0.010,   -0.023,   -0.023,    0.044,    0.044,   -0.040,   -0.040,   -0.012,   -0.012
  472,2020090318,    0.149,    0.149,    0.000,    0.000,    0.000,    0.000,   -0.564,   -0.564,    0.535,    0.535,    0.000,    0.000,    0.000,    0.000,    0.010,    0.010,   -0.021,   -0.021,    0.043,    0.043,   -0.039,   -0.039,   -0.012,   -0.012
  472,2020090312,    0.149,    0.149,    0.000,    0.000,    0.000,    0.000,   -0.565,   -0.565,    0.534,    0.534,    0.000,    0.000,    0.000,    0.000,    0.010,    0.010,   -0.027,   -0.027,    0.044,    0.044,   -0.042,   -0.042,   -0.011,   -0.011
  472,2020090306,    0.149,    0.149,    0.000,    0.000,    0.000,    0.000,   -0.564,   -0.564,    0.538,    0.538,    0.000,    0.000,    0.000,    0.000,    0.010,    0.010,   -0.016,   -0.016,    0.041,    0.041,   -0.038,   -0.038,   -0.012,   -0.012
  472,2020090300,    0.149,    0.149,    0.000,    0.000,    0.000,    0.000,   -0.563,   -0.563,    0.539,    0.539,    0.000,    0.000,    0.000,    0.000,    0.010,    0.010,   -0.013,   -0.013,    0.043,    0.043,   -0.036,   -0.036,   -0.011,   -0.011
  472,2020090218,    0.150,    0.150,    0.000,    0.000,    0.000,    0.000,   -0.567,   -0.567,    0.536,    0.536,    0.000,    0.000,    0.000,    0.000,    0.010,    0.010,   -0.013,   -0.013,    0.047,    0.047,   -0.036,   -0.036,   -0.009,   -0.009
  472,2020090212,    0.149,    0.149,    0.000,    0.000,    0.000,    0.000,   -0.573,   -0.573,    0.533,    0.533,    0.000,    0.000,    0.000,    0.000,    0.010,    0.010,   -0.016,   -0.016,    0.054,    0.054,   -0.037,   -0.037,   -0.006,   -0.006
  472,2020090206,    0.150,    0.150,    0.000,    0.000,    0.000,    0.000,   -0.575,   -0.575,    0.532,    0.532,    0.000,    0.000,    0.000,    0.000,    0.011,    0.011,   -0.012,   -0.012,    0.050,    0.050,   -0.035,   -0.035,   -0.007,   -0.007
  472,2020090200,    0.150,    0.150,    0.000,    0.000,    0.000,    0.000,   -0.575,   -0.575,    0.531,    0.531,    0.000,    0.000,    0.000,    0.000,    0.011,    0.011,   -0.010,   -0.010,    0.053,    0.053,   -0.035,   -0.035,   -0.007,   -0.007
  472,2020090118,    0.149,    0.149,    0.000,    0.000,    0.000,    0.000,   -0.585,   -0.585,    0.525,    0.525,    0.000,    0.000,    0.000,    0.000,    0.011,    0.011,   -0.012,   -0.012,    0.049,    0.049,   -0.037,   -0.037,   -0.009,   -0.009
  472,2020090112,    0.148,    0.148,    0.000,    0.000,    0.000,    0.000,   -0.589,   -0.589,    0.521,    0.521,    0.000,    0.000,    0.000,    0.000,    0.011,    0.011,   -0.013,   -0.013,    0.049,    0.049,   -0.038,   -0.038,   -0.009,   -0.009
  472,2020090106,    0.149,    0.149,    0.000,    0.000,    0.000,    0.000,   -0.591,   -0.591,    0.519,    0.519,    0.000,    0.000,    0.000,    0.000,    0.012,    0.012,   -0.006,   -0.006,    0.045,    0.045,   -0.035,   -0.035,   -0.011,   -0.011
  472,2020090100,    0.150,    0.150,    0.000,    0.000,    0.000,    0.000,   -0.593,   -0.593,    0.517,    0.517,    0.000,    0.000,    0.000,    0.000,    0.012,    0.012,    0.000,    0.000,    0.041,    0.041,   -0.032,   -0.032,   -0.013,   -0.013
  472,2020083118,    0.150,    0.150,    0.000,    0.000,    0.000,    0.000,   -0.597,   -0.597,    0.518,    0.518,    0.000,    0.000,    0.000,    0.000,    0.011,    0.011,   -0.002,   -0.002,    0.043,    0.043,   -0.033,   -0.033,   -0.012,   -0.012
  472,2020083112,    0.150,    0.150,    0.000,    0.000,    0.000,    0.000,   -0.599,   -0.599,    0.513,    0.513,    0.000,    0.000,    0.000,    0.000,    0.012,    0.012,   -0.001,   -0.001,    0.043,    0.043,   -0.032,   -0.032,   -0.012,   -0.012
  472,2020083106,    0.151,    0.151,    0.000,    0.000,    0.000,    0.000,   -0.598,   -0.598,    0.514,    0.514,    0.000,    0.000,    0.000,    0.000,    0.013,    0.013,   -0.000,   -0.000,    0.041,    0.041,   -0.032,   -0.032,   -0.013,   -0.013
  472,2020083100,    0.151,    0.151,    0.000,    0.000,    0.000,    0.000,   -0.601,   -0.601,    0.513,    0.513,    0.000,    0.000,    0.000,    0.000,    0.012,    0.012,    0.000,    0.000,    0.036,    0.036,   -0.031,   -0.031,   -0.015,   -0.015
  472,2020083018,    0.150,    0.150,    0.000,    0.000,    0.000,    0.000,   -0.607,   -0.607,    0.512,    0.512,    0.000,    0.000,    0.000,    0.000,    0.012,    0.012,   -0.003,   -0.003,    0.037,    0.037,   -0.033,   -0.033,   -0.014,   -0.014
  472,2020083012,    0.150,    0.150,    0.000,    0.000,    0.000,    0.000,   -0.611,   -0.611,    0.503,    0.503,    0.000,    0.000,    0.000,    0.000,    0.012,    0.012,   -0.011,   -0.011,    0.042,    0.042,   -0.036,   -0.036,   -0.012,   -0.012
  472,2020083006,    0.151,    0.151,    0.000,    0.000,    0.000,    0.000,   -0.606,   -0.606,    0.505,    0.505,    0.000,    0.000,    0.000,    0.000,    0.013,    0.013,   -0.002,   -0.002,    0.042,    0.042,   -0.032,   -0.032,   -0.012,   -0.012
  472,2020083000,    0.151,    0.151,    0.000,    0.000,    0.000,    0.000,   -0.608,   -0.608,    0.503,    0.503,    0.000,    0.000,    0.000,    0.000,    0.013,    0.013,    0.006,    0.006,    0.037,    0.037,   -0.028,   -0.028,   -0.014,   -0.014
