   49,2020092000,    0.432,    0.432,    0.000,    0.000,    0.000,    0.000,   -0.000,   -0.000,   -0.134,   -0.134,    0.000,    0.000,    0.000,    0.000,   -1.190,   -1.190,   -0.160,   -0.160,    0.003,    0.003,    0.092,    0.092,   -0.006,   -0.006
   49,2020091918,    0.432,    0.432,    0.000,    0.000,    0.000,    0.000,    0.000,    0.000,   -0.133,   -0.133,    0.000,    0.000,    0.000,    0.000,   -1.270,   -1.270,   -0.161,   -0.161,    0.005,    0.005,    0.092,    0.092,   -0.004,   -0.004
   49,2020091912,    0.432,    0.432,    0.000,    0.000,    0.000,    0.000,    0.000,    0.000,   -0.133,   -0.133,    0.000,    0.000,    0.000,    0.000,   -1.338,   -1.338,   -0.163,   -0.163,    0.005,    0.005,    0.092,    0.092,   -0.004,   -0.004
   49,2020091906,    0.431,    0.431,    0.000,    0.000,    0.000,    0.000,    0.000,    0.000,   -0.132,   -0.132,    0.000,    0.000,    0.000,    0.000,   -1.288,   -1.288,   -0.164,   -0.164,    0.003,    0.003,    0.090,    0.090,   -0.004,   -0.004
   49,2020091900,    0.432,    0.432,    0.000,    0.000,    0.000,    0.000,    0.000,    0.000,   -0.133,   -0.133,    0.000,    0.000,    0.000,    0.000,   -1.248,   -1.248,   -0.165,   -0.165,    0.002,    0.002,    0.090,    0.090,   -0.004,   -0.004
   49,2020091818,    0.433,    0.433,    0.000,    0.000,    0.000,    0.000,    0.000,    0.000,   -0.133,   -0.133,    0.000,    0.000,    0.000,    0.000,   -1.166,   -1.166,   -0.164,   -0.164,    0.003,    0.003,    0.091,    0.091,   -0.003,   -0.003
   49,2020091812,    0.433,    0.433,    0.000,    0.000,    0.000,    0.000,   -0.001,   -0.001,   -0.133,   -0.133,    0.000,    0.000,    0.000,    0.000,   -1.210,   -1.210,   -0.162,   -0.162,    0.002,    0.002,    0.091,    0.091,   -0.003,   -0.003
   49,2020091806,    0.433,    0.433,    0.000,    0.000,    0.000,    0.000,    0.000,    0.000,   -0.134,   -0.134,    0.000,    0.000,    0.000,    0.000,   -1.254,   -1.254,   -0.160,   -0.160,    0.003,    0.003,    0.092,    0.092,   -0.003,   -0.003
   49,2020091800,    0.433,    0.433,    0.000,    0.000,    0.000,    0.000,    0.001,    0.001,   -0.135,   -0.135,    0.000,    0.000,    0.000,    0.000,   -1.284,   -1.284,   -0.163,   -0.163,    0.003,    0.003,    0.091,    0.091,   -0.003,   -0.003
   49,2020091718,    0.433,    0.433,    0.000,    0.000,    0.000,    0.000,    0.001,    0.001,   -0.135,   -0.135,    0.000,    0.000,    0.000,    0.000,   -1.338,   -1.338,   -0.160,   -0.160,    0.002,    0.002,    0.092,    0.092,   -0.004,   -0.004
   49,2020091712,    0.434,    0.434,    0.000,    0.000,    0.000,    0.000,    0.002,    0.002,   -0.135,   -0.135,    0.000,    0.000,    0.000,    0.000,   -1.195,   -1.195,   -0.160,   -0.160,    0.001,    0.001,    0.093,    0.093,   -0.005,   -0.005
   49,2020091706,    0.433,    0.433,    0.000,    0.000,    0.000,    0.000,    0.001,    0.001,   -0.136,   -0.136,    0.000,    0.000,    0.000,    0.000,   -1.182,   -1.182,   -0.159,   -0.159,   -0.002,   -0.002,    0.092,    0.092,   -0.006,   -0.006
   49,2020091700,    0.433,    0.433,    0.000,    0.000,    0.000,    0.000,   -0.000,   -0.000,   -0.135,   -0.135,    0.000,    0.000,    0.000,    0.000,   -1.341,   -1.341,   -0.163,   -0.163,   -0.002,   -0.002,    0.090,    0.090,   -0.006,   -0.006
   49,2020091618,    0.434,    0.434,    0.000,    0.000,    0.000,    0.000,    0.001,    0.001,   -0.135,   -0.135,    0.000,    0.000,    0.000,    0.000,   -1.431,   -1.431,   -0.159,   -0.159,   -0.003,   -0.003,    0.092,    0.092,   -0.005,   -0.005
   49,2020091612,    0.434,    0.434,    0.000,    0.000,    0.000,    0.000,    0.001,    0.001,   -0.135,   -0.135,    0.000,    0.000,    0.000,    0.000,   -1.342,   -1.342,   -0.161,   -0.161,   -0.002,   -0.002,    0.091,    0.091,   -0.004,   -0.004
   49,2020091606,    0.434,    0.434,    0.000,    0.000,    0.000,    0.000,   -0.000,   -0.000,   -0.135,   -0.135,    0.000,    0.000,    0.000,    0.000,   -1.369,   -1.369,   -0.164,   -0.164,   -0.003,   -0.003,    0.090,    0.090,   -0.005,   -0.005
   49,2020091600,    0.433,    0.433,    0.000,    0.000,    0.000,    0.000,    0.000,    0.000,   -0.135,   -0.135,    0.000,    0.000,    0.000,    0.000,   -1.322,   -1.322,   -0.165,   -0.165,   -0.003,   -0.003,    0.089,    0.089,   -0.005,   -0.005
   49,2020091518,    0.434,    0.434,    0.000,    0.000,    0.000,    0.000,    0.001,    0.001,   -0.134,   -0.134,    0.000,    0.000,    0.000,    0.000,   -1.352,   -1.352,   -0.164,   -0.164,   -0.001,   -0.001,    0.090,    0.090,   -0.003,   -0.003
   49,2020091512,    0.433,    0.433,    0.000,    0.000,    0.000,    0.000,    0.001,    0.001,   -0.134,   -0.134,    0.000,    0.000,    0.000,    0.000,   -1.383,   -1.383,   -0.167,   -0.167,   -0.002,   -0.002,    0.088,    0.088,   -0.004,   -0.004
   49,2020091506,    0.433,    0.433,    0.000,    0.000,    0.000,    0.000,    0.001,    0.001,   -0.134,   -0.134,    0.000,    0.000,    0.000,    0.000,   -1.447,   -1.447,   -0.168,   -0.168,   -0.002,   -0.002,    0.087,    0.087,   -0.005,   -0.005
   49,2020091500,    0.433,    0.433,    0.000,    0.000,    0.000,    0.000,    0.001,    0.001,   -0.135,   -0.135,    0.000,    0.000,    0.000,    0.000,   -1.266,   -1.266,   -0.170,   -0.170,   -0.005,   -0.005,    0.087,    0.087,   -0.007,   -0.007
   49,2020091418,    0.435,    0.435,    0.000,    0.000,    0.000,    0.000,    0.003,    0.003,   -0.136,   -0.136,    0.000,    0.000,    0.000,    0.000,   -1.337,   -1.337,   -0.165,   -0.165,   -0.005,   -0.005,    0.090,    0.090,   -0.007,   -0.007
   49,2020091412,    0.434,    0.434,    0.000,    0.000,    0.000,    0.000,    0.003,    0.003,   -0.137,   -0.137,    0.000,    0.000,    0.000,    0.000,   -1.355,   -1.355,   -0.167,   -0.167,   -0.000,   -0.000,    0.089,    0.089,   -0.005,   -0.005
   49,2020091406,    0.435,    0.435,    0.000,    0.000,    0.000,    0.000,    0.003,    0.003,   -0.136,   -0.136,    0.000,    0.000,    0.000,    0.000,   -1.141,   -1.141,   -0.163,   -0.163,   -0.001,   -0.001,    0.091,    0.091,   -0.005,   -0.005
   49,2020091400,    0.436,    0.436,    0.000,    0.000,    0.000,    0.000,    0.003,    0.003,   -0.138,   -0.138,    0.000,    0.000,    0.000,    0.000,   -1.122,   -1.122,   -0.157,   -0.157,   -0.005,   -0.005,    0.094,    0.094,   -0.007,   -0.007
   49,2020091318,    0.435,    0.435,    0.000,    0.000,    0.000,    0.000,    0.003,    0.003,   -0.139,   -0.139,    0.000,    0.000,    0.000,    0.000,   -1.243,   -1.243,   -0.161,   -0.161,   -0.005,   -0.005,    0.092,    0.092,   -0.007,   -0.007
   49,2020091312,    0.435,    0.435,    0.000,    0.000,    0.000,    0.000,    0.004,    0.004,   -0.137,   -0.137,    0.000,    0.000,    0.000,    0.000,   -1.168,   -1.168,   -0.159,   -0.159,   -0.003,   -0.003,    0.093,    0.093,   -0.006,   -0.006
   49,2020091306,    0.435,    0.435,    0.000,    0.000,    0.000,    0.000,    0.004,    0.004,   -0.135,   -0.135,    0.000,    0.000,    0.000,    0.000,   -1.216,   -1.216,   -0.161,   -0.161,   -0.005,   -0.005,    0.092,    0.092,   -0.008,   -0.008
   49,2020091300,    0.435,    0.435,    0.000,    0.000,    0.000,    0.000,    0.004,    0.004,   -0.135,   -0.135,    0.000,    0.000,    0.000,    0.000,   -1.288,   -1.288,   -0.161,   -0.161,   -0.006,   -0.006,    0.091,    0.091,   -0.008,   -0.008
   49,2020091218,    0.436,    0.436,    0.000,    0.000,    0.000,    0.000,    0.005,    0.005,   -0.136,   -0.136,    0.000,    0.000,    0.000,    0.000,   -1.452,   -1.452,   -0.156,   -0.156,   -0.000,   -0.000,    0.094,    0.094,   -0.006,   -0.006
   49,2020091212,    0.435,    0.435,    0.000,    0.000,    0.000,    0.000,    0.005,    0.005,   -0.135,   -0.135,    0.000,    0.000,    0.000,    0.000,   -1.416,   -1.416,   -0.157,   -0.157,    0.003,    0.003,    0.093,    0.093,   -0.004,   -0.004
   49,2020091206,    0.435,    0.435,    0.000,    0.000,    0.000,    0.000,    0.004,    0.004,   -0.134,   -0.134,    0.000,    0.000,    0.000,    0.000,   -1.276,   -1.276,   -0.161,   -0.161,    0.003,    0.003,    0.091,    0.091,   -0.004,   -0.004
   49,2020091200,    0.434,    0.434,    0.000,    0.000,    0.000,    0.000,    0.003,    0.003,   -0.136,   -0.136,    0.000,    0.000,    0.000,    0.000,   -1.311,   -1.311,   -0.159,   -0.159,   -0.002,   -0.002,    0.092,    0.092,   -0.007,   -0.007
   49,2020091118,    0.436,    0.436,    0.000,    0.000,    0.000,    0.000,    0.005,    0.005,   -0.137,   -0.137,    0.000,    0.000,    0.000,    0.000,   -1.279,   -1.279,   -0.164,   -0.164,    0.001,    0.001,    0.090,    0.090,   -0.005,   -0.005
   49,2020091112,    0.434,    0.434,    0.000,    0.000,    0.000,    0.000,    0.005,    0.005,   -0.137,   -0.137,    0.000,    0.000,    0.000,    0.000,   -1.221,   -1.221,   -0.165,   -0.165,    0.001,    0.001,    0.090,    0.090,   -0.005,   -0.005
   49,2020091106,    0.434,    0.434,    0.000,    0.000,    0.000,    0.000,    0.005,    0.005,   -0.135,   -0.135,    0.000,    0.000,    0.000,    0.000,   -1.270,   -1.270,   -0.166,   -0.166,   -0.000,   -0.000,    0.089,    0.089,   -0.006,   -0.006
   49,2020091100,    0.434,    0.434,    0.000,    0.000,    0.000,    0.000,    0.005,    0.005,   -0.139,   -0.139,    0.000,    0.000,    0.000,    0.000,   -1.286,   -1.286,   -0.162,   -0.162,   -0.001,   -0.001,    0.091,    0.091,   -0.006,   -0.006
   49,2020091018,    0.433,    0.433,    0.000,    0.000,    0.000,    0.000,    0.004,    0.004,   -0.140,   -0.140,    0.000,    0.000,    0.000,    0.000,   -1.518,   -1.518,   -0.168,   -0.168,    0.004,    0.004,    0.088,    0.088,   -0.004,   -0.004
   49,2020091012,    0.433,    0.433,    0.000,    0.000,    0.000,    0.000,    0.003,    0.003,   -0.140,   -0.140,    0.000,    0.000,    0.000,    0.000,   -1.556,   -1.556,   -0.164,   -0.164,    0.000,    0.000,    0.089,    0.089,   -0.007,   -0.007
   49,2020091006,    0.432,    0.432,    0.000,    0.000,    0.000,    0.000,    0.004,    0.004,   -0.139,   -0.139,    0.000,    0.000,    0.000,    0.000,   -1.545,   -1.545,   -0.165,   -0.165,   -0.002,   -0.002,    0.089,    0.089,   -0.008,   -0.008
   49,2020091000,    0.434,    0.434,    0.000,    0.000,    0.000,    0.000,    0.006,    0.006,   -0.140,   -0.140,    0.000,    0.000,    0.000,    0.000,   -1.283,   -1.283,   -0.163,   -0.163,   -0.001,   -0.001,    0.090,    0.090,   -0.007,   -0.007
   49,2020090918,    0.434,    0.434,    0.000,    0.000,    0.000,    0.000,    0.006,    0.006,   -0.140,   -0.140,    0.000,    0.000,    0.000,    0.000,   -1.287,   -1.287,   -0.165,   -0.165,    0.003,    0.003,    0.089,    0.089,   -0.004,   -0.004
   49,2020090912,    0.433,    0.433,    0.000,    0.000,    0.000,    0.000,    0.005,    0.005,   -0.139,   -0.139,    0.000,    0.000,    0.000,    0.000,   -1.312,   -1.312,   -0.168,   -0.168,    0.001,    0.001,    0.087,    0.087,   -0.005,   -0.005
   49,2020090906,    0.434,    0.434,    0.000,    0.000,    0.000,    0.000,    0.006,    0.006,   -0.138,   -0.138,    0.000,    0.000,    0.000,    0.000,   -1.276,   -1.276,   -0.167,   -0.167,   -0.001,   -0.001,    0.088,    0.088,   -0.006,   -0.006
   49,2020090900,    0.433,    0.433,    0.000,    0.000,    0.000,    0.000,    0.006,    0.006,   -0.138,   -0.138,    0.000,    0.000,    0.000,    0.000,   -1.336,   -1.336,   -0.170,   -0.170,   -0.005,   -0.005,    0.087,    0.087,   -0.008,   -0.008
   49,2020090818,    0.433,    0.433,    0.000,    0.000,    0.000,    0.000,    0.005,    0.005,   -0.138,   -0.138,    0.000,    0.000,    0.000,    0.000,   -1.480,   -1.480,   -0.171,   -0.171,   -0.009,   -0.009,    0.086,    0.086,   -0.010,   -0.010
   49,2020090812,    0.433,    0.433,    0.000,    0.000,    0.000,    0.000,    0.006,    0.006,   -0.137,   -0.137,    0.000,    0.000,    0.000,    0.000,   -1.456,   -1.456,   -0.169,   -0.169,   -0.007,   -0.007,    0.087,    0.087,   -0.009,   -0.009
   49,2020090806,    0.434,    0.434,    0.000,    0.000,    0.000,    0.000,    0.007,    0.007,   -0.136,   -0.136,    0.000,    0.000,    0.000,    0.000,   -1.613,   -1.613,   -0.168,   -0.168,   -0.006,   -0.006,    0.088,    0.088,   -0.009,   -0.009
   49,2020090800,    0.435,    0.435,    0.000,    0.000,    0.000,    0.000,    0.008,    0.008,   -0.136,   -0.136,    0.000,    0.000,    0.000,    0.000,   -1.476,   -1.476,   -0.165,   -0.165,   -0.009,   -0.009,    0.090,    0.090,   -0.011,   -0.011
   49,2020090718,    0.436,    0.436,    0.000,    0.000,    0.000,    0.000,    0.009,    0.009,   -0.137,   -0.137,    0.000,    0.000,    0.000,    0.000,   -1.446,   -1.446,   -0.163,   -0.163,   -0.008,   -0.008,    0.091,    0.091,   -0.010,   -0.010
   49,2020090712,    0.435,    0.435,    0.000,    0.000,    0.000,    0.000,    0.010,    0.010,   -0.136,   -0.136,    0.000,    0.000,    0.000,    0.000,   -1.473,   -1.473,   -0.165,   -0.165,   -0.005,   -0.005,    0.090,    0.090,   -0.008,   -0.008
   49,2020090706,    0.434,    0.434,    0.000,    0.000,    0.000,    0.000,    0.009,    0.009,   -0.135,   -0.135,    0.000,    0.000,    0.000,    0.000,   -1.474,   -1.474,   -0.164,   -0.164,   -0.003,   -0.003,    0.090,    0.090,   -0.008,   -0.008
   49,2020090700,    0.435,    0.435,    0.000,    0.000,    0.000,    0.000,    0.009,    0.009,   -0.136,   -0.136,    0.000,    0.000,    0.000,    0.000,   -1.431,   -1.431,   -0.161,   -0.161,   -0.001,   -0.001,    0.091,    0.091,   -0.007,   -0.007
   49,2020090618,    0.434,    0.434,    0.000,    0.000,    0.000,    0.000,    0.009,    0.009,   -0.136,   -0.136,    0.000,    0.000,    0.000,    0.000,   -1.493,   -1.493,   -0.162,   -0.162,   -0.002,   -0.002,    0.090,    0.090,   -0.007,   -0.007
   49,2020090612,    0.434,    0.434,    0.000,    0.000,    0.000,    0.000,    0.011,    0.011,   -0.136,   -0.136,    0.000,    0.000,    0.000,    0.000,   -1.456,   -1.456,   -0.163,   -0.163,   -0.002,   -0.002,    0.090,    0.090,   -0.007,   -0.007
   49,2020090606,    0.436,    0.436,    0.000,    0.000,    0.000,    0.000,    0.011,    0.011,   -0.134,   -0.134,    0.000,    0.000,    0.000,    0.000,   -1.566,   -1.566,   -0.160,   -0.160,   -0.003,   -0.003,    0.091,    0.091,   -0.008,   -0.008
   49,2020090600,    0.436,    0.436,    0.000,    0.000,    0.000,    0.000,    0.010,    0.010,   -0.135,   -0.135,    0.000,    0.000,    0.000,    0.000,   -1.496,   -1.496,   -0.159,   -0.159,   -0.006,   -0.006,    0.092,    0.092,   -0.009,   -0.009
   49,2020090518,    0.436,    0.436,    0.000,    0.000,    0.000,    0.000,    0.010,    0.010,   -0.136,   -0.136,    0.000,    0.000,    0.000,    0.000,   -1.493,   -1.493,   -0.159,   -0.159,   -0.005,   -0.005,    0.091,    0.091,   -0.008,   -0.008
   49,2020090512,    0.434,    0.434,    0.000,    0.000,    0.000,    0.000,    0.010,    0.010,   -0.135,   -0.135,    0.000,    0.000,    0.000,    0.000,   -1.605,   -1.605,   -0.160,   -0.160,    0.000,    0.000,    0.090,    0.090,   -0.006,   -0.006
   49,2020090506,    0.434,    0.434,    0.000,    0.000,    0.000,    0.000,    0.010,    0.010,   -0.134,   -0.134,    0.000,    0.000,    0.000,    0.000,   -1.562,   -1.562,   -0.162,   -0.162,    0.002,    0.002,    0.089,    0.089,   -0.005,   -0.005
   49,2020090500,    0.433,    0.433,    0.000,    0.000,    0.000,    0.000,    0.010,    0.010,   -0.134,   -0.134,    0.000,    0.000,    0.000,    0.000,   -1.520,   -1.520,   -0.164,   -0.164,   -0.001,   -0.001,    0.088,    0.088,   -0.007,   -0.007
   49,2020090418,    0.434,    0.434,    0.000,    0.000,    0.000,    0.000,    0.011,    0.011,   -0.135,   -0.135,    0.000,    0.000,    0.000,    0.000,   -1.440,   -1.440,   -0.160,   -0.160,   -0.001,   -0.001,    0.090,    0.090,   -0.007,   -0.007
   49,2020090412,    0.434,    0.434,    0.000,    0.000,    0.000,    0.000,    0.013,    0.013,   -0.134,   -0.134,    0.000,    0.000,    0.000,    0.000,   -1.403,   -1.403,   -0.158,   -0.158,    0.001,    0.001,    0.091,    0.091,   -0.004,   -0.004
   49,2020090406,    0.434,    0.434,    0.000,    0.000,    0.000,    0.000,    0.013,    0.013,   -0.132,   -0.132,    0.000,    0.000,    0.000,    0.000,   -1.227,   -1.227,   -0.161,   -0.161,   -0.001,   -0.001,    0.089,    0.089,   -0.005,   -0.005
   49,2020090400,    0.433,    0.433,    0.000,    0.000,    0.000,    0.000,    0.013,    0.013,   -0.133,   -0.133,    0.000,    0.000,    0.000,    0.000,   -1.511,   -1.511,   -0.166,   -0.166,   -0.001,   -0.001,    0.087,    0.087,   -0.005,   -0.005
   49,2020090318,    0.433,    0.433,    0.000,    0.000,    0.000,    0.000,    0.014,    0.014,   -0.134,   -0.134,    0.000,    0.000,    0.000,    0.000,   -1.492,   -1.492,   -0.167,   -0.167,   -0.001,   -0.001,    0.086,    0.086,   -0.004,   -0.004
   49,2020090312,    0.433,    0.433,    0.000,    0.000,    0.000,    0.000,    0.014,    0.014,   -0.133,   -0.133,    0.000,    0.000,    0.000,    0.000,   -1.401,   -1.401,   -0.164,   -0.164,   -0.001,   -0.001,    0.088,    0.088,   -0.004,   -0.004
   49,2020090306,    0.433,    0.433,    0.000,    0.000,    0.000,    0.000,    0.013,    0.013,   -0.133,   -0.133,    0.000,    0.000,    0.000,    0.000,   -1.384,   -1.384,   -0.163,   -0.163,   -0.009,   -0.009,    0.088,    0.088,   -0.009,   -0.009
   49,2020090300,    0.432,    0.432,    0.000,    0.000,    0.000,    0.000,    0.012,    0.012,   -0.135,   -0.135,    0.000,    0.000,    0.000,    0.000,   -1.424,   -1.424,   -0.164,   -0.164,   -0.011,   -0.011,    0.088,    0.088,   -0.010,   -0.010
   49,2020090218,    0.433,    0.433,    0.000,    0.000,    0.000,    0.000,    0.014,    0.014,   -0.136,   -0.136,    0.000,    0.000,    0.000,    0.000,   -1.295,   -1.295,   -0.166,   -0.166,   -0.010,   -0.010,    0.087,    0.087,   -0.009,   -0.009
   49,2020090212,    0.433,    0.433,    0.000,    0.000,    0.000,    0.000,    0.013,    0.013,   -0.135,   -0.135,    0.000,    0.000,    0.000,    0.000,   -1.333,   -1.333,   -0.165,   -0.165,   -0.006,   -0.006,    0.087,    0.087,   -0.006,   -0.006
   49,2020090206,    0.433,    0.433,    0.000,    0.000,    0.000,    0.000,    0.012,    0.012,   -0.137,   -0.137,    0.000,    0.000,    0.000,    0.000,   -1.476,   -1.476,   -0.161,   -0.161,   -0.008,   -0.008,    0.089,    0.089,   -0.008,   -0.008
   49,2020090200,    0.433,    0.433,    0.000,    0.000,    0.000,    0.000,    0.012,    0.012,   -0.139,   -0.139,    0.000,    0.000,    0.000,    0.000,   -1.490,   -1.490,   -0.165,   -0.165,   -0.008,   -0.008,    0.088,    0.088,   -0.008,   -0.008
   49,2020090118,    0.434,    0.434,    0.000,    0.000,    0.000,    0.000,    0.014,    0.014,   -0.139,   -0.139,    0.000,    0.000,    0.000,    0.000,   -1.417,   -1.417,   -0.163,   -0.163,   -0.005,   -0.005,    0.088,    0.088,   -0.006,   -0.006
   49,2020090112,    0.435,    0.435,    0.000,    0.000,    0.000,    0.000,    0.014,    0.014,   -0.139,   -0.139,    0.000,    0.000,    0.000,    0.000,   -1.388,   -1.388,   -0.160,   -0.160,   -0.006,   -0.006,    0.089,    0.089,   -0.007,   -0.007
   49,2020090106,    0.434,    0.434,    0.000,    0.000,    0.000,    0.000,    0.012,    0.012,   -0.140,   -0.140,    0.000,    0.000,    0.000,    0.000,   -1.262,   -1.262,   -0.164,   -0.164,   -0.009,   -0.009,    0.086,    0.086,   -0.008,   -0.008
   49,2020090100,    0.434,    0.434,    0.000,    0.000,    0.000,    0.000,    0.014,    0.014,   -0.141,   -0.141,    0.000,    0.000,    0.000,    0.000,   -1.278,   -1.278,   -0.159,   -0.159,   -0.010,   -0.010,    0.088,    0.088,   -0.008,   -0.008
   49,2020083118,    0.436,    0.436,    0.000,    0.000,    0.000,    0.000,    0.015,    0.015,   -0.140,   -0.140,    0.000,    0.000,    0.000,    0.000,   -1.319,   -1.319,   -0.153,   -0.153,   -0.011,   -0.011,    0.091,    0.091,   -0.009,   -0.009
   49,2020083112,    0.435,    0.435,    0.000,    0.000,    0.000,    0.000,    0.015,    0.015,   -0.139,   -0.139,    0.000,    0.000,    0.000,    0.000,   -1.426,   -1.426,   -0.158,   -0.158,   -0.010,   -0.010,    0.089,    0.089,   -0.009,   -0.009
   49,2020083106,    0.436,    0.436,    0.000,    0.000,    0.000,    0.000,    0.017,    0.017,   -0.140,   -0.140,    0.000,    0.000,    0.000,    0.000,   -1.569,   -1.569,   -0.159,   -0.159,   -0.011,   -0.011,    0.089,    0.089,   -0.009,   -0.009
   49,2020083100,    0.436,    0.436,    0.000,    0.000,    0.000,    0.000,    0.017,    0.017,   -0.141,   -0.141,    0.000,    0.000,    0.000,    0.000,   -1.417,   -1.417,   -0.155,   -0.155,   -0.012,   -0.012,    0.091,    0.091,   -0.009,   -0.009
   49,2020083018,    0.438,    0.438,    0.000,    0.000,    0.000,    0.000,    0.018,    0.018,   -0.140,   -0.140,    0.000,    0.000,    0.000,    0.000,   -1.348,   -1.348,   -0.153,   -0.153,   -0.010,   -0.010,    0.092,    0.092,   -0.009,   -0.009
   49,2020083012,    0.439,    0.439,    0.000,    0.000,    0.000,    0.000,    0.019,    0.019,   -0.139,   -0.139,    0.000,    0.000,    0.000,    0.000,   -1.341,   -1.341,   -0.152,   -0.152,   -0.011,   -0.011,    0.093,    0.093,   -0.009,   -0.009
   49,2020083006,    0.438,    0.438,    0.000,    0.000,    0.000,    0.000,    0.019,    0.019,   -0.137,   -0.137,    0.000,    0.000,    0.000,    0.000,   -1.272,   -1.272,   -0.152,   -0.152,   -0.011,   -0.011,    0.093,    0.093,   -0.009,   -0.009
   49,2020083000,    0.438,    0.438,    0.000,    0.000,    0.000,    0.000,    0.018,    0.018,   -0.138,   -0.138,    0.000,    0.000,    0.000,    0.000,   -1.449,   -1.449,   -0.150,   -0.150,   -0.011,   -0.011,    0.094,    0.094,   -0.009,   -0.009
