 1643,2020092000,    0.503,    0.503,    0.000,    0.000,    0.000,    0.000,   -1.754,   -1.754,   -0.612,   -0.612,    0.000,    0.000,    0.000,    0.000,   -0.036,   -0.036,   -0.004,   -0.004,   -0.045,   -0.045,   -0.747,   -0.747,   -0.015,   -0.015
 1643,2020091918,    0.511,    0.511,    0.000,    0.000,    0.000,    0.000,   -1.744,   -1.744,   -0.605,   -0.605,    0.000,    0.000,    0.000,    0.000,   -0.036,   -0.036,    0.019,    0.019,   -0.047,   -0.047,   -0.733,   -0.733,   -0.016,   -0.016
 1643,2020091912,    0.505,    0.505,    0.000,    0.000,    0.000,    0.000,   -1.772,   -1.772,   -0.576,   -0.576,    0.000,    0.000,    0.000,    0.000,   -0.036,   -0.036,   -0.028,   -0.028,   -0.045,   -0.045,   -0.755,   -0.755,   -0.017,   -0.017
 1643,2020091906,    0.510,    0.510,    0.000,    0.000,    0.000,    0.000,   -1.754,   -1.754,   -0.608,   -0.608,    0.000,    0.000,    0.000,    0.000,   -0.035,   -0.035,   -0.008,   -0.008,   -0.039,   -0.039,   -0.742,   -0.742,   -0.012,   -0.012
 1643,2020091900,    0.506,    0.506,    0.000,    0.000,    0.000,    0.000,   -1.782,   -1.782,   -0.597,   -0.597,    0.000,    0.000,    0.000,    0.000,   -0.037,   -0.037,   -0.026,   -0.026,   -0.039,   -0.039,   -0.750,   -0.750,   -0.012,   -0.012
 1643,2020091818,    0.511,    0.511,    0.000,    0.000,    0.000,    0.000,   -1.768,   -1.768,   -0.603,   -0.603,    0.000,    0.000,    0.000,    0.000,   -0.037,   -0.037,    0.005,    0.005,   -0.049,   -0.049,   -0.735,   -0.735,   -0.014,   -0.014
 1643,2020091812,    0.506,    0.506,    0.000,    0.000,    0.000,    0.000,   -1.789,   -1.789,   -0.574,   -0.574,    0.000,    0.000,    0.000,    0.000,   -0.036,   -0.036,   -0.028,   -0.028,   -0.045,   -0.045,   -0.752,   -0.752,   -0.012,   -0.012
 1643,2020091806,    0.507,    0.507,    0.000,    0.000,    0.000,    0.000,   -1.784,   -1.784,   -0.618,   -0.618,    0.000,    0.000,    0.000,    0.000,   -0.035,   -0.035,   -0.019,   -0.019,   -0.037,   -0.037,   -0.747,   -0.747,   -0.009,   -0.009
 1643,2020091800,    0.505,    0.505,    0.000,    0.000,    0.000,    0.000,   -1.798,   -1.798,   -0.600,   -0.600,    0.000,    0.000,    0.000,    0.000,   -0.037,   -0.037,   -0.027,   -0.027,   -0.037,   -0.037,   -0.751,   -0.751,   -0.009,   -0.009
 1643,2020091718,    0.507,    0.507,    0.000,    0.000,    0.000,    0.000,   -1.787,   -1.787,   -0.592,   -0.592,    0.000,    0.000,    0.000,    0.000,   -0.037,   -0.037,   -0.017,   -0.017,   -0.053,   -0.053,   -0.745,   -0.745,   -0.016,   -0.016
 1643,2020091712,    0.501,    0.501,    0.000,    0.000,    0.000,    0.000,   -1.818,   -1.818,   -0.571,   -0.571,    0.000,    0.000,    0.000,    0.000,   -0.038,   -0.038,   -0.046,   -0.046,   -0.052,   -0.052,   -0.760,   -0.760,   -0.016,   -0.016
 1643,2020091706,    0.506,    0.506,    0.000,    0.000,    0.000,    0.000,   -1.802,   -1.802,   -0.594,   -0.594,    0.000,    0.000,    0.000,    0.000,   -0.038,   -0.038,   -0.019,   -0.019,   -0.060,   -0.060,   -0.746,   -0.746,   -0.019,   -0.019
 1643,2020091700,    0.499,    0.499,    0.000,    0.000,    0.000,    0.000,   -1.810,   -1.810,   -0.587,   -0.587,    0.000,    0.000,    0.000,    0.000,   -0.039,   -0.039,   -0.045,   -0.045,   -0.050,   -0.050,   -0.762,   -0.762,   -0.016,   -0.016
 1643,2020091618,    0.506,    0.506,    0.000,    0.000,    0.000,    0.000,   -1.783,   -1.783,   -0.589,   -0.589,    0.000,    0.000,    0.000,    0.000,   -0.038,   -0.038,   -0.006,   -0.006,   -0.062,   -0.062,   -0.742,   -0.742,   -0.020,   -0.020
 1643,2020091612,    0.499,    0.499,    0.000,    0.000,    0.000,    0.000,   -1.810,   -1.810,   -0.580,   -0.580,    0.000,    0.000,    0.000,    0.000,   -0.038,   -0.038,   -0.037,   -0.037,   -0.068,   -0.068,   -0.758,   -0.758,   -0.024,   -0.024
 1643,2020091606,    0.502,    0.502,    0.000,    0.000,    0.000,    0.000,   -1.801,   -1.801,   -0.582,   -0.582,    0.000,    0.000,    0.000,    0.000,   -0.037,   -0.037,   -0.033,   -0.033,   -0.069,   -0.069,   -0.754,   -0.754,   -0.026,   -0.026
 1643,2020091600,    0.498,    0.498,    0.000,    0.000,    0.000,    0.000,   -1.797,   -1.797,   -0.593,   -0.593,    0.000,    0.000,    0.000,    0.000,   -0.038,   -0.038,   -0.054,   -0.054,   -0.053,   -0.053,   -0.766,   -0.766,   -0.019,   -0.019
 1643,2020091518,    0.509,    0.509,    0.000,    0.000,    0.000,    0.000,   -1.752,   -1.752,   -0.612,   -0.612,    0.000,    0.000,    0.000,    0.000,   -0.036,   -0.036,   -0.004,   -0.004,   -0.044,   -0.044,   -0.739,   -0.739,   -0.013,   -0.013
 1643,2020091512,    0.504,    0.504,    0.000,    0.000,    0.000,    0.000,   -1.764,   -1.764,   -0.600,   -0.600,    0.000,    0.000,    0.000,    0.000,   -0.037,   -0.037,   -0.032,   -0.032,   -0.039,   -0.039,   -0.754,   -0.754,   -0.011,   -0.011
 1643,2020091506,    0.507,    0.507,    0.000,    0.000,    0.000,    0.000,   -1.758,   -1.758,   -0.611,   -0.611,    0.000,    0.000,    0.000,    0.000,   -0.036,   -0.036,   -0.021,   -0.021,   -0.041,   -0.041,   -0.747,   -0.747,   -0.011,   -0.011
 1643,2020091500,    0.505,    0.505,    0.000,    0.000,    0.000,    0.000,   -1.743,   -1.743,   -0.622,   -0.622,    0.000,    0.000,    0.000,    0.000,   -0.036,   -0.036,   -0.054,   -0.054,   -0.031,   -0.031,   -0.760,   -0.760,   -0.007,   -0.007
 1643,2020091418,    0.512,    0.512,    0.000,    0.000,    0.000,    0.000,   -1.751,   -1.751,   -0.634,   -0.634,    0.000,    0.000,    0.000,    0.000,   -0.036,   -0.036,   -0.027,   -0.027,   -0.038,   -0.038,   -0.746,   -0.746,   -0.008,   -0.008
 1643,2020091412,    0.506,    0.506,    0.000,    0.000,    0.000,    0.000,   -1.807,   -1.807,   -0.615,   -0.615,    0.000,    0.000,    0.000,    0.000,   -0.036,   -0.036,   -0.048,   -0.048,   -0.046,   -0.046,   -0.757,   -0.757,   -0.011,   -0.011
 1643,2020091406,    0.509,    0.509,    0.000,    0.000,    0.000,    0.000,   -1.806,   -1.806,   -0.658,   -0.658,    0.000,    0.000,    0.000,    0.000,   -0.034,   -0.034,   -0.047,   -0.047,   -0.039,   -0.039,   -0.755,   -0.755,   -0.008,   -0.008
 1643,2020091400,    0.507,    0.507,    0.000,    0.000,    0.000,    0.000,   -1.795,   -1.795,   -0.655,   -0.655,    0.000,    0.000,    0.000,    0.000,   -0.035,   -0.035,   -0.052,   -0.052,   -0.033,   -0.033,   -0.757,   -0.757,   -0.005,   -0.005
 1643,2020091318,    0.506,    0.506,    0.000,    0.000,    0.000,    0.000,   -1.878,   -1.878,   -0.664,   -0.664,    0.000,    0.000,    0.000,    0.000,   -0.036,   -0.036,   -0.053,   -0.053,   -0.040,   -0.040,   -0.759,   -0.759,   -0.007,   -0.007
 1643,2020091312,    0.504,    0.504,    0.000,    0.000,    0.000,    0.000,   -1.914,   -1.914,   -0.638,   -0.638,    0.000,    0.000,    0.000,    0.000,   -0.037,   -0.037,   -0.063,   -0.063,   -0.056,   -0.056,   -0.764,   -0.764,   -0.013,   -0.013
 1643,2020091306,    0.505,    0.505,    0.000,    0.000,    0.000,    0.000,   -1.913,   -1.913,   -0.672,   -0.672,    0.000,    0.000,    0.000,    0.000,   -0.035,   -0.035,   -0.072,   -0.072,   -0.045,   -0.045,   -0.767,   -0.767,   -0.010,   -0.010
 1643,2020091300,    0.507,    0.507,    0.000,    0.000,    0.000,    0.000,   -1.901,   -1.901,   -0.673,   -0.673,    0.000,    0.000,    0.000,    0.000,   -0.035,   -0.035,   -0.084,   -0.084,   -0.047,   -0.047,   -0.769,   -0.769,   -0.012,   -0.012
 1643,2020091218,    0.505,    0.505,    0.000,    0.000,    0.000,    0.000,   -1.949,   -1.949,   -0.676,   -0.676,    0.000,    0.000,    0.000,    0.000,   -0.036,   -0.036,   -0.105,   -0.105,   -0.056,   -0.056,   -0.778,   -0.778,   -0.013,   -0.013
 1643,2020091212,    0.504,    0.504,    0.000,    0.000,    0.000,    0.000,   -1.953,   -1.953,   -0.671,   -0.671,    0.000,    0.000,    0.000,    0.000,   -0.036,   -0.036,   -0.105,   -0.105,   -0.079,   -0.079,   -0.779,   -0.779,   -0.023,   -0.023
 1643,2020091206,    0.505,    0.505,    0.000,    0.000,    0.000,    0.000,   -1.940,   -1.940,   -0.669,   -0.669,    0.000,    0.000,    0.000,    0.000,   -0.035,   -0.035,   -0.088,   -0.088,   -0.077,   -0.077,   -0.772,   -0.772,   -0.021,   -0.021
 1643,2020091200,    0.503,    0.503,    0.000,    0.000,    0.000,    0.000,   -1.898,   -1.898,   -0.688,   -0.688,    0.000,    0.000,    0.000,    0.000,   -0.034,   -0.034,   -0.106,   -0.106,   -0.071,   -0.071,   -0.780,   -0.780,   -0.017,   -0.017
 1643,2020091118,    0.507,    0.507,    0.000,    0.000,    0.000,    0.000,   -1.913,   -1.913,   -0.683,   -0.683,    0.000,    0.000,    0.000,    0.000,   -0.035,   -0.035,   -0.091,   -0.091,   -0.063,   -0.063,   -0.771,   -0.771,   -0.014,   -0.014
 1643,2020091112,    0.504,    0.504,    0.000,    0.000,    0.000,    0.000,   -1.900,   -1.900,   -0.674,   -0.674,    0.000,    0.000,    0.000,    0.000,   -0.035,   -0.035,   -0.122,   -0.122,   -0.066,   -0.066,   -0.785,   -0.785,   -0.017,   -0.017
 1643,2020091106,    0.508,    0.508,    0.000,    0.000,    0.000,    0.000,   -1.871,   -1.871,   -0.662,   -0.662,    0.000,    0.000,    0.000,    0.000,   -0.034,   -0.034,   -0.096,   -0.096,   -0.068,   -0.068,   -0.772,   -0.772,   -0.018,   -0.018
 1643,2020091100,    0.504,    0.504,    0.000,    0.000,    0.000,    0.000,   -1.863,   -1.863,   -0.682,   -0.682,    0.000,    0.000,    0.000,    0.000,   -0.035,   -0.035,   -0.121,   -0.121,   -0.058,   -0.058,   -0.785,   -0.785,   -0.014,   -0.014
 1643,2020091018,    0.510,    0.510,    0.000,    0.000,    0.000,    0.000,   -1.891,   -1.891,   -0.672,   -0.672,    0.000,    0.000,    0.000,    0.000,   -0.037,   -0.037,   -0.098,   -0.098,   -0.051,   -0.051,   -0.771,   -0.771,   -0.010,   -0.010
 1643,2020091012,    0.502,    0.502,    0.000,    0.000,    0.000,    0.000,   -1.928,   -1.928,   -0.655,   -0.655,    0.000,    0.000,    0.000,    0.000,   -0.039,   -0.039,   -0.132,   -0.132,   -0.053,   -0.053,   -0.790,   -0.790,   -0.012,   -0.012
 1643,2020091006,    0.506,    0.506,    0.000,    0.000,    0.000,    0.000,   -1.903,   -1.903,   -0.656,   -0.656,    0.000,    0.000,    0.000,    0.000,   -0.038,   -0.038,   -0.121,   -0.121,   -0.054,   -0.054,   -0.783,   -0.783,   -0.012,   -0.012
 1643,2020091000,    0.504,    0.504,    0.000,    0.000,    0.000,    0.000,   -1.913,   -1.913,   -0.651,   -0.651,    0.000,    0.000,    0.000,    0.000,   -0.040,   -0.040,   -0.141,   -0.141,   -0.054,   -0.054,   -0.793,   -0.793,   -0.012,   -0.012
 1643,2020090918,    0.506,    0.506,    0.000,    0.000,    0.000,    0.000,   -1.916,   -1.916,   -0.651,   -0.651,    0.000,    0.000,    0.000,    0.000,   -0.043,   -0.043,   -0.122,   -0.122,   -0.056,   -0.056,   -0.784,   -0.784,   -0.011,   -0.011
 1643,2020090912,    0.497,    0.497,    0.000,    0.000,    0.000,    0.000,   -1.931,   -1.931,   -0.632,   -0.632,    0.000,    0.000,    0.000,    0.000,   -0.044,   -0.044,   -0.151,   -0.151,   -0.063,   -0.063,   -0.802,   -0.802,   -0.016,   -0.016
 1643,2020090906,    0.502,    0.502,    0.000,    0.000,    0.000,    0.000,   -1.881,   -1.881,   -0.646,   -0.646,    0.000,    0.000,    0.000,    0.000,   -0.043,   -0.043,   -0.133,   -0.133,   -0.054,   -0.054,   -0.793,   -0.793,   -0.011,   -0.011
 1643,2020090900,    0.498,    0.498,    0.000,    0.000,    0.000,    0.000,   -1.846,   -1.846,   -0.651,   -0.651,    0.000,    0.000,    0.000,    0.000,   -0.045,   -0.045,   -0.151,   -0.151,   -0.041,   -0.041,   -0.802,   -0.802,   -0.007,   -0.007
 1643,2020090818,    0.500,    0.500,    0.000,    0.000,    0.000,    0.000,   -1.805,   -1.805,   -0.652,   -0.652,    0.000,    0.000,    0.000,    0.000,   -0.047,   -0.047,   -0.158,   -0.158,   -0.041,   -0.041,   -0.801,   -0.801,   -0.006,   -0.006
 1643,2020090812,    0.493,    0.493,    0.000,    0.000,    0.000,    0.000,   -1.803,   -1.803,   -0.640,   -0.640,    0.000,    0.000,    0.000,    0.000,   -0.047,   -0.047,   -0.192,   -0.192,   -0.050,   -0.050,   -0.821,   -0.821,   -0.012,   -0.012
 1643,2020090806,    0.499,    0.499,    0.000,    0.000,    0.000,    0.000,   -1.762,   -1.762,   -0.662,   -0.662,    0.000,    0.000,    0.000,    0.000,   -0.045,   -0.045,   -0.160,   -0.160,   -0.051,   -0.051,   -0.804,   -0.804,   -0.013,   -0.013
 1643,2020090800,    0.494,    0.494,    0.000,    0.000,    0.000,    0.000,   -1.726,   -1.726,   -0.675,   -0.675,    0.000,    0.000,    0.000,    0.000,   -0.046,   -0.046,   -0.182,   -0.182,   -0.050,   -0.050,   -0.815,   -0.815,   -0.012,   -0.012
 1643,2020090718,    0.499,    0.499,    0.000,    0.000,    0.000,    0.000,   -1.685,   -1.685,   -0.654,   -0.654,    0.000,    0.000,    0.000,    0.000,   -0.047,   -0.047,   -0.169,   -0.169,   -0.051,   -0.051,   -0.806,   -0.806,   -0.012,   -0.012
 1643,2020090712,    0.492,    0.492,    0.000,    0.000,    0.000,    0.000,   -1.663,   -1.663,   -0.663,   -0.663,    0.000,    0.000,    0.000,    0.000,   -0.046,   -0.046,   -0.201,   -0.201,   -0.051,   -0.051,   -0.823,   -0.823,   -0.012,   -0.012
 1643,2020090706,    0.498,    0.498,    0.000,    0.000,    0.000,    0.000,   -1.655,   -1.655,   -0.658,   -0.658,    0.000,    0.000,    0.000,    0.000,   -0.047,   -0.047,   -0.167,   -0.167,   -0.051,   -0.051,   -0.806,   -0.806,   -0.013,   -0.013
 1643,2020090700,    0.495,    0.495,    0.000,    0.000,    0.000,    0.000,   -1.660,   -1.660,   -0.665,   -0.665,    0.000,    0.000,    0.000,    0.000,   -0.050,   -0.050,   -0.176,   -0.176,   -0.057,   -0.057,   -0.811,   -0.811,   -0.015,   -0.015
 1643,2020090618,    0.503,    0.503,    0.000,    0.000,    0.000,    0.000,   -1.625,   -1.625,   -0.670,   -0.670,    0.000,    0.000,    0.000,    0.000,   -0.049,   -0.049,   -0.150,   -0.150,   -0.057,   -0.057,   -0.795,   -0.795,   -0.015,   -0.015
 1643,2020090612,    0.506,    0.506,    0.000,    0.000,    0.000,    0.000,   -1.601,   -1.601,   -0.685,   -0.685,    0.000,    0.000,    0.000,    0.000,   -0.047,   -0.047,   -0.148,   -0.148,   -0.065,   -0.065,   -0.793,   -0.793,   -0.019,   -0.019
 1643,2020090606,    0.510,    0.510,    0.000,    0.000,    0.000,    0.000,   -1.578,   -1.578,   -0.699,   -0.699,    0.000,    0.000,    0.000,    0.000,   -0.046,   -0.046,   -0.134,   -0.134,   -0.062,   -0.062,   -0.785,   -0.785,   -0.016,   -0.016
 1643,2020090600,    0.506,    0.506,    0.000,    0.000,    0.000,    0.000,   -1.557,   -1.557,   -0.707,   -0.707,    0.000,    0.000,    0.000,    0.000,   -0.044,   -0.044,   -0.143,   -0.143,   -0.051,   -0.051,   -0.792,   -0.792,   -0.012,   -0.012
 1643,2020090518,    0.509,    0.509,    0.000,    0.000,    0.000,    0.000,   -1.531,   -1.531,   -0.715,   -0.715,    0.000,    0.000,    0.000,    0.000,   -0.044,   -0.044,   -0.126,   -0.126,   -0.057,   -0.057,   -0.784,   -0.784,   -0.012,   -0.012
 1643,2020090512,    0.506,    0.506,    0.000,    0.000,    0.000,    0.000,   -1.542,   -1.542,   -0.704,   -0.704,    0.000,    0.000,    0.000,    0.000,   -0.045,   -0.045,   -0.151,   -0.151,   -0.064,   -0.064,   -0.796,   -0.796,   -0.014,   -0.014
 1643,2020090506,    0.508,    0.508,    0.000,    0.000,    0.000,    0.000,   -1.525,   -1.525,   -0.723,   -0.723,    0.000,    0.000,    0.000,    0.000,   -0.043,   -0.043,   -0.141,   -0.141,   -0.072,   -0.072,   -0.792,   -0.792,   -0.019,   -0.019
 1643,2020090500,    0.506,    0.506,    0.000,    0.000,    0.000,    0.000,   -1.534,   -1.534,   -0.722,   -0.722,    0.000,    0.000,    0.000,    0.000,   -0.043,   -0.043,   -0.157,   -0.157,   -0.065,   -0.065,   -0.799,   -0.799,   -0.015,   -0.015
 1643,2020090418,    0.508,    0.508,    0.000,    0.000,    0.000,    0.000,   -1.518,   -1.518,   -0.721,   -0.721,    0.000,    0.000,    0.000,    0.000,   -0.043,   -0.043,   -0.166,   -0.166,   -0.057,   -0.057,   -0.800,   -0.800,   -0.014,   -0.014
 1643,2020090412,    0.502,    0.502,    0.000,    0.000,    0.000,    0.000,   -1.565,   -1.565,   -0.712,   -0.712,    0.000,    0.000,    0.000,    0.000,   -0.043,   -0.043,   -0.201,   -0.201,   -0.073,   -0.073,   -0.817,   -0.817,   -0.019,   -0.019
 1643,2020090406,    0.506,    0.506,    0.000,    0.000,    0.000,    0.000,   -1.551,   -1.551,   -0.729,   -0.729,    0.000,    0.000,    0.000,    0.000,   -0.041,   -0.041,   -0.173,   -0.173,   -0.074,   -0.074,   -0.804,   -0.804,   -0.018,   -0.018
 1643,2020090400,    0.503,    0.503,    0.000,    0.000,    0.000,    0.000,   -1.571,   -1.571,   -0.723,   -0.723,    0.000,    0.000,    0.000,    0.000,   -0.043,   -0.043,   -0.175,   -0.175,   -0.062,   -0.062,   -0.807,   -0.807,   -0.012,   -0.012
 1643,2020090318,    0.509,    0.509,    0.000,    0.000,    0.000,    0.000,   -1.558,   -1.558,   -0.714,   -0.714,    0.000,    0.000,    0.000,    0.000,   -0.042,   -0.042,   -0.165,   -0.165,   -0.069,   -0.069,   -0.798,   -0.798,   -0.014,   -0.014
 1643,2020090312,    0.504,    0.504,    0.000,    0.000,    0.000,    0.000,   -1.597,   -1.597,   -0.701,   -0.701,    0.000,    0.000,    0.000,    0.000,   -0.042,   -0.042,   -0.184,   -0.184,   -0.065,   -0.065,   -0.810,   -0.810,   -0.012,   -0.012
 1643,2020090306,    0.511,    0.511,    0.000,    0.000,    0.000,    0.000,   -1.574,   -1.574,   -0.700,   -0.700,    0.000,    0.000,    0.000,    0.000,   -0.039,   -0.039,   -0.160,   -0.160,   -0.060,   -0.060,   -0.795,   -0.795,   -0.010,   -0.010
 1643,2020090300,    0.514,    0.514,    0.000,    0.000,    0.000,    0.000,   -1.594,   -1.594,   -0.692,   -0.692,    0.000,    0.000,    0.000,    0.000,   -0.038,   -0.038,   -0.156,   -0.156,   -0.056,   -0.056,   -0.791,   -0.791,   -0.009,   -0.009
 1643,2020090218,    0.520,    0.520,    0.000,    0.000,    0.000,    0.000,   -1.623,   -1.623,   -0.679,   -0.679,    0.000,    0.000,    0.000,    0.000,   -0.039,   -0.039,   -0.124,   -0.124,   -0.066,   -0.066,   -0.774,   -0.774,   -0.013,   -0.013
 1643,2020090212,    0.515,    0.515,    0.000,    0.000,    0.000,    0.000,   -1.672,   -1.672,   -0.658,   -0.658,    0.000,    0.000,    0.000,    0.000,   -0.040,   -0.040,   -0.137,   -0.137,   -0.066,   -0.066,   -0.782,   -0.782,   -0.014,   -0.014
 1643,2020090206,    0.520,    0.520,    0.000,    0.000,    0.000,    0.000,   -1.667,   -1.667,   -0.652,   -0.652,    0.000,    0.000,    0.000,    0.000,   -0.039,   -0.039,   -0.104,   -0.104,   -0.072,   -0.072,   -0.767,   -0.767,   -0.017,   -0.017
 1643,2020090200,    0.516,    0.516,    0.000,    0.000,    0.000,    0.000,   -1.721,   -1.721,   -0.627,   -0.627,    0.000,    0.000,    0.000,    0.000,   -0.039,   -0.039,   -0.108,   -0.108,   -0.074,   -0.074,   -0.772,   -0.772,   -0.017,   -0.017
 1643,2020090118,    0.523,    0.523,    0.000,    0.000,    0.000,    0.000,   -1.732,   -1.732,   -0.617,   -0.617,    0.000,    0.000,    0.000,    0.000,   -0.040,   -0.040,   -0.074,   -0.074,   -0.078,   -0.078,   -0.754,   -0.754,   -0.018,   -0.018
 1643,2020090112,    0.518,    0.518,    0.000,    0.000,    0.000,    0.000,   -1.771,   -1.771,   -0.598,   -0.598,    0.000,    0.000,    0.000,    0.000,   -0.040,   -0.040,   -0.098,   -0.098,   -0.059,   -0.059,   -0.767,   -0.767,   -0.010,   -0.010
 1643,2020090106,    0.524,    0.524,    0.000,    0.000,    0.000,    0.000,   -1.762,   -1.762,   -0.581,   -0.581,    0.000,    0.000,    0.000,    0.000,   -0.039,   -0.039,   -0.077,   -0.077,   -0.055,   -0.055,   -0.754,   -0.754,   -0.007,   -0.007
 1643,2020090100,    0.524,    0.524,    0.000,    0.000,    0.000,    0.000,   -1.759,   -1.759,   -0.568,   -0.568,    0.000,    0.000,    0.000,    0.000,   -0.039,   -0.039,   -0.067,   -0.067,   -0.050,   -0.050,   -0.752,   -0.752,   -0.004,   -0.004
 1643,2020083118,    0.530,    0.530,    0.000,    0.000,    0.000,    0.000,   -1.755,   -1.755,   -0.553,   -0.553,    0.000,    0.000,    0.000,    0.000,   -0.040,   -0.040,   -0.041,   -0.041,   -0.048,   -0.048,   -0.738,   -0.738,   -0.003,   -0.003
 1643,2020083112,    0.523,    0.523,    0.000,    0.000,    0.000,    0.000,   -1.762,   -1.762,   -0.535,   -0.535,    0.000,    0.000,    0.000,    0.000,   -0.040,   -0.040,   -0.072,   -0.072,   -0.033,   -0.033,   -0.754,   -0.754,    0.003,    0.003
 1643,2020083106,    0.524,    0.524,    0.000,    0.000,    0.000,    0.000,   -1.750,   -1.750,   -0.534,   -0.534,    0.000,    0.000,    0.000,    0.000,   -0.040,   -0.040,   -0.081,   -0.081,   -0.043,   -0.043,   -0.757,   -0.757,   -0.000,   -0.000
 1643,2020083100,    0.522,    0.522,    0.000,    0.000,    0.000,    0.000,   -1.705,   -1.705,   -0.523,   -0.523,    0.000,    0.000,    0.000,    0.000,   -0.040,   -0.040,   -0.080,   -0.080,   -0.042,   -0.042,   -0.758,   -0.758,    0.001,    0.001
 1643,2020083018,    0.522,    0.522,    0.000,    0.000,    0.000,    0.000,   -1.683,   -1.683,   -0.538,   -0.538,    0.000,    0.000,    0.000,    0.000,   -0.041,   -0.041,   -0.090,   -0.090,   -0.034,   -0.034,   -0.763,   -0.763,    0.003,    0.003
 1643,2020083012,    0.519,    0.519,    0.000,    0.000,    0.000,    0.000,   -1.654,   -1.654,   -0.522,   -0.522,    0.000,    0.000,    0.000,    0.000,   -0.040,   -0.040,   -0.109,   -0.109,   -0.026,   -0.026,   -0.771,   -0.771,    0.005,    0.005
 1643,2020083006,    0.525,    0.525,    0.000,    0.000,    0.000,    0.000,   -1.599,   -1.599,   -0.551,   -0.551,    0.000,    0.000,    0.000,    0.000,   -0.040,   -0.040,   -0.098,   -0.098,    0.000,    0.000,   -0.762,   -0.762,    0.016,    0.016
 1643,2020083000,    0.526,    0.526,    0.000,    0.000,    0.000,    0.000,   -1.554,   -1.554,   -0.541,   -0.541,    0.000,    0.000,    0.000,    0.000,   -0.040,   -0.040,   -0.104,   -0.104,    0.011,    0.011,   -0.763,   -0.763,    0.021,    0.021
