  921,2020092000,    0.076,    0.076,    0.000,    0.000,    0.000,    0.000,   -0.465,   -0.465,    0.333,    0.333,    0.000,    0.000,    0.000,    0.000,    0.003,    0.003,   -0.305,   -0.305,    0.112,    0.112,    0.081,    0.081,   -0.043,   -0.043
  921,2020091918,    0.075,    0.075,    0.000,    0.000,    0.000,    0.000,   -0.464,   -0.464,    0.333,    0.333,    0.000,    0.000,    0.000,    0.000,    0.003,    0.003,   -0.306,   -0.306,    0.113,    0.113,    0.080,    0.080,   -0.043,   -0.043
  921,2020091912,    0.076,    0.076,    0.000,    0.000,    0.000,    0.000,   -0.459,   -0.459,    0.334,    0.334,    0.000,    0.000,    0.000,    0.000,    0.003,    0.003,   -0.303,   -0.303,    0.116,    0.116,    0.082,    0.082,   -0.041,   -0.041
  921,2020091906,    0.076,    0.076,    0.000,    0.000,    0.000,    0.000,   -0.460,   -0.460,    0.333,    0.333,    0.000,    0.000,    0.000,    0.000,    0.003,    0.003,   -0.302,   -0.302,    0.117,    0.117,    0.083,    0.083,   -0.040,   -0.040
  921,2020091900,    0.076,    0.076,    0.000,    0.000,    0.000,    0.000,   -0.461,   -0.461,    0.333,    0.333,    0.000,    0.000,    0.000,    0.000,    0.003,    0.003,   -0.298,   -0.298,    0.114,    0.114,    0.084,    0.084,   -0.041,   -0.041
  921,2020091818,    0.076,    0.076,    0.000,    0.000,    0.000,    0.000,   -0.458,   -0.458,    0.334,    0.334,    0.000,    0.000,    0.000,    0.000,    0.003,    0.003,   -0.300,   -0.300,    0.112,    0.112,    0.084,    0.084,   -0.042,   -0.042
  921,2020091812,    0.076,    0.076,    0.000,    0.000,    0.000,    0.000,   -0.460,   -0.460,    0.332,    0.332,    0.000,    0.000,    0.000,    0.000,    0.003,    0.003,   -0.298,   -0.298,    0.112,    0.112,    0.084,    0.084,   -0.042,   -0.042
  921,2020091806,    0.076,    0.076,    0.000,    0.000,    0.000,    0.000,   -0.458,   -0.458,    0.332,    0.332,    0.000,    0.000,    0.000,    0.000,    0.003,    0.003,   -0.296,   -0.296,    0.110,    0.110,    0.085,    0.085,   -0.043,   -0.043
  921,2020091800,    0.075,    0.075,    0.000,    0.000,    0.000,    0.000,   -0.459,   -0.459,    0.331,    0.331,    0.000,    0.000,    0.000,    0.000,    0.003,    0.003,   -0.299,   -0.299,    0.110,    0.110,    0.083,    0.083,   -0.043,   -0.043
  921,2020091718,    0.075,    0.075,    0.000,    0.000,    0.000,    0.000,   -0.460,   -0.460,    0.331,    0.331,    0.000,    0.000,    0.000,    0.000,    0.003,    0.003,   -0.299,   -0.299,    0.112,    0.112,    0.083,    0.083,   -0.042,   -0.042
  921,2020091712,    0.075,    0.075,    0.000,    0.000,    0.000,    0.000,   -0.457,   -0.457,    0.333,    0.333,    0.000,    0.000,    0.000,    0.000,    0.003,    0.003,   -0.297,   -0.297,    0.111,    0.111,    0.084,    0.084,   -0.043,   -0.043
  921,2020091706,    0.075,    0.075,    0.000,    0.000,    0.000,    0.000,   -0.459,   -0.459,    0.333,    0.333,    0.000,    0.000,    0.000,    0.000,    0.003,    0.003,   -0.297,   -0.297,    0.109,    0.109,    0.084,    0.084,   -0.044,   -0.044
  921,2020091700,    0.074,    0.074,    0.000,    0.000,    0.000,    0.000,   -0.459,   -0.459,    0.332,    0.332,    0.000,    0.000,    0.000,    0.000,    0.004,    0.004,   -0.298,   -0.298,    0.112,    0.112,    0.083,    0.083,   -0.043,   -0.043
  921,2020091618,    0.074,    0.074,    0.000,    0.000,    0.000,    0.000,   -0.458,   -0.458,    0.332,    0.332,    0.000,    0.000,    0.000,    0.000,    0.003,    0.003,   -0.295,   -0.295,    0.108,    0.108,    0.085,    0.085,   -0.045,   -0.045
  921,2020091612,    0.074,    0.074,    0.000,    0.000,    0.000,    0.000,   -0.455,   -0.455,    0.334,    0.334,    0.000,    0.000,    0.000,    0.000,    0.003,    0.003,   -0.297,   -0.297,    0.110,    0.110,    0.084,    0.084,   -0.045,   -0.045
  921,2020091606,    0.074,    0.074,    0.000,    0.000,    0.000,    0.000,   -0.459,   -0.459,    0.333,    0.333,    0.000,    0.000,    0.000,    0.000,    0.003,    0.003,   -0.297,   -0.297,    0.109,    0.109,    0.083,    0.083,   -0.045,   -0.045
  921,2020091600,    0.074,    0.074,    0.000,    0.000,    0.000,    0.000,   -0.458,   -0.458,    0.333,    0.333,    0.000,    0.000,    0.000,    0.000,    0.003,    0.003,   -0.293,   -0.293,    0.111,    0.111,    0.085,    0.085,   -0.044,   -0.044
  921,2020091518,    0.074,    0.074,    0.000,    0.000,    0.000,    0.000,   -0.460,   -0.460,    0.333,    0.333,    0.000,    0.000,    0.000,    0.000,    0.003,    0.003,   -0.292,   -0.292,    0.111,    0.111,    0.085,    0.085,   -0.044,   -0.044
  921,2020091512,    0.073,    0.073,    0.000,    0.000,    0.000,    0.000,   -0.458,   -0.458,    0.332,    0.332,    0.000,    0.000,    0.000,    0.000,    0.004,    0.004,   -0.292,   -0.292,    0.113,    0.113,    0.084,    0.084,   -0.044,   -0.044
  921,2020091506,    0.072,    0.072,    0.000,    0.000,    0.000,    0.000,   -0.456,   -0.456,    0.332,    0.332,    0.000,    0.000,    0.000,    0.000,    0.003,    0.003,   -0.292,   -0.292,    0.111,    0.111,    0.085,    0.085,   -0.045,   -0.045
  921,2020091500,    0.072,    0.072,    0.000,    0.000,    0.000,    0.000,   -0.456,   -0.456,    0.332,    0.332,    0.000,    0.000,    0.000,    0.000,    0.004,    0.004,   -0.294,   -0.294,    0.112,    0.112,    0.083,    0.083,   -0.044,   -0.044
  921,2020091418,    0.071,    0.071,    0.000,    0.000,    0.000,    0.000,   -0.454,   -0.454,    0.331,    0.331,    0.000,    0.000,    0.000,    0.000,    0.003,    0.003,   -0.295,   -0.295,    0.110,    0.110,    0.083,    0.083,   -0.045,   -0.045
  921,2020091412,    0.071,    0.071,    0.000,    0.000,    0.000,    0.000,   -0.454,   -0.454,    0.330,    0.330,    0.000,    0.000,    0.000,    0.000,    0.004,    0.004,   -0.294,   -0.294,    0.112,    0.112,    0.083,    0.083,   -0.044,   -0.044
  921,2020091406,    0.072,    0.072,    0.000,    0.000,    0.000,    0.000,   -0.453,   -0.453,    0.330,    0.330,    0.000,    0.000,    0.000,    0.000,    0.004,    0.004,   -0.291,   -0.291,    0.114,    0.114,    0.085,    0.085,   -0.044,   -0.044
  921,2020091400,    0.071,    0.071,    0.000,    0.000,    0.000,    0.000,   -0.455,   -0.455,    0.328,    0.328,    0.000,    0.000,    0.000,    0.000,    0.004,    0.004,   -0.293,   -0.293,    0.112,    0.112,    0.084,    0.084,   -0.044,   -0.044
  921,2020091318,    0.071,    0.071,    0.000,    0.000,    0.000,    0.000,   -0.454,   -0.454,    0.328,    0.328,    0.000,    0.000,    0.000,    0.000,    0.004,    0.004,   -0.292,   -0.292,    0.114,    0.114,    0.084,    0.084,   -0.044,   -0.044
  921,2020091312,    0.071,    0.071,    0.000,    0.000,    0.000,    0.000,   -0.454,   -0.454,    0.328,    0.328,    0.000,    0.000,    0.000,    0.000,    0.004,    0.004,   -0.292,   -0.292,    0.116,    0.116,    0.084,    0.084,   -0.043,   -0.043
  921,2020091306,    0.071,    0.071,    0.000,    0.000,    0.000,    0.000,   -0.454,   -0.454,    0.326,    0.326,    0.000,    0.000,    0.000,    0.000,    0.004,    0.004,   -0.287,   -0.287,    0.112,    0.112,    0.086,    0.086,   -0.044,   -0.044
  921,2020091300,    0.070,    0.070,    0.000,    0.000,    0.000,    0.000,   -0.455,   -0.455,    0.325,    0.325,    0.000,    0.000,    0.000,    0.000,    0.004,    0.004,   -0.288,   -0.288,    0.112,    0.112,    0.085,    0.085,   -0.044,   -0.044
  921,2020091218,    0.070,    0.070,    0.000,    0.000,    0.000,    0.000,   -0.457,   -0.457,    0.322,    0.322,    0.000,    0.000,    0.000,    0.000,    0.004,    0.004,   -0.286,   -0.286,    0.113,    0.113,    0.086,    0.086,   -0.043,   -0.043
  921,2020091212,    0.070,    0.070,    0.000,    0.000,    0.000,    0.000,   -0.456,   -0.456,    0.323,    0.323,    0.000,    0.000,    0.000,    0.000,    0.004,    0.004,   -0.284,   -0.284,    0.115,    0.115,    0.086,    0.086,   -0.043,   -0.043
  921,2020091206,    0.070,    0.070,    0.000,    0.000,    0.000,    0.000,   -0.453,   -0.453,    0.323,    0.323,    0.000,    0.000,    0.000,    0.000,    0.004,    0.004,   -0.278,   -0.278,    0.116,    0.116,    0.089,    0.089,   -0.043,   -0.043
  921,2020091200,    0.069,    0.069,    0.000,    0.000,    0.000,    0.000,   -0.455,   -0.455,    0.322,    0.322,    0.000,    0.000,    0.000,    0.000,    0.004,    0.004,   -0.278,   -0.278,    0.116,    0.116,    0.088,    0.088,   -0.043,   -0.043
  921,2020091118,    0.070,    0.070,    0.000,    0.000,    0.000,    0.000,   -0.461,   -0.461,    0.319,    0.319,    0.000,    0.000,    0.000,    0.000,    0.004,    0.004,   -0.277,   -0.277,    0.118,    0.118,    0.089,    0.089,   -0.043,   -0.043
  921,2020091112,    0.070,    0.070,    0.000,    0.000,    0.000,    0.000,   -0.462,   -0.462,    0.319,    0.319,    0.000,    0.000,    0.000,    0.000,    0.004,    0.004,   -0.277,   -0.277,    0.115,    0.115,    0.088,    0.088,   -0.044,   -0.044
  921,2020091106,    0.070,    0.070,    0.000,    0.000,    0.000,    0.000,   -0.463,   -0.463,    0.318,    0.318,    0.000,    0.000,    0.000,    0.000,    0.004,    0.004,   -0.271,   -0.271,    0.115,    0.115,    0.091,    0.091,   -0.044,   -0.044
  921,2020091100,    0.070,    0.070,    0.000,    0.000,    0.000,    0.000,   -0.462,   -0.462,    0.319,    0.319,    0.000,    0.000,    0.000,    0.000,    0.004,    0.004,   -0.264,   -0.264,    0.116,    0.116,    0.093,    0.093,   -0.044,   -0.044
  921,2020091018,    0.070,    0.070,    0.000,    0.000,    0.000,    0.000,   -0.468,   -0.468,    0.316,    0.316,    0.000,    0.000,    0.000,    0.000,    0.004,    0.004,   -0.268,   -0.268,    0.117,    0.117,    0.092,    0.092,   -0.043,   -0.043
  921,2020091012,    0.070,    0.070,    0.000,    0.000,    0.000,    0.000,   -0.465,   -0.465,    0.317,    0.317,    0.000,    0.000,    0.000,    0.000,    0.004,    0.004,   -0.265,   -0.265,    0.116,    0.116,    0.093,    0.093,   -0.044,   -0.044
  921,2020091006,    0.070,    0.070,    0.000,    0.000,    0.000,    0.000,   -0.464,   -0.464,    0.315,    0.315,    0.000,    0.000,    0.000,    0.000,    0.004,    0.004,   -0.261,   -0.261,    0.114,    0.114,    0.094,    0.094,   -0.044,   -0.044
  921,2020091000,    0.069,    0.069,    0.000,    0.000,    0.000,    0.000,   -0.465,   -0.465,    0.314,    0.314,    0.000,    0.000,    0.000,    0.000,    0.005,    0.005,   -0.259,   -0.259,    0.116,    0.116,    0.095,    0.095,   -0.044,   -0.044
  921,2020090918,    0.069,    0.069,    0.000,    0.000,    0.000,    0.000,   -0.470,   -0.470,    0.312,    0.312,    0.000,    0.000,    0.000,    0.000,    0.004,    0.004,   -0.259,   -0.259,    0.114,    0.114,    0.095,    0.095,   -0.045,   -0.045
  921,2020090912,    0.069,    0.069,    0.000,    0.000,    0.000,    0.000,   -0.474,   -0.474,    0.309,    0.309,    0.000,    0.000,    0.000,    0.000,    0.005,    0.005,   -0.259,   -0.259,    0.111,    0.111,    0.094,    0.094,   -0.045,   -0.045
  921,2020090906,    0.069,    0.069,    0.000,    0.000,    0.000,    0.000,   -0.469,   -0.469,    0.310,    0.310,    0.000,    0.000,    0.000,    0.000,    0.005,    0.005,   -0.253,   -0.253,    0.114,    0.114,    0.097,    0.097,   -0.044,   -0.044
  921,2020090900,    0.069,    0.069,    0.000,    0.000,    0.000,    0.000,   -0.473,   -0.473,    0.308,    0.308,    0.000,    0.000,    0.000,    0.000,    0.005,    0.005,   -0.253,   -0.253,    0.113,    0.113,    0.097,    0.097,   -0.045,   -0.045
  921,2020090818,    0.069,    0.069,    0.000,    0.000,    0.000,    0.000,   -0.473,   -0.473,    0.308,    0.308,    0.000,    0.000,    0.000,    0.000,    0.005,    0.005,   -0.252,   -0.252,    0.111,    0.111,    0.097,    0.097,   -0.046,   -0.046
  921,2020090812,    0.070,    0.070,    0.000,    0.000,    0.000,    0.000,   -0.468,   -0.468,    0.309,    0.309,    0.000,    0.000,    0.000,    0.000,    0.005,    0.005,   -0.245,   -0.245,    0.111,    0.111,    0.100,    0.100,   -0.045,   -0.045
  921,2020090806,    0.070,    0.070,    0.000,    0.000,    0.000,    0.000,   -0.470,   -0.470,    0.307,    0.307,    0.000,    0.000,    0.000,    0.000,    0.005,    0.005,   -0.242,   -0.242,    0.112,    0.112,    0.102,    0.102,   -0.045,   -0.045
  921,2020090800,    0.069,    0.069,    0.000,    0.000,    0.000,    0.000,   -0.474,   -0.474,    0.305,    0.305,    0.000,    0.000,    0.000,    0.000,    0.005,    0.005,   -0.242,   -0.242,    0.112,    0.112,    0.101,    0.101,   -0.045,   -0.045
  921,2020090718,    0.069,    0.069,    0.000,    0.000,    0.000,    0.000,   -0.473,   -0.473,    0.305,    0.305,    0.000,    0.000,    0.000,    0.000,    0.004,    0.004,   -0.243,   -0.243,    0.110,    0.110,    0.101,    0.101,   -0.046,   -0.046
  921,2020090712,    0.069,    0.069,    0.000,    0.000,    0.000,    0.000,   -0.474,   -0.474,    0.305,    0.305,    0.000,    0.000,    0.000,    0.000,    0.005,    0.005,   -0.244,   -0.244,    0.109,    0.109,    0.100,    0.100,   -0.047,   -0.047
  921,2020090706,    0.069,    0.069,    0.000,    0.000,    0.000,    0.000,   -0.476,   -0.476,    0.303,    0.303,    0.000,    0.000,    0.000,    0.000,    0.004,    0.004,   -0.242,   -0.242,    0.111,    0.111,    0.101,    0.101,   -0.046,   -0.046
  921,2020090700,    0.070,    0.070,    0.000,    0.000,    0.000,    0.000,   -0.475,   -0.475,    0.303,    0.303,    0.000,    0.000,    0.000,    0.000,    0.005,    0.005,   -0.239,   -0.239,    0.108,    0.108,    0.103,    0.103,   -0.048,   -0.048
  921,2020090618,    0.071,    0.071,    0.000,    0.000,    0.000,    0.000,   -0.477,   -0.477,    0.303,    0.303,    0.000,    0.000,    0.000,    0.000,    0.004,    0.004,   -0.237,   -0.237,    0.107,    0.107,    0.103,    0.103,   -0.048,   -0.048
  921,2020090612,    0.071,    0.071,    0.000,    0.000,    0.000,    0.000,   -0.478,   -0.478,    0.301,    0.301,    0.000,    0.000,    0.000,    0.000,    0.005,    0.005,   -0.232,   -0.232,    0.108,    0.108,    0.106,    0.106,   -0.048,   -0.048
  921,2020090606,    0.072,    0.072,    0.000,    0.000,    0.000,    0.000,   -0.479,   -0.479,    0.300,    0.300,    0.000,    0.000,    0.000,    0.000,    0.005,    0.005,   -0.227,   -0.227,    0.108,    0.108,    0.108,    0.108,   -0.048,   -0.048
  921,2020090600,    0.072,    0.072,    0.000,    0.000,    0.000,    0.000,   -0.479,   -0.479,    0.299,    0.299,    0.000,    0.000,    0.000,    0.000,    0.005,    0.005,   -0.220,   -0.220,    0.108,    0.108,    0.110,    0.110,   -0.048,   -0.048
  921,2020090518,    0.071,    0.071,    0.000,    0.000,    0.000,    0.000,   -0.478,   -0.478,    0.298,    0.298,    0.000,    0.000,    0.000,    0.000,    0.005,    0.005,   -0.221,   -0.221,    0.108,    0.108,    0.110,    0.110,   -0.049,   -0.049
  921,2020090512,    0.072,    0.072,    0.000,    0.000,    0.000,    0.000,   -0.476,   -0.476,    0.298,    0.298,    0.000,    0.000,    0.000,    0.000,    0.005,    0.005,   -0.218,   -0.218,    0.111,    0.111,    0.111,    0.111,   -0.048,   -0.048
  921,2020090506,    0.071,    0.071,    0.000,    0.000,    0.000,    0.000,   -0.482,   -0.482,    0.294,    0.294,    0.000,    0.000,    0.000,    0.000,    0.005,    0.005,   -0.217,   -0.217,    0.108,    0.108,    0.112,    0.112,   -0.049,   -0.049
  921,2020090500,    0.071,    0.071,    0.000,    0.000,    0.000,    0.000,   -0.483,   -0.483,    0.292,    0.292,    0.000,    0.000,    0.000,    0.000,    0.005,    0.005,   -0.216,   -0.216,    0.106,    0.106,    0.112,    0.112,   -0.050,   -0.050
  921,2020090418,    0.071,    0.071,    0.000,    0.000,    0.000,    0.000,   -0.489,   -0.489,    0.289,    0.289,    0.000,    0.000,    0.000,    0.000,    0.005,    0.005,   -0.218,   -0.218,    0.108,    0.108,    0.112,    0.112,   -0.049,   -0.049
  921,2020090412,    0.071,    0.071,    0.000,    0.000,    0.000,    0.000,   -0.487,   -0.487,    0.289,    0.289,    0.000,    0.000,    0.000,    0.000,    0.005,    0.005,   -0.217,   -0.217,    0.108,    0.108,    0.112,    0.112,   -0.049,   -0.049
  921,2020090406,    0.071,    0.071,    0.000,    0.000,    0.000,    0.000,   -0.495,   -0.495,    0.285,    0.285,    0.000,    0.000,    0.000,    0.000,    0.005,    0.005,   -0.216,   -0.216,    0.106,    0.106,    0.113,    0.113,   -0.050,   -0.050
  921,2020090400,    0.072,    0.072,    0.000,    0.000,    0.000,    0.000,   -0.498,   -0.498,    0.283,    0.283,    0.000,    0.000,    0.000,    0.000,    0.005,    0.005,   -0.212,   -0.212,    0.108,    0.108,    0.114,    0.114,   -0.049,   -0.049
  921,2020090318,    0.071,    0.071,    0.000,    0.000,    0.000,    0.000,   -0.502,   -0.502,    0.281,    0.281,    0.000,    0.000,    0.000,    0.000,    0.005,    0.005,   -0.215,   -0.215,    0.111,    0.111,    0.113,    0.113,   -0.048,   -0.048
  921,2020090312,    0.071,    0.071,    0.000,    0.000,    0.000,    0.000,   -0.509,   -0.509,    0.277,    0.277,    0.000,    0.000,    0.000,    0.000,    0.005,    0.005,   -0.215,   -0.215,    0.114,    0.114,    0.113,    0.113,   -0.047,   -0.047
  921,2020090306,    0.071,    0.071,    0.000,    0.000,    0.000,    0.000,   -0.507,   -0.507,    0.277,    0.277,    0.000,    0.000,    0.000,    0.000,    0.005,    0.005,   -0.210,   -0.210,    0.112,    0.112,    0.115,    0.115,   -0.048,   -0.048
  921,2020090300,    0.071,    0.071,    0.000,    0.000,    0.000,    0.000,   -0.508,   -0.508,    0.274,    0.274,    0.000,    0.000,    0.000,    0.000,    0.005,    0.005,   -0.208,   -0.208,    0.115,    0.115,    0.115,    0.115,   -0.047,   -0.047
  921,2020090218,    0.071,    0.071,    0.000,    0.000,    0.000,    0.000,   -0.513,   -0.513,    0.271,    0.271,    0.000,    0.000,    0.000,    0.000,    0.005,    0.005,   -0.208,   -0.208,    0.115,    0.115,    0.115,    0.115,   -0.047,   -0.047
  921,2020090212,    0.071,    0.071,    0.000,    0.000,    0.000,    0.000,   -0.515,   -0.515,    0.270,    0.270,    0.000,    0.000,    0.000,    0.000,    0.005,    0.005,   -0.204,   -0.204,    0.116,    0.116,    0.117,    0.117,   -0.046,   -0.046
  921,2020090206,    0.070,    0.070,    0.000,    0.000,    0.000,    0.000,   -0.520,   -0.520,    0.267,    0.267,    0.000,    0.000,    0.000,    0.000,    0.005,    0.005,   -0.203,   -0.203,    0.117,    0.117,    0.116,    0.116,   -0.046,   -0.046
  921,2020090200,    0.070,    0.070,    0.000,    0.000,    0.000,    0.000,   -0.521,   -0.521,    0.265,    0.265,    0.000,    0.000,    0.000,    0.000,    0.006,    0.006,   -0.201,   -0.201,    0.118,    0.118,    0.117,    0.117,   -0.046,   -0.046
  921,2020090118,    0.069,    0.069,    0.000,    0.000,    0.000,    0.000,   -0.528,   -0.528,    0.261,    0.261,    0.000,    0.000,    0.000,    0.000,    0.006,    0.006,   -0.202,   -0.202,    0.117,    0.117,    0.116,    0.116,   -0.046,   -0.046
  921,2020090112,    0.070,    0.070,    0.000,    0.000,    0.000,    0.000,   -0.527,   -0.527,    0.260,    0.260,    0.000,    0.000,    0.000,    0.000,    0.006,    0.006,   -0.201,   -0.201,    0.120,    0.120,    0.117,    0.117,   -0.045,   -0.045
  921,2020090106,    0.069,    0.069,    0.000,    0.000,    0.000,    0.000,   -0.535,   -0.535,    0.257,    0.257,    0.000,    0.000,    0.000,    0.000,    0.006,    0.006,   -0.200,   -0.200,    0.117,    0.117,    0.116,    0.116,   -0.046,   -0.046
  921,2020090100,    0.069,    0.069,    0.000,    0.000,    0.000,    0.000,   -0.539,   -0.539,    0.254,    0.254,    0.000,    0.000,    0.000,    0.000,    0.007,    0.007,   -0.197,   -0.197,    0.118,    0.118,    0.117,    0.117,   -0.045,   -0.045
  921,2020083118,    0.068,    0.068,    0.000,    0.000,    0.000,    0.000,   -0.547,   -0.547,    0.250,    0.250,    0.000,    0.000,    0.000,    0.000,    0.006,    0.006,   -0.200,   -0.200,    0.118,    0.118,    0.115,    0.115,   -0.045,   -0.045
  921,2020083112,    0.068,    0.068,    0.000,    0.000,    0.000,    0.000,   -0.549,   -0.549,    0.248,    0.248,    0.000,    0.000,    0.000,    0.000,    0.007,    0.007,   -0.199,   -0.199,    0.118,    0.118,    0.115,    0.115,   -0.045,   -0.045
  921,2020083106,    0.066,    0.066,    0.000,    0.000,    0.000,    0.000,   -0.560,   -0.560,    0.244,    0.244,    0.000,    0.000,    0.000,    0.000,    0.007,    0.007,   -0.201,   -0.201,    0.118,    0.118,    0.114,    0.114,   -0.046,   -0.046
  921,2020083100,    0.066,    0.066,    0.000,    0.000,    0.000,    0.000,   -0.563,   -0.563,    0.240,    0.240,    0.000,    0.000,    0.000,    0.000,    0.008,    0.008,   -0.201,   -0.201,    0.116,    0.116,    0.113,    0.113,   -0.046,   -0.046
  921,2020083018,    0.064,    0.064,    0.000,    0.000,    0.000,    0.000,   -0.573,   -0.573,    0.237,    0.237,    0.000,    0.000,    0.000,    0.000,    0.008,    0.008,   -0.203,   -0.203,    0.117,    0.117,    0.112,    0.112,   -0.046,   -0.046
  921,2020083012,    0.064,    0.064,    0.000,    0.000,    0.000,    0.000,   -0.582,   -0.582,    0.231,    0.231,    0.000,    0.000,    0.000,    0.000,    0.009,    0.009,   -0.204,   -0.204,    0.116,    0.116,    0.111,    0.111,   -0.046,   -0.046
  921,2020083006,    0.062,    0.062,    0.000,    0.000,    0.000,    0.000,   -0.604,   -0.604,    0.219,    0.219,    0.000,    0.000,    0.000,    0.000,    0.009,    0.009,   -0.209,   -0.209,    0.117,    0.117,    0.108,    0.108,   -0.045,   -0.045
  921,2020083000,    0.059,    0.059,    0.000,    0.000,    0.000,    0.000,   -0.618,   -0.618,    0.210,    0.210,    0.000,    0.000,    0.000,    0.000,    0.010,    0.010,   -0.220,   -0.220,    0.114,    0.114,    0.102,    0.102,   -0.046,   -0.046
