  267,2020092000,   -0.021,   -0.021,    0.000,    0.000,    0.000,    0.000,    0.007,    0.007,   -0.053,   -0.053,    0.000,    0.000,    0.000,    0.000,   -0.161,   -0.161,    0.515,    0.515,   -0.001,   -0.001,   -0.360,   -0.360,    0.009,    0.009
  267,2020091918,   -0.021,   -0.021,    0.000,    0.000,    0.000,    0.000,    0.008,    0.008,   -0.054,   -0.054,    0.000,    0.000,    0.000,    0.000,   -0.166,   -0.166,    0.513,    0.513,   -0.003,   -0.003,   -0.361,   -0.361,    0.008,    0.008
  267,2020091912,   -0.022,   -0.022,    0.000,    0.000,    0.000,    0.000,    0.009,    0.009,   -0.054,   -0.054,    0.000,    0.000,    0.000,    0.000,   -0.165,   -0.165,    0.514,    0.514,   -0.000,   -0.000,   -0.361,   -0.361,    0.009,    0.009
  267,2020091906,   -0.022,   -0.022,    0.000,    0.000,    0.000,    0.000,    0.008,    0.008,   -0.055,   -0.055,    0.000,    0.000,    0.000,    0.000,   -0.169,   -0.169,    0.515,    0.515,   -0.001,   -0.001,   -0.361,   -0.361,    0.009,    0.009
  267,2020091900,   -0.022,   -0.022,    0.000,    0.000,    0.000,    0.000,    0.009,    0.009,   -0.054,   -0.054,    0.000,    0.000,    0.000,    0.000,   -0.158,   -0.158,    0.518,    0.518,   -0.003,   -0.003,   -0.360,   -0.360,    0.008,    0.008
  267,2020091818,   -0.021,   -0.021,    0.000,    0.000,    0.000,    0.000,    0.008,    0.008,   -0.053,   -0.053,    0.000,    0.000,    0.000,    0.000,   -0.158,   -0.158,    0.518,    0.518,   -0.004,   -0.004,   -0.360,   -0.360,    0.008,    0.008
  267,2020091812,   -0.021,   -0.021,    0.000,    0.000,    0.000,    0.000,    0.008,    0.008,   -0.055,   -0.055,    0.000,    0.000,    0.000,    0.000,   -0.161,   -0.161,    0.518,    0.518,   -0.001,   -0.001,   -0.360,   -0.360,    0.009,    0.009
  267,2020091806,   -0.020,   -0.020,    0.000,    0.000,    0.000,    0.000,    0.008,    0.008,   -0.055,   -0.055,    0.000,    0.000,    0.000,    0.000,   -0.162,   -0.162,    0.520,    0.520,    0.002,    0.002,   -0.359,   -0.359,    0.012,    0.012
  267,2020091800,   -0.020,   -0.020,    0.000,    0.000,    0.000,    0.000,    0.009,    0.009,   -0.055,   -0.055,    0.000,    0.000,    0.000,    0.000,   -0.164,   -0.164,    0.522,    0.522,   -0.001,   -0.001,   -0.358,   -0.358,    0.010,    0.010
  267,2020091718,   -0.021,   -0.021,    0.000,    0.000,    0.000,    0.000,    0.008,    0.008,   -0.055,   -0.055,    0.000,    0.000,    0.000,    0.000,   -0.160,   -0.160,    0.520,    0.520,   -0.001,   -0.001,   -0.360,   -0.360,    0.010,    0.010
  267,2020091712,   -0.021,   -0.021,    0.000,    0.000,    0.000,    0.000,    0.008,    0.008,   -0.055,   -0.055,    0.000,    0.000,    0.000,    0.000,   -0.155,   -0.155,    0.519,    0.519,   -0.002,   -0.002,   -0.360,   -0.360,    0.010,    0.010
  267,2020091706,   -0.021,   -0.021,    0.000,    0.000,    0.000,    0.000,    0.009,    0.009,   -0.056,   -0.056,    0.000,    0.000,    0.000,    0.000,   -0.152,   -0.152,    0.520,    0.520,   -0.001,   -0.001,   -0.360,   -0.360,    0.011,    0.011
  267,2020091700,   -0.020,   -0.020,    0.000,    0.000,    0.000,    0.000,    0.009,    0.009,   -0.055,   -0.055,    0.000,    0.000,    0.000,    0.000,   -0.149,   -0.149,    0.520,    0.520,   -0.001,   -0.001,   -0.359,   -0.359,    0.010,    0.010
  267,2020091618,   -0.020,   -0.020,    0.000,    0.000,    0.000,    0.000,    0.009,    0.009,   -0.055,   -0.055,    0.000,    0.000,    0.000,    0.000,   -0.160,   -0.160,    0.522,    0.522,    0.001,    0.001,   -0.358,   -0.358,    0.012,    0.012
  267,2020091612,   -0.021,   -0.021,    0.000,    0.000,    0.000,    0.000,    0.008,    0.008,   -0.056,   -0.056,    0.000,    0.000,    0.000,    0.000,   -0.164,   -0.164,    0.520,    0.520,   -0.000,   -0.000,   -0.360,   -0.360,    0.010,    0.010
  267,2020091606,   -0.021,   -0.021,    0.000,    0.000,    0.000,    0.000,    0.009,    0.009,   -0.055,   -0.055,    0.000,    0.000,    0.000,    0.000,   -0.173,   -0.173,    0.520,    0.520,   -0.000,   -0.000,   -0.359,   -0.359,    0.010,    0.010
  267,2020091600,   -0.020,   -0.020,    0.000,    0.000,    0.000,    0.000,    0.009,    0.009,   -0.055,   -0.055,    0.000,    0.000,    0.000,    0.000,   -0.173,   -0.173,    0.520,    0.520,   -0.002,   -0.002,   -0.359,   -0.359,    0.010,    0.010
  267,2020091518,   -0.021,   -0.021,    0.000,    0.000,    0.000,    0.000,    0.009,    0.009,   -0.054,   -0.054,    0.000,    0.000,    0.000,    0.000,   -0.181,   -0.181,    0.519,    0.519,   -0.001,   -0.001,   -0.360,   -0.360,    0.011,    0.011
  267,2020091512,   -0.020,   -0.020,    0.000,    0.000,    0.000,    0.000,    0.009,    0.009,   -0.055,   -0.055,    0.000,    0.000,    0.000,    0.000,   -0.178,   -0.178,    0.519,    0.519,   -0.001,   -0.001,   -0.360,   -0.360,    0.011,    0.011
  267,2020091506,   -0.020,   -0.020,    0.000,    0.000,    0.000,    0.000,    0.009,    0.009,   -0.054,   -0.054,    0.000,    0.000,    0.000,    0.000,   -0.175,   -0.175,    0.523,    0.523,   -0.000,   -0.000,   -0.358,   -0.358,    0.011,    0.011
  267,2020091500,   -0.020,   -0.020,    0.000,    0.000,    0.000,    0.000,    0.009,    0.009,   -0.055,   -0.055,    0.000,    0.000,    0.000,    0.000,   -0.191,   -0.191,    0.522,    0.522,   -0.001,   -0.001,   -0.359,   -0.359,    0.010,    0.010
  267,2020091418,   -0.020,   -0.020,    0.000,    0.000,    0.000,    0.000,    0.009,    0.009,   -0.056,   -0.056,    0.000,    0.000,    0.000,    0.000,   -0.195,   -0.195,    0.521,    0.521,   -0.001,   -0.001,   -0.359,   -0.359,    0.009,    0.009
  267,2020091412,   -0.019,   -0.019,    0.000,    0.000,    0.000,    0.000,    0.009,    0.009,   -0.055,   -0.055,    0.000,    0.000,    0.000,    0.000,   -0.197,   -0.197,    0.522,    0.522,   -0.001,   -0.001,   -0.357,   -0.357,    0.010,    0.010
  267,2020091406,   -0.020,   -0.020,    0.000,    0.000,    0.000,    0.000,    0.008,    0.008,   -0.055,   -0.055,    0.000,    0.000,    0.000,    0.000,   -0.193,   -0.193,    0.524,    0.524,   -0.001,   -0.001,   -0.357,   -0.357,    0.010,    0.010
  267,2020091400,   -0.020,   -0.020,    0.000,    0.000,    0.000,    0.000,    0.009,    0.009,   -0.055,   -0.055,    0.000,    0.000,    0.000,    0.000,   -0.199,   -0.199,    0.522,    0.522,   -0.000,   -0.000,   -0.358,   -0.358,    0.010,    0.010
  267,2020091318,   -0.021,   -0.021,    0.000,    0.000,    0.000,    0.000,    0.008,    0.008,   -0.055,   -0.055,    0.000,    0.000,    0.000,    0.000,   -0.198,   -0.198,    0.522,    0.522,    0.003,    0.003,   -0.358,   -0.358,    0.012,    0.012
  267,2020091312,   -0.021,   -0.021,    0.000,    0.000,    0.000,    0.000,    0.008,    0.008,   -0.056,   -0.056,    0.000,    0.000,    0.000,    0.000,   -0.199,   -0.199,    0.521,    0.521,    0.002,    0.002,   -0.358,   -0.358,    0.011,    0.011
  267,2020091306,   -0.020,   -0.020,    0.000,    0.000,    0.000,    0.000,    0.008,    0.008,   -0.056,   -0.056,    0.000,    0.000,    0.000,    0.000,   -0.194,   -0.194,    0.522,    0.522,    0.003,    0.003,   -0.358,   -0.358,    0.011,    0.011
  267,2020091300,   -0.021,   -0.021,    0.000,    0.000,    0.000,    0.000,    0.009,    0.009,   -0.056,   -0.056,    0.000,    0.000,    0.000,    0.000,   -0.194,   -0.194,    0.522,    0.522,    0.000,    0.000,   -0.358,   -0.358,    0.009,    0.009
  267,2020091218,   -0.021,   -0.021,    0.000,    0.000,    0.000,    0.000,    0.008,    0.008,   -0.055,   -0.055,    0.000,    0.000,    0.000,    0.000,   -0.194,   -0.194,    0.520,    0.520,   -0.001,   -0.001,   -0.360,   -0.360,    0.008,    0.008
  267,2020091212,   -0.023,   -0.023,    0.000,    0.000,    0.000,    0.000,    0.007,    0.007,   -0.056,   -0.056,    0.000,    0.000,    0.000,    0.000,   -0.194,   -0.194,    0.519,    0.519,    0.000,    0.000,   -0.360,   -0.360,    0.009,    0.009
  267,2020091206,   -0.022,   -0.022,    0.000,    0.000,    0.000,    0.000,    0.008,    0.008,   -0.057,   -0.057,    0.000,    0.000,    0.000,    0.000,   -0.190,   -0.190,    0.519,    0.519,    0.000,    0.000,   -0.360,   -0.360,    0.009,    0.009
  267,2020091200,   -0.024,   -0.024,    0.000,    0.000,    0.000,    0.000,    0.007,    0.007,   -0.058,   -0.058,    0.000,    0.000,    0.000,    0.000,   -0.189,   -0.189,    0.517,    0.517,    0.001,    0.001,   -0.362,   -0.362,    0.010,    0.010
  267,2020091118,   -0.023,   -0.023,    0.000,    0.000,    0.000,    0.000,    0.006,    0.006,   -0.059,   -0.059,    0.000,    0.000,    0.000,    0.000,   -0.198,   -0.198,    0.520,    0.520,    0.000,    0.000,   -0.361,   -0.361,    0.010,    0.010
  267,2020091112,   -0.023,   -0.023,    0.000,    0.000,    0.000,    0.000,    0.005,    0.005,   -0.057,   -0.057,    0.000,    0.000,    0.000,    0.000,   -0.202,   -0.202,    0.522,    0.522,   -0.000,   -0.000,   -0.360,   -0.360,    0.010,    0.010
  267,2020091106,   -0.022,   -0.022,    0.000,    0.000,    0.000,    0.000,    0.007,    0.007,   -0.057,   -0.057,    0.000,    0.000,    0.000,    0.000,   -0.198,   -0.198,    0.525,    0.525,   -0.001,   -0.001,   -0.359,   -0.359,    0.009,    0.009
  267,2020091100,   -0.022,   -0.022,    0.000,    0.000,    0.000,    0.000,    0.007,    0.007,   -0.058,   -0.058,    0.000,    0.000,    0.000,    0.000,   -0.196,   -0.196,    0.526,    0.526,   -0.004,   -0.004,   -0.359,   -0.359,    0.007,    0.007
  267,2020091018,   -0.024,   -0.024,    0.000,    0.000,    0.000,    0.000,    0.006,    0.006,   -0.058,   -0.058,    0.000,    0.000,    0.000,    0.000,   -0.202,   -0.202,    0.526,    0.526,   -0.005,   -0.005,   -0.359,   -0.359,    0.006,    0.006
  267,2020091012,   -0.024,   -0.024,    0.000,    0.000,    0.000,    0.000,    0.005,    0.005,   -0.058,   -0.058,    0.000,    0.000,    0.000,    0.000,   -0.198,   -0.198,    0.527,    0.527,   -0.006,   -0.006,   -0.359,   -0.359,    0.005,    0.005
  267,2020091006,   -0.023,   -0.023,    0.000,    0.000,    0.000,    0.000,    0.006,    0.006,   -0.059,   -0.059,    0.000,    0.000,    0.000,    0.000,   -0.199,   -0.199,    0.528,    0.528,   -0.003,   -0.003,   -0.358,   -0.358,    0.007,    0.007
  267,2020091000,   -0.024,   -0.024,    0.000,    0.000,    0.000,    0.000,    0.004,    0.004,   -0.060,   -0.060,    0.000,    0.000,    0.000,    0.000,   -0.207,   -0.207,    0.528,    0.528,   -0.003,   -0.003,   -0.359,   -0.359,    0.008,    0.008
  267,2020090918,   -0.023,   -0.023,    0.000,    0.000,    0.000,    0.000,    0.005,    0.005,   -0.060,   -0.060,    0.000,    0.000,    0.000,    0.000,   -0.210,   -0.210,    0.534,    0.534,   -0.002,   -0.002,   -0.356,   -0.356,    0.008,    0.008
  267,2020090912,   -0.024,   -0.024,    0.000,    0.000,    0.000,    0.000,    0.005,    0.005,   -0.061,   -0.061,    0.000,    0.000,    0.000,    0.000,   -0.207,   -0.207,    0.533,    0.533,   -0.002,   -0.002,   -0.357,   -0.357,    0.008,    0.008
  267,2020090906,   -0.023,   -0.023,    0.000,    0.000,    0.000,    0.000,    0.006,    0.006,   -0.060,   -0.060,    0.000,    0.000,    0.000,    0.000,   -0.208,   -0.208,    0.534,    0.534,   -0.001,   -0.001,   -0.356,   -0.356,    0.008,    0.008
  267,2020090900,   -0.024,   -0.024,    0.000,    0.000,    0.000,    0.000,    0.005,    0.005,   -0.061,   -0.061,    0.000,    0.000,    0.000,    0.000,   -0.202,   -0.202,    0.532,    0.532,   -0.003,   -0.003,   -0.357,   -0.357,    0.007,    0.007
  267,2020090818,   -0.025,   -0.025,    0.000,    0.000,    0.000,    0.000,    0.005,    0.005,   -0.061,   -0.061,    0.000,    0.000,    0.000,    0.000,   -0.200,   -0.200,    0.528,    0.528,   -0.003,   -0.003,   -0.359,   -0.359,    0.007,    0.007
  267,2020090812,   -0.025,   -0.025,    0.000,    0.000,    0.000,    0.000,    0.004,    0.004,   -0.060,   -0.060,    0.000,    0.000,    0.000,    0.000,   -0.212,   -0.212,    0.531,    0.531,   -0.002,   -0.002,   -0.358,   -0.358,    0.008,    0.008
  267,2020090806,   -0.027,   -0.027,    0.000,    0.000,    0.000,    0.000,    0.003,    0.003,   -0.061,   -0.061,    0.000,    0.000,    0.000,    0.000,   -0.207,   -0.207,    0.526,    0.526,   -0.004,   -0.004,   -0.361,   -0.361,    0.007,    0.007
  267,2020090800,   -0.027,   -0.027,    0.000,    0.000,    0.000,    0.000,    0.003,    0.003,   -0.062,   -0.062,    0.000,    0.000,    0.000,    0.000,   -0.213,   -0.213,    0.529,    0.529,   -0.001,   -0.001,   -0.360,   -0.360,    0.009,    0.009
  267,2020090718,   -0.027,   -0.027,    0.000,    0.000,    0.000,    0.000,    0.002,    0.002,   -0.061,   -0.061,    0.000,    0.000,    0.000,    0.000,   -0.207,   -0.207,    0.533,    0.533,   -0.004,   -0.004,   -0.358,   -0.358,    0.007,    0.007
  267,2020090712,   -0.027,   -0.027,    0.000,    0.000,    0.000,    0.000,    0.003,    0.003,   -0.063,   -0.063,    0.000,    0.000,    0.000,    0.000,   -0.200,   -0.200,    0.531,    0.531,   -0.004,   -0.004,   -0.358,   -0.358,    0.007,    0.007
  267,2020090706,   -0.027,   -0.027,    0.000,    0.000,    0.000,    0.000,    0.004,    0.004,   -0.063,   -0.063,    0.000,    0.000,    0.000,    0.000,   -0.199,   -0.199,    0.529,    0.529,   -0.003,   -0.003,   -0.359,   -0.359,    0.007,    0.007
  267,2020090700,   -0.027,   -0.027,    0.000,    0.000,    0.000,    0.000,    0.004,    0.004,   -0.062,   -0.062,    0.000,    0.000,    0.000,    0.000,   -0.188,   -0.188,    0.530,    0.530,   -0.005,   -0.005,   -0.359,   -0.359,    0.006,    0.006
  267,2020090618,   -0.026,   -0.026,    0.000,    0.000,    0.000,    0.000,    0.006,    0.006,   -0.061,   -0.061,    0.000,    0.000,    0.000,    0.000,   -0.184,   -0.184,    0.536,    0.536,   -0.003,   -0.003,   -0.356,   -0.356,    0.007,    0.007
  267,2020090612,   -0.024,   -0.024,    0.000,    0.000,    0.000,    0.000,    0.009,    0.009,   -0.062,   -0.062,    0.000,    0.000,    0.000,    0.000,   -0.178,   -0.178,    0.539,    0.539,   -0.003,   -0.003,   -0.354,   -0.354,    0.008,    0.008
  267,2020090606,   -0.024,   -0.024,    0.000,    0.000,    0.000,    0.000,    0.008,    0.008,   -0.062,   -0.062,    0.000,    0.000,    0.000,    0.000,   -0.170,   -0.170,    0.538,    0.538,   -0.005,   -0.005,   -0.354,   -0.354,    0.007,    0.007
  267,2020090600,   -0.025,   -0.025,    0.000,    0.000,    0.000,    0.000,    0.007,    0.007,   -0.063,   -0.063,    0.000,    0.000,    0.000,    0.000,   -0.170,   -0.170,    0.537,    0.537,   -0.004,   -0.004,   -0.355,   -0.355,    0.006,    0.006
  267,2020090518,   -0.027,   -0.027,    0.000,    0.000,    0.000,    0.000,    0.007,    0.007,   -0.062,   -0.062,    0.000,    0.000,    0.000,    0.000,   -0.170,   -0.170,    0.534,    0.534,   -0.003,   -0.003,   -0.357,   -0.357,    0.007,    0.007
  267,2020090512,   -0.027,   -0.027,    0.000,    0.000,    0.000,    0.000,    0.006,    0.006,   -0.062,   -0.062,    0.000,    0.000,    0.000,    0.000,   -0.162,   -0.162,    0.531,    0.531,   -0.003,   -0.003,   -0.358,   -0.358,    0.006,    0.006
  267,2020090506,   -0.028,   -0.028,    0.000,    0.000,    0.000,    0.000,    0.005,    0.005,   -0.061,   -0.061,    0.000,    0.000,    0.000,    0.000,   -0.161,   -0.161,    0.530,    0.530,   -0.003,   -0.003,   -0.360,   -0.360,    0.007,    0.007
  267,2020090500,   -0.028,   -0.028,    0.000,    0.000,    0.000,    0.000,    0.005,    0.005,   -0.061,   -0.061,    0.000,    0.000,    0.000,    0.000,   -0.157,   -0.157,    0.529,    0.529,   -0.003,   -0.003,   -0.360,   -0.360,    0.007,    0.007
  267,2020090418,   -0.028,   -0.028,    0.000,    0.000,    0.000,    0.000,    0.004,    0.004,   -0.060,   -0.060,    0.000,    0.000,    0.000,    0.000,   -0.156,   -0.156,    0.527,    0.527,   -0.002,   -0.002,   -0.361,   -0.361,    0.008,    0.008
  267,2020090412,   -0.028,   -0.028,    0.000,    0.000,    0.000,    0.000,    0.005,    0.005,   -0.059,   -0.059,    0.000,    0.000,    0.000,    0.000,   -0.150,   -0.150,    0.527,    0.527,   -0.003,   -0.003,   -0.361,   -0.361,    0.007,    0.007
  267,2020090406,   -0.028,   -0.028,    0.000,    0.000,    0.000,    0.000,    0.005,    0.005,   -0.060,   -0.060,    0.000,    0.000,    0.000,    0.000,   -0.140,   -0.140,    0.527,    0.527,   -0.002,   -0.002,   -0.361,   -0.361,    0.008,    0.008
  267,2020090400,   -0.029,   -0.029,    0.000,    0.000,    0.000,    0.000,    0.005,    0.005,   -0.061,   -0.061,    0.000,    0.000,    0.000,    0.000,   -0.133,   -0.133,    0.529,    0.529,    0.001,    0.001,   -0.361,   -0.361,    0.009,    0.009
  267,2020090318,   -0.028,   -0.028,    0.000,    0.000,    0.000,    0.000,    0.005,    0.005,   -0.062,   -0.062,    0.000,    0.000,    0.000,    0.000,   -0.131,   -0.131,    0.532,    0.532,   -0.001,   -0.001,   -0.359,   -0.359,    0.009,    0.009
  267,2020090312,   -0.028,   -0.028,    0.000,    0.000,    0.000,    0.000,    0.006,    0.006,   -0.062,   -0.062,    0.000,    0.000,    0.000,    0.000,   -0.131,   -0.131,    0.529,    0.529,   -0.000,   -0.000,   -0.360,   -0.360,    0.010,    0.010
  267,2020090306,   -0.029,   -0.029,    0.000,    0.000,    0.000,    0.000,    0.005,    0.005,   -0.063,   -0.063,    0.000,    0.000,    0.000,    0.000,   -0.131,   -0.131,    0.527,    0.527,    0.001,    0.001,   -0.362,   -0.362,    0.010,    0.010
  267,2020090300,   -0.030,   -0.030,    0.000,    0.000,    0.000,    0.000,    0.004,    0.004,   -0.062,   -0.062,    0.000,    0.000,    0.000,    0.000,   -0.143,   -0.143,    0.528,    0.528,   -0.001,   -0.001,   -0.362,   -0.362,    0.010,    0.010
  267,2020090218,   -0.030,   -0.030,    0.000,    0.000,    0.000,    0.000,    0.003,    0.003,   -0.063,   -0.063,    0.000,    0.000,    0.000,    0.000,   -0.143,   -0.143,    0.525,    0.525,   -0.001,   -0.001,   -0.363,   -0.363,    0.010,    0.010
  267,2020090212,   -0.029,   -0.029,    0.000,    0.000,    0.000,    0.000,    0.003,    0.003,   -0.063,   -0.063,    0.000,    0.000,    0.000,    0.000,   -0.147,   -0.147,    0.529,    0.529,   -0.004,   -0.004,   -0.361,   -0.361,    0.008,    0.008
  267,2020090206,   -0.031,   -0.031,    0.000,    0.000,    0.000,    0.000,    0.004,    0.004,   -0.063,   -0.063,    0.000,    0.000,    0.000,    0.000,   -0.151,   -0.151,    0.526,    0.526,   -0.002,   -0.002,   -0.363,   -0.363,    0.009,    0.009
  267,2020090200,   -0.031,   -0.031,    0.000,    0.000,    0.000,    0.000,    0.004,    0.004,   -0.063,   -0.063,    0.000,    0.000,    0.000,    0.000,   -0.147,   -0.147,    0.527,    0.527,   -0.002,   -0.002,   -0.363,   -0.363,    0.009,    0.009
  267,2020090118,   -0.031,   -0.031,    0.000,    0.000,    0.000,    0.000,    0.003,    0.003,   -0.062,   -0.062,    0.000,    0.000,    0.000,    0.000,   -0.146,   -0.146,    0.525,    0.525,   -0.000,   -0.000,   -0.364,   -0.364,    0.010,    0.010
  267,2020090112,   -0.031,   -0.031,    0.000,    0.000,    0.000,    0.000,    0.002,    0.002,   -0.062,   -0.062,    0.000,    0.000,    0.000,    0.000,   -0.143,   -0.143,    0.524,    0.524,   -0.003,   -0.003,   -0.365,   -0.365,    0.009,    0.009
  267,2020090106,   -0.031,   -0.031,    0.000,    0.000,    0.000,    0.000,    0.001,    0.001,   -0.062,   -0.062,    0.000,    0.000,    0.000,    0.000,   -0.142,   -0.142,    0.525,    0.525,    0.001,    0.001,   -0.365,   -0.365,    0.011,    0.011
  267,2020090100,   -0.030,   -0.030,    0.000,    0.000,    0.000,    0.000,    0.001,    0.001,   -0.063,   -0.063,    0.000,    0.000,    0.000,    0.000,   -0.144,   -0.144,    0.529,    0.529,    0.001,    0.001,   -0.363,   -0.363,    0.011,    0.011
  267,2020083118,   -0.031,   -0.031,    0.000,    0.000,    0.000,    0.000,   -0.000,   -0.000,   -0.063,   -0.063,    0.000,    0.000,    0.000,    0.000,   -0.142,   -0.142,    0.527,    0.527,   -0.001,   -0.001,   -0.364,   -0.364,    0.010,    0.010
  267,2020083112,   -0.030,   -0.030,    0.000,    0.000,    0.000,    0.000,   -0.001,   -0.001,   -0.063,   -0.063,    0.000,    0.000,    0.000,    0.000,   -0.144,   -0.144,    0.527,    0.527,   -0.001,   -0.001,   -0.364,   -0.364,    0.009,    0.009
  267,2020083106,   -0.030,   -0.030,    0.000,    0.000,    0.000,    0.000,   -0.000,   -0.000,   -0.063,   -0.063,    0.000,    0.000,    0.000,    0.000,   -0.145,   -0.145,    0.528,    0.528,   -0.001,   -0.001,   -0.363,   -0.363,    0.010,    0.010
  267,2020083100,   -0.030,   -0.030,    0.000,    0.000,    0.000,    0.000,    0.000,    0.000,   -0.063,   -0.063,    0.000,    0.000,    0.000,    0.000,   -0.157,   -0.157,    0.530,    0.530,   -0.000,   -0.000,   -0.362,   -0.362,    0.010,    0.010
  267,2020083018,   -0.030,   -0.030,    0.000,    0.000,    0.000,    0.000,   -0.000,   -0.000,   -0.062,   -0.062,    0.000,    0.000,    0.000,    0.000,   -0.157,   -0.157,    0.530,    0.530,   -0.003,   -0.003,   -0.362,   -0.362,    0.009,    0.009
  267,2020083012,   -0.030,   -0.030,    0.000,    0.000,    0.000,    0.000,   -0.000,   -0.000,   -0.062,   -0.062,    0.000,    0.000,    0.000,    0.000,   -0.154,   -0.154,    0.530,    0.530,   -0.003,   -0.003,   -0.362,   -0.362,    0.009,    0.009
  267,2020083006,   -0.031,   -0.031,    0.000,    0.000,    0.000,    0.000,   -0.002,   -0.002,   -0.063,   -0.063,    0.000,    0.000,    0.000,    0.000,   -0.150,   -0.150,    0.531,    0.531,   -0.003,   -0.003,   -0.363,   -0.363,    0.009,    0.009
  267,2020083000,   -0.032,   -0.032,    0.000,    0.000,    0.000,    0.000,   -0.003,   -0.003,   -0.065,   -0.065,    0.000,    0.000,    0.000,    0.000,   -0.132,   -0.132,    0.529,    0.529,   -0.004,   -0.004,   -0.364,   -0.364,    0.008,    0.008
