 1658,2020092000,   -0.405,   -0.405,    0.000,    0.000,    0.000,    0.000,   -0.285,   -0.285,    0.273,    0.273,    0.000,    0.000,    0.000,    0.000,   -0.021,   -0.021,    0.253,    0.253,   -0.032,   -0.032,   -0.393,   -0.393,    0.007,    0.007
 1658,2020091918,   -0.408,   -0.408,    0.000,    0.000,    0.000,    0.000,   -0.285,   -0.285,    0.287,    0.287,    0.000,    0.000,    0.000,    0.000,   -0.021,   -0.021,    0.239,    0.239,   -0.034,   -0.034,   -0.400,   -0.400,    0.005,    0.005
 1658,2020091912,   -0.409,   -0.409,    0.000,    0.000,    0.000,    0.000,   -0.290,   -0.290,    0.289,    0.289,    0.000,    0.000,    0.000,    0.000,   -0.022,   -0.022,    0.231,    0.231,   -0.033,   -0.033,   -0.404,   -0.404,    0.007,    0.007
 1658,2020091906,   -0.411,   -0.411,    0.000,    0.000,    0.000,    0.000,   -0.298,   -0.298,    0.287,    0.287,    0.000,    0.000,    0.000,    0.000,   -0.023,   -0.023,    0.220,    0.220,   -0.035,   -0.035,   -0.409,   -0.409,    0.009,    0.009
 1658,2020091900,   -0.410,   -0.410,    0.000,    0.000,    0.000,    0.000,   -0.307,   -0.307,    0.278,    0.278,    0.000,    0.000,    0.000,    0.000,   -0.021,   -0.021,    0.225,    0.225,   -0.044,   -0.044,   -0.406,   -0.406,    0.006,    0.006
 1658,2020091818,   -0.408,   -0.408,    0.000,    0.000,    0.000,    0.000,   -0.291,   -0.291,    0.272,    0.272,    0.000,    0.000,    0.000,    0.000,   -0.020,   -0.020,    0.236,    0.236,   -0.044,   -0.044,   -0.401,   -0.401,    0.007,    0.007
 1658,2020091812,   -0.409,   -0.409,    0.000,    0.000,    0.000,    0.000,   -0.300,   -0.300,    0.271,    0.271,    0.000,    0.000,    0.000,    0.000,   -0.021,   -0.021,    0.237,    0.237,   -0.048,   -0.048,   -0.401,   -0.401,    0.007,    0.007
 1658,2020091806,   -0.411,   -0.411,    0.000,    0.000,    0.000,    0.000,   -0.317,   -0.317,    0.258,    0.258,    0.000,    0.000,    0.000,    0.000,   -0.020,   -0.020,    0.227,    0.227,   -0.041,   -0.041,   -0.406,   -0.406,    0.010,    0.010
 1658,2020091800,   -0.411,   -0.411,    0.000,    0.000,    0.000,    0.000,   -0.311,   -0.311,    0.259,    0.259,    0.000,    0.000,    0.000,    0.000,   -0.020,   -0.020,    0.231,    0.231,   -0.036,   -0.036,   -0.405,   -0.405,    0.012,    0.012
 1658,2020091718,   -0.411,   -0.411,    0.000,    0.000,    0.000,    0.000,   -0.300,   -0.300,    0.265,    0.265,    0.000,    0.000,    0.000,    0.000,   -0.020,   -0.020,    0.233,    0.233,   -0.039,   -0.039,   -0.404,   -0.404,    0.010,    0.010
 1658,2020091712,   -0.414,   -0.414,    0.000,    0.000,    0.000,    0.000,   -0.317,   -0.317,    0.271,    0.271,    0.000,    0.000,    0.000,    0.000,   -0.022,   -0.022,    0.219,    0.219,   -0.048,   -0.048,   -0.412,   -0.412,    0.006,    0.006
 1658,2020091706,   -0.412,   -0.412,    0.000,    0.000,    0.000,    0.000,   -0.324,   -0.324,    0.262,    0.262,    0.000,    0.000,    0.000,    0.000,   -0.023,   -0.023,    0.229,    0.229,   -0.059,   -0.059,   -0.408,   -0.408,    0.001,    0.001
 1658,2020091700,   -0.415,   -0.415,    0.000,    0.000,    0.000,    0.000,   -0.332,   -0.332,    0.261,    0.261,    0.000,    0.000,    0.000,    0.000,   -0.022,   -0.022,    0.221,    0.221,   -0.044,   -0.044,   -0.413,   -0.413,    0.008,    0.008
 1658,2020091618,   -0.414,   -0.414,    0.000,    0.000,    0.000,    0.000,   -0.314,   -0.314,    0.256,    0.256,    0.000,    0.000,    0.000,    0.000,   -0.021,   -0.021,    0.227,    0.227,   -0.033,   -0.033,   -0.410,   -0.410,    0.012,    0.012
 1658,2020091612,   -0.416,   -0.416,    0.000,    0.000,    0.000,    0.000,   -0.333,   -0.333,    0.249,    0.249,    0.000,    0.000,    0.000,    0.000,   -0.023,   -0.023,    0.219,    0.219,   -0.025,   -0.025,   -0.415,   -0.415,    0.013,    0.013
 1658,2020091606,   -0.415,   -0.415,    0.000,    0.000,    0.000,    0.000,   -0.354,   -0.354,    0.242,    0.242,    0.000,    0.000,    0.000,    0.000,   -0.023,   -0.023,    0.214,    0.214,   -0.036,   -0.036,   -0.417,   -0.417,    0.008,    0.008
 1658,2020091600,   -0.414,   -0.414,    0.000,    0.000,    0.000,    0.000,   -0.346,   -0.346,    0.235,    0.235,    0.000,    0.000,    0.000,    0.000,   -0.022,   -0.022,    0.220,    0.220,   -0.041,   -0.041,   -0.413,   -0.413,    0.006,    0.006
 1658,2020091518,   -0.409,   -0.409,    0.000,    0.000,    0.000,    0.000,   -0.319,   -0.319,    0.224,    0.224,    0.000,    0.000,    0.000,    0.000,   -0.021,   -0.021,    0.239,    0.239,   -0.030,   -0.030,   -0.403,   -0.403,    0.012,    0.012
 1658,2020091512,   -0.412,   -0.412,    0.000,    0.000,    0.000,    0.000,   -0.323,   -0.323,    0.222,    0.222,    0.000,    0.000,    0.000,    0.000,   -0.022,   -0.022,    0.241,    0.241,   -0.029,   -0.029,   -0.406,   -0.406,    0.011,    0.011
 1658,2020091506,   -0.411,   -0.411,    0.000,    0.000,    0.000,    0.000,   -0.352,   -0.352,    0.215,    0.215,    0.000,    0.000,    0.000,    0.000,   -0.022,   -0.022,    0.247,    0.247,   -0.036,   -0.036,   -0.403,   -0.403,    0.008,    0.008
 1658,2020091500,   -0.410,   -0.410,    0.000,    0.000,    0.000,    0.000,   -0.333,   -0.333,    0.211,    0.211,    0.000,    0.000,    0.000,    0.000,   -0.021,   -0.021,    0.251,    0.251,   -0.038,   -0.038,   -0.401,   -0.401,    0.008,    0.008
 1658,2020091418,   -0.406,   -0.406,    0.000,    0.000,    0.000,    0.000,   -0.312,   -0.312,    0.209,    0.209,    0.000,    0.000,    0.000,    0.000,   -0.020,   -0.020,    0.267,    0.267,   -0.040,   -0.040,   -0.393,   -0.393,    0.007,    0.007
 1658,2020091412,   -0.412,   -0.412,    0.000,    0.000,    0.000,    0.000,   -0.342,   -0.342,    0.214,    0.214,    0.000,    0.000,    0.000,    0.000,   -0.021,   -0.021,    0.248,    0.248,   -0.041,   -0.041,   -0.405,   -0.405,    0.007,    0.007
 1658,2020091406,   -0.411,   -0.411,    0.000,    0.000,    0.000,    0.000,   -0.361,   -0.361,    0.205,    0.205,    0.000,    0.000,    0.000,    0.000,   -0.021,   -0.021,    0.246,    0.246,   -0.039,   -0.039,   -0.405,   -0.405,    0.009,    0.009
 1658,2020091400,   -0.412,   -0.412,    0.000,    0.000,    0.000,    0.000,   -0.360,   -0.360,    0.205,    0.205,    0.000,    0.000,    0.000,    0.000,   -0.020,   -0.020,    0.241,    0.241,   -0.038,   -0.038,   -0.408,   -0.408,    0.009,    0.009
 1658,2020091318,   -0.415,   -0.415,    0.000,    0.000,    0.000,    0.000,   -0.351,   -0.351,    0.208,    0.208,    0.000,    0.000,    0.000,    0.000,   -0.019,   -0.019,    0.233,    0.233,   -0.041,   -0.041,   -0.413,   -0.413,    0.008,    0.008
 1658,2020091312,   -0.417,   -0.417,    0.000,    0.000,    0.000,    0.000,   -0.364,   -0.364,    0.215,    0.215,    0.000,    0.000,    0.000,    0.000,   -0.020,   -0.020,    0.226,    0.226,   -0.048,   -0.048,   -0.418,   -0.418,    0.005,    0.005
 1658,2020091306,   -0.418,   -0.418,    0.000,    0.000,    0.000,    0.000,   -0.394,   -0.394,    0.201,    0.201,    0.000,    0.000,    0.000,    0.000,   -0.019,   -0.019,    0.217,    0.217,   -0.049,   -0.049,   -0.422,   -0.422,    0.004,    0.004
 1658,2020091300,   -0.416,   -0.416,    0.000,    0.000,    0.000,    0.000,   -0.390,   -0.390,    0.204,    0.204,    0.000,    0.000,    0.000,    0.000,   -0.019,   -0.019,    0.211,    0.211,   -0.044,   -0.044,   -0.423,   -0.423,    0.006,    0.006
 1658,2020091218,   -0.418,   -0.418,    0.000,    0.000,    0.000,    0.000,   -0.386,   -0.386,    0.219,    0.219,    0.000,    0.000,    0.000,    0.000,   -0.019,   -0.019,    0.209,    0.209,   -0.044,   -0.044,   -0.425,   -0.425,    0.006,    0.006
 1658,2020091212,   -0.419,   -0.419,    0.000,    0.000,    0.000,    0.000,   -0.389,   -0.389,    0.211,    0.211,    0.000,    0.000,    0.000,    0.000,   -0.018,   -0.018,    0.209,    0.209,   -0.063,   -0.063,   -0.427,   -0.427,   -0.001,   -0.001
 1658,2020091206,   -0.420,   -0.420,    0.000,    0.000,    0.000,    0.000,   -0.397,   -0.397,    0.212,    0.212,    0.000,    0.000,    0.000,    0.000,   -0.018,   -0.018,    0.211,    0.211,   -0.052,   -0.052,   -0.428,   -0.428,    0.005,    0.005
 1658,2020091200,   -0.419,   -0.419,    0.000,    0.000,    0.000,    0.000,   -0.382,   -0.382,    0.203,    0.203,    0.000,    0.000,    0.000,    0.000,   -0.017,   -0.017,    0.225,    0.225,   -0.054,   -0.054,   -0.422,   -0.422,    0.005,    0.005
 1658,2020091118,   -0.419,   -0.419,    0.000,    0.000,    0.000,    0.000,   -0.361,   -0.361,    0.205,    0.205,    0.000,    0.000,    0.000,    0.000,   -0.017,   -0.017,    0.224,    0.224,   -0.044,   -0.044,   -0.424,   -0.424,    0.010,    0.010
 1658,2020091112,   -0.420,   -0.420,    0.000,    0.000,    0.000,    0.000,   -0.359,   -0.359,    0.217,    0.217,    0.000,    0.000,    0.000,    0.000,   -0.018,   -0.018,    0.222,    0.222,   -0.050,   -0.050,   -0.426,   -0.426,    0.007,    0.007
 1658,2020091106,   -0.420,   -0.420,    0.000,    0.000,    0.000,    0.000,   -0.363,   -0.363,    0.227,    0.227,    0.000,    0.000,    0.000,    0.000,   -0.018,   -0.018,    0.213,    0.213,   -0.054,   -0.054,   -0.430,   -0.430,    0.005,    0.005
 1658,2020091100,   -0.420,   -0.420,    0.000,    0.000,    0.000,    0.000,   -0.353,   -0.353,    0.223,    0.223,    0.000,    0.000,    0.000,    0.000,   -0.017,   -0.017,    0.215,    0.215,   -0.046,   -0.046,   -0.429,   -0.429,    0.009,    0.009
 1658,2020091018,   -0.418,   -0.418,    0.000,    0.000,    0.000,    0.000,   -0.339,   -0.339,    0.221,    0.221,    0.000,    0.000,    0.000,    0.000,   -0.018,   -0.018,    0.223,    0.223,   -0.049,   -0.049,   -0.426,   -0.426,    0.008,    0.008
 1658,2020091012,   -0.422,   -0.422,    0.000,    0.000,    0.000,    0.000,   -0.365,   -0.365,    0.225,    0.225,    0.000,    0.000,    0.000,    0.000,   -0.020,   -0.020,    0.214,    0.214,   -0.050,   -0.050,   -0.431,   -0.431,    0.008,    0.008
 1658,2020091006,   -0.423,   -0.423,    0.000,    0.000,    0.000,    0.000,   -0.366,   -0.366,    0.225,    0.225,    0.000,    0.000,    0.000,    0.000,   -0.019,   -0.019,    0.209,    0.209,   -0.044,   -0.044,   -0.435,   -0.435,    0.011,    0.011
 1658,2020091000,   -0.423,   -0.423,    0.000,    0.000,    0.000,    0.000,   -0.386,   -0.386,    0.219,    0.219,    0.000,    0.000,    0.000,    0.000,   -0.020,   -0.020,    0.206,    0.206,   -0.045,   -0.045,   -0.438,   -0.438,    0.010,    0.010
 1658,2020090918,   -0.423,   -0.423,    0.000,    0.000,    0.000,    0.000,   -0.359,   -0.359,    0.227,    0.227,    0.000,    0.000,    0.000,    0.000,   -0.020,   -0.020,    0.212,    0.212,   -0.048,   -0.048,   -0.437,   -0.437,    0.010,    0.010
 1658,2020090912,   -0.428,   -0.428,    0.000,    0.000,    0.000,    0.000,   -0.384,   -0.384,    0.225,    0.225,    0.000,    0.000,    0.000,    0.000,   -0.021,   -0.021,    0.198,    0.198,   -0.046,   -0.046,   -0.448,   -0.448,    0.012,    0.012
 1658,2020090906,   -0.427,   -0.427,    0.000,    0.000,    0.000,    0.000,   -0.384,   -0.384,    0.204,    0.204,    0.000,    0.000,    0.000,    0.000,   -0.020,   -0.020,    0.214,    0.214,   -0.044,   -0.044,   -0.441,   -0.441,    0.014,    0.014
 1658,2020090900,   -0.428,   -0.428,    0.000,    0.000,    0.000,    0.000,   -0.383,   -0.383,    0.205,    0.205,    0.000,    0.000,    0.000,    0.000,   -0.020,   -0.020,    0.215,    0.215,   -0.048,   -0.048,   -0.442,   -0.442,    0.014,    0.014
 1658,2020090818,   -0.427,   -0.427,    0.000,    0.000,    0.000,    0.000,   -0.360,   -0.360,    0.207,    0.207,    0.000,    0.000,    0.000,    0.000,   -0.019,   -0.019,    0.212,    0.212,   -0.054,   -0.054,   -0.442,   -0.442,    0.011,    0.011
 1658,2020090812,   -0.429,   -0.429,    0.000,    0.000,    0.000,    0.000,   -0.374,   -0.374,    0.208,    0.208,    0.000,    0.000,    0.000,    0.000,   -0.020,   -0.020,    0.205,    0.205,   -0.062,   -0.062,   -0.447,   -0.447,    0.007,    0.007
 1658,2020090806,   -0.426,   -0.426,    0.000,    0.000,    0.000,    0.000,   -0.386,   -0.386,    0.187,    0.187,    0.000,    0.000,    0.000,    0.000,   -0.019,   -0.019,    0.222,    0.222,   -0.066,   -0.066,   -0.438,   -0.438,    0.006,    0.006
 1658,2020090800,   -0.426,   -0.426,    0.000,    0.000,    0.000,    0.000,   -0.382,   -0.382,    0.185,    0.185,    0.000,    0.000,    0.000,    0.000,   -0.018,   -0.018,    0.242,    0.242,   -0.067,   -0.067,   -0.432,   -0.432,    0.007,    0.007
 1658,2020090718,   -0.432,   -0.432,    0.000,    0.000,    0.000,    0.000,   -0.380,   -0.380,    0.194,    0.194,    0.000,    0.000,    0.000,    0.000,   -0.019,   -0.019,    0.222,    0.222,   -0.056,   -0.056,   -0.444,   -0.444,    0.014,    0.014
 1658,2020090712,   -0.433,   -0.433,    0.000,    0.000,    0.000,    0.000,   -0.383,   -0.383,    0.196,    0.196,    0.000,    0.000,    0.000,    0.000,   -0.019,   -0.019,    0.212,    0.212,   -0.053,   -0.053,   -0.449,   -0.449,    0.015,    0.015
 1658,2020090706,   -0.435,   -0.435,    0.000,    0.000,    0.000,    0.000,   -0.400,   -0.400,    0.180,    0.180,    0.000,    0.000,    0.000,    0.000,   -0.020,   -0.020,    0.209,    0.209,   -0.060,   -0.060,   -0.452,   -0.452,    0.011,    0.011
 1658,2020090700,   -0.437,   -0.437,    0.000,    0.000,    0.000,    0.000,   -0.408,   -0.408,    0.170,    0.170,    0.000,    0.000,    0.000,    0.000,   -0.020,   -0.020,    0.199,    0.199,   -0.061,   -0.061,   -0.458,   -0.458,    0.011,    0.011
 1658,2020090618,   -0.433,   -0.433,    0.000,    0.000,    0.000,    0.000,   -0.400,   -0.400,    0.152,    0.152,    0.000,    0.000,    0.000,    0.000,   -0.021,   -0.021,    0.218,    0.218,   -0.056,   -0.056,   -0.448,   -0.448,    0.012,    0.012
 1658,2020090612,   -0.432,   -0.432,    0.000,    0.000,    0.000,    0.000,   -0.393,   -0.393,    0.160,    0.160,    0.000,    0.000,    0.000,    0.000,   -0.021,   -0.021,    0.222,    0.222,   -0.062,   -0.062,   -0.446,   -0.446,    0.009,    0.009
 1658,2020090606,   -0.433,   -0.433,    0.000,    0.000,    0.000,    0.000,   -0.400,   -0.400,    0.167,    0.167,    0.000,    0.000,    0.000,    0.000,   -0.020,   -0.020,    0.216,    0.216,   -0.064,   -0.064,   -0.450,   -0.450,    0.009,    0.009
 1658,2020090600,   -0.433,   -0.433,    0.000,    0.000,    0.000,    0.000,   -0.390,   -0.390,    0.166,    0.166,    0.000,    0.000,    0.000,    0.000,   -0.019,   -0.019,    0.229,    0.229,   -0.060,   -0.060,   -0.446,   -0.446,    0.010,    0.010
 1658,2020090518,   -0.433,   -0.433,    0.000,    0.000,    0.000,    0.000,   -0.403,   -0.403,    0.159,    0.159,    0.000,    0.000,    0.000,    0.000,   -0.018,   -0.018,    0.231,    0.231,   -0.065,   -0.065,   -0.447,   -0.447,    0.009,    0.009
 1658,2020090512,   -0.435,   -0.435,    0.000,    0.000,    0.000,    0.000,   -0.412,   -0.412,    0.166,    0.166,    0.000,    0.000,    0.000,    0.000,   -0.020,   -0.020,    0.222,    0.222,   -0.069,   -0.069,   -0.452,   -0.452,    0.007,    0.007
 1658,2020090506,   -0.433,   -0.433,    0.000,    0.000,    0.000,    0.000,   -0.413,   -0.413,    0.168,    0.168,    0.000,    0.000,    0.000,    0.000,   -0.019,   -0.019,    0.223,    0.223,   -0.071,   -0.071,   -0.451,   -0.451,    0.006,    0.006
 1658,2020090500,   -0.433,   -0.433,    0.000,    0.000,    0.000,    0.000,   -0.412,   -0.412,    0.166,    0.166,    0.000,    0.000,    0.000,    0.000,   -0.018,   -0.018,    0.224,    0.224,   -0.056,   -0.056,   -0.451,   -0.451,    0.013,    0.013
 1658,2020090418,   -0.433,   -0.433,    0.000,    0.000,    0.000,    0.000,   -0.429,   -0.429,    0.168,    0.168,    0.000,    0.000,    0.000,    0.000,   -0.017,   -0.017,    0.216,    0.216,   -0.063,   -0.063,   -0.453,   -0.453,    0.008,    0.008
 1658,2020090412,   -0.435,   -0.435,    0.000,    0.000,    0.000,    0.000,   -0.465,   -0.465,    0.173,    0.173,    0.000,    0.000,    0.000,    0.000,   -0.018,   -0.018,    0.194,    0.194,   -0.068,   -0.068,   -0.464,   -0.464,    0.008,    0.008
 1658,2020090406,   -0.433,   -0.433,    0.000,    0.000,    0.000,    0.000,   -0.464,   -0.464,    0.176,    0.176,    0.000,    0.000,    0.000,    0.000,   -0.016,   -0.016,    0.208,    0.208,   -0.064,   -0.064,   -0.458,   -0.458,    0.012,    0.012
 1658,2020090400,   -0.434,   -0.434,    0.000,    0.000,    0.000,    0.000,   -0.467,   -0.467,    0.187,    0.187,    0.000,    0.000,    0.000,    0.000,   -0.017,   -0.017,    0.204,    0.204,   -0.053,   -0.053,   -0.461,   -0.461,    0.017,    0.017
 1658,2020090318,   -0.432,   -0.432,    0.000,    0.000,    0.000,    0.000,   -0.470,   -0.470,    0.199,    0.199,    0.000,    0.000,    0.000,    0.000,   -0.016,   -0.016,    0.204,    0.204,   -0.062,   -0.062,   -0.461,   -0.461,    0.014,    0.014
 1658,2020090312,   -0.432,   -0.432,    0.000,    0.000,    0.000,    0.000,   -0.475,   -0.475,    0.207,    0.207,    0.000,    0.000,    0.000,    0.000,   -0.016,   -0.016,    0.199,    0.199,   -0.060,   -0.060,   -0.463,   -0.463,    0.014,    0.014
 1658,2020090306,   -0.429,   -0.429,    0.000,    0.000,    0.000,    0.000,   -0.459,   -0.459,    0.213,    0.213,    0.000,    0.000,    0.000,    0.000,   -0.015,   -0.015,    0.207,    0.207,   -0.057,   -0.057,   -0.458,   -0.458,    0.016,    0.016
 1658,2020090300,   -0.430,   -0.430,    0.000,    0.000,    0.000,    0.000,   -0.475,   -0.475,    0.218,    0.218,    0.000,    0.000,    0.000,    0.000,   -0.016,   -0.016,    0.203,    0.203,   -0.058,   -0.058,   -0.460,   -0.460,    0.016,    0.016
 1658,2020090218,   -0.428,   -0.428,    0.000,    0.000,    0.000,    0.000,   -0.478,   -0.478,    0.218,    0.218,    0.000,    0.000,    0.000,    0.000,   -0.015,   -0.015,    0.214,    0.214,   -0.055,   -0.055,   -0.456,   -0.456,    0.019,    0.019
 1658,2020090212,   -0.429,   -0.429,    0.000,    0.000,    0.000,    0.000,   -0.494,   -0.494,    0.222,    0.222,    0.000,    0.000,    0.000,    0.000,   -0.017,   -0.017,    0.218,    0.218,   -0.060,   -0.060,   -0.455,   -0.455,    0.017,    0.017
 1658,2020090206,   -0.427,   -0.427,    0.000,    0.000,    0.000,    0.000,   -0.485,   -0.485,    0.223,    0.223,    0.000,    0.000,    0.000,    0.000,   -0.017,   -0.017,    0.220,    0.220,   -0.070,   -0.070,   -0.453,   -0.453,    0.012,    0.012
 1658,2020090200,   -0.426,   -0.426,    0.000,    0.000,    0.000,    0.000,   -0.514,   -0.514,    0.234,    0.234,    0.000,    0.000,    0.000,    0.000,   -0.016,   -0.016,    0.223,    0.223,   -0.072,   -0.072,   -0.452,   -0.452,    0.010,    0.010
 1658,2020090118,   -0.422,   -0.422,    0.000,    0.000,    0.000,    0.000,   -0.507,   -0.507,    0.235,    0.235,    0.000,    0.000,    0.000,    0.000,   -0.014,   -0.014,    0.229,    0.229,   -0.063,   -0.063,   -0.447,   -0.447,    0.014,    0.014
 1658,2020090112,   -0.425,   -0.425,    0.000,    0.000,    0.000,    0.000,   -0.534,   -0.534,    0.239,    0.239,    0.000,    0.000,    0.000,    0.000,   -0.016,   -0.016,    0.216,    0.216,   -0.057,   -0.057,   -0.454,   -0.454,    0.016,    0.016
 1658,2020090106,   -0.425,   -0.425,    0.000,    0.000,    0.000,    0.000,   -0.526,   -0.526,    0.248,    0.248,    0.000,    0.000,    0.000,    0.000,   -0.016,   -0.016,    0.205,    0.205,   -0.063,   -0.063,   -0.458,   -0.458,    0.014,    0.014
 1658,2020090100,   -0.424,   -0.424,    0.000,    0.000,    0.000,    0.000,   -0.519,   -0.519,    0.249,    0.249,    0.000,    0.000,    0.000,    0.000,   -0.016,   -0.016,    0.218,    0.218,   -0.063,   -0.063,   -0.452,   -0.452,    0.014,    0.014
 1658,2020083118,   -0.420,   -0.420,    0.000,    0.000,    0.000,    0.000,   -0.506,   -0.506,    0.247,    0.247,    0.000,    0.000,    0.000,    0.000,   -0.015,   -0.015,    0.228,    0.228,   -0.065,   -0.065,   -0.448,   -0.448,    0.014,    0.014
 1658,2020083112,   -0.423,   -0.423,    0.000,    0.000,    0.000,    0.000,   -0.508,   -0.508,    0.255,    0.255,    0.000,    0.000,    0.000,    0.000,   -0.017,   -0.017,    0.213,    0.213,   -0.059,   -0.059,   -0.454,   -0.454,    0.016,    0.016
 1658,2020083106,   -0.421,   -0.421,    0.000,    0.000,    0.000,    0.000,   -0.492,   -0.492,    0.248,    0.248,    0.000,    0.000,    0.000,    0.000,   -0.017,   -0.017,    0.206,    0.206,   -0.067,   -0.067,   -0.457,   -0.457,    0.013,    0.013
 1658,2020083100,   -0.420,   -0.420,    0.000,    0.000,    0.000,    0.000,   -0.480,   -0.480,    0.244,    0.244,    0.000,    0.000,    0.000,    0.000,   -0.016,   -0.016,    0.216,    0.216,   -0.066,   -0.066,   -0.452,   -0.452,    0.014,    0.014
 1658,2020083018,   -0.420,   -0.420,    0.000,    0.000,    0.000,    0.000,   -0.461,   -0.461,    0.226,    0.226,    0.000,    0.000,    0.000,    0.000,   -0.016,   -0.016,    0.207,    0.207,   -0.053,   -0.053,   -0.455,   -0.455,    0.019,    0.019
 1658,2020083012,   -0.420,   -0.420,    0.000,    0.000,    0.000,    0.000,   -0.455,   -0.455,    0.222,    0.222,    0.000,    0.000,    0.000,    0.000,   -0.017,   -0.017,    0.199,    0.199,   -0.045,   -0.045,   -0.459,   -0.459,    0.020,    0.020
 1658,2020083006,   -0.417,   -0.417,    0.000,    0.000,    0.000,    0.000,   -0.437,   -0.437,    0.203,    0.203,    0.000,    0.000,    0.000,    0.000,   -0.017,   -0.017,    0.204,    0.204,   -0.041,   -0.041,   -0.455,   -0.455,    0.024,    0.024
 1658,2020083000,   -0.416,   -0.416,    0.000,    0.000,    0.000,    0.000,   -0.425,   -0.425,    0.206,    0.206,    0.000,    0.000,    0.000,    0.000,   -0.016,   -0.016,    0.207,    0.207,   -0.039,   -0.039,   -0.452,   -0.452,    0.025,    0.025
