  335,2020092000,   -0.174,   -0.174,    0.000,    0.000,    0.000,    0.000,    0.057,    0.057,   -0.143,   -0.143,    0.000,    0.000,    0.000,    0.000,   -0.086,   -0.086,    0.627,    0.627,    0.046,    0.046,   -0.537,   -0.537,    0.007,    0.007
  335,2020091918,   -0.175,   -0.175,    0.000,    0.000,    0.000,    0.000,    0.055,    0.055,   -0.145,   -0.145,    0.000,    0.000,    0.000,    0.000,   -0.089,   -0.089,    0.626,    0.626,    0.046,    0.046,   -0.538,   -0.538,    0.008,    0.008
  335,2020091912,   -0.174,   -0.174,    0.000,    0.000,    0.000,    0.000,    0.057,    0.057,   -0.144,   -0.144,    0.000,    0.000,    0.000,    0.000,   -0.090,   -0.090,    0.628,    0.628,    0.045,    0.045,   -0.537,   -0.537,    0.007,    0.007
  335,2020091906,   -0.173,   -0.173,    0.000,    0.000,    0.000,    0.000,    0.058,    0.058,   -0.143,   -0.143,    0.000,    0.000,    0.000,    0.000,   -0.090,   -0.090,    0.627,    0.627,    0.043,    0.043,   -0.536,   -0.536,    0.007,    0.007
  335,2020091900,   -0.173,   -0.173,    0.000,    0.000,    0.000,    0.000,    0.059,    0.059,   -0.143,   -0.143,    0.000,    0.000,    0.000,    0.000,   -0.088,   -0.088,    0.627,    0.627,    0.041,    0.041,   -0.536,   -0.536,    0.006,    0.006
  335,2020091818,   -0.174,   -0.174,    0.000,    0.000,    0.000,    0.000,    0.058,    0.058,   -0.144,   -0.144,    0.000,    0.000,    0.000,    0.000,   -0.086,   -0.086,    0.621,    0.621,    0.043,    0.043,   -0.539,   -0.539,    0.007,    0.007
  335,2020091812,   -0.174,   -0.174,    0.000,    0.000,    0.000,    0.000,    0.058,    0.058,   -0.144,   -0.144,    0.000,    0.000,    0.000,    0.000,   -0.086,   -0.086,    0.622,    0.622,    0.041,    0.041,   -0.538,   -0.538,    0.006,    0.006
  335,2020091806,   -0.175,   -0.175,    0.000,    0.000,    0.000,    0.000,    0.057,    0.057,   -0.144,   -0.144,    0.000,    0.000,    0.000,    0.000,   -0.085,   -0.085,    0.615,    0.615,    0.043,    0.043,   -0.542,   -0.542,    0.007,    0.007
  335,2020091800,   -0.176,   -0.176,    0.000,    0.000,    0.000,    0.000,    0.057,    0.057,   -0.143,   -0.143,    0.000,    0.000,    0.000,    0.000,   -0.082,   -0.082,    0.618,    0.618,    0.042,    0.042,   -0.541,   -0.541,    0.007,    0.007
  335,2020091718,   -0.175,   -0.175,    0.000,    0.000,    0.000,    0.000,    0.059,    0.059,   -0.142,   -0.142,    0.000,    0.000,    0.000,    0.000,   -0.081,   -0.081,    0.619,    0.619,    0.044,    0.044,   -0.540,   -0.540,    0.008,    0.008
  335,2020091712,   -0.175,   -0.175,    0.000,    0.000,    0.000,    0.000,    0.058,    0.058,   -0.144,   -0.144,    0.000,    0.000,    0.000,    0.000,   -0.084,   -0.084,    0.621,    0.621,    0.043,    0.043,   -0.539,   -0.539,    0.009,    0.009
  335,2020091706,   -0.176,   -0.176,    0.000,    0.000,    0.000,    0.000,    0.057,    0.057,   -0.145,   -0.145,    0.000,    0.000,    0.000,    0.000,   -0.084,   -0.084,    0.624,    0.624,    0.042,    0.042,   -0.538,   -0.538,    0.008,    0.008
  335,2020091700,   -0.177,   -0.177,    0.000,    0.000,    0.000,    0.000,    0.055,    0.055,   -0.146,   -0.146,    0.000,    0.000,    0.000,    0.000,   -0.089,   -0.089,    0.622,    0.622,    0.043,    0.043,   -0.539,   -0.539,    0.009,    0.009
  335,2020091618,   -0.177,   -0.177,    0.000,    0.000,    0.000,    0.000,    0.055,    0.055,   -0.147,   -0.147,    0.000,    0.000,    0.000,    0.000,   -0.088,   -0.088,    0.621,    0.621,    0.043,    0.043,   -0.539,   -0.539,    0.009,    0.009
  335,2020091612,   -0.177,   -0.177,    0.000,    0.000,    0.000,    0.000,    0.055,    0.055,   -0.147,   -0.147,    0.000,    0.000,    0.000,    0.000,   -0.090,   -0.090,    0.623,    0.623,    0.039,    0.039,   -0.539,   -0.539,    0.007,    0.007
  335,2020091606,   -0.177,   -0.177,    0.000,    0.000,    0.000,    0.000,    0.055,    0.055,   -0.146,   -0.146,    0.000,    0.000,    0.000,    0.000,   -0.090,   -0.090,    0.624,    0.624,    0.037,    0.037,   -0.538,   -0.538,    0.006,    0.006
  335,2020091600,   -0.178,   -0.178,    0.000,    0.000,    0.000,    0.000,    0.054,    0.054,   -0.146,   -0.146,    0.000,    0.000,    0.000,    0.000,   -0.095,   -0.095,    0.625,    0.625,    0.036,    0.036,   -0.538,   -0.538,    0.007,    0.007
  335,2020091518,   -0.177,   -0.177,    0.000,    0.000,    0.000,    0.000,    0.055,    0.055,   -0.147,   -0.147,    0.000,    0.000,    0.000,    0.000,   -0.092,   -0.092,    0.625,    0.625,    0.037,    0.037,   -0.538,   -0.538,    0.007,    0.007
  335,2020091512,   -0.177,   -0.177,    0.000,    0.000,    0.000,    0.000,    0.056,    0.056,   -0.146,   -0.146,    0.000,    0.000,    0.000,    0.000,   -0.092,   -0.092,    0.624,    0.624,    0.037,    0.037,   -0.538,   -0.538,    0.007,    0.007
  335,2020091506,   -0.177,   -0.177,    0.000,    0.000,    0.000,    0.000,    0.055,    0.055,   -0.148,   -0.148,    0.000,    0.000,    0.000,    0.000,   -0.093,   -0.093,    0.624,    0.624,    0.037,    0.037,   -0.538,   -0.538,    0.008,    0.008
  335,2020091500,   -0.177,   -0.177,    0.000,    0.000,    0.000,    0.000,    0.055,    0.055,   -0.147,   -0.147,    0.000,    0.000,    0.000,    0.000,   -0.095,   -0.095,    0.624,    0.624,    0.036,    0.036,   -0.537,   -0.537,    0.008,    0.008
  335,2020091418,   -0.176,   -0.176,    0.000,    0.000,    0.000,    0.000,    0.056,    0.056,   -0.147,   -0.147,    0.000,    0.000,    0.000,    0.000,   -0.091,   -0.091,    0.623,    0.623,    0.038,    0.038,   -0.538,   -0.538,    0.009,    0.009
  335,2020091412,   -0.177,   -0.177,    0.000,    0.000,    0.000,    0.000,    0.056,    0.056,   -0.148,   -0.148,    0.000,    0.000,    0.000,    0.000,   -0.089,   -0.089,    0.622,    0.622,    0.036,    0.036,   -0.538,   -0.538,    0.009,    0.009
  335,2020091406,   -0.177,   -0.177,    0.000,    0.000,    0.000,    0.000,    0.055,    0.055,   -0.147,   -0.147,    0.000,    0.000,    0.000,    0.000,   -0.089,   -0.089,    0.620,    0.620,    0.035,    0.035,   -0.539,   -0.539,    0.008,    0.008
  335,2020091400,   -0.177,   -0.177,    0.000,    0.000,    0.000,    0.000,    0.055,    0.055,   -0.147,   -0.147,    0.000,    0.000,    0.000,    0.000,   -0.097,   -0.097,    0.623,    0.623,    0.035,    0.035,   -0.538,   -0.538,    0.008,    0.008
  335,2020091318,   -0.178,   -0.178,    0.000,    0.000,    0.000,    0.000,    0.055,    0.055,   -0.147,   -0.147,    0.000,    0.000,    0.000,    0.000,   -0.098,   -0.098,    0.619,    0.619,    0.034,    0.034,   -0.540,   -0.540,    0.008,    0.008
  335,2020091312,   -0.178,   -0.178,    0.000,    0.000,    0.000,    0.000,    0.057,    0.057,   -0.147,   -0.147,    0.000,    0.000,    0.000,    0.000,   -0.095,   -0.095,    0.620,    0.620,    0.034,    0.034,   -0.540,   -0.540,    0.008,    0.008
  335,2020091306,   -0.179,   -0.179,    0.000,    0.000,    0.000,    0.000,    0.056,    0.056,   -0.147,   -0.147,    0.000,    0.000,    0.000,    0.000,   -0.094,   -0.094,    0.615,    0.615,    0.033,    0.033,   -0.542,   -0.542,    0.008,    0.008
  335,2020091300,   -0.179,   -0.179,    0.000,    0.000,    0.000,    0.000,    0.056,    0.056,   -0.147,   -0.147,    0.000,    0.000,    0.000,    0.000,   -0.097,   -0.097,    0.613,    0.613,    0.035,    0.035,   -0.542,   -0.542,    0.009,    0.009
  335,2020091218,   -0.179,   -0.179,    0.000,    0.000,    0.000,    0.000,    0.057,    0.057,   -0.147,   -0.147,    0.000,    0.000,    0.000,    0.000,   -0.096,   -0.096,    0.612,    0.612,    0.035,    0.035,   -0.543,   -0.543,    0.008,    0.008
  335,2020091212,   -0.179,   -0.179,    0.000,    0.000,    0.000,    0.000,    0.058,    0.058,   -0.147,   -0.147,    0.000,    0.000,    0.000,    0.000,   -0.098,   -0.098,    0.611,    0.611,    0.036,    0.036,   -0.543,   -0.543,    0.010,    0.010
  335,2020091206,   -0.179,   -0.179,    0.000,    0.000,    0.000,    0.000,    0.058,    0.058,   -0.147,   -0.147,    0.000,    0.000,    0.000,    0.000,   -0.096,   -0.096,    0.616,    0.616,    0.035,    0.035,   -0.540,   -0.540,    0.009,    0.009
  335,2020091200,   -0.179,   -0.179,    0.000,    0.000,    0.000,    0.000,    0.058,    0.058,   -0.147,   -0.147,    0.000,    0.000,    0.000,    0.000,   -0.095,   -0.095,    0.619,    0.619,    0.034,    0.034,   -0.539,   -0.539,    0.009,    0.009
  335,2020091118,   -0.180,   -0.180,    0.000,    0.000,    0.000,    0.000,    0.056,    0.056,   -0.148,   -0.148,    0.000,    0.000,    0.000,    0.000,   -0.093,   -0.093,    0.613,    0.613,    0.035,    0.035,   -0.542,   -0.542,    0.010,    0.010
  335,2020091112,   -0.179,   -0.179,    0.000,    0.000,    0.000,    0.000,    0.058,    0.058,   -0.148,   -0.148,    0.000,    0.000,    0.000,    0.000,   -0.090,   -0.090,    0.616,    0.616,    0.036,    0.036,   -0.539,   -0.539,    0.010,    0.010
  335,2020091106,   -0.179,   -0.179,    0.000,    0.000,    0.000,    0.000,    0.057,    0.057,   -0.148,   -0.148,    0.000,    0.000,    0.000,    0.000,   -0.093,   -0.093,    0.614,    0.614,    0.032,    0.032,   -0.540,   -0.540,    0.009,    0.009
  335,2020091100,   -0.178,   -0.178,    0.000,    0.000,    0.000,    0.000,    0.060,    0.060,   -0.148,   -0.148,    0.000,    0.000,    0.000,    0.000,   -0.092,   -0.092,    0.618,    0.618,    0.030,    0.030,   -0.538,   -0.538,    0.009,    0.009
  335,2020091018,   -0.180,   -0.180,    0.000,    0.000,    0.000,    0.000,    0.057,    0.057,   -0.150,   -0.150,    0.000,    0.000,    0.000,    0.000,   -0.092,   -0.092,    0.616,    0.616,    0.029,    0.029,   -0.539,   -0.539,    0.010,    0.010
  335,2020091012,   -0.179,   -0.179,    0.000,    0.000,    0.000,    0.000,    0.058,    0.058,   -0.149,   -0.149,    0.000,    0.000,    0.000,    0.000,   -0.089,   -0.089,    0.616,    0.616,    0.032,    0.032,   -0.539,   -0.539,    0.011,    0.011
  335,2020091006,   -0.180,   -0.180,    0.000,    0.000,    0.000,    0.000,    0.057,    0.057,   -0.149,   -0.149,    0.000,    0.000,    0.000,    0.000,   -0.087,   -0.087,    0.615,    0.615,    0.032,    0.032,   -0.539,   -0.539,    0.011,    0.011
  335,2020091000,   -0.179,   -0.179,    0.000,    0.000,    0.000,    0.000,    0.058,    0.058,   -0.147,   -0.147,    0.000,    0.000,    0.000,    0.000,   -0.090,   -0.090,    0.614,    0.614,    0.030,    0.030,   -0.539,   -0.539,    0.010,    0.010
  335,2020090918,   -0.179,   -0.179,    0.000,    0.000,    0.000,    0.000,    0.057,    0.057,   -0.148,   -0.148,    0.000,    0.000,    0.000,    0.000,   -0.091,   -0.091,    0.610,    0.610,    0.031,    0.031,   -0.541,   -0.541,    0.011,    0.011
  335,2020090912,   -0.178,   -0.178,    0.000,    0.000,    0.000,    0.000,    0.057,    0.057,   -0.148,   -0.148,    0.000,    0.000,    0.000,    0.000,   -0.092,   -0.092,    0.617,    0.617,    0.032,    0.032,   -0.537,   -0.537,    0.012,    0.012
  335,2020090906,   -0.178,   -0.178,    0.000,    0.000,    0.000,    0.000,    0.060,    0.060,   -0.149,   -0.149,    0.000,    0.000,    0.000,    0.000,   -0.092,   -0.092,    0.615,    0.615,    0.028,    0.028,   -0.537,   -0.537,    0.011,    0.011
  335,2020090900,   -0.178,   -0.178,    0.000,    0.000,    0.000,    0.000,    0.058,    0.058,   -0.149,   -0.149,    0.000,    0.000,    0.000,    0.000,   -0.092,   -0.092,    0.616,    0.616,    0.028,    0.028,   -0.537,   -0.537,    0.011,    0.011
  335,2020090818,   -0.180,   -0.180,    0.000,    0.000,    0.000,    0.000,    0.057,    0.057,   -0.151,   -0.151,    0.000,    0.000,    0.000,    0.000,   -0.089,   -0.089,    0.613,    0.613,    0.025,    0.025,   -0.539,   -0.539,    0.010,    0.010
  335,2020090812,   -0.180,   -0.180,    0.000,    0.000,    0.000,    0.000,    0.056,    0.056,   -0.150,   -0.150,    0.000,    0.000,    0.000,    0.000,   -0.090,   -0.090,    0.616,    0.616,    0.025,    0.025,   -0.537,   -0.537,    0.011,    0.011
  335,2020090806,   -0.180,   -0.180,    0.000,    0.000,    0.000,    0.000,    0.057,    0.057,   -0.150,   -0.150,    0.000,    0.000,    0.000,    0.000,   -0.095,   -0.095,    0.617,    0.617,    0.025,    0.025,   -0.537,   -0.537,    0.010,    0.010
  335,2020090800,   -0.180,   -0.180,    0.000,    0.000,    0.000,    0.000,    0.056,    0.056,   -0.149,   -0.149,    0.000,    0.000,    0.000,    0.000,   -0.097,   -0.097,    0.616,    0.616,    0.026,    0.026,   -0.537,   -0.537,    0.011,    0.011
  335,2020090718,   -0.180,   -0.180,    0.000,    0.000,    0.000,    0.000,    0.056,    0.056,   -0.150,   -0.150,    0.000,    0.000,    0.000,    0.000,   -0.097,   -0.097,    0.614,    0.614,    0.028,    0.028,   -0.538,   -0.538,    0.012,    0.012
  335,2020090712,   -0.180,   -0.180,    0.000,    0.000,    0.000,    0.000,    0.056,    0.056,   -0.152,   -0.152,    0.000,    0.000,    0.000,    0.000,   -0.094,   -0.094,    0.614,    0.614,    0.026,    0.026,   -0.538,   -0.538,    0.012,    0.012
  335,2020090706,   -0.181,   -0.181,    0.000,    0.000,    0.000,    0.000,    0.054,    0.054,   -0.153,   -0.153,    0.000,    0.000,    0.000,    0.000,   -0.093,   -0.093,    0.609,    0.609,    0.026,    0.026,   -0.541,   -0.541,    0.012,    0.012
  335,2020090700,   -0.180,   -0.180,    0.000,    0.000,    0.000,    0.000,    0.055,    0.055,   -0.152,   -0.152,    0.000,    0.000,    0.000,    0.000,   -0.092,   -0.092,    0.616,    0.616,    0.024,    0.024,   -0.537,   -0.537,    0.011,    0.011
  335,2020090618,   -0.181,   -0.181,    0.000,    0.000,    0.000,    0.000,    0.054,    0.054,   -0.153,   -0.153,    0.000,    0.000,    0.000,    0.000,   -0.091,   -0.091,    0.609,    0.609,    0.026,    0.026,   -0.541,   -0.541,    0.012,    0.012
  335,2020090612,   -0.181,   -0.181,    0.000,    0.000,    0.000,    0.000,    0.054,    0.054,   -0.154,   -0.154,    0.000,    0.000,    0.000,    0.000,   -0.091,   -0.091,    0.609,    0.609,    0.024,    0.024,   -0.540,   -0.540,    0.012,    0.012
  335,2020090606,   -0.182,   -0.182,    0.000,    0.000,    0.000,    0.000,    0.054,    0.054,   -0.152,   -0.152,    0.000,    0.000,    0.000,    0.000,   -0.094,   -0.094,    0.604,    0.604,    0.024,    0.024,   -0.543,   -0.543,    0.011,    0.011
  335,2020090600,   -0.182,   -0.182,    0.000,    0.000,    0.000,    0.000,    0.055,    0.055,   -0.150,   -0.150,    0.000,    0.000,    0.000,    0.000,   -0.092,   -0.092,    0.607,    0.607,    0.026,    0.026,   -0.541,   -0.541,    0.011,    0.011
  335,2020090518,   -0.183,   -0.183,    0.000,    0.000,    0.000,    0.000,    0.054,    0.054,   -0.151,   -0.151,    0.000,    0.000,    0.000,    0.000,   -0.093,   -0.093,    0.606,    0.606,    0.024,    0.024,   -0.542,   -0.542,    0.011,    0.011
  335,2020090512,   -0.182,   -0.182,    0.000,    0.000,    0.000,    0.000,    0.053,    0.053,   -0.151,   -0.151,    0.000,    0.000,    0.000,    0.000,   -0.093,   -0.093,    0.609,    0.609,    0.020,    0.020,   -0.540,   -0.540,    0.009,    0.009
  335,2020090506,   -0.183,   -0.183,    0.000,    0.000,    0.000,    0.000,    0.052,    0.052,   -0.151,   -0.151,    0.000,    0.000,    0.000,    0.000,   -0.094,   -0.094,    0.608,    0.608,    0.023,    0.023,   -0.541,   -0.541,    0.011,    0.011
  335,2020090500,   -0.183,   -0.183,    0.000,    0.000,    0.000,    0.000,    0.052,    0.052,   -0.151,   -0.151,    0.000,    0.000,    0.000,    0.000,   -0.092,   -0.092,    0.609,    0.609,    0.025,    0.025,   -0.540,   -0.540,    0.013,    0.013
  335,2020090418,   -0.184,   -0.184,    0.000,    0.000,    0.000,    0.000,    0.051,    0.051,   -0.152,   -0.152,    0.000,    0.000,    0.000,    0.000,   -0.092,   -0.092,    0.607,    0.607,    0.025,    0.025,   -0.541,   -0.541,    0.012,    0.012
  335,2020090412,   -0.184,   -0.184,    0.000,    0.000,    0.000,    0.000,    0.051,    0.051,   -0.151,   -0.151,    0.000,    0.000,    0.000,    0.000,   -0.090,   -0.090,    0.607,    0.607,    0.024,    0.024,   -0.541,   -0.541,    0.012,    0.012
  335,2020090406,   -0.184,   -0.184,    0.000,    0.000,    0.000,    0.000,    0.051,    0.051,   -0.151,   -0.151,    0.000,    0.000,    0.000,    0.000,   -0.088,   -0.088,    0.609,    0.609,    0.027,    0.027,   -0.540,   -0.540,    0.014,    0.014
  335,2020090400,   -0.184,   -0.184,    0.000,    0.000,    0.000,    0.000,    0.051,    0.051,   -0.151,   -0.151,    0.000,    0.000,    0.000,    0.000,   -0.090,   -0.090,    0.604,    0.604,    0.025,    0.025,   -0.542,   -0.542,    0.013,    0.013
  335,2020090318,   -0.184,   -0.184,    0.000,    0.000,    0.000,    0.000,    0.051,    0.051,   -0.152,   -0.152,    0.000,    0.000,    0.000,    0.000,   -0.087,   -0.087,    0.604,    0.604,    0.023,    0.023,   -0.542,   -0.542,    0.012,    0.012
  335,2020090312,   -0.184,   -0.184,    0.000,    0.000,    0.000,    0.000,    0.051,    0.051,   -0.153,   -0.153,    0.000,    0.000,    0.000,    0.000,   -0.087,   -0.087,    0.607,    0.607,    0.023,    0.023,   -0.540,   -0.540,    0.012,    0.012
  335,2020090306,   -0.186,   -0.186,    0.000,    0.000,    0.000,    0.000,    0.049,    0.049,   -0.154,   -0.154,    0.000,    0.000,    0.000,    0.000,   -0.087,   -0.087,    0.603,    0.603,    0.020,    0.020,   -0.543,   -0.543,    0.011,    0.011
  335,2020090300,   -0.185,   -0.185,    0.000,    0.000,    0.000,    0.000,    0.051,    0.051,   -0.155,   -0.155,    0.000,    0.000,    0.000,    0.000,   -0.087,   -0.087,    0.606,    0.606,    0.020,    0.020,   -0.541,   -0.541,    0.011,    0.011
  335,2020090218,   -0.185,   -0.185,    0.000,    0.000,    0.000,    0.000,    0.052,    0.052,   -0.155,   -0.155,    0.000,    0.000,    0.000,    0.000,   -0.084,   -0.084,    0.601,    0.601,    0.026,    0.026,   -0.543,   -0.543,    0.014,    0.014
  335,2020090212,   -0.185,   -0.185,    0.000,    0.000,    0.000,    0.000,    0.053,    0.053,   -0.155,   -0.155,    0.000,    0.000,    0.000,    0.000,   -0.082,   -0.082,    0.604,    0.604,    0.028,    0.028,   -0.541,   -0.541,    0.015,    0.015
  335,2020090206,   -0.185,   -0.185,    0.000,    0.000,    0.000,    0.000,    0.053,    0.053,   -0.154,   -0.154,    0.000,    0.000,    0.000,    0.000,   -0.085,   -0.085,    0.602,    0.602,    0.031,    0.031,   -0.543,   -0.543,    0.017,    0.017
  335,2020090200,   -0.185,   -0.185,    0.000,    0.000,    0.000,    0.000,    0.054,    0.054,   -0.153,   -0.153,    0.000,    0.000,    0.000,    0.000,   -0.085,   -0.085,    0.602,    0.602,    0.030,    0.030,   -0.542,   -0.542,    0.017,    0.017
  335,2020090118,   -0.186,   -0.186,    0.000,    0.000,    0.000,    0.000,    0.054,    0.054,   -0.157,   -0.157,    0.000,    0.000,    0.000,    0.000,   -0.086,   -0.086,    0.600,    0.600,    0.028,    0.028,   -0.544,   -0.544,    0.015,    0.015
  335,2020090112,   -0.186,   -0.186,    0.000,    0.000,    0.000,    0.000,    0.054,    0.054,   -0.156,   -0.156,    0.000,    0.000,    0.000,    0.000,   -0.085,   -0.085,    0.599,    0.599,    0.025,    0.025,   -0.543,   -0.543,    0.015,    0.015
  335,2020090106,   -0.185,   -0.185,    0.000,    0.000,    0.000,    0.000,    0.054,    0.054,   -0.157,   -0.157,    0.000,    0.000,    0.000,    0.000,   -0.086,   -0.086,    0.601,    0.601,    0.028,    0.028,   -0.543,   -0.543,    0.017,    0.017
  335,2020090100,   -0.185,   -0.185,    0.000,    0.000,    0.000,    0.000,    0.054,    0.054,   -0.157,   -0.157,    0.000,    0.000,    0.000,    0.000,   -0.084,   -0.084,    0.603,    0.603,    0.029,    0.029,   -0.541,   -0.541,    0.018,    0.018
  335,2020083118,   -0.185,   -0.185,    0.000,    0.000,    0.000,    0.000,    0.054,    0.054,   -0.157,   -0.157,    0.000,    0.000,    0.000,    0.000,   -0.085,   -0.085,    0.600,    0.600,    0.026,    0.026,   -0.542,   -0.542,    0.017,    0.017
  335,2020083112,   -0.184,   -0.184,    0.000,    0.000,    0.000,    0.000,    0.054,    0.054,   -0.156,   -0.156,    0.000,    0.000,    0.000,    0.000,   -0.085,   -0.085,    0.606,    0.606,    0.026,    0.026,   -0.539,   -0.539,    0.017,    0.017
  335,2020083106,   -0.185,   -0.185,    0.000,    0.000,    0.000,    0.000,    0.053,    0.053,   -0.156,   -0.156,    0.000,    0.000,    0.000,    0.000,   -0.086,   -0.086,    0.606,    0.606,    0.024,    0.024,   -0.540,   -0.540,    0.017,    0.017
  335,2020083100,   -0.185,   -0.185,    0.000,    0.000,    0.000,    0.000,    0.054,    0.054,   -0.156,   -0.156,    0.000,    0.000,    0.000,    0.000,   -0.084,   -0.084,    0.611,    0.611,    0.021,    0.021,   -0.538,   -0.538,    0.016,    0.016
  335,2020083018,   -0.184,   -0.184,    0.000,    0.000,    0.000,    0.000,    0.055,    0.055,   -0.155,   -0.155,    0.000,    0.000,    0.000,    0.000,   -0.086,   -0.086,    0.609,    0.609,    0.022,    0.022,   -0.538,   -0.538,    0.016,    0.016
  335,2020083012,   -0.184,   -0.184,    0.000,    0.000,    0.000,    0.000,    0.056,    0.056,   -0.155,   -0.155,    0.000,    0.000,    0.000,    0.000,   -0.086,   -0.086,    0.609,    0.609,    0.023,    0.023,   -0.538,   -0.538,    0.017,    0.017
  335,2020083006,   -0.184,   -0.184,    0.000,    0.000,    0.000,    0.000,    0.054,    0.054,   -0.157,   -0.157,    0.000,    0.000,    0.000,    0.000,   -0.086,   -0.086,    0.606,    0.606,    0.024,    0.024,   -0.539,   -0.539,    0.018,    0.018
  335,2020083000,   -0.185,   -0.185,    0.000,    0.000,    0.000,    0.000,    0.054,    0.054,   -0.158,   -0.158,    0.000,    0.000,    0.000,    0.000,   -0.089,   -0.089,    0.607,    0.607,    0.020,    0.020,   -0.538,   -0.538,    0.016,    0.016
