 1560,2020092000,   -0.386,   -0.386,    0.000,    0.000,    0.000,    0.000,   -0.161,   -0.161,    0.259,    0.259,    0.000,    0.000,    0.000,    0.000,   -0.018,   -0.018,   -0.152,   -0.152,    0.092,    0.092,   -0.016,   -0.016,   -0.049,   -0.049
 1560,2020091918,   -0.386,   -0.386,    0.000,    0.000,    0.000,    0.000,   -0.153,   -0.153,    0.257,    0.257,    0.000,    0.000,    0.000,    0.000,   -0.019,   -0.019,   -0.147,   -0.147,    0.088,    0.088,   -0.014,   -0.014,   -0.052,   -0.052
 1560,2020091912,   -0.387,   -0.387,    0.000,    0.000,    0.000,    0.000,   -0.157,   -0.157,    0.257,    0.257,    0.000,    0.000,    0.000,    0.000,   -0.019,   -0.019,   -0.152,   -0.152,    0.083,    0.083,   -0.016,   -0.016,   -0.054,   -0.054
 1560,2020091906,   -0.388,   -0.388,    0.000,    0.000,    0.000,    0.000,   -0.159,   -0.159,    0.254,    0.254,    0.000,    0.000,    0.000,    0.000,   -0.020,   -0.020,   -0.145,   -0.145,    0.085,    0.085,   -0.015,   -0.015,   -0.053,   -0.053
 1560,2020091900,   -0.387,   -0.387,    0.000,    0.000,    0.000,    0.000,   -0.162,   -0.162,    0.249,    0.249,    0.000,    0.000,    0.000,    0.000,   -0.018,   -0.018,   -0.138,   -0.138,    0.087,    0.087,   -0.013,   -0.013,   -0.052,   -0.052
 1560,2020091818,   -0.388,   -0.388,    0.000,    0.000,    0.000,    0.000,   -0.161,   -0.161,    0.247,    0.247,    0.000,    0.000,    0.000,    0.000,   -0.019,   -0.019,   -0.137,   -0.137,    0.084,    0.084,   -0.013,   -0.013,   -0.054,   -0.054
 1560,2020091812,   -0.389,   -0.389,    0.000,    0.000,    0.000,    0.000,   -0.163,   -0.163,    0.243,    0.243,    0.000,    0.000,    0.000,    0.000,   -0.020,   -0.020,   -0.143,   -0.143,    0.085,    0.085,   -0.017,   -0.017,   -0.053,   -0.053
 1560,2020091806,   -0.389,   -0.389,    0.000,    0.000,    0.000,    0.000,   -0.162,   -0.162,    0.236,    0.236,    0.000,    0.000,    0.000,    0.000,   -0.020,   -0.020,   -0.140,   -0.140,    0.091,    0.091,   -0.015,   -0.015,   -0.051,   -0.051
 1560,2020091800,   -0.390,   -0.390,    0.000,    0.000,    0.000,    0.000,   -0.161,   -0.161,    0.234,    0.234,    0.000,    0.000,    0.000,    0.000,   -0.019,   -0.019,   -0.142,   -0.142,    0.094,    0.094,   -0.016,   -0.016,   -0.049,   -0.049
 1560,2020091718,   -0.391,   -0.391,    0.000,    0.000,    0.000,    0.000,   -0.154,   -0.154,    0.234,    0.234,    0.000,    0.000,    0.000,    0.000,   -0.020,   -0.020,   -0.145,   -0.145,    0.089,    0.089,   -0.018,   -0.018,   -0.052,   -0.052
 1560,2020091712,   -0.393,   -0.393,    0.000,    0.000,    0.000,    0.000,   -0.158,   -0.158,    0.233,    0.233,    0.000,    0.000,    0.000,    0.000,   -0.021,   -0.021,   -0.152,   -0.152,    0.103,    0.103,   -0.022,   -0.022,   -0.046,   -0.046
 1560,2020091706,   -0.394,   -0.394,    0.000,    0.000,    0.000,    0.000,   -0.164,   -0.164,    0.234,    0.234,    0.000,    0.000,    0.000,    0.000,   -0.022,   -0.022,   -0.161,   -0.161,    0.100,    0.100,   -0.026,   -0.026,   -0.047,   -0.047
 1560,2020091700,   -0.394,   -0.394,    0.000,    0.000,    0.000,    0.000,   -0.166,   -0.166,    0.230,    0.230,    0.000,    0.000,    0.000,    0.000,   -0.020,   -0.020,   -0.161,   -0.161,    0.099,    0.099,   -0.026,   -0.026,   -0.047,   -0.047
 1560,2020091618,   -0.393,   -0.393,    0.000,    0.000,    0.000,    0.000,   -0.158,   -0.158,    0.226,    0.226,    0.000,    0.000,    0.000,    0.000,   -0.020,   -0.020,   -0.156,   -0.156,    0.106,    0.106,   -0.023,   -0.023,   -0.044,   -0.044
 1560,2020091612,   -0.394,   -0.394,    0.000,    0.000,    0.000,    0.000,   -0.160,   -0.160,    0.219,    0.219,    0.000,    0.000,    0.000,    0.000,   -0.020,   -0.020,   -0.152,   -0.152,    0.102,    0.102,   -0.021,   -0.021,   -0.045,   -0.045
 1560,2020091606,   -0.394,   -0.394,    0.000,    0.000,    0.000,    0.000,   -0.161,   -0.161,    0.214,    0.214,    0.000,    0.000,    0.000,    0.000,   -0.020,   -0.020,   -0.153,   -0.153,    0.103,    0.103,   -0.022,   -0.022,   -0.044,   -0.044
 1560,2020091600,   -0.396,   -0.396,    0.000,    0.000,    0.000,    0.000,   -0.165,   -0.165,    0.210,    0.210,    0.000,    0.000,    0.000,    0.000,   -0.019,   -0.019,   -0.159,   -0.159,    0.104,    0.104,   -0.025,   -0.025,   -0.043,   -0.043
 1560,2020091518,   -0.395,   -0.395,    0.000,    0.000,    0.000,    0.000,   -0.158,   -0.158,    0.207,    0.207,    0.000,    0.000,    0.000,    0.000,   -0.019,   -0.019,   -0.154,   -0.154,    0.099,    0.099,   -0.023,   -0.023,   -0.046,   -0.046
 1560,2020091512,   -0.396,   -0.396,    0.000,    0.000,    0.000,    0.000,   -0.159,   -0.159,    0.204,    0.204,    0.000,    0.000,    0.000,    0.000,   -0.019,   -0.019,   -0.151,   -0.151,    0.095,    0.095,   -0.023,   -0.023,   -0.048,   -0.048
 1560,2020091506,   -0.397,   -0.397,    0.000,    0.000,    0.000,    0.000,   -0.171,   -0.171,    0.203,    0.203,    0.000,    0.000,    0.000,    0.000,   -0.020,   -0.020,   -0.160,   -0.160,    0.104,    0.104,   -0.027,   -0.027,   -0.045,   -0.045
 1560,2020091500,   -0.396,   -0.396,    0.000,    0.000,    0.000,    0.000,   -0.167,   -0.167,    0.203,    0.203,    0.000,    0.000,    0.000,    0.000,   -0.017,   -0.017,   -0.152,   -0.152,    0.100,    0.100,   -0.023,   -0.023,   -0.046,   -0.046
 1560,2020091418,   -0.394,   -0.394,    0.000,    0.000,    0.000,    0.000,   -0.159,   -0.159,    0.206,    0.206,    0.000,    0.000,    0.000,    0.000,   -0.018,   -0.018,   -0.148,   -0.148,    0.104,    0.104,   -0.020,   -0.020,   -0.046,   -0.046
 1560,2020091412,   -0.396,   -0.396,    0.000,    0.000,    0.000,    0.000,   -0.162,   -0.162,    0.206,    0.206,    0.000,    0.000,    0.000,    0.000,   -0.019,   -0.019,   -0.153,   -0.153,    0.101,    0.101,   -0.024,   -0.024,   -0.048,   -0.048
 1560,2020091406,   -0.398,   -0.398,    0.000,    0.000,    0.000,    0.000,   -0.171,   -0.171,    0.205,    0.205,    0.000,    0.000,    0.000,    0.000,   -0.019,   -0.019,   -0.155,   -0.155,    0.099,    0.099,   -0.025,   -0.025,   -0.049,   -0.049
 1560,2020091400,   -0.399,   -0.399,    0.000,    0.000,    0.000,    0.000,   -0.170,   -0.170,    0.204,    0.204,    0.000,    0.000,    0.000,    0.000,   -0.017,   -0.017,   -0.156,   -0.156,    0.104,    0.104,   -0.027,   -0.027,   -0.048,   -0.048
 1560,2020091318,   -0.399,   -0.399,    0.000,    0.000,    0.000,    0.000,   -0.162,   -0.162,    0.208,    0.208,    0.000,    0.000,    0.000,    0.000,   -0.018,   -0.018,   -0.150,   -0.150,    0.095,    0.095,   -0.025,   -0.025,   -0.052,   -0.052
 1560,2020091312,   -0.400,   -0.400,    0.000,    0.000,    0.000,    0.000,   -0.161,   -0.161,    0.209,    0.209,    0.000,    0.000,    0.000,    0.000,   -0.018,   -0.018,   -0.158,   -0.158,    0.094,    0.094,   -0.030,   -0.030,   -0.053,   -0.053
 1560,2020091306,   -0.400,   -0.400,    0.000,    0.000,    0.000,    0.000,   -0.167,   -0.167,    0.205,    0.205,    0.000,    0.000,    0.000,    0.000,   -0.018,   -0.018,   -0.147,   -0.147,    0.094,    0.094,   -0.026,   -0.026,   -0.054,   -0.054
 1560,2020091300,   -0.400,   -0.400,    0.000,    0.000,    0.000,    0.000,   -0.164,   -0.164,    0.202,    0.202,    0.000,    0.000,    0.000,    0.000,   -0.016,   -0.016,   -0.146,   -0.146,    0.087,    0.087,   -0.026,   -0.026,   -0.057,   -0.057
 1560,2020091218,   -0.401,   -0.401,    0.000,    0.000,    0.000,    0.000,   -0.163,   -0.163,    0.203,    0.203,    0.000,    0.000,    0.000,    0.000,   -0.016,   -0.016,   -0.151,   -0.151,    0.090,    0.090,   -0.029,   -0.029,   -0.056,   -0.056
 1560,2020091212,   -0.402,   -0.402,    0.000,    0.000,    0.000,    0.000,   -0.164,   -0.164,    0.202,    0.202,    0.000,    0.000,    0.000,    0.000,   -0.016,   -0.016,   -0.156,   -0.156,    0.089,    0.089,   -0.031,   -0.031,   -0.057,   -0.057
 1560,2020091206,   -0.403,   -0.403,    0.000,    0.000,    0.000,    0.000,   -0.169,   -0.169,    0.200,    0.200,    0.000,    0.000,    0.000,    0.000,   -0.017,   -0.017,   -0.157,   -0.157,    0.089,    0.089,   -0.033,   -0.033,   -0.058,   -0.058
 1560,2020091200,   -0.400,   -0.400,    0.000,    0.000,    0.000,    0.000,   -0.160,   -0.160,    0.196,    0.196,    0.000,    0.000,    0.000,    0.000,   -0.016,   -0.016,   -0.142,   -0.142,    0.085,    0.085,   -0.026,   -0.026,   -0.059,   -0.059
 1560,2020091118,   -0.402,   -0.402,    0.000,    0.000,    0.000,    0.000,   -0.159,   -0.159,    0.200,    0.200,    0.000,    0.000,    0.000,    0.000,   -0.016,   -0.016,   -0.156,   -0.156,    0.089,    0.089,   -0.031,   -0.031,   -0.057,   -0.057
 1560,2020091112,   -0.402,   -0.402,    0.000,    0.000,    0.000,    0.000,   -0.158,   -0.158,    0.201,    0.201,    0.000,    0.000,    0.000,    0.000,   -0.016,   -0.016,   -0.161,   -0.161,    0.091,    0.091,   -0.033,   -0.033,   -0.058,   -0.058
 1560,2020091106,   -0.404,   -0.404,    0.000,    0.000,    0.000,    0.000,   -0.159,   -0.159,    0.202,    0.202,    0.000,    0.000,    0.000,    0.000,   -0.017,   -0.017,   -0.161,   -0.161,    0.091,    0.091,   -0.034,   -0.034,   -0.057,   -0.057
 1560,2020091100,   -0.402,   -0.402,    0.000,    0.000,    0.000,    0.000,   -0.147,   -0.147,    0.201,    0.201,    0.000,    0.000,    0.000,    0.000,   -0.015,   -0.015,   -0.159,   -0.159,    0.097,    0.097,   -0.032,   -0.032,   -0.055,   -0.055
 1560,2020091018,   -0.404,   -0.404,    0.000,    0.000,    0.000,    0.000,   -0.145,   -0.145,    0.200,    0.200,    0.000,    0.000,    0.000,    0.000,   -0.017,   -0.017,   -0.156,   -0.156,    0.093,    0.093,   -0.032,   -0.032,   -0.057,   -0.057
 1560,2020091012,   -0.404,   -0.404,    0.000,    0.000,    0.000,    0.000,   -0.146,   -0.146,    0.202,    0.202,    0.000,    0.000,    0.000,    0.000,   -0.017,   -0.017,   -0.153,   -0.153,    0.090,    0.090,   -0.032,   -0.032,   -0.057,   -0.057
 1560,2020091006,   -0.405,   -0.405,    0.000,    0.000,    0.000,    0.000,   -0.148,   -0.148,    0.196,    0.196,    0.000,    0.000,    0.000,    0.000,   -0.018,   -0.018,   -0.152,   -0.152,    0.095,    0.095,   -0.033,   -0.033,   -0.056,   -0.056
 1560,2020091000,   -0.404,   -0.404,    0.000,    0.000,    0.000,    0.000,   -0.146,   -0.146,    0.195,    0.195,    0.000,    0.000,    0.000,    0.000,   -0.017,   -0.017,   -0.150,   -0.150,    0.097,    0.097,   -0.031,   -0.031,   -0.054,   -0.054
 1560,2020090918,   -0.405,   -0.405,    0.000,    0.000,    0.000,    0.000,   -0.134,   -0.134,    0.197,    0.197,    0.000,    0.000,    0.000,    0.000,   -0.018,   -0.018,   -0.148,   -0.148,    0.094,    0.094,   -0.030,   -0.030,   -0.055,   -0.055
 1560,2020090912,   -0.408,   -0.408,    0.000,    0.000,    0.000,    0.000,   -0.139,   -0.139,    0.194,    0.194,    0.000,    0.000,    0.000,    0.000,   -0.019,   -0.019,   -0.165,   -0.165,    0.091,    0.091,   -0.039,   -0.039,   -0.058,   -0.058
 1560,2020090906,   -0.408,   -0.408,    0.000,    0.000,    0.000,    0.000,   -0.138,   -0.138,    0.191,    0.191,    0.000,    0.000,    0.000,    0.000,   -0.019,   -0.019,   -0.157,   -0.157,    0.100,    0.100,   -0.036,   -0.036,   -0.054,   -0.054
 1560,2020090900,   -0.408,   -0.408,    0.000,    0.000,    0.000,    0.000,   -0.135,   -0.135,    0.187,    0.187,    0.000,    0.000,    0.000,    0.000,   -0.018,   -0.018,   -0.159,   -0.159,    0.101,    0.101,   -0.037,   -0.037,   -0.053,   -0.053
 1560,2020090818,   -0.409,   -0.409,    0.000,    0.000,    0.000,    0.000,   -0.126,   -0.126,    0.185,    0.185,    0.000,    0.000,    0.000,    0.000,   -0.018,   -0.018,   -0.161,   -0.161,    0.101,    0.101,   -0.038,   -0.038,   -0.054,   -0.054
 1560,2020090812,   -0.409,   -0.409,    0.000,    0.000,    0.000,    0.000,   -0.126,   -0.126,    0.176,    0.176,    0.000,    0.000,    0.000,    0.000,   -0.018,   -0.018,   -0.158,   -0.158,    0.100,    0.100,   -0.038,   -0.038,   -0.054,   -0.054
 1560,2020090806,   -0.411,   -0.411,    0.000,    0.000,    0.000,    0.000,   -0.129,   -0.129,    0.172,    0.172,    0.000,    0.000,    0.000,    0.000,   -0.019,   -0.019,   -0.160,   -0.160,    0.087,    0.087,   -0.040,   -0.040,   -0.059,   -0.059
 1560,2020090800,   -0.410,   -0.410,    0.000,    0.000,    0.000,    0.000,   -0.131,   -0.131,    0.169,    0.169,    0.000,    0.000,    0.000,    0.000,   -0.018,   -0.018,   -0.166,   -0.166,    0.090,    0.090,   -0.041,   -0.041,   -0.060,   -0.060
 1560,2020090718,   -0.412,   -0.412,    0.000,    0.000,    0.000,    0.000,   -0.129,   -0.129,    0.170,    0.170,    0.000,    0.000,    0.000,    0.000,   -0.018,   -0.018,   -0.170,   -0.170,    0.104,    0.104,   -0.044,   -0.044,   -0.056,   -0.056
 1560,2020090712,   -0.411,   -0.411,    0.000,    0.000,    0.000,    0.000,   -0.128,   -0.128,    0.166,    0.166,    0.000,    0.000,    0.000,    0.000,   -0.018,   -0.018,   -0.163,   -0.163,    0.091,    0.091,   -0.041,   -0.041,   -0.060,   -0.060
 1560,2020090706,   -0.410,   -0.410,    0.000,    0.000,    0.000,    0.000,   -0.131,   -0.131,    0.168,    0.168,    0.000,    0.000,    0.000,    0.000,   -0.017,   -0.017,   -0.153,   -0.153,    0.079,    0.079,   -0.037,   -0.037,   -0.065,   -0.065
 1560,2020090700,   -0.412,   -0.412,    0.000,    0.000,    0.000,    0.000,   -0.134,   -0.134,    0.165,    0.165,    0.000,    0.000,    0.000,    0.000,   -0.018,   -0.018,   -0.160,   -0.160,    0.080,    0.080,   -0.040,   -0.040,   -0.064,   -0.064
 1560,2020090618,   -0.414,   -0.414,    0.000,    0.000,    0.000,    0.000,   -0.140,   -0.140,    0.165,    0.165,    0.000,    0.000,    0.000,    0.000,   -0.019,   -0.019,   -0.167,   -0.167,    0.102,    0.102,   -0.044,   -0.044,   -0.056,   -0.056
 1560,2020090612,   -0.416,   -0.416,    0.000,    0.000,    0.000,    0.000,   -0.144,   -0.144,    0.161,    0.161,    0.000,    0.000,    0.000,    0.000,   -0.019,   -0.019,   -0.175,   -0.175,    0.103,    0.103,   -0.048,   -0.048,   -0.055,   -0.055
 1560,2020090606,   -0.415,   -0.415,    0.000,    0.000,    0.000,    0.000,   -0.144,   -0.144,    0.159,    0.159,    0.000,    0.000,    0.000,    0.000,   -0.020,   -0.020,   -0.171,   -0.171,    0.104,    0.104,   -0.046,   -0.046,   -0.054,   -0.054
 1560,2020090600,   -0.414,   -0.414,    0.000,    0.000,    0.000,    0.000,   -0.140,   -0.140,    0.157,    0.157,    0.000,    0.000,    0.000,    0.000,   -0.018,   -0.018,   -0.164,   -0.164,    0.106,    0.106,   -0.042,   -0.042,   -0.052,   -0.052
 1560,2020090518,   -0.415,   -0.415,    0.000,    0.000,    0.000,    0.000,   -0.146,   -0.146,    0.161,    0.161,    0.000,    0.000,    0.000,    0.000,   -0.018,   -0.018,   -0.169,   -0.169,    0.109,    0.109,   -0.044,   -0.044,   -0.051,   -0.051
 1560,2020090512,   -0.415,   -0.415,    0.000,    0.000,    0.000,    0.000,   -0.151,   -0.151,    0.167,    0.167,    0.000,    0.000,    0.000,    0.000,   -0.017,   -0.017,   -0.173,   -0.173,    0.100,    0.100,   -0.046,   -0.046,   -0.054,   -0.054
 1560,2020090506,   -0.415,   -0.415,    0.000,    0.000,    0.000,    0.000,   -0.151,   -0.151,    0.166,    0.166,    0.000,    0.000,    0.000,    0.000,   -0.016,   -0.016,   -0.168,   -0.168,    0.106,    0.106,   -0.043,   -0.043,   -0.052,   -0.052
 1560,2020090500,   -0.413,   -0.413,    0.000,    0.000,    0.000,    0.000,   -0.154,   -0.154,    0.168,    0.168,    0.000,    0.000,    0.000,    0.000,   -0.014,   -0.014,   -0.162,   -0.162,    0.110,    0.110,   -0.040,   -0.040,   -0.051,   -0.051
 1560,2020090418,   -0.416,   -0.416,    0.000,    0.000,    0.000,    0.000,   -0.161,   -0.161,    0.167,    0.167,    0.000,    0.000,    0.000,    0.000,   -0.015,   -0.015,   -0.176,   -0.176,    0.108,    0.108,   -0.047,   -0.047,   -0.053,   -0.053
 1560,2020090412,   -0.416,   -0.416,    0.000,    0.000,    0.000,    0.000,   -0.166,   -0.166,    0.171,    0.171,    0.000,    0.000,    0.000,    0.000,   -0.015,   -0.015,   -0.166,   -0.166,    0.098,    0.098,   -0.043,   -0.043,   -0.057,   -0.057
 1560,2020090406,   -0.417,   -0.417,    0.000,    0.000,    0.000,    0.000,   -0.168,   -0.168,    0.174,    0.174,    0.000,    0.000,    0.000,    0.000,   -0.015,   -0.015,   -0.168,   -0.168,    0.099,    0.099,   -0.045,   -0.045,   -0.057,   -0.057
 1560,2020090400,   -0.417,   -0.417,    0.000,    0.000,    0.000,    0.000,   -0.170,   -0.170,    0.175,    0.175,    0.000,    0.000,    0.000,    0.000,   -0.015,   -0.015,   -0.168,   -0.168,    0.099,    0.099,   -0.045,   -0.045,   -0.057,   -0.057
 1560,2020090318,   -0.417,   -0.417,    0.000,    0.000,    0.000,    0.000,   -0.173,   -0.173,    0.180,    0.180,    0.000,    0.000,    0.000,    0.000,   -0.016,   -0.016,   -0.164,   -0.164,    0.104,    0.104,   -0.044,   -0.044,   -0.054,   -0.054
 1560,2020090312,   -0.417,   -0.417,    0.000,    0.000,    0.000,    0.000,   -0.174,   -0.174,    0.186,    0.186,    0.000,    0.000,    0.000,    0.000,   -0.016,   -0.016,   -0.159,   -0.159,    0.100,    0.100,   -0.043,   -0.043,   -0.057,   -0.057
 1560,2020090306,   -0.416,   -0.416,    0.000,    0.000,    0.000,    0.000,   -0.169,   -0.169,    0.187,    0.187,    0.000,    0.000,    0.000,    0.000,   -0.016,   -0.016,   -0.144,   -0.144,    0.102,    0.102,   -0.036,   -0.036,   -0.057,   -0.057
 1560,2020090300,   -0.416,   -0.416,    0.000,    0.000,    0.000,    0.000,   -0.176,   -0.176,    0.195,    0.195,    0.000,    0.000,    0.000,    0.000,   -0.015,   -0.015,   -0.138,   -0.138,    0.100,    0.100,   -0.034,   -0.034,   -0.058,   -0.058
 1560,2020090218,   -0.416,   -0.416,    0.000,    0.000,    0.000,    0.000,   -0.182,   -0.182,    0.196,    0.196,    0.000,    0.000,    0.000,    0.000,   -0.015,   -0.015,   -0.146,   -0.146,    0.100,    0.100,   -0.037,   -0.037,   -0.058,   -0.058
 1560,2020090212,   -0.417,   -0.417,    0.000,    0.000,    0.000,    0.000,   -0.181,   -0.181,    0.200,    0.200,    0.000,    0.000,    0.000,    0.000,   -0.014,   -0.014,   -0.152,   -0.152,    0.096,    0.096,   -0.040,   -0.040,   -0.060,   -0.060
 1560,2020090206,   -0.417,   -0.417,    0.000,    0.000,    0.000,    0.000,   -0.179,   -0.179,    0.200,    0.200,    0.000,    0.000,    0.000,    0.000,   -0.014,   -0.014,   -0.144,   -0.144,    0.097,    0.097,   -0.037,   -0.037,   -0.059,   -0.059
 1560,2020090200,   -0.418,   -0.418,    0.000,    0.000,    0.000,    0.000,   -0.179,   -0.179,    0.203,    0.203,    0.000,    0.000,    0.000,    0.000,   -0.014,   -0.014,   -0.137,   -0.137,    0.098,    0.098,   -0.035,   -0.035,   -0.059,   -0.059
 1560,2020090118,   -0.418,   -0.418,    0.000,    0.000,    0.000,    0.000,   -0.178,   -0.178,    0.205,    0.205,    0.000,    0.000,    0.000,    0.000,   -0.014,   -0.014,   -0.138,   -0.138,    0.096,    0.096,   -0.035,   -0.035,   -0.059,   -0.059
 1560,2020090112,   -0.419,   -0.419,    0.000,    0.000,    0.000,    0.000,   -0.178,   -0.178,    0.206,    0.206,    0.000,    0.000,    0.000,    0.000,   -0.014,   -0.014,   -0.141,   -0.141,    0.095,    0.095,   -0.037,   -0.037,   -0.059,   -0.059
 1560,2020090106,   -0.418,   -0.418,    0.000,    0.000,    0.000,    0.000,   -0.178,   -0.178,    0.207,    0.207,    0.000,    0.000,    0.000,    0.000,   -0.014,   -0.014,   -0.141,   -0.141,    0.090,    0.090,   -0.036,   -0.036,   -0.062,   -0.062
 1560,2020090100,   -0.420,   -0.420,    0.000,    0.000,    0.000,    0.000,   -0.177,   -0.177,    0.209,    0.209,    0.000,    0.000,    0.000,    0.000,   -0.013,   -0.013,   -0.151,   -0.151,    0.101,    0.101,   -0.040,   -0.040,   -0.058,   -0.058
 1560,2020083118,   -0.420,   -0.420,    0.000,    0.000,    0.000,    0.000,   -0.174,   -0.174,    0.206,    0.206,    0.000,    0.000,    0.000,    0.000,   -0.013,   -0.013,   -0.151,   -0.151,    0.098,    0.098,   -0.040,   -0.040,   -0.059,   -0.059
 1560,2020083112,   -0.420,   -0.420,    0.000,    0.000,    0.000,    0.000,   -0.173,   -0.173,    0.206,    0.206,    0.000,    0.000,    0.000,    0.000,   -0.013,   -0.013,   -0.150,   -0.150,    0.093,    0.093,   -0.040,   -0.040,   -0.061,   -0.061
 1560,2020083106,   -0.419,   -0.419,    0.000,    0.000,    0.000,    0.000,   -0.170,   -0.170,    0.201,    0.201,    0.000,    0.000,    0.000,    0.000,   -0.013,   -0.013,   -0.139,   -0.139,    0.094,    0.094,   -0.036,   -0.036,   -0.061,   -0.061
 1560,2020083100,   -0.420,   -0.420,    0.000,    0.000,    0.000,    0.000,   -0.168,   -0.168,    0.201,    0.201,    0.000,    0.000,    0.000,    0.000,   -0.012,   -0.012,   -0.147,   -0.147,    0.097,    0.097,   -0.040,   -0.040,   -0.060,   -0.060
 1560,2020083018,   -0.418,   -0.418,    0.000,    0.000,    0.000,    0.000,   -0.159,   -0.159,    0.193,    0.193,    0.000,    0.000,    0.000,    0.000,   -0.012,   -0.012,   -0.129,   -0.129,    0.098,    0.098,   -0.032,   -0.032,   -0.059,   -0.059
 1560,2020083012,   -0.420,   -0.420,    0.000,    0.000,    0.000,    0.000,   -0.160,   -0.160,    0.188,    0.188,    0.000,    0.000,    0.000,    0.000,   -0.011,   -0.011,   -0.133,   -0.133,    0.102,    0.102,   -0.035,   -0.035,   -0.058,   -0.058
 1560,2020083006,   -0.420,   -0.420,    0.000,    0.000,    0.000,    0.000,   -0.160,   -0.160,    0.183,    0.183,    0.000,    0.000,    0.000,    0.000,   -0.012,   -0.012,   -0.134,   -0.134,    0.105,    0.105,   -0.035,   -0.035,   -0.058,   -0.058
 1560,2020083000,   -0.421,   -0.421,    0.000,    0.000,    0.000,    0.000,   -0.157,   -0.157,    0.187,    0.187,    0.000,    0.000,    0.000,    0.000,   -0.011,   -0.011,   -0.139,   -0.139,    0.107,    0.107,   -0.037,   -0.037,   -0.057,   -0.057
