  546,2020092000,    0.033,    0.033,    0.000,    0.000,    0.000,    0.000,   -0.177,   -0.177,    0.204,    0.204,    0.000,    0.000,    0.000,    0.000,    0.006,    0.006,   -0.179,   -0.179,    0.084,    0.084,    0.082,    0.082,   -0.034,   -0.034
  546,2020091918,    0.033,    0.033,    0.000,    0.000,    0.000,    0.000,   -0.178,   -0.178,    0.203,    0.203,    0.000,    0.000,    0.000,    0.000,    0.006,    0.006,   -0.179,   -0.179,    0.084,    0.084,    0.081,    0.081,   -0.034,   -0.034
  546,2020091912,    0.033,    0.033,    0.000,    0.000,    0.000,    0.000,   -0.177,   -0.177,    0.203,    0.203,    0.000,    0.000,    0.000,    0.000,    0.006,    0.006,   -0.178,   -0.178,    0.084,    0.084,    0.082,    0.082,   -0.033,   -0.033
  546,2020091906,    0.033,    0.033,    0.000,    0.000,    0.000,    0.000,   -0.177,   -0.177,    0.202,    0.202,    0.000,    0.000,    0.000,    0.000,    0.005,    0.005,   -0.178,   -0.178,    0.085,    0.085,    0.082,    0.082,   -0.033,   -0.033
  546,2020091900,    0.034,    0.034,    0.000,    0.000,    0.000,    0.000,   -0.177,   -0.177,    0.202,    0.202,    0.000,    0.000,    0.000,    0.000,    0.005,    0.005,   -0.176,   -0.176,    0.084,    0.084,    0.083,    0.083,   -0.034,   -0.034
  546,2020091818,    0.033,    0.033,    0.000,    0.000,    0.000,    0.000,   -0.178,   -0.178,    0.201,    0.201,    0.000,    0.000,    0.000,    0.000,    0.005,    0.005,   -0.176,   -0.176,    0.086,    0.086,    0.083,    0.083,   -0.034,   -0.034
  546,2020091812,    0.034,    0.034,    0.000,    0.000,    0.000,    0.000,   -0.177,   -0.177,    0.201,    0.201,    0.000,    0.000,    0.000,    0.000,    0.005,    0.005,   -0.172,   -0.172,    0.087,    0.087,    0.084,    0.084,   -0.034,   -0.034
  546,2020091806,    0.033,    0.033,    0.000,    0.000,    0.000,    0.000,   -0.179,   -0.179,    0.200,    0.200,    0.000,    0.000,    0.000,    0.000,    0.005,    0.005,   -0.175,   -0.175,    0.087,    0.087,    0.083,    0.083,   -0.034,   -0.034
  546,2020091800,    0.034,    0.034,    0.000,    0.000,    0.000,    0.000,   -0.178,   -0.178,    0.201,    0.201,    0.000,    0.000,    0.000,    0.000,    0.005,    0.005,   -0.169,   -0.169,    0.085,    0.085,    0.086,    0.086,   -0.035,   -0.035
  546,2020091718,    0.033,    0.033,    0.000,    0.000,    0.000,    0.000,   -0.182,   -0.182,    0.198,    0.198,    0.000,    0.000,    0.000,    0.000,    0.005,    0.005,   -0.174,   -0.174,    0.082,    0.082,    0.083,    0.083,   -0.036,   -0.036
  546,2020091712,    0.033,    0.033,    0.000,    0.000,    0.000,    0.000,   -0.181,   -0.181,    0.198,    0.198,    0.000,    0.000,    0.000,    0.000,    0.005,    0.005,   -0.175,   -0.175,    0.081,    0.081,    0.082,    0.082,   -0.036,   -0.036
  546,2020091706,    0.033,    0.033,    0.000,    0.000,    0.000,    0.000,   -0.180,   -0.180,    0.197,    0.197,    0.000,    0.000,    0.000,    0.000,    0.005,    0.005,   -0.175,   -0.175,    0.080,    0.080,    0.082,    0.082,   -0.037,   -0.037
  546,2020091700,    0.034,    0.034,    0.000,    0.000,    0.000,    0.000,   -0.181,   -0.181,    0.196,    0.196,    0.000,    0.000,    0.000,    0.000,    0.005,    0.005,   -0.174,   -0.174,    0.083,    0.083,    0.083,    0.083,   -0.036,   -0.036
  546,2020091618,    0.034,    0.034,    0.000,    0.000,    0.000,    0.000,   -0.179,   -0.179,    0.195,    0.195,    0.000,    0.000,    0.000,    0.000,    0.005,    0.005,   -0.173,   -0.173,    0.080,    0.080,    0.084,    0.084,   -0.037,   -0.037
  546,2020091612,    0.034,    0.034,    0.000,    0.000,    0.000,    0.000,   -0.179,   -0.179,    0.195,    0.195,    0.000,    0.000,    0.000,    0.000,    0.006,    0.006,   -0.172,   -0.172,    0.083,    0.083,    0.084,    0.084,   -0.035,   -0.035
  546,2020091606,    0.034,    0.034,    0.000,    0.000,    0.000,    0.000,   -0.179,   -0.179,    0.193,    0.193,    0.000,    0.000,    0.000,    0.000,    0.006,    0.006,   -0.173,   -0.173,    0.084,    0.084,    0.084,    0.084,   -0.035,   -0.035
  546,2020091600,    0.035,    0.035,    0.000,    0.000,    0.000,    0.000,   -0.179,   -0.179,    0.194,    0.194,    0.000,    0.000,    0.000,    0.000,    0.006,    0.006,   -0.170,   -0.170,    0.083,    0.083,    0.085,    0.085,   -0.036,   -0.036
  546,2020091518,    0.035,    0.035,    0.000,    0.000,    0.000,    0.000,   -0.180,   -0.180,    0.193,    0.193,    0.000,    0.000,    0.000,    0.000,    0.005,    0.005,   -0.171,   -0.171,    0.083,    0.083,    0.084,    0.084,   -0.035,   -0.035
  546,2020091512,    0.036,    0.036,    0.000,    0.000,    0.000,    0.000,   -0.176,   -0.176,    0.194,    0.194,    0.000,    0.000,    0.000,    0.000,    0.006,    0.006,   -0.166,   -0.166,    0.081,    0.081,    0.087,    0.087,   -0.036,   -0.036
  546,2020091506,    0.035,    0.035,    0.000,    0.000,    0.000,    0.000,   -0.178,   -0.178,    0.192,    0.192,    0.000,    0.000,    0.000,    0.000,    0.006,    0.006,   -0.169,   -0.169,    0.080,    0.080,    0.085,    0.085,   -0.037,   -0.037
  546,2020091500,    0.037,    0.037,    0.000,    0.000,    0.000,    0.000,   -0.178,   -0.178,    0.192,    0.192,    0.000,    0.000,    0.000,    0.000,    0.006,    0.006,   -0.162,   -0.162,    0.078,    0.078,    0.089,    0.089,   -0.038,   -0.038
  546,2020091418,    0.036,    0.036,    0.000,    0.000,    0.000,    0.000,   -0.181,   -0.181,    0.189,    0.189,    0.000,    0.000,    0.000,    0.000,    0.006,    0.006,   -0.164,   -0.164,    0.082,    0.082,    0.088,    0.088,   -0.036,   -0.036
  546,2020091412,    0.036,    0.036,    0.000,    0.000,    0.000,    0.000,   -0.181,   -0.181,    0.189,    0.189,    0.000,    0.000,    0.000,    0.000,    0.006,    0.006,   -0.165,   -0.165,    0.085,    0.085,    0.087,    0.087,   -0.035,   -0.035
  546,2020091406,    0.036,    0.036,    0.000,    0.000,    0.000,    0.000,   -0.180,   -0.180,    0.188,    0.188,    0.000,    0.000,    0.000,    0.000,    0.006,    0.006,   -0.165,   -0.165,    0.086,    0.086,    0.087,    0.087,   -0.035,   -0.035
  546,2020091400,    0.037,    0.037,    0.000,    0.000,    0.000,    0.000,   -0.180,   -0.180,    0.188,    0.188,    0.000,    0.000,    0.000,    0.000,    0.006,    0.006,   -0.162,   -0.162,    0.086,    0.086,    0.089,    0.089,   -0.035,   -0.035
  546,2020091318,    0.037,    0.037,    0.000,    0.000,    0.000,    0.000,   -0.179,   -0.179,    0.188,    0.188,    0.000,    0.000,    0.000,    0.000,    0.006,    0.006,   -0.165,   -0.165,    0.087,    0.087,    0.087,    0.087,   -0.035,   -0.035
  546,2020091312,    0.037,    0.037,    0.000,    0.000,    0.000,    0.000,   -0.179,   -0.179,    0.188,    0.188,    0.000,    0.000,    0.000,    0.000,    0.006,    0.006,   -0.168,   -0.168,    0.086,    0.086,    0.087,    0.087,   -0.035,   -0.035
  546,2020091306,    0.037,    0.037,    0.000,    0.000,    0.000,    0.000,   -0.181,   -0.181,    0.186,    0.186,    0.000,    0.000,    0.000,    0.000,    0.006,    0.006,   -0.173,   -0.173,    0.083,    0.083,    0.084,    0.084,   -0.036,   -0.036
  546,2020091300,    0.038,    0.038,    0.000,    0.000,    0.000,    0.000,   -0.179,   -0.179,    0.188,    0.188,    0.000,    0.000,    0.000,    0.000,    0.006,    0.006,   -0.168,   -0.168,    0.084,    0.084,    0.087,    0.087,   -0.036,   -0.036
  546,2020091218,    0.039,    0.039,    0.000,    0.000,    0.000,    0.000,   -0.175,   -0.175,    0.190,    0.190,    0.000,    0.000,    0.000,    0.000,    0.006,    0.006,   -0.162,   -0.162,    0.086,    0.086,    0.089,    0.089,   -0.036,   -0.036
  546,2020091212,    0.040,    0.040,    0.000,    0.000,    0.000,    0.000,   -0.176,   -0.176,    0.189,    0.189,    0.000,    0.000,    0.000,    0.000,    0.006,    0.006,   -0.163,   -0.163,    0.084,    0.084,    0.089,    0.089,   -0.036,   -0.036
  546,2020091206,    0.040,    0.040,    0.000,    0.000,    0.000,    0.000,   -0.178,   -0.178,    0.187,    0.187,    0.000,    0.000,    0.000,    0.000,    0.006,    0.006,   -0.162,   -0.162,    0.085,    0.085,    0.090,    0.090,   -0.035,   -0.035
  546,2020091200,    0.041,    0.041,    0.000,    0.000,    0.000,    0.000,   -0.176,   -0.176,    0.189,    0.189,    0.000,    0.000,    0.000,    0.000,    0.005,    0.005,   -0.158,   -0.158,    0.089,    0.089,    0.092,    0.092,   -0.034,   -0.034
  546,2020091118,    0.041,    0.041,    0.000,    0.000,    0.000,    0.000,   -0.174,   -0.174,    0.189,    0.189,    0.000,    0.000,    0.000,    0.000,    0.005,    0.005,   -0.160,   -0.160,    0.088,    0.088,    0.092,    0.092,   -0.034,   -0.034
  546,2020091112,    0.042,    0.042,    0.000,    0.000,    0.000,    0.000,   -0.172,   -0.172,    0.189,    0.189,    0.000,    0.000,    0.000,    0.000,    0.006,    0.006,   -0.158,   -0.158,    0.090,    0.090,    0.093,    0.093,   -0.033,   -0.033
  546,2020091106,    0.041,    0.041,    0.000,    0.000,    0.000,    0.000,   -0.178,   -0.178,    0.184,    0.184,    0.000,    0.000,    0.000,    0.000,    0.006,    0.006,   -0.161,   -0.161,    0.090,    0.090,    0.090,    0.090,   -0.033,   -0.033
  546,2020091100,    0.042,    0.042,    0.000,    0.000,    0.000,    0.000,   -0.177,   -0.177,    0.185,    0.185,    0.000,    0.000,    0.000,    0.000,    0.006,    0.006,   -0.152,   -0.152,    0.089,    0.089,    0.095,    0.095,   -0.034,   -0.034
  546,2020091018,    0.042,    0.042,    0.000,    0.000,    0.000,    0.000,   -0.180,   -0.180,    0.184,    0.184,    0.000,    0.000,    0.000,    0.000,    0.006,    0.006,   -0.151,   -0.151,    0.092,    0.092,    0.095,    0.095,   -0.033,   -0.033
  546,2020091012,    0.043,    0.043,    0.000,    0.000,    0.000,    0.000,   -0.180,   -0.180,    0.183,    0.183,    0.000,    0.000,    0.000,    0.000,    0.006,    0.006,   -0.150,   -0.150,    0.093,    0.093,    0.095,    0.095,   -0.033,   -0.033
  546,2020091006,    0.042,    0.042,    0.000,    0.000,    0.000,    0.000,   -0.181,   -0.181,    0.181,    0.181,    0.000,    0.000,    0.000,    0.000,    0.006,    0.006,   -0.151,   -0.151,    0.091,    0.091,    0.095,    0.095,   -0.034,   -0.034
  546,2020091000,    0.044,    0.044,    0.000,    0.000,    0.000,    0.000,   -0.178,   -0.178,    0.182,    0.182,    0.000,    0.000,    0.000,    0.000,    0.006,    0.006,   -0.142,   -0.142,    0.091,    0.091,    0.099,    0.099,   -0.034,   -0.034
  546,2020090918,    0.044,    0.044,    0.000,    0.000,    0.000,    0.000,   -0.180,   -0.180,    0.179,    0.179,    0.000,    0.000,    0.000,    0.000,    0.006,    0.006,   -0.141,   -0.141,    0.095,    0.095,    0.100,    0.100,   -0.032,   -0.032
  546,2020090912,    0.045,    0.045,    0.000,    0.000,    0.000,    0.000,   -0.178,   -0.178,    0.180,    0.180,    0.000,    0.000,    0.000,    0.000,    0.007,    0.007,   -0.137,   -0.137,    0.091,    0.091,    0.102,    0.102,   -0.034,   -0.034
  546,2020090906,    0.044,    0.044,    0.000,    0.000,    0.000,    0.000,   -0.179,   -0.179,    0.178,    0.178,    0.000,    0.000,    0.000,    0.000,    0.007,    0.007,   -0.139,   -0.139,    0.092,    0.092,    0.101,    0.101,   -0.033,   -0.033
  546,2020090900,    0.045,    0.045,    0.000,    0.000,    0.000,    0.000,   -0.179,   -0.179,    0.179,    0.179,    0.000,    0.000,    0.000,    0.000,    0.007,    0.007,   -0.137,   -0.137,    0.092,    0.092,    0.102,    0.102,   -0.033,   -0.033
  546,2020090818,    0.045,    0.045,    0.000,    0.000,    0.000,    0.000,   -0.181,   -0.181,    0.176,    0.176,    0.000,    0.000,    0.000,    0.000,    0.007,    0.007,   -0.134,   -0.134,    0.090,    0.090,    0.103,    0.103,   -0.034,   -0.034
  546,2020090812,    0.045,    0.045,    0.000,    0.000,    0.000,    0.000,   -0.181,   -0.181,    0.177,    0.177,    0.000,    0.000,    0.000,    0.000,    0.007,    0.007,   -0.134,   -0.134,    0.091,    0.091,    0.103,    0.103,   -0.034,   -0.034
  546,2020090806,    0.044,    0.044,    0.000,    0.000,    0.000,    0.000,   -0.184,   -0.184,    0.174,    0.174,    0.000,    0.000,    0.000,    0.000,    0.007,    0.007,   -0.140,   -0.140,    0.088,    0.088,    0.100,    0.100,   -0.035,   -0.035
  546,2020090800,    0.044,    0.044,    0.000,    0.000,    0.000,    0.000,   -0.187,   -0.187,    0.172,    0.172,    0.000,    0.000,    0.000,    0.000,    0.007,    0.007,   -0.140,   -0.140,    0.088,    0.088,    0.099,    0.099,   -0.035,   -0.035
  546,2020090718,    0.045,    0.045,    0.000,    0.000,    0.000,    0.000,   -0.187,   -0.187,    0.172,    0.172,    0.000,    0.000,    0.000,    0.000,    0.007,    0.007,   -0.136,   -0.136,    0.088,    0.088,    0.102,    0.102,   -0.035,   -0.035
  546,2020090712,    0.045,    0.045,    0.000,    0.000,    0.000,    0.000,   -0.188,   -0.188,    0.172,    0.172,    0.000,    0.000,    0.000,    0.000,    0.007,    0.007,   -0.139,   -0.139,    0.087,    0.087,    0.101,    0.101,   -0.035,   -0.035
  546,2020090706,    0.045,    0.045,    0.000,    0.000,    0.000,    0.000,   -0.190,   -0.190,    0.170,    0.170,    0.000,    0.000,    0.000,    0.000,    0.007,    0.007,   -0.139,   -0.139,    0.085,    0.085,    0.101,    0.101,   -0.037,   -0.037
  546,2020090700,    0.045,    0.045,    0.000,    0.000,    0.000,    0.000,   -0.190,   -0.190,    0.170,    0.170,    0.000,    0.000,    0.000,    0.000,    0.007,    0.007,   -0.138,   -0.138,    0.085,    0.085,    0.101,    0.101,   -0.036,   -0.036
  546,2020090618,    0.045,    0.045,    0.000,    0.000,    0.000,    0.000,   -0.193,   -0.193,    0.167,    0.167,    0.000,    0.000,    0.000,    0.000,    0.007,    0.007,   -0.138,   -0.138,    0.085,    0.085,    0.101,    0.101,   -0.037,   -0.037
  546,2020090612,    0.045,    0.045,    0.000,    0.000,    0.000,    0.000,   -0.193,   -0.193,    0.166,    0.166,    0.000,    0.000,    0.000,    0.000,    0.007,    0.007,   -0.141,   -0.141,    0.085,    0.085,    0.100,    0.100,   -0.036,   -0.036
  546,2020090606,    0.044,    0.044,    0.000,    0.000,    0.000,    0.000,   -0.194,   -0.194,    0.164,    0.164,    0.000,    0.000,    0.000,    0.000,    0.007,    0.007,   -0.143,   -0.143,    0.087,    0.087,    0.098,    0.098,   -0.035,   -0.035
  546,2020090600,    0.044,    0.044,    0.000,    0.000,    0.000,    0.000,   -0.194,   -0.194,    0.163,    0.163,    0.000,    0.000,    0.000,    0.000,    0.007,    0.007,   -0.143,   -0.143,    0.088,    0.088,    0.098,    0.098,   -0.035,   -0.035
  546,2020090518,    0.045,    0.045,    0.000,    0.000,    0.000,    0.000,   -0.198,   -0.198,    0.161,    0.161,    0.000,    0.000,    0.000,    0.000,    0.007,    0.007,   -0.138,   -0.138,    0.087,    0.087,    0.101,    0.101,   -0.035,   -0.035
  546,2020090512,    0.047,    0.047,    0.000,    0.000,    0.000,    0.000,   -0.195,   -0.195,    0.163,    0.163,    0.000,    0.000,    0.000,    0.000,    0.007,    0.007,   -0.135,   -0.135,    0.086,    0.086,    0.103,    0.103,   -0.036,   -0.036
  546,2020090506,    0.046,    0.046,    0.000,    0.000,    0.000,    0.000,   -0.198,   -0.198,    0.162,    0.162,    0.000,    0.000,    0.000,    0.000,    0.007,    0.007,   -0.138,   -0.138,    0.086,    0.086,    0.101,    0.101,   -0.036,   -0.036
  546,2020090500,    0.047,    0.047,    0.000,    0.000,    0.000,    0.000,   -0.197,   -0.197,    0.163,    0.163,    0.000,    0.000,    0.000,    0.000,    0.007,    0.007,   -0.133,   -0.133,    0.083,    0.083,    0.104,    0.104,   -0.037,   -0.037
  546,2020090418,    0.047,    0.047,    0.000,    0.000,    0.000,    0.000,   -0.200,   -0.200,    0.159,    0.159,    0.000,    0.000,    0.000,    0.000,    0.007,    0.007,   -0.131,   -0.131,    0.085,    0.085,    0.104,    0.104,   -0.036,   -0.036
  546,2020090412,    0.047,    0.047,    0.000,    0.000,    0.000,    0.000,   -0.201,   -0.201,    0.159,    0.159,    0.000,    0.000,    0.000,    0.000,    0.007,    0.007,   -0.133,   -0.133,    0.087,    0.087,    0.103,    0.103,   -0.035,   -0.035
  546,2020090406,    0.047,    0.047,    0.000,    0.000,    0.000,    0.000,   -0.203,   -0.203,    0.157,    0.157,    0.000,    0.000,    0.000,    0.000,    0.007,    0.007,   -0.129,   -0.129,    0.085,    0.085,    0.104,    0.104,   -0.036,   -0.036
  546,2020090400,    0.047,    0.047,    0.000,    0.000,    0.000,    0.000,   -0.203,   -0.203,    0.157,    0.157,    0.000,    0.000,    0.000,    0.000,    0.007,    0.007,   -0.128,   -0.128,    0.085,    0.085,    0.105,    0.105,   -0.036,   -0.036
  546,2020090318,    0.047,    0.047,    0.000,    0.000,    0.000,    0.000,   -0.206,   -0.206,    0.156,    0.156,    0.000,    0.000,    0.000,    0.000,    0.007,    0.007,   -0.130,   -0.130,    0.084,    0.084,    0.104,    0.104,   -0.037,   -0.037
  546,2020090312,    0.048,    0.048,    0.000,    0.000,    0.000,    0.000,   -0.207,   -0.207,    0.155,    0.155,    0.000,    0.000,    0.000,    0.000,    0.007,    0.007,   -0.132,   -0.132,    0.088,    0.088,    0.104,    0.104,   -0.036,   -0.036
  546,2020090306,    0.048,    0.048,    0.000,    0.000,    0.000,    0.000,   -0.211,   -0.211,    0.152,    0.152,    0.000,    0.000,    0.000,    0.000,    0.007,    0.007,   -0.131,   -0.131,    0.084,    0.084,    0.104,    0.104,   -0.037,   -0.037
  546,2020090300,    0.049,    0.049,    0.000,    0.000,    0.000,    0.000,   -0.211,   -0.211,    0.152,    0.152,    0.000,    0.000,    0.000,    0.000,    0.007,    0.007,   -0.128,   -0.128,    0.082,    0.082,    0.106,    0.106,   -0.039,   -0.039
  546,2020090218,    0.049,    0.049,    0.000,    0.000,    0.000,    0.000,   -0.213,   -0.213,    0.150,    0.150,    0.000,    0.000,    0.000,    0.000,    0.007,    0.007,   -0.127,   -0.127,    0.085,    0.085,    0.106,    0.106,   -0.037,   -0.037
  546,2020090212,    0.049,    0.049,    0.000,    0.000,    0.000,    0.000,   -0.212,   -0.212,    0.150,    0.150,    0.000,    0.000,    0.000,    0.000,    0.008,    0.008,   -0.128,   -0.128,    0.088,    0.088,    0.106,    0.106,   -0.036,   -0.036
  546,2020090206,    0.049,    0.049,    0.000,    0.000,    0.000,    0.000,   -0.214,   -0.214,    0.148,    0.148,    0.000,    0.000,    0.000,    0.000,    0.008,    0.008,   -0.129,   -0.129,    0.085,    0.085,    0.106,    0.106,   -0.037,   -0.037
  546,2020090200,    0.050,    0.050,    0.000,    0.000,    0.000,    0.000,   -0.216,   -0.216,    0.148,    0.148,    0.000,    0.000,    0.000,    0.000,    0.008,    0.008,   -0.127,   -0.127,    0.083,    0.083,    0.107,    0.107,   -0.038,   -0.038
  546,2020090118,    0.049,    0.049,    0.000,    0.000,    0.000,    0.000,   -0.222,   -0.222,    0.143,    0.143,    0.000,    0.000,    0.000,    0.000,    0.008,    0.008,   -0.126,   -0.126,    0.082,    0.082,    0.107,    0.107,   -0.038,   -0.038
  546,2020090112,    0.049,    0.049,    0.000,    0.000,    0.000,    0.000,   -0.223,   -0.223,    0.143,    0.143,    0.000,    0.000,    0.000,    0.000,    0.008,    0.008,   -0.123,   -0.123,    0.083,    0.083,    0.108,    0.108,   -0.038,   -0.038
  546,2020090106,    0.049,    0.049,    0.000,    0.000,    0.000,    0.000,   -0.227,   -0.227,    0.139,    0.139,    0.000,    0.000,    0.000,    0.000,    0.009,    0.009,   -0.128,   -0.128,    0.083,    0.083,    0.105,    0.105,   -0.039,   -0.039
  546,2020090100,    0.050,    0.050,    0.000,    0.000,    0.000,    0.000,   -0.228,   -0.228,    0.139,    0.139,    0.000,    0.000,    0.000,    0.000,    0.009,    0.009,   -0.122,   -0.122,    0.081,    0.081,    0.108,    0.108,   -0.040,   -0.040
  546,2020083118,    0.051,    0.051,    0.000,    0.000,    0.000,    0.000,   -0.232,   -0.232,    0.136,    0.136,    0.000,    0.000,    0.000,    0.000,    0.009,    0.009,   -0.120,   -0.120,    0.085,    0.085,    0.109,    0.109,   -0.038,   -0.038
  546,2020083112,    0.050,    0.050,    0.000,    0.000,    0.000,    0.000,   -0.233,   -0.233,    0.135,    0.135,    0.000,    0.000,    0.000,    0.000,    0.009,    0.009,   -0.121,   -0.121,    0.088,    0.088,    0.108,    0.108,   -0.037,   -0.037
  546,2020083106,    0.050,    0.050,    0.000,    0.000,    0.000,    0.000,   -0.237,   -0.237,    0.133,    0.133,    0.000,    0.000,    0.000,    0.000,    0.009,    0.009,   -0.121,   -0.121,    0.086,    0.086,    0.108,    0.108,   -0.038,   -0.038
  546,2020083100,    0.051,    0.051,    0.000,    0.000,    0.000,    0.000,   -0.235,   -0.235,    0.133,    0.133,    0.000,    0.000,    0.000,    0.000,    0.009,    0.009,   -0.115,   -0.115,    0.084,    0.084,    0.110,    0.110,   -0.038,   -0.038
  546,2020083018,    0.050,    0.050,    0.000,    0.000,    0.000,    0.000,   -0.238,   -0.238,    0.131,    0.131,    0.000,    0.000,    0.000,    0.000,    0.009,    0.009,   -0.116,   -0.116,    0.085,    0.085,    0.110,    0.110,   -0.038,   -0.038
  546,2020083012,    0.050,    0.050,    0.000,    0.000,    0.000,    0.000,   -0.239,   -0.239,    0.130,    0.130,    0.000,    0.000,    0.000,    0.000,    0.010,    0.010,   -0.117,   -0.117,    0.085,    0.085,    0.109,    0.109,   -0.038,   -0.038
  546,2020083006,    0.049,    0.049,    0.000,    0.000,    0.000,    0.000,   -0.243,   -0.243,    0.127,    0.127,    0.000,    0.000,    0.000,    0.000,    0.010,    0.010,   -0.118,   -0.118,    0.085,    0.085,    0.108,    0.108,   -0.038,   -0.038
  546,2020083000,    0.049,    0.049,    0.000,    0.000,    0.000,    0.000,   -0.243,   -0.243,    0.126,    0.126,    0.000,    0.000,    0.000,    0.000,    0.010,    0.010,   -0.117,   -0.117,    0.083,    0.083,    0.109,    0.109,   -0.039,   -0.039
