 1536,2020092000,    0.221,    0.221,    0.000,    0.000,    0.000,    0.000,   -1.504,   -1.504,   -0.337,   -0.337,    0.000,    0.000,    0.000,    0.000,   -0.024,   -0.024,   -0.124,   -0.124,   -0.047,   -0.047,   -0.423,   -0.423,    0.011,    0.011
 1536,2020091918,    0.227,    0.227,    0.000,    0.000,    0.000,    0.000,   -1.452,   -1.452,   -0.341,   -0.341,    0.000,    0.000,    0.000,    0.000,   -0.023,   -0.023,   -0.097,   -0.097,   -0.050,   -0.050,   -0.408,   -0.408,    0.009,    0.009
 1536,2020091912,    0.222,    0.222,    0.000,    0.000,    0.000,    0.000,   -1.491,   -1.491,   -0.314,   -0.314,    0.000,    0.000,    0.000,    0.000,   -0.024,   -0.024,   -0.124,   -0.124,   -0.053,   -0.053,   -0.422,   -0.422,    0.007,    0.007
 1536,2020091906,    0.227,    0.227,    0.000,    0.000,    0.000,    0.000,   -1.490,   -1.490,   -0.339,   -0.339,    0.000,    0.000,    0.000,    0.000,   -0.023,   -0.023,   -0.113,   -0.113,   -0.042,   -0.042,   -0.412,   -0.412,    0.015,    0.015
 1536,2020091900,    0.224,    0.224,    0.000,    0.000,    0.000,    0.000,   -1.538,   -1.538,   -0.334,   -0.334,    0.000,    0.000,    0.000,    0.000,   -0.024,   -0.024,   -0.123,   -0.123,   -0.040,   -0.040,   -0.417,   -0.417,    0.015,    0.015
 1536,2020091818,    0.229,    0.229,    0.000,    0.000,    0.000,    0.000,   -1.489,   -1.489,   -0.348,   -0.348,    0.000,    0.000,    0.000,    0.000,   -0.024,   -0.024,   -0.094,   -0.094,   -0.049,   -0.049,   -0.401,   -0.401,    0.013,    0.013
 1536,2020091812,    0.223,    0.223,    0.000,    0.000,    0.000,    0.000,   -1.543,   -1.543,   -0.319,   -0.319,    0.000,    0.000,    0.000,    0.000,   -0.023,   -0.023,   -0.133,   -0.133,   -0.053,   -0.053,   -0.420,   -0.420,    0.011,    0.011
 1536,2020091806,    0.223,    0.223,    0.000,    0.000,    0.000,    0.000,   -1.543,   -1.543,   -0.360,   -0.360,    0.000,    0.000,    0.000,    0.000,   -0.023,   -0.023,   -0.129,   -0.129,   -0.046,   -0.046,   -0.418,   -0.418,    0.013,    0.013
 1536,2020091800,    0.221,    0.221,    0.000,    0.000,    0.000,    0.000,   -1.575,   -1.575,   -0.345,   -0.345,    0.000,    0.000,    0.000,    0.000,   -0.024,   -0.024,   -0.135,   -0.135,   -0.043,   -0.043,   -0.420,   -0.420,    0.015,    0.015
 1536,2020091718,    0.222,    0.222,    0.000,    0.000,    0.000,    0.000,   -1.545,   -1.545,   -0.345,   -0.345,    0.000,    0.000,    0.000,    0.000,   -0.024,   -0.024,   -0.128,   -0.128,   -0.059,   -0.059,   -0.416,   -0.416,    0.008,    0.008
 1536,2020091712,    0.217,    0.217,    0.000,    0.000,    0.000,    0.000,   -1.573,   -1.573,   -0.325,   -0.325,    0.000,    0.000,    0.000,    0.000,   -0.024,   -0.024,   -0.158,   -0.158,   -0.058,   -0.058,   -0.430,   -0.430,    0.008,    0.008
 1536,2020091706,    0.222,    0.222,    0.000,    0.000,    0.000,    0.000,   -1.560,   -1.560,   -0.351,   -0.351,    0.000,    0.000,    0.000,    0.000,   -0.024,   -0.024,   -0.131,   -0.131,   -0.069,   -0.069,   -0.415,   -0.415,    0.004,    0.004
 1536,2020091700,    0.216,    0.216,    0.000,    0.000,    0.000,    0.000,   -1.590,   -1.590,   -0.341,   -0.341,    0.000,    0.000,    0.000,    0.000,   -0.025,   -0.025,   -0.162,   -0.162,   -0.053,   -0.053,   -0.431,   -0.431,    0.009,    0.009
 1536,2020091618,    0.221,    0.221,    0.000,    0.000,    0.000,    0.000,   -1.525,   -1.525,   -0.349,   -0.349,    0.000,    0.000,    0.000,    0.000,   -0.024,   -0.024,   -0.139,   -0.139,   -0.055,   -0.055,   -0.417,   -0.417,    0.008,    0.008
 1536,2020091612,    0.215,    0.215,    0.000,    0.000,    0.000,    0.000,   -1.545,   -1.545,   -0.340,   -0.340,    0.000,    0.000,    0.000,    0.000,   -0.024,   -0.024,   -0.165,   -0.165,   -0.061,   -0.061,   -0.431,   -0.431,    0.003,    0.003
 1536,2020091606,    0.219,    0.219,    0.000,    0.000,    0.000,    0.000,   -1.543,   -1.543,   -0.346,   -0.346,    0.000,    0.000,    0.000,    0.000,   -0.023,   -0.023,   -0.160,   -0.160,   -0.067,   -0.067,   -0.425,   -0.425,    0.000,    0.000
 1536,2020091600,    0.213,    0.213,    0.000,    0.000,    0.000,    0.000,   -1.565,   -1.565,   -0.355,   -0.355,    0.000,    0.000,    0.000,    0.000,   -0.023,   -0.023,   -0.190,   -0.190,   -0.058,   -0.058,   -0.441,   -0.441,    0.004,    0.004
 1536,2020091518,    0.223,    0.223,    0.000,    0.000,    0.000,    0.000,   -1.468,   -1.468,   -0.380,   -0.380,    0.000,    0.000,    0.000,    0.000,   -0.022,   -0.022,   -0.156,   -0.156,   -0.045,   -0.045,   -0.421,   -0.421,    0.012,    0.012
 1536,2020091512,    0.217,    0.217,    0.000,    0.000,    0.000,    0.000,   -1.474,   -1.474,   -0.381,   -0.381,    0.000,    0.000,    0.000,    0.000,   -0.022,   -0.022,   -0.181,   -0.181,   -0.044,   -0.044,   -0.435,   -0.435,    0.011,    0.011
 1536,2020091506,    0.221,    0.221,    0.000,    0.000,    0.000,    0.000,   -1.484,   -1.484,   -0.394,   -0.394,    0.000,    0.000,    0.000,    0.000,   -0.021,   -0.021,   -0.167,   -0.167,   -0.044,   -0.044,   -0.426,   -0.426,    0.012,    0.012
 1536,2020091500,    0.217,    0.217,    0.000,    0.000,    0.000,    0.000,   -1.509,   -1.509,   -0.408,   -0.408,    0.000,    0.000,    0.000,    0.000,   -0.022,   -0.022,   -0.201,   -0.201,   -0.038,   -0.038,   -0.440,   -0.440,    0.014,    0.014
 1536,2020091418,    0.224,    0.224,    0.000,    0.000,    0.000,    0.000,   -1.462,   -1.462,   -0.425,   -0.425,    0.000,    0.000,    0.000,    0.000,   -0.021,   -0.021,   -0.182,   -0.182,   -0.048,   -0.048,   -0.429,   -0.429,    0.011,    0.011
 1536,2020091412,    0.218,    0.218,    0.000,    0.000,    0.000,    0.000,   -1.484,   -1.484,   -0.414,   -0.414,    0.000,    0.000,    0.000,    0.000,   -0.021,   -0.021,   -0.202,   -0.202,   -0.054,   -0.054,   -0.439,   -0.439,    0.010,    0.010
 1536,2020091406,    0.221,    0.221,    0.000,    0.000,    0.000,    0.000,   -1.521,   -1.521,   -0.446,   -0.446,    0.000,    0.000,    0.000,    0.000,   -0.020,   -0.020,   -0.207,   -0.207,   -0.051,   -0.051,   -0.439,   -0.439,    0.011,    0.011
 1536,2020091400,    0.219,    0.219,    0.000,    0.000,    0.000,    0.000,   -1.560,   -1.560,   -0.454,   -0.454,    0.000,    0.000,    0.000,    0.000,   -0.020,   -0.020,   -0.214,   -0.214,   -0.039,   -0.039,   -0.442,   -0.442,    0.015,    0.015
 1536,2020091318,    0.217,    0.217,    0.000,    0.000,    0.000,    0.000,   -1.555,   -1.555,   -0.468,   -0.468,    0.000,    0.000,    0.000,    0.000,   -0.021,   -0.021,   -0.215,   -0.215,   -0.045,   -0.045,   -0.444,   -0.444,    0.013,    0.013
 1536,2020091312,    0.216,    0.216,    0.000,    0.000,    0.000,    0.000,   -1.555,   -1.555,   -0.458,   -0.458,    0.000,    0.000,    0.000,    0.000,   -0.021,   -0.021,   -0.220,   -0.220,   -0.065,   -0.065,   -0.446,   -0.446,    0.006,    0.006
 1536,2020091306,    0.216,    0.216,    0.000,    0.000,    0.000,    0.000,   -1.600,   -1.600,   -0.482,   -0.482,    0.000,    0.000,    0.000,    0.000,   -0.019,   -0.019,   -0.228,   -0.228,   -0.056,   -0.056,   -0.448,   -0.448,    0.008,    0.008
 1536,2020091300,    0.218,    0.218,    0.000,    0.000,    0.000,    0.000,   -1.607,   -1.607,   -0.487,   -0.487,    0.000,    0.000,    0.000,    0.000,   -0.019,   -0.019,   -0.239,   -0.239,   -0.058,   -0.058,   -0.449,   -0.449,    0.006,    0.006
 1536,2020091218,    0.216,    0.216,    0.000,    0.000,    0.000,    0.000,   -1.648,   -1.648,   -0.490,   -0.490,    0.000,    0.000,    0.000,    0.000,   -0.019,   -0.019,   -0.255,   -0.255,   -0.060,   -0.060,   -0.456,   -0.456,    0.007,    0.007
 1536,2020091212,    0.216,    0.216,    0.000,    0.000,    0.000,    0.000,   -1.641,   -1.641,   -0.490,   -0.490,    0.000,    0.000,    0.000,    0.000,   -0.018,   -0.018,   -0.262,   -0.262,   -0.082,   -0.082,   -0.458,   -0.458,   -0.002,   -0.002
 1536,2020091206,    0.215,    0.215,    0.000,    0.000,    0.000,    0.000,   -1.693,   -1.693,   -0.491,   -0.491,    0.000,    0.000,    0.000,    0.000,   -0.018,   -0.018,   -0.259,   -0.259,   -0.074,   -0.074,   -0.458,   -0.458,    0.002,    0.002
 1536,2020091200,    0.215,    0.215,    0.000,    0.000,    0.000,    0.000,   -1.688,   -1.688,   -0.502,   -0.502,    0.000,    0.000,    0.000,    0.000,   -0.017,   -0.017,   -0.266,   -0.266,   -0.069,   -0.069,   -0.460,   -0.460,    0.006,    0.006
 1536,2020091118,    0.217,    0.217,    0.000,    0.000,    0.000,    0.000,   -1.681,   -1.681,   -0.505,   -0.505,    0.000,    0.000,    0.000,    0.000,   -0.018,   -0.018,   -0.255,   -0.255,   -0.056,   -0.056,   -0.454,   -0.454,    0.010,    0.010
 1536,2020091112,    0.216,    0.216,    0.000,    0.000,    0.000,    0.000,   -1.690,   -1.690,   -0.491,   -0.491,    0.000,    0.000,    0.000,    0.000,   -0.018,   -0.018,   -0.276,   -0.276,   -0.063,   -0.063,   -0.463,   -0.463,    0.007,    0.007
 1536,2020091106,    0.218,    0.218,    0.000,    0.000,    0.000,    0.000,   -1.708,   -1.708,   -0.486,   -0.486,    0.000,    0.000,    0.000,    0.000,   -0.018,   -0.018,   -0.261,   -0.261,   -0.059,   -0.059,   -0.455,   -0.455,    0.008,    0.008
 1536,2020091100,    0.218,    0.218,    0.000,    0.000,    0.000,    0.000,   -1.716,   -1.716,   -0.491,   -0.491,    0.000,    0.000,    0.000,    0.000,   -0.018,   -0.018,   -0.275,   -0.275,   -0.047,   -0.047,   -0.459,   -0.459,    0.012,    0.012
 1536,2020091018,    0.222,    0.222,    0.000,    0.000,    0.000,    0.000,   -1.692,   -1.692,   -0.504,   -0.504,    0.000,    0.000,    0.000,    0.000,   -0.019,   -0.019,   -0.259,   -0.259,   -0.043,   -0.043,   -0.450,   -0.450,    0.014,    0.014
 1536,2020091012,    0.217,    0.217,    0.000,    0.000,    0.000,    0.000,   -1.739,   -1.739,   -0.489,   -0.489,    0.000,    0.000,    0.000,    0.000,   -0.020,   -0.020,   -0.273,   -0.273,   -0.045,   -0.045,   -0.458,   -0.458,    0.013,    0.013
 1536,2020091006,    0.218,    0.218,    0.000,    0.000,    0.000,    0.000,   -1.744,   -1.744,   -0.489,   -0.489,    0.000,    0.000,    0.000,    0.000,   -0.020,   -0.020,   -0.271,   -0.271,   -0.046,   -0.046,   -0.457,   -0.457,    0.013,    0.013
 1536,2020091000,    0.217,    0.217,    0.000,    0.000,    0.000,    0.000,   -1.774,   -1.774,   -0.487,   -0.487,    0.000,    0.000,    0.000,    0.000,   -0.021,   -0.021,   -0.293,   -0.293,   -0.051,   -0.051,   -0.467,   -0.467,    0.011,    0.011
 1536,2020090918,    0.218,    0.218,    0.000,    0.000,    0.000,    0.000,   -1.750,   -1.750,   -0.488,   -0.488,    0.000,    0.000,    0.000,    0.000,   -0.023,   -0.023,   -0.285,   -0.285,   -0.048,   -0.048,   -0.464,   -0.464,    0.013,    0.013
 1536,2020090912,    0.212,    0.212,    0.000,    0.000,    0.000,    0.000,   -1.785,   -1.785,   -0.467,   -0.467,    0.000,    0.000,    0.000,    0.000,   -0.024,   -0.024,   -0.300,   -0.300,   -0.055,   -0.055,   -0.474,   -0.474,    0.011,    0.011
 1536,2020090906,    0.215,    0.215,    0.000,    0.000,    0.000,    0.000,   -1.765,   -1.765,   -0.483,   -0.483,    0.000,    0.000,    0.000,    0.000,   -0.023,   -0.023,   -0.289,   -0.289,   -0.055,   -0.055,   -0.468,   -0.468,    0.012,    0.012
 1536,2020090900,    0.213,    0.213,    0.000,    0.000,    0.000,    0.000,   -1.765,   -1.765,   -0.475,   -0.475,    0.000,    0.000,    0.000,    0.000,   -0.023,   -0.023,   -0.301,   -0.301,   -0.050,   -0.050,   -0.473,   -0.473,    0.014,    0.014
 1536,2020090818,    0.214,    0.214,    0.000,    0.000,    0.000,    0.000,   -1.717,   -1.717,   -0.462,   -0.462,    0.000,    0.000,    0.000,    0.000,   -0.024,   -0.024,   -0.309,   -0.309,   -0.049,   -0.049,   -0.473,   -0.473,    0.016,    0.016
 1536,2020090812,    0.208,    0.208,    0.000,    0.000,    0.000,    0.000,   -1.741,   -1.741,   -0.438,   -0.438,    0.000,    0.000,    0.000,    0.000,   -0.025,   -0.025,   -0.332,   -0.332,   -0.061,   -0.061,   -0.486,   -0.486,    0.009,    0.009
 1536,2020090806,    0.213,    0.213,    0.000,    0.000,    0.000,    0.000,   -1.723,   -1.723,   -0.456,   -0.456,    0.000,    0.000,    0.000,    0.000,   -0.023,   -0.023,   -0.301,   -0.301,   -0.066,   -0.066,   -0.470,   -0.470,    0.007,    0.007
 1536,2020090800,    0.210,    0.210,    0.000,    0.000,    0.000,    0.000,   -1.700,   -1.700,   -0.448,   -0.448,    0.000,    0.000,    0.000,    0.000,   -0.024,   -0.024,   -0.315,   -0.315,   -0.066,   -0.066,   -0.477,   -0.477,    0.008,    0.008
 1536,2020090718,    0.211,    0.211,    0.000,    0.000,    0.000,    0.000,   -1.641,   -1.641,   -0.424,   -0.424,    0.000,    0.000,    0.000,    0.000,   -0.024,   -0.024,   -0.305,   -0.305,   -0.065,   -0.065,   -0.472,   -0.472,    0.010,    0.010
 1536,2020090712,    0.205,    0.205,    0.000,    0.000,    0.000,    0.000,   -1.630,   -1.630,   -0.426,   -0.426,    0.000,    0.000,    0.000,    0.000,   -0.024,   -0.024,   -0.341,   -0.341,   -0.065,   -0.065,   -0.490,   -0.490,    0.009,    0.009
 1536,2020090706,    0.209,    0.209,    0.000,    0.000,    0.000,    0.000,   -1.631,   -1.631,   -0.426,   -0.426,    0.000,    0.000,    0.000,    0.000,   -0.025,   -0.025,   -0.312,   -0.312,   -0.065,   -0.065,   -0.474,   -0.474,    0.008,    0.008
 1536,2020090700,    0.207,    0.207,    0.000,    0.000,    0.000,    0.000,   -1.642,   -1.642,   -0.428,   -0.428,    0.000,    0.000,    0.000,    0.000,   -0.027,   -0.027,   -0.319,   -0.319,   -0.068,   -0.068,   -0.479,   -0.479,    0.008,    0.008
 1536,2020090618,    0.215,    0.215,    0.000,    0.000,    0.000,    0.000,   -1.593,   -1.593,   -0.438,   -0.438,    0.000,    0.000,    0.000,    0.000,   -0.027,   -0.027,   -0.287,   -0.287,   -0.065,   -0.065,   -0.460,   -0.460,    0.010,    0.010
 1536,2020090612,    0.216,    0.216,    0.000,    0.000,    0.000,    0.000,   -1.581,   -1.581,   -0.451,   -0.451,    0.000,    0.000,    0.000,    0.000,   -0.026,   -0.026,   -0.288,   -0.288,   -0.071,   -0.071,   -0.460,   -0.460,    0.007,    0.007
 1536,2020090606,    0.220,    0.220,    0.000,    0.000,    0.000,    0.000,   -1.558,   -1.558,   -0.454,   -0.454,    0.000,    0.000,    0.000,    0.000,   -0.025,   -0.025,   -0.280,   -0.280,   -0.068,   -0.068,   -0.454,   -0.454,    0.009,    0.009
 1536,2020090600,    0.217,    0.217,    0.000,    0.000,    0.000,    0.000,   -1.553,   -1.553,   -0.454,   -0.454,    0.000,    0.000,    0.000,    0.000,   -0.023,   -0.023,   -0.291,   -0.291,   -0.056,   -0.056,   -0.461,   -0.461,    0.013,    0.013
 1536,2020090518,    0.221,    0.221,    0.000,    0.000,    0.000,    0.000,   -1.522,   -1.522,   -0.459,   -0.459,    0.000,    0.000,    0.000,    0.000,   -0.024,   -0.024,   -0.267,   -0.267,   -0.063,   -0.063,   -0.450,   -0.450,    0.012,    0.012
 1536,2020090512,    0.217,    0.217,    0.000,    0.000,    0.000,    0.000,   -1.545,   -1.545,   -0.449,   -0.449,    0.000,    0.000,    0.000,    0.000,   -0.024,   -0.024,   -0.299,   -0.299,   -0.069,   -0.069,   -0.464,   -0.464,    0.011,    0.011
 1536,2020090506,    0.219,    0.219,    0.000,    0.000,    0.000,    0.000,   -1.534,   -1.534,   -0.455,   -0.455,    0.000,    0.000,    0.000,    0.000,   -0.022,   -0.022,   -0.295,   -0.295,   -0.071,   -0.071,   -0.461,   -0.461,    0.010,    0.010
 1536,2020090500,    0.218,    0.218,    0.000,    0.000,    0.000,    0.000,   -1.567,   -1.567,   -0.453,   -0.453,    0.000,    0.000,    0.000,    0.000,   -0.022,   -0.022,   -0.311,   -0.311,   -0.060,   -0.060,   -0.468,   -0.468,    0.015,    0.015
 1536,2020090418,    0.220,    0.220,    0.000,    0.000,    0.000,    0.000,   -1.540,   -1.540,   -0.451,   -0.451,    0.000,    0.000,    0.000,    0.000,   -0.022,   -0.022,   -0.316,   -0.316,   -0.058,   -0.058,   -0.466,   -0.466,    0.013,    0.013
 1536,2020090412,    0.215,    0.215,    0.000,    0.000,    0.000,    0.000,   -1.605,   -1.605,   -0.443,   -0.443,    0.000,    0.000,    0.000,    0.000,   -0.022,   -0.022,   -0.350,   -0.350,   -0.067,   -0.067,   -0.482,   -0.482,    0.011,    0.011
 1536,2020090406,    0.220,    0.220,    0.000,    0.000,    0.000,    0.000,   -1.590,   -1.590,   -0.454,   -0.454,    0.000,    0.000,    0.000,    0.000,   -0.021,   -0.021,   -0.321,   -0.321,   -0.069,   -0.069,   -0.468,   -0.468,    0.012,    0.012
 1536,2020090400,    0.217,    0.217,    0.000,    0.000,    0.000,    0.000,   -1.628,   -1.628,   -0.452,   -0.452,    0.000,    0.000,    0.000,    0.000,   -0.021,   -0.021,   -0.327,   -0.327,   -0.062,   -0.062,   -0.472,   -0.472,    0.017,    0.017
 1536,2020090318,    0.223,    0.223,    0.000,    0.000,    0.000,    0.000,   -1.598,   -1.598,   -0.444,   -0.444,    0.000,    0.000,    0.000,    0.000,   -0.021,   -0.021,   -0.319,   -0.319,   -0.073,   -0.073,   -0.464,   -0.464,    0.013,    0.013
 1536,2020090312,    0.218,    0.218,    0.000,    0.000,    0.000,    0.000,   -1.653,   -1.653,   -0.441,   -0.441,    0.000,    0.000,    0.000,    0.000,   -0.020,   -0.020,   -0.342,   -0.342,   -0.071,   -0.071,   -0.476,   -0.476,    0.013,    0.013
 1536,2020090306,    0.222,    0.222,    0.000,    0.000,    0.000,    0.000,   -1.650,   -1.650,   -0.441,   -0.441,    0.000,    0.000,    0.000,    0.000,   -0.019,   -0.019,   -0.334,   -0.334,   -0.062,   -0.062,   -0.470,   -0.470,    0.016,    0.016
 1536,2020090300,    0.223,    0.223,    0.000,    0.000,    0.000,    0.000,   -1.659,   -1.659,   -0.439,   -0.439,    0.000,    0.000,    0.000,    0.000,   -0.018,   -0.018,   -0.331,   -0.331,   -0.062,   -0.062,   -0.467,   -0.467,    0.016,    0.016
 1536,2020090218,    0.227,    0.227,    0.000,    0.000,    0.000,    0.000,   -1.677,   -1.677,   -0.439,   -0.439,    0.000,    0.000,    0.000,    0.000,   -0.019,   -0.019,   -0.311,   -0.311,   -0.072,   -0.072,   -0.456,   -0.456,    0.013,    0.013
 1536,2020090212,    0.224,    0.224,    0.000,    0.000,    0.000,    0.000,   -1.705,   -1.705,   -0.430,   -0.430,    0.000,    0.000,    0.000,    0.000,   -0.019,   -0.019,   -0.321,   -0.321,   -0.076,   -0.076,   -0.461,   -0.461,    0.011,    0.011
 1536,2020090206,    0.228,    0.228,    0.000,    0.000,    0.000,    0.000,   -1.703,   -1.703,   -0.433,   -0.433,    0.000,    0.000,    0.000,    0.000,   -0.019,   -0.019,   -0.294,   -0.294,   -0.088,   -0.088,   -0.448,   -0.448,    0.006,    0.006
 1536,2020090200,    0.224,    0.224,    0.000,    0.000,    0.000,    0.000,   -1.739,   -1.739,   -0.416,   -0.416,    0.000,    0.000,    0.000,    0.000,   -0.019,   -0.019,   -0.310,   -0.310,   -0.085,   -0.085,   -0.457,   -0.457,    0.006,    0.006
 1536,2020090118,    0.231,    0.231,    0.000,    0.000,    0.000,    0.000,   -1.698,   -1.698,   -0.427,   -0.427,    0.000,    0.000,    0.000,    0.000,   -0.020,   -0.020,   -0.286,   -0.286,   -0.089,   -0.089,   -0.442,   -0.442,    0.006,    0.006
 1536,2020090112,    0.225,    0.225,    0.000,    0.000,    0.000,    0.000,   -1.747,   -1.747,   -0.420,   -0.420,    0.000,    0.000,    0.000,    0.000,   -0.020,   -0.020,   -0.319,   -0.319,   -0.078,   -0.078,   -0.459,   -0.459,    0.010,    0.010
 1536,2020090106,    0.229,    0.229,    0.000,    0.000,    0.000,    0.000,   -1.710,   -1.710,   -0.426,   -0.426,    0.000,    0.000,    0.000,    0.000,   -0.019,   -0.019,   -0.305,   -0.305,   -0.077,   -0.077,   -0.449,   -0.449,    0.011,    0.011
 1536,2020090100,    0.229,    0.229,    0.000,    0.000,    0.000,    0.000,   -1.678,   -1.678,   -0.422,   -0.422,    0.000,    0.000,    0.000,    0.000,   -0.020,   -0.020,   -0.302,   -0.302,   -0.074,   -0.074,   -0.450,   -0.450,    0.012,    0.012
 1536,2020083118,    0.235,    0.235,    0.000,    0.000,    0.000,    0.000,   -1.608,   -1.608,   -0.429,   -0.429,    0.000,    0.000,    0.000,    0.000,   -0.020,   -0.020,   -0.284,   -0.284,   -0.070,   -0.070,   -0.439,   -0.439,    0.014,    0.014
 1536,2020083112,    0.228,    0.228,    0.000,    0.000,    0.000,    0.000,   -1.620,   -1.620,   -0.409,   -0.409,    0.000,    0.000,    0.000,    0.000,   -0.020,   -0.020,   -0.315,   -0.315,   -0.056,   -0.056,   -0.454,   -0.454,    0.020,    0.020
 1536,2020083106,    0.229,    0.229,    0.000,    0.000,    0.000,    0.000,   -1.583,   -1.583,   -0.422,   -0.422,    0.000,    0.000,    0.000,    0.000,   -0.020,   -0.020,   -0.327,   -0.327,   -0.063,   -0.063,   -0.457,   -0.457,    0.016,    0.016
 1536,2020083100,    0.228,    0.228,    0.000,    0.000,    0.000,    0.000,   -1.547,   -1.547,   -0.417,   -0.417,    0.000,    0.000,    0.000,    0.000,   -0.021,   -0.021,   -0.330,   -0.330,   -0.061,   -0.061,   -0.458,   -0.458,    0.017,    0.017
 1536,2020083018,    0.229,    0.229,    0.000,    0.000,    0.000,    0.000,   -1.460,   -1.460,   -0.456,   -0.456,    0.000,    0.000,    0.000,    0.000,   -0.021,   -0.021,   -0.343,   -0.343,   -0.052,   -0.052,   -0.462,   -0.462,    0.020,    0.020
 1536,2020083012,    0.223,    0.223,    0.000,    0.000,    0.000,    0.000,   -1.451,   -1.451,   -0.441,   -0.441,    0.000,    0.000,    0.000,    0.000,   -0.021,   -0.021,   -0.374,   -0.374,   -0.041,   -0.041,   -0.477,   -0.477,    0.023,    0.023
 1536,2020083006,    0.230,    0.230,    0.000,    0.000,    0.000,    0.000,   -1.381,   -1.381,   -0.479,   -0.479,    0.000,    0.000,    0.000,    0.000,   -0.021,   -0.021,   -0.355,   -0.355,   -0.025,   -0.025,   -0.464,   -0.464,    0.030,    0.030
 1536,2020083000,    0.230,    0.230,    0.000,    0.000,    0.000,    0.000,   -1.328,   -1.328,   -0.478,   -0.478,    0.000,    0.000,    0.000,    0.000,   -0.021,   -0.021,   -0.367,   -0.367,   -0.015,   -0.015,   -0.468,   -0.468,    0.035,    0.035
