 2367,2020092000,   -0.206,   -0.206,    0.000,    0.000,    0.000,    0.000,    0.463,    0.463,   -0.058,   -0.058,    0.000,    0.000,    0.000,    0.000,   -0.014,   -0.014,   -0.540,   -0.540,    0.003,    0.003,   -0.134,   -0.134,   -0.007,   -0.007
 2367,2020091918,   -0.206,   -0.206,    0.000,    0.000,    0.000,    0.000,    0.462,    0.462,   -0.060,   -0.060,    0.000,    0.000,    0.000,    0.000,   -0.015,   -0.015,   -0.539,   -0.539,    0.001,    0.001,   -0.133,   -0.133,   -0.007,   -0.007
 2367,2020091912,   -0.206,   -0.206,    0.000,    0.000,    0.000,    0.000,    0.462,    0.462,   -0.062,   -0.062,    0.000,    0.000,    0.000,    0.000,   -0.014,   -0.014,   -0.541,   -0.541,   -0.004,   -0.004,   -0.134,   -0.134,   -0.009,   -0.009
 2367,2020091906,   -0.207,   -0.207,    0.000,    0.000,    0.000,    0.000,    0.453,    0.453,   -0.063,   -0.063,    0.000,    0.000,    0.000,    0.000,   -0.015,   -0.015,   -0.548,   -0.548,   -0.008,   -0.008,   -0.138,   -0.138,   -0.011,   -0.011
 2367,2020091900,   -0.207,   -0.207,    0.000,    0.000,    0.000,    0.000,    0.452,    0.452,   -0.060,   -0.060,    0.000,    0.000,    0.000,    0.000,   -0.014,   -0.014,   -0.549,   -0.549,   -0.001,   -0.001,   -0.137,   -0.137,   -0.008,   -0.008
 2367,2020091818,   -0.207,   -0.207,    0.000,    0.000,    0.000,    0.000,    0.450,    0.450,   -0.064,   -0.064,    0.000,    0.000,    0.000,    0.000,   -0.014,   -0.014,   -0.553,   -0.553,    0.002,    0.002,   -0.139,   -0.139,   -0.007,   -0.007
 2367,2020091812,   -0.205,   -0.205,    0.000,    0.000,    0.000,    0.000,    0.453,    0.453,   -0.066,   -0.066,    0.000,    0.000,    0.000,    0.000,   -0.014,   -0.014,   -0.548,   -0.548,   -0.001,   -0.001,   -0.136,   -0.136,   -0.008,   -0.008
 2367,2020091806,   -0.205,   -0.205,    0.000,    0.000,    0.000,    0.000,    0.451,    0.451,   -0.066,   -0.066,    0.000,    0.000,    0.000,    0.000,   -0.015,   -0.015,   -0.546,   -0.546,   -0.000,   -0.000,   -0.135,   -0.135,   -0.008,   -0.008
 2367,2020091800,   -0.204,   -0.204,    0.000,    0.000,    0.000,    0.000,    0.449,    0.449,   -0.066,   -0.066,    0.000,    0.000,    0.000,    0.000,   -0.014,   -0.014,   -0.547,   -0.547,    0.002,    0.002,   -0.135,   -0.135,   -0.007,   -0.007
 2367,2020091718,   -0.203,   -0.203,    0.000,    0.000,    0.000,    0.000,    0.451,    0.451,   -0.062,   -0.062,    0.000,    0.000,    0.000,    0.000,   -0.015,   -0.015,   -0.543,   -0.543,   -0.002,   -0.002,   -0.132,   -0.132,   -0.009,   -0.009
 2367,2020091712,   -0.201,   -0.201,    0.000,    0.000,    0.000,    0.000,    0.452,    0.452,   -0.065,   -0.065,    0.000,    0.000,    0.000,    0.000,   -0.014,   -0.014,   -0.542,   -0.542,    0.001,    0.001,   -0.130,   -0.130,   -0.007,   -0.007
 2367,2020091706,   -0.201,   -0.201,    0.000,    0.000,    0.000,    0.000,    0.448,    0.448,   -0.062,   -0.062,    0.000,    0.000,    0.000,    0.000,   -0.015,   -0.015,   -0.545,   -0.545,    0.002,    0.002,   -0.130,   -0.130,   -0.007,   -0.007
 2367,2020091700,   -0.199,   -0.199,    0.000,    0.000,    0.000,    0.000,    0.442,    0.442,   -0.063,   -0.063,    0.000,    0.000,    0.000,    0.000,   -0.014,   -0.014,   -0.557,   -0.557,   -0.005,   -0.005,   -0.134,   -0.134,   -0.010,   -0.010
 2367,2020091618,   -0.197,   -0.197,    0.000,    0.000,    0.000,    0.000,    0.448,    0.448,   -0.059,   -0.059,    0.000,    0.000,    0.000,    0.000,   -0.014,   -0.014,   -0.549,   -0.549,   -0.003,   -0.003,   -0.129,   -0.129,   -0.010,   -0.010
 2367,2020091612,   -0.195,   -0.195,    0.000,    0.000,    0.000,    0.000,    0.450,    0.450,   -0.059,   -0.059,    0.000,    0.000,    0.000,    0.000,   -0.014,   -0.014,   -0.536,   -0.536,    0.002,    0.002,   -0.123,   -0.123,   -0.008,   -0.008
 2367,2020091606,   -0.194,   -0.194,    0.000,    0.000,    0.000,    0.000,    0.450,    0.450,   -0.056,   -0.056,    0.000,    0.000,    0.000,    0.000,   -0.015,   -0.015,   -0.530,   -0.530,    0.005,    0.005,   -0.120,   -0.120,   -0.007,   -0.007
 2367,2020091600,   -0.194,   -0.194,    0.000,    0.000,    0.000,    0.000,    0.447,    0.447,   -0.058,   -0.058,    0.000,    0.000,    0.000,    0.000,   -0.014,   -0.014,   -0.543,   -0.543,    0.006,    0.006,   -0.124,   -0.124,   -0.006,   -0.006
 2367,2020091518,   -0.193,   -0.193,    0.000,    0.000,    0.000,    0.000,    0.448,    0.448,   -0.056,   -0.056,    0.000,    0.000,    0.000,    0.000,   -0.015,   -0.015,   -0.536,   -0.536,    0.004,    0.004,   -0.121,   -0.121,   -0.007,   -0.007
 2367,2020091512,   -0.193,   -0.193,    0.000,    0.000,    0.000,    0.000,    0.447,    0.447,   -0.060,   -0.060,    0.000,    0.000,    0.000,    0.000,   -0.014,   -0.014,   -0.534,   -0.534,   -0.000,   -0.000,   -0.120,   -0.120,   -0.009,   -0.009
 2367,2020091506,   -0.192,   -0.192,    0.000,    0.000,    0.000,    0.000,    0.450,    0.450,   -0.058,   -0.058,    0.000,    0.000,    0.000,    0.000,   -0.015,   -0.015,   -0.534,   -0.534,    0.006,    0.006,   -0.119,   -0.119,   -0.007,   -0.007
 2367,2020091500,   -0.192,   -0.192,    0.000,    0.000,    0.000,    0.000,    0.446,    0.446,   -0.061,   -0.061,    0.000,    0.000,    0.000,    0.000,   -0.014,   -0.014,   -0.534,   -0.534,    0.011,    0.011,   -0.119,   -0.119,   -0.005,   -0.005
 2367,2020091418,   -0.190,   -0.190,    0.000,    0.000,    0.000,    0.000,    0.449,    0.449,   -0.061,   -0.061,    0.000,    0.000,    0.000,    0.000,   -0.014,   -0.014,   -0.526,   -0.526,    0.016,    0.016,   -0.115,   -0.115,   -0.003,   -0.003
 2367,2020091412,   -0.190,   -0.190,    0.000,    0.000,    0.000,    0.000,    0.448,    0.448,   -0.066,   -0.066,    0.000,    0.000,    0.000,    0.000,   -0.013,   -0.013,   -0.527,   -0.527,    0.012,    0.012,   -0.115,   -0.115,   -0.004,   -0.004
 2367,2020091406,   -0.190,   -0.190,    0.000,    0.000,    0.000,    0.000,    0.449,    0.449,   -0.065,   -0.065,    0.000,    0.000,    0.000,    0.000,   -0.014,   -0.014,   -0.522,   -0.522,    0.014,    0.014,   -0.113,   -0.113,   -0.004,   -0.004
 2367,2020091400,   -0.190,   -0.190,    0.000,    0.000,    0.000,    0.000,    0.441,    0.441,   -0.069,   -0.069,    0.000,    0.000,    0.000,    0.000,   -0.013,   -0.013,   -0.532,   -0.532,    0.015,    0.015,   -0.117,   -0.117,   -0.003,   -0.003
 2367,2020091318,   -0.189,   -0.189,    0.000,    0.000,    0.000,    0.000,    0.441,    0.441,   -0.070,   -0.070,    0.000,    0.000,    0.000,    0.000,   -0.014,   -0.014,   -0.522,   -0.522,    0.015,    0.015,   -0.112,   -0.112,   -0.004,   -0.004
 2367,2020091312,   -0.189,   -0.189,    0.000,    0.000,    0.000,    0.000,    0.438,    0.438,   -0.075,   -0.075,    0.000,    0.000,    0.000,    0.000,   -0.013,   -0.013,   -0.527,   -0.527,    0.011,    0.011,   -0.114,   -0.114,   -0.006,   -0.006
 2367,2020091306,   -0.189,   -0.189,    0.000,    0.000,    0.000,    0.000,    0.434,    0.434,   -0.077,   -0.077,    0.000,    0.000,    0.000,    0.000,   -0.014,   -0.014,   -0.525,   -0.525,    0.010,    0.010,   -0.113,   -0.113,   -0.006,   -0.006
 2367,2020091300,   -0.188,   -0.188,    0.000,    0.000,    0.000,    0.000,    0.432,    0.432,   -0.078,   -0.078,    0.000,    0.000,    0.000,    0.000,   -0.013,   -0.013,   -0.532,   -0.532,    0.009,    0.009,   -0.115,   -0.115,   -0.006,   -0.006
 2367,2020091218,   -0.188,   -0.188,    0.000,    0.000,    0.000,    0.000,    0.430,    0.430,   -0.079,   -0.079,    0.000,    0.000,    0.000,    0.000,   -0.013,   -0.013,   -0.531,   -0.531,    0.009,    0.009,   -0.115,   -0.115,   -0.007,   -0.007
 2367,2020091212,   -0.188,   -0.188,    0.000,    0.000,    0.000,    0.000,    0.427,    0.427,   -0.080,   -0.080,    0.000,    0.000,    0.000,    0.000,   -0.013,   -0.013,   -0.536,   -0.536,    0.009,    0.009,   -0.116,   -0.116,   -0.007,   -0.007
 2367,2020091206,   -0.187,   -0.187,    0.000,    0.000,    0.000,    0.000,    0.428,    0.428,   -0.080,   -0.080,    0.000,    0.000,    0.000,    0.000,   -0.014,   -0.014,   -0.538,   -0.538,    0.011,    0.011,   -0.116,   -0.116,   -0.006,   -0.006
 2367,2020091200,   -0.187,   -0.187,    0.000,    0.000,    0.000,    0.000,    0.424,    0.424,   -0.080,   -0.080,    0.000,    0.000,    0.000,    0.000,   -0.013,   -0.013,   -0.541,   -0.541,    0.009,    0.009,   -0.116,   -0.116,   -0.007,   -0.007
 2367,2020091118,   -0.185,   -0.185,    0.000,    0.000,    0.000,    0.000,    0.428,    0.428,   -0.082,   -0.082,    0.000,    0.000,    0.000,    0.000,   -0.013,   -0.013,   -0.535,   -0.535,    0.007,    0.007,   -0.112,   -0.112,   -0.007,   -0.007
 2367,2020091112,   -0.185,   -0.185,    0.000,    0.000,    0.000,    0.000,    0.422,    0.422,   -0.084,   -0.084,    0.000,    0.000,    0.000,    0.000,   -0.013,   -0.013,   -0.534,   -0.534,    0.012,    0.012,   -0.111,   -0.111,   -0.006,   -0.006
 2367,2020091106,   -0.184,   -0.184,    0.000,    0.000,    0.000,    0.000,    0.427,    0.427,   -0.083,   -0.083,    0.000,    0.000,    0.000,    0.000,   -0.013,   -0.013,   -0.523,   -0.523,    0.008,    0.008,   -0.106,   -0.106,   -0.008,   -0.008
 2367,2020091100,   -0.184,   -0.184,    0.000,    0.000,    0.000,    0.000,    0.423,    0.423,   -0.087,   -0.087,    0.000,    0.000,    0.000,    0.000,   -0.013,   -0.013,   -0.530,   -0.530,    0.005,    0.005,   -0.109,   -0.109,   -0.009,   -0.009
 2367,2020091018,   -0.182,   -0.182,    0.000,    0.000,    0.000,    0.000,    0.428,    0.428,   -0.087,   -0.087,    0.000,    0.000,    0.000,    0.000,   -0.013,   -0.013,   -0.517,   -0.517,    0.004,    0.004,   -0.102,   -0.102,   -0.009,   -0.009
 2367,2020091012,   -0.184,   -0.184,    0.000,    0.000,    0.000,    0.000,    0.424,    0.424,   -0.091,   -0.091,    0.000,    0.000,    0.000,    0.000,   -0.013,   -0.013,   -0.530,   -0.530,    0.003,    0.003,   -0.108,   -0.108,   -0.010,   -0.010
 2367,2020091006,   -0.183,   -0.183,    0.000,    0.000,    0.000,    0.000,    0.426,    0.426,   -0.089,   -0.089,    0.000,    0.000,    0.000,    0.000,   -0.013,   -0.013,   -0.526,   -0.526,    0.001,    0.001,   -0.106,   -0.106,   -0.011,   -0.011
 2367,2020091000,   -0.184,   -0.184,    0.000,    0.000,    0.000,    0.000,    0.421,    0.421,   -0.093,   -0.093,    0.000,    0.000,    0.000,    0.000,   -0.013,   -0.013,   -0.540,   -0.540,    0.006,    0.006,   -0.112,   -0.112,   -0.009,   -0.009
 2367,2020090918,   -0.183,   -0.183,    0.000,    0.000,    0.000,    0.000,    0.424,    0.424,   -0.092,   -0.092,    0.000,    0.000,    0.000,    0.000,   -0.012,   -0.012,   -0.532,   -0.532,    0.005,    0.005,   -0.108,   -0.108,   -0.010,   -0.010
 2367,2020090912,   -0.182,   -0.182,    0.000,    0.000,    0.000,    0.000,    0.423,    0.423,   -0.092,   -0.092,    0.000,    0.000,    0.000,    0.000,   -0.012,   -0.012,   -0.535,   -0.535,    0.002,    0.002,   -0.109,   -0.109,   -0.011,   -0.011
 2367,2020090906,   -0.183,   -0.183,    0.000,    0.000,    0.000,    0.000,    0.421,    0.421,   -0.092,   -0.092,    0.000,    0.000,    0.000,    0.000,   -0.013,   -0.013,   -0.536,   -0.536,    0.003,    0.003,   -0.109,   -0.109,   -0.011,   -0.011
 2367,2020090900,   -0.181,   -0.181,    0.000,    0.000,    0.000,    0.000,    0.419,    0.419,   -0.090,   -0.090,    0.000,    0.000,    0.000,    0.000,   -0.012,   -0.012,   -0.540,   -0.540,    0.008,    0.008,   -0.109,   -0.109,   -0.008,   -0.008
 2367,2020090818,   -0.180,   -0.180,    0.000,    0.000,    0.000,    0.000,    0.423,    0.423,   -0.089,   -0.089,    0.000,    0.000,    0.000,    0.000,   -0.012,   -0.012,   -0.537,   -0.537,    0.008,    0.008,   -0.106,   -0.106,   -0.009,   -0.009
 2367,2020090812,   -0.180,   -0.180,    0.000,    0.000,    0.000,    0.000,    0.423,    0.423,   -0.090,   -0.090,    0.000,    0.000,    0.000,    0.000,   -0.012,   -0.012,   -0.535,   -0.535,    0.004,    0.004,   -0.105,   -0.105,   -0.011,   -0.011
 2367,2020090806,   -0.179,   -0.179,    0.000,    0.000,    0.000,    0.000,    0.420,    0.420,   -0.089,   -0.089,    0.000,    0.000,    0.000,    0.000,   -0.012,   -0.012,   -0.531,   -0.531,    0.003,    0.003,   -0.104,   -0.104,   -0.013,   -0.013
 2367,2020090800,   -0.180,   -0.180,    0.000,    0.000,    0.000,    0.000,    0.412,    0.412,   -0.088,   -0.088,    0.000,    0.000,    0.000,    0.000,   -0.012,   -0.012,   -0.539,   -0.539,    0.004,    0.004,   -0.108,   -0.108,   -0.013,   -0.013
 2367,2020090718,   -0.179,   -0.179,    0.000,    0.000,    0.000,    0.000,    0.414,    0.414,   -0.089,   -0.089,    0.000,    0.000,    0.000,    0.000,   -0.012,   -0.012,   -0.536,   -0.536,    0.003,    0.003,   -0.106,   -0.106,   -0.013,   -0.013
 2367,2020090712,   -0.178,   -0.178,    0.000,    0.000,    0.000,    0.000,    0.418,    0.418,   -0.087,   -0.087,    0.000,    0.000,    0.000,    0.000,   -0.012,   -0.012,   -0.535,   -0.535,    0.002,    0.002,   -0.104,   -0.104,   -0.014,   -0.014
 2367,2020090706,   -0.177,   -0.177,    0.000,    0.000,    0.000,    0.000,    0.414,    0.414,   -0.084,   -0.084,    0.000,    0.000,    0.000,    0.000,   -0.012,   -0.012,   -0.535,   -0.535,   -0.003,   -0.003,   -0.104,   -0.104,   -0.016,   -0.016
 2367,2020090700,   -0.178,   -0.178,    0.000,    0.000,    0.000,    0.000,    0.414,    0.414,   -0.086,   -0.086,    0.000,    0.000,    0.000,    0.000,   -0.012,   -0.012,   -0.540,   -0.540,   -0.001,   -0.001,   -0.106,   -0.106,   -0.016,   -0.016
 2367,2020090618,   -0.176,   -0.176,    0.000,    0.000,    0.000,    0.000,    0.411,    0.411,   -0.089,   -0.089,    0.000,    0.000,    0.000,    0.000,   -0.012,   -0.012,   -0.536,   -0.536,    0.002,    0.002,   -0.103,   -0.103,   -0.014,   -0.014
 2367,2020090612,   -0.176,   -0.176,    0.000,    0.000,    0.000,    0.000,    0.411,    0.411,   -0.091,   -0.091,    0.000,    0.000,    0.000,    0.000,   -0.011,   -0.011,   -0.539,   -0.539,    0.007,    0.007,   -0.104,   -0.104,   -0.013,   -0.013
 2367,2020090606,   -0.175,   -0.175,    0.000,    0.000,    0.000,    0.000,    0.413,    0.413,   -0.086,   -0.086,    0.000,    0.000,    0.000,    0.000,   -0.012,   -0.012,   -0.537,   -0.537,    0.010,    0.010,   -0.102,   -0.102,   -0.011,   -0.011
 2367,2020090600,   -0.175,   -0.175,    0.000,    0.000,    0.000,    0.000,    0.410,    0.410,   -0.082,   -0.082,    0.000,    0.000,    0.000,    0.000,   -0.012,   -0.012,   -0.549,   -0.549,    0.014,    0.014,   -0.107,   -0.107,   -0.009,   -0.009
 2367,2020090518,   -0.173,   -0.173,    0.000,    0.000,    0.000,    0.000,    0.410,    0.410,   -0.077,   -0.077,    0.000,    0.000,    0.000,    0.000,   -0.012,   -0.012,   -0.540,   -0.540,    0.011,    0.011,   -0.102,   -0.102,   -0.010,   -0.010
 2367,2020090512,   -0.174,   -0.174,    0.000,    0.000,    0.000,    0.000,    0.407,    0.407,   -0.081,   -0.081,    0.000,    0.000,    0.000,    0.000,   -0.011,   -0.011,   -0.546,   -0.546,    0.007,    0.007,   -0.104,   -0.104,   -0.012,   -0.012
 2367,2020090506,   -0.174,   -0.174,    0.000,    0.000,    0.000,    0.000,    0.401,    0.401,   -0.081,   -0.081,    0.000,    0.000,    0.000,    0.000,   -0.012,   -0.012,   -0.553,   -0.553,    0.013,    0.013,   -0.107,   -0.107,   -0.010,   -0.010
 2367,2020090500,   -0.174,   -0.174,    0.000,    0.000,    0.000,    0.000,    0.397,    0.397,   -0.080,   -0.080,    0.000,    0.000,    0.000,    0.000,   -0.011,   -0.011,   -0.554,   -0.554,    0.018,    0.018,   -0.107,   -0.107,   -0.008,   -0.008
 2367,2020090418,   -0.173,   -0.173,    0.000,    0.000,    0.000,    0.000,    0.400,    0.400,   -0.078,   -0.078,    0.000,    0.000,    0.000,    0.000,   -0.012,   -0.012,   -0.549,   -0.549,    0.017,    0.017,   -0.104,   -0.104,   -0.008,   -0.008
 2367,2020090412,   -0.173,   -0.173,    0.000,    0.000,    0.000,    0.000,    0.401,    0.401,   -0.079,   -0.079,    0.000,    0.000,    0.000,    0.000,   -0.012,   -0.012,   -0.548,   -0.548,    0.012,    0.012,   -0.104,   -0.104,   -0.011,   -0.011
 2367,2020090406,   -0.172,   -0.172,    0.000,    0.000,    0.000,    0.000,    0.400,    0.400,   -0.076,   -0.076,    0.000,    0.000,    0.000,    0.000,   -0.012,   -0.012,   -0.549,   -0.549,    0.014,    0.014,   -0.103,   -0.103,   -0.010,   -0.010
 2367,2020090400,   -0.172,   -0.172,    0.000,    0.000,    0.000,    0.000,    0.400,    0.400,   -0.081,   -0.081,    0.000,    0.000,    0.000,    0.000,   -0.012,   -0.012,   -0.560,   -0.560,    0.017,    0.017,   -0.107,   -0.107,   -0.009,   -0.009
 2367,2020090318,   -0.171,   -0.171,    0.000,    0.000,    0.000,    0.000,    0.401,    0.401,   -0.079,   -0.079,    0.000,    0.000,    0.000,    0.000,   -0.012,   -0.012,   -0.555,   -0.555,    0.017,    0.017,   -0.104,   -0.104,   -0.008,   -0.008
 2367,2020090312,   -0.171,   -0.171,    0.000,    0.000,    0.000,    0.000,    0.402,    0.402,   -0.082,   -0.082,    0.000,    0.000,    0.000,    0.000,   -0.012,   -0.012,   -0.561,   -0.561,    0.014,    0.014,   -0.106,   -0.106,   -0.010,   -0.010
 2367,2020090306,   -0.170,   -0.170,    0.000,    0.000,    0.000,    0.000,    0.403,    0.403,   -0.078,   -0.078,    0.000,    0.000,    0.000,    0.000,   -0.013,   -0.013,   -0.555,   -0.555,    0.012,    0.012,   -0.103,   -0.103,   -0.011,   -0.011
 2367,2020090300,   -0.169,   -0.169,    0.000,    0.000,    0.000,    0.000,    0.405,    0.405,   -0.079,   -0.079,    0.000,    0.000,    0.000,    0.000,   -0.012,   -0.012,   -0.558,   -0.558,    0.013,    0.013,   -0.104,   -0.104,   -0.012,   -0.012
 2367,2020090218,   -0.169,   -0.169,    0.000,    0.000,    0.000,    0.000,    0.404,    0.404,   -0.077,   -0.077,    0.000,    0.000,    0.000,    0.000,   -0.012,   -0.012,   -0.557,   -0.557,    0.016,    0.016,   -0.103,   -0.103,   -0.010,   -0.010
 2367,2020090212,   -0.168,   -0.168,    0.000,    0.000,    0.000,    0.000,    0.405,    0.405,   -0.078,   -0.078,    0.000,    0.000,    0.000,    0.000,   -0.011,   -0.011,   -0.558,   -0.558,    0.019,    0.019,   -0.102,   -0.102,   -0.009,   -0.009
 2367,2020090206,   -0.166,   -0.166,    0.000,    0.000,    0.000,    0.000,    0.405,    0.405,   -0.074,   -0.074,    0.000,    0.000,    0.000,    0.000,   -0.012,   -0.012,   -0.558,   -0.558,    0.018,    0.018,   -0.101,   -0.101,   -0.009,   -0.009
 2367,2020090200,   -0.165,   -0.165,    0.000,    0.000,    0.000,    0.000,    0.402,    0.402,   -0.078,   -0.078,    0.000,    0.000,    0.000,    0.000,   -0.011,   -0.011,   -0.558,   -0.558,    0.014,    0.014,   -0.100,   -0.100,   -0.012,   -0.012
 2367,2020090118,   -0.165,   -0.165,    0.000,    0.000,    0.000,    0.000,    0.404,    0.404,   -0.078,   -0.078,    0.000,    0.000,    0.000,    0.000,   -0.011,   -0.011,   -0.555,   -0.555,    0.012,    0.012,   -0.098,   -0.098,   -0.013,   -0.013
 2367,2020090112,   -0.165,   -0.165,    0.000,    0.000,    0.000,    0.000,    0.406,    0.406,   -0.078,   -0.078,    0.000,    0.000,    0.000,    0.000,   -0.011,   -0.011,   -0.553,   -0.553,    0.012,    0.012,   -0.097,   -0.097,   -0.013,   -0.013
 2367,2020090106,   -0.164,   -0.164,    0.000,    0.000,    0.000,    0.000,    0.406,    0.406,   -0.077,   -0.077,    0.000,    0.000,    0.000,    0.000,   -0.011,   -0.011,   -0.548,   -0.548,    0.013,    0.013,   -0.095,   -0.095,   -0.013,   -0.013
 2367,2020090100,   -0.164,   -0.164,    0.000,    0.000,    0.000,    0.000,    0.403,    0.403,   -0.081,   -0.081,    0.000,    0.000,    0.000,    0.000,   -0.011,   -0.011,   -0.553,   -0.553,    0.010,    0.010,   -0.097,   -0.097,   -0.014,   -0.014
 2367,2020083118,   -0.163,   -0.163,    0.000,    0.000,    0.000,    0.000,    0.400,    0.400,   -0.086,   -0.086,    0.000,    0.000,    0.000,    0.000,   -0.010,   -0.010,   -0.549,   -0.549,    0.008,    0.008,   -0.095,   -0.095,   -0.014,   -0.014
 2367,2020083112,   -0.162,   -0.162,    0.000,    0.000,    0.000,    0.000,    0.397,    0.397,   -0.087,   -0.087,    0.000,    0.000,    0.000,    0.000,   -0.010,   -0.010,   -0.549,   -0.549,    0.007,    0.007,   -0.094,   -0.094,   -0.015,   -0.015
 2367,2020083106,   -0.161,   -0.161,    0.000,    0.000,    0.000,    0.000,    0.396,    0.396,   -0.089,   -0.089,    0.000,    0.000,    0.000,    0.000,   -0.010,   -0.010,   -0.549,   -0.549,    0.007,    0.007,   -0.094,   -0.094,   -0.015,   -0.015
 2367,2020083100,   -0.161,   -0.161,    0.000,    0.000,    0.000,    0.000,    0.393,    0.393,   -0.088,   -0.088,    0.000,    0.000,    0.000,    0.000,   -0.010,   -0.010,   -0.556,   -0.556,    0.012,    0.012,   -0.096,   -0.096,   -0.013,   -0.013
 2367,2020083018,   -0.160,   -0.160,    0.000,    0.000,    0.000,    0.000,    0.389,    0.389,   -0.092,   -0.092,    0.000,    0.000,    0.000,    0.000,   -0.010,   -0.010,   -0.552,   -0.552,    0.007,    0.007,   -0.092,   -0.092,   -0.015,   -0.015
 2367,2020083012,   -0.159,   -0.159,    0.000,    0.000,    0.000,    0.000,    0.388,    0.388,   -0.093,   -0.093,    0.000,    0.000,    0.000,    0.000,   -0.010,   -0.010,   -0.552,   -0.552,    0.007,    0.007,   -0.091,   -0.091,   -0.015,   -0.015
 2367,2020083006,   -0.158,   -0.158,    0.000,    0.000,    0.000,    0.000,    0.391,    0.391,   -0.091,   -0.091,    0.000,    0.000,    0.000,    0.000,   -0.010,   -0.010,   -0.544,   -0.544,    0.007,    0.007,   -0.087,   -0.087,   -0.015,   -0.015
 2367,2020083000,   -0.156,   -0.156,    0.000,    0.000,    0.000,    0.000,    0.388,    0.388,   -0.093,   -0.093,    0.000,    0.000,    0.000,    0.000,   -0.009,   -0.009,   -0.549,   -0.549,    0.012,    0.012,   -0.088,   -0.088,   -0.012,   -0.012
