 4257,2020092000,    0.166,    0.166,    0.000,    0.000,    0.000,    0.000,    0.038,    0.038,    0.138,    0.138,    0.000,    0.000,    0.000,    0.000,    0.026,    0.026,    0.760,    0.760,   -0.228,   -0.228,   -0.515,   -0.515,    0.075,    0.075
 4257,2020091918,    0.165,    0.165,    0.000,    0.000,    0.000,    0.000,    0.039,    0.039,    0.134,    0.134,    0.000,    0.000,    0.000,    0.000,    0.029,    0.029,    0.759,    0.759,   -0.223,   -0.223,   -0.517,   -0.517,    0.077,    0.077
 4257,2020091912,    0.163,    0.163,    0.000,    0.000,    0.000,    0.000,    0.037,    0.037,    0.132,    0.132,    0.000,    0.000,    0.000,    0.000,    0.027,    0.027,    0.749,    0.749,   -0.223,   -0.223,   -0.523,   -0.523,    0.078,    0.078
 4257,2020091906,    0.164,    0.164,    0.000,    0.000,    0.000,    0.000,    0.036,    0.036,    0.132,    0.132,    0.000,    0.000,    0.000,    0.000,    0.028,    0.028,    0.754,    0.754,   -0.223,   -0.223,   -0.521,   -0.521,    0.079,    0.079
 4257,2020091900,    0.164,    0.164,    0.000,    0.000,    0.000,    0.000,    0.036,    0.036,    0.133,    0.133,    0.000,    0.000,    0.000,    0.000,    0.011,    0.011,    0.755,    0.755,   -0.222,   -0.222,   -0.521,   -0.521,    0.081,    0.081
 4257,2020091818,    0.166,    0.166,    0.000,    0.000,    0.000,    0.000,    0.036,    0.036,    0.132,    0.132,    0.000,    0.000,    0.000,    0.000,    0.026,    0.026,    0.760,    0.760,   -0.225,   -0.225,   -0.519,   -0.519,    0.079,    0.079
 4257,2020091812,    0.163,    0.163,    0.000,    0.000,    0.000,    0.000,    0.034,    0.034,    0.130,    0.130,    0.000,    0.000,    0.000,    0.000,    0.028,    0.028,    0.756,    0.756,   -0.229,   -0.229,   -0.522,   -0.522,    0.078,    0.078
 4257,2020091806,    0.163,    0.163,    0.000,    0.000,    0.000,    0.000,    0.033,    0.033,    0.133,    0.133,    0.000,    0.000,    0.000,    0.000,    0.027,    0.027,    0.755,    0.755,   -0.221,   -0.221,   -0.522,   -0.522,    0.081,    0.081
 4257,2020091800,    0.163,    0.163,    0.000,    0.000,    0.000,    0.000,    0.033,    0.033,    0.134,    0.134,    0.000,    0.000,    0.000,    0.000,    0.021,    0.021,    0.764,    0.764,   -0.218,   -0.218,   -0.519,   -0.519,    0.082,    0.082
 4257,2020091718,    0.164,    0.164,    0.000,    0.000,    0.000,    0.000,    0.034,    0.034,    0.134,    0.134,    0.000,    0.000,    0.000,    0.000,    0.021,    0.021,    0.765,    0.765,   -0.226,   -0.226,   -0.518,   -0.518,    0.079,    0.079
 4257,2020091712,    0.161,    0.161,    0.000,    0.000,    0.000,    0.000,    0.033,    0.033,    0.133,    0.133,    0.000,    0.000,    0.000,    0.000,    0.022,    0.022,    0.754,    0.754,   -0.217,   -0.217,   -0.524,   -0.524,    0.085,    0.085
 4257,2020091706,    0.159,    0.159,    0.000,    0.000,    0.000,    0.000,    0.031,    0.031,    0.138,    0.138,    0.000,    0.000,    0.000,    0.000,    0.010,    0.010,    0.743,    0.743,   -0.216,   -0.216,   -0.530,   -0.530,    0.084,    0.084
 4257,2020091700,    0.158,    0.158,    0.000,    0.000,    0.000,    0.000,    0.031,    0.031,    0.138,    0.138,    0.000,    0.000,    0.000,    0.000,    0.019,    0.019,    0.745,    0.745,   -0.228,   -0.228,   -0.530,   -0.530,    0.080,    0.080
 4257,2020091618,    0.159,    0.159,    0.000,    0.000,    0.000,    0.000,    0.030,    0.030,    0.137,    0.137,    0.000,    0.000,    0.000,    0.000,    0.018,    0.018,    0.749,    0.749,   -0.223,   -0.223,   -0.528,   -0.528,    0.081,    0.081
 4257,2020091612,    0.160,    0.160,    0.000,    0.000,    0.000,    0.000,    0.030,    0.030,    0.137,    0.137,    0.000,    0.000,    0.000,    0.000,    0.030,    0.030,    0.757,    0.757,   -0.222,   -0.222,   -0.525,   -0.525,    0.082,    0.082
 4257,2020091606,    0.160,    0.160,    0.000,    0.000,    0.000,    0.000,    0.032,    0.032,    0.138,    0.138,    0.000,    0.000,    0.000,    0.000,    0.031,    0.031,    0.765,    0.765,   -0.214,   -0.214,   -0.522,   -0.522,    0.085,    0.085
 4257,2020091600,    0.160,    0.160,    0.000,    0.000,    0.000,    0.000,    0.033,    0.033,    0.138,    0.138,    0.000,    0.000,    0.000,    0.000,    0.040,    0.040,    0.761,    0.761,   -0.218,   -0.218,   -0.523,   -0.523,    0.083,    0.083
 4257,2020091518,    0.159,    0.159,    0.000,    0.000,    0.000,    0.000,    0.032,    0.032,    0.139,    0.139,    0.000,    0.000,    0.000,    0.000,    0.038,    0.038,    0.761,    0.761,   -0.214,   -0.214,   -0.524,   -0.524,    0.086,    0.086
 4257,2020091512,    0.159,    0.159,    0.000,    0.000,    0.000,    0.000,    0.033,    0.033,    0.136,    0.136,    0.000,    0.000,    0.000,    0.000,    0.025,    0.025,    0.758,    0.758,   -0.211,   -0.211,   -0.526,   -0.526,    0.087,    0.087
 4257,2020091506,    0.159,    0.159,    0.000,    0.000,    0.000,    0.000,    0.031,    0.031,    0.140,    0.140,    0.000,    0.000,    0.000,    0.000,    0.011,    0.011,    0.743,    0.743,   -0.212,   -0.212,   -0.531,   -0.531,    0.086,    0.086
 4257,2020091500,    0.158,    0.158,    0.000,    0.000,    0.000,    0.000,    0.032,    0.032,    0.139,    0.139,    0.000,    0.000,    0.000,    0.000,   -0.002,   -0.002,    0.733,    0.733,   -0.211,   -0.211,   -0.537,   -0.537,    0.087,    0.087
 4257,2020091418,    0.157,    0.157,    0.000,    0.000,    0.000,    0.000,    0.031,    0.031,    0.141,    0.141,    0.000,    0.000,    0.000,    0.000,    0.014,    0.014,    0.736,    0.736,   -0.215,   -0.215,   -0.536,   -0.536,    0.086,    0.086
 4257,2020091412,    0.156,    0.156,    0.000,    0.000,    0.000,    0.000,    0.031,    0.031,    0.140,    0.140,    0.000,    0.000,    0.000,    0.000,    0.022,    0.022,    0.737,    0.737,   -0.215,   -0.215,   -0.538,   -0.538,    0.085,    0.085
 4257,2020091406,    0.156,    0.156,    0.000,    0.000,    0.000,    0.000,    0.031,    0.031,    0.143,    0.143,    0.000,    0.000,    0.000,    0.000,    0.019,    0.019,    0.745,    0.745,   -0.216,   -0.216,   -0.536,   -0.536,    0.084,    0.084
 4257,2020091400,    0.158,    0.158,    0.000,    0.000,    0.000,    0.000,    0.033,    0.033,    0.144,    0.144,    0.000,    0.000,    0.000,    0.000,   -0.000,   -0.000,    0.759,    0.759,   -0.208,   -0.208,   -0.529,   -0.529,    0.088,    0.088
 4257,2020091318,    0.158,    0.158,    0.000,    0.000,    0.000,    0.000,    0.032,    0.032,    0.144,    0.144,    0.000,    0.000,    0.000,    0.000,   -0.009,   -0.009,    0.760,    0.760,   -0.213,   -0.213,   -0.529,   -0.529,    0.086,    0.086
 4257,2020091312,    0.159,    0.159,    0.000,    0.000,    0.000,    0.000,    0.033,    0.033,    0.141,    0.141,    0.000,    0.000,    0.000,    0.000,   -0.019,   -0.019,    0.755,    0.755,   -0.213,   -0.213,   -0.531,   -0.531,    0.086,    0.086
 4257,2020091306,    0.159,    0.159,    0.000,    0.000,    0.000,    0.000,    0.031,    0.031,    0.142,    0.142,    0.000,    0.000,    0.000,    0.000,   -0.028,   -0.028,    0.746,    0.746,   -0.211,   -0.211,   -0.535,   -0.535,    0.087,    0.087
 4257,2020091300,    0.160,    0.160,    0.000,    0.000,    0.000,    0.000,    0.034,    0.034,    0.140,    0.140,    0.000,    0.000,    0.000,    0.000,   -0.034,   -0.034,    0.752,    0.752,   -0.213,   -0.213,   -0.532,   -0.532,    0.086,    0.086
 4257,2020091218,    0.159,    0.159,    0.000,    0.000,    0.000,    0.000,    0.033,    0.033,    0.139,    0.139,    0.000,    0.000,    0.000,    0.000,   -0.069,   -0.069,    0.753,    0.753,   -0.218,   -0.218,   -0.533,   -0.533,    0.085,    0.085
 4257,2020091212,    0.160,    0.160,    0.000,    0.000,    0.000,    0.000,    0.035,    0.035,    0.135,    0.135,    0.000,    0.000,    0.000,    0.000,   -0.077,   -0.077,    0.751,    0.751,   -0.218,   -0.218,   -0.534,   -0.534,    0.085,    0.085
 4257,2020091206,    0.160,    0.160,    0.000,    0.000,    0.000,    0.000,    0.033,    0.033,    0.137,    0.137,    0.000,    0.000,    0.000,    0.000,   -0.080,   -0.080,    0.744,    0.744,   -0.209,   -0.209,   -0.536,   -0.536,    0.089,    0.089
 4257,2020091200,    0.161,    0.161,    0.000,    0.000,    0.000,    0.000,    0.035,    0.035,    0.138,    0.138,    0.000,    0.000,    0.000,    0.000,   -0.069,   -0.069,    0.745,    0.745,   -0.213,   -0.213,   -0.534,   -0.534,    0.087,    0.087
 4257,2020091118,    0.160,    0.160,    0.000,    0.000,    0.000,    0.000,    0.035,    0.035,    0.139,    0.139,    0.000,    0.000,    0.000,    0.000,   -0.053,   -0.053,    0.748,    0.748,   -0.220,   -0.220,   -0.534,   -0.534,    0.085,    0.085
 4257,2020091112,    0.161,    0.161,    0.000,    0.000,    0.000,    0.000,    0.033,    0.033,    0.140,    0.140,    0.000,    0.000,    0.000,    0.000,   -0.015,   -0.015,    0.743,    0.743,   -0.226,   -0.226,   -0.536,   -0.536,    0.084,    0.084
 4257,2020091106,    0.161,    0.161,    0.000,    0.000,    0.000,    0.000,    0.032,    0.032,    0.138,    0.138,    0.000,    0.000,    0.000,    0.000,   -0.009,   -0.009,    0.728,    0.728,   -0.230,   -0.230,   -0.541,   -0.541,    0.084,    0.084
 4257,2020091100,    0.164,    0.164,    0.000,    0.000,    0.000,    0.000,    0.033,    0.033,    0.138,    0.138,    0.000,    0.000,    0.000,    0.000,   -0.003,   -0.003,    0.737,    0.737,   -0.228,   -0.228,   -0.536,   -0.536,    0.084,    0.084
 4257,2020091018,    0.163,    0.163,    0.000,    0.000,    0.000,    0.000,    0.032,    0.032,    0.137,    0.137,    0.000,    0.000,    0.000,    0.000,    0.004,    0.004,    0.737,    0.737,   -0.234,   -0.234,   -0.536,   -0.536,    0.082,    0.082
 4257,2020091012,    0.163,    0.163,    0.000,    0.000,    0.000,    0.000,    0.032,    0.032,    0.136,    0.136,    0.000,    0.000,    0.000,    0.000,    0.014,    0.014,    0.733,    0.733,   -0.226,   -0.226,   -0.539,   -0.539,    0.086,    0.086
 4257,2020091006,    0.162,    0.162,    0.000,    0.000,    0.000,    0.000,    0.031,    0.031,    0.137,    0.137,    0.000,    0.000,    0.000,    0.000,    0.014,    0.014,    0.727,    0.727,   -0.221,   -0.221,   -0.542,   -0.542,    0.089,    0.089
 4257,2020091000,    0.164,    0.164,    0.000,    0.000,    0.000,    0.000,    0.032,    0.032,    0.134,    0.134,    0.000,    0.000,    0.000,    0.000,    0.029,    0.029,    0.726,    0.726,   -0.227,   -0.227,   -0.541,   -0.541,    0.086,    0.086
 4257,2020090918,    0.165,    0.165,    0.000,    0.000,    0.000,    0.000,    0.033,    0.033,    0.131,    0.131,    0.000,    0.000,    0.000,    0.000,    0.012,    0.012,    0.726,    0.726,   -0.225,   -0.225,   -0.541,   -0.541,    0.086,    0.086
 4257,2020090912,    0.165,    0.165,    0.000,    0.000,    0.000,    0.000,    0.031,    0.031,    0.128,    0.128,    0.000,    0.000,    0.000,    0.000,    0.012,    0.012,    0.718,    0.718,   -0.228,   -0.228,   -0.544,   -0.544,    0.084,    0.084
 4257,2020090906,    0.165,    0.165,    0.000,    0.000,    0.000,    0.000,    0.030,    0.030,    0.127,    0.127,    0.000,    0.000,    0.000,    0.000,    0.001,    0.001,    0.722,    0.722,   -0.229,   -0.229,   -0.544,   -0.544,    0.083,    0.083
 4257,2020090900,    0.171,    0.171,    0.000,    0.000,    0.000,    0.000,    0.031,    0.031,    0.128,    0.128,    0.000,    0.000,    0.000,    0.000,    0.007,    0.007,    0.745,    0.745,   -0.234,   -0.234,   -0.532,   -0.532,    0.080,    0.080
 4257,2020090818,    0.169,    0.169,    0.000,    0.000,    0.000,    0.000,    0.031,    0.031,    0.125,    0.125,    0.000,    0.000,    0.000,    0.000,   -0.006,   -0.006,    0.734,    0.734,   -0.241,   -0.241,   -0.537,   -0.537,    0.077,    0.077
 4257,2020090812,    0.169,    0.169,    0.000,    0.000,    0.000,    0.000,    0.031,    0.031,    0.125,    0.125,    0.000,    0.000,    0.000,    0.000,    0.010,    0.010,    0.733,    0.733,   -0.233,   -0.233,   -0.537,   -0.537,    0.080,    0.080
 4257,2020090806,    0.168,    0.168,    0.000,    0.000,    0.000,    0.000,    0.030,    0.030,    0.125,    0.125,    0.000,    0.000,    0.000,    0.000,   -0.005,   -0.005,    0.731,    0.731,   -0.234,   -0.234,   -0.539,   -0.539,    0.079,    0.079
 4257,2020090800,    0.171,    0.171,    0.000,    0.000,    0.000,    0.000,    0.031,    0.031,    0.127,    0.127,    0.000,    0.000,    0.000,    0.000,   -0.010,   -0.010,    0.744,    0.744,   -0.228,   -0.228,   -0.532,   -0.532,    0.084,    0.084
 4257,2020090718,    0.172,    0.172,    0.000,    0.000,    0.000,    0.000,    0.031,    0.031,    0.124,    0.124,    0.000,    0.000,    0.000,    0.000,    0.012,    0.012,    0.738,    0.738,   -0.238,   -0.238,   -0.534,   -0.534,    0.080,    0.080
 4257,2020090712,    0.174,    0.174,    0.000,    0.000,    0.000,    0.000,    0.029,    0.029,    0.123,    0.123,    0.000,    0.000,    0.000,    0.000,    0.001,    0.001,    0.737,    0.737,   -0.240,   -0.240,   -0.534,   -0.534,    0.080,    0.080
 4257,2020090706,    0.174,    0.174,    0.000,    0.000,    0.000,    0.000,    0.029,    0.029,    0.122,    0.122,    0.000,    0.000,    0.000,    0.000,   -0.009,   -0.009,    0.734,    0.734,   -0.233,   -0.233,   -0.534,   -0.534,    0.084,    0.084
 4257,2020090700,    0.175,    0.175,    0.000,    0.000,    0.000,    0.000,    0.029,    0.029,    0.125,    0.125,    0.000,    0.000,    0.000,    0.000,   -0.001,   -0.001,    0.739,    0.739,   -0.228,   -0.228,   -0.531,   -0.531,    0.087,    0.087
 4257,2020090618,    0.179,    0.179,    0.000,    0.000,    0.000,    0.000,    0.030,    0.030,    0.123,    0.123,    0.000,    0.000,    0.000,    0.000,    0.003,    0.003,    0.752,    0.752,   -0.243,   -0.243,   -0.525,   -0.525,    0.081,    0.081
 4257,2020090612,    0.177,    0.177,    0.000,    0.000,    0.000,    0.000,    0.029,    0.029,    0.124,    0.124,    0.000,    0.000,    0.000,    0.000,    0.010,    0.010,    0.739,    0.739,   -0.241,   -0.241,   -0.530,   -0.530,    0.082,    0.082
 4257,2020090606,    0.178,    0.178,    0.000,    0.000,    0.000,    0.000,    0.029,    0.029,    0.124,    0.124,    0.000,    0.000,    0.000,    0.000,    0.010,    0.010,    0.742,    0.742,   -0.244,   -0.244,   -0.529,   -0.529,    0.081,    0.081
 4257,2020090600,    0.179,    0.179,    0.000,    0.000,    0.000,    0.000,    0.029,    0.029,    0.126,    0.126,    0.000,    0.000,    0.000,    0.000,    0.009,    0.009,    0.757,    0.757,   -0.249,   -0.249,   -0.522,   -0.522,    0.077,    0.077
 4257,2020090518,    0.177,    0.177,    0.000,    0.000,    0.000,    0.000,    0.030,    0.030,    0.121,    0.121,    0.000,    0.000,    0.000,    0.000,    0.015,    0.015,    0.752,    0.752,   -0.245,   -0.245,   -0.526,   -0.526,    0.078,    0.078
 4257,2020090512,    0.175,    0.175,    0.000,    0.000,    0.000,    0.000,    0.028,    0.028,    0.122,    0.122,    0.000,    0.000,    0.000,    0.000,    0.013,    0.013,    0.738,    0.738,   -0.244,   -0.244,   -0.533,   -0.533,    0.078,    0.078
 4257,2020090506,    0.174,    0.174,    0.000,    0.000,    0.000,    0.000,    0.028,    0.028,    0.122,    0.122,    0.000,    0.000,    0.000,    0.000,   -0.006,   -0.006,    0.738,    0.738,   -0.236,   -0.236,   -0.532,   -0.532,    0.081,    0.081
 4257,2020090500,    0.174,    0.174,    0.000,    0.000,    0.000,    0.000,    0.029,    0.029,    0.123,    0.123,    0.000,    0.000,    0.000,    0.000,   -0.008,   -0.008,    0.730,    0.730,   -0.244,   -0.244,   -0.535,   -0.535,    0.079,    0.079
 4257,2020090418,    0.177,    0.177,    0.000,    0.000,    0.000,    0.000,    0.028,    0.028,    0.121,    0.121,    0.000,    0.000,    0.000,    0.000,   -0.007,   -0.007,    0.743,    0.743,   -0.243,   -0.243,   -0.530,   -0.530,    0.079,    0.079
 4257,2020090412,    0.179,    0.179,    0.000,    0.000,    0.000,    0.000,    0.028,    0.028,    0.122,    0.122,    0.000,    0.000,    0.000,    0.000,   -0.005,   -0.005,    0.742,    0.742,   -0.235,   -0.235,   -0.530,   -0.530,    0.082,    0.082
 4257,2020090406,    0.180,    0.180,    0.000,    0.000,    0.000,    0.000,    0.026,    0.026,    0.122,    0.122,    0.000,    0.000,    0.000,    0.000,   -0.013,   -0.013,    0.741,    0.741,   -0.245,   -0.245,   -0.530,   -0.530,    0.079,    0.079
 4257,2020090400,    0.180,    0.180,    0.000,    0.000,    0.000,    0.000,    0.026,    0.026,    0.124,    0.124,    0.000,    0.000,    0.000,    0.000,   -0.018,   -0.018,    0.743,    0.743,   -0.241,   -0.241,   -0.530,   -0.530,    0.081,    0.081
 4257,2020090318,    0.180,    0.180,    0.000,    0.000,    0.000,    0.000,    0.026,    0.026,    0.121,    0.121,    0.000,    0.000,    0.000,    0.000,   -0.022,   -0.022,    0.729,    0.729,   -0.244,   -0.244,   -0.535,   -0.535,    0.080,    0.080
 4257,2020090312,    0.178,    0.178,    0.000,    0.000,    0.000,    0.000,    0.023,    0.023,    0.121,    0.121,    0.000,    0.000,    0.000,    0.000,   -0.013,   -0.013,    0.723,    0.723,   -0.233,   -0.233,   -0.539,   -0.539,    0.085,    0.085
 4257,2020090306,    0.179,    0.179,    0.000,    0.000,    0.000,    0.000,    0.022,    0.022,    0.120,    0.120,    0.000,    0.000,    0.000,    0.000,   -0.027,   -0.027,    0.731,    0.731,   -0.229,   -0.229,   -0.536,   -0.536,    0.086,    0.086
 4257,2020090300,    0.177,    0.177,    0.000,    0.000,    0.000,    0.000,    0.022,    0.022,    0.123,    0.123,    0.000,    0.000,    0.000,    0.000,   -0.028,   -0.028,    0.728,    0.728,   -0.228,   -0.228,   -0.539,   -0.539,    0.086,    0.086
 4257,2020090218,    0.181,    0.181,    0.000,    0.000,    0.000,    0.000,    0.023,    0.023,    0.120,    0.120,    0.000,    0.000,    0.000,    0.000,   -0.029,   -0.029,    0.744,    0.744,   -0.237,   -0.237,   -0.531,   -0.531,    0.082,    0.082
 4257,2020090212,    0.183,    0.183,    0.000,    0.000,    0.000,    0.000,    0.026,    0.026,    0.116,    0.116,    0.000,    0.000,    0.000,    0.000,   -0.016,   -0.016,    0.737,    0.737,   -0.241,   -0.241,   -0.534,   -0.534,    0.080,    0.080
 4257,2020090206,    0.185,    0.185,    0.000,    0.000,    0.000,    0.000,    0.026,    0.026,    0.117,    0.117,    0.000,    0.000,    0.000,    0.000,   -0.018,   -0.018,    0.736,    0.736,   -0.230,   -0.230,   -0.533,   -0.533,    0.086,    0.086
 4257,2020090200,    0.186,    0.186,    0.000,    0.000,    0.000,    0.000,    0.027,    0.027,    0.114,    0.114,    0.000,    0.000,    0.000,    0.000,   -0.015,   -0.015,    0.725,    0.725,   -0.232,   -0.232,   -0.537,   -0.537,    0.085,    0.085
 4257,2020090118,    0.191,    0.191,    0.000,    0.000,    0.000,    0.000,    0.030,    0.030,    0.112,    0.112,    0.000,    0.000,    0.000,    0.000,   -0.019,   -0.019,    0.751,    0.751,   -0.238,   -0.238,   -0.524,   -0.524,    0.083,    0.083
 4257,2020090112,    0.192,    0.192,    0.000,    0.000,    0.000,    0.000,    0.031,    0.031,    0.111,    0.111,    0.000,    0.000,    0.000,    0.000,   -0.024,   -0.024,    0.743,    0.743,   -0.238,   -0.238,   -0.527,   -0.527,    0.083,    0.083
 4257,2020090106,    0.193,    0.193,    0.000,    0.000,    0.000,    0.000,    0.032,    0.032,    0.109,    0.109,    0.000,    0.000,    0.000,    0.000,   -0.026,   -0.026,    0.743,    0.743,   -0.236,   -0.236,   -0.526,   -0.526,    0.085,    0.085
 4257,2020090100,    0.193,    0.193,    0.000,    0.000,    0.000,    0.000,    0.033,    0.033,    0.111,    0.111,    0.000,    0.000,    0.000,    0.000,   -0.028,   -0.028,    0.747,    0.747,   -0.235,   -0.235,   -0.525,   -0.525,    0.086,    0.086
 4257,2020083118,    0.193,    0.193,    0.000,    0.000,    0.000,    0.000,    0.033,    0.033,    0.112,    0.112,    0.000,    0.000,    0.000,    0.000,   -0.023,   -0.023,    0.746,    0.746,   -0.244,   -0.244,   -0.526,   -0.526,    0.082,    0.082
 4257,2020083112,    0.191,    0.191,    0.000,    0.000,    0.000,    0.000,    0.035,    0.035,    0.111,    0.111,    0.000,    0.000,    0.000,    0.000,   -0.017,   -0.017,    0.728,    0.728,   -0.240,   -0.240,   -0.534,   -0.534,    0.083,    0.083
 4257,2020083106,    0.194,    0.194,    0.000,    0.000,    0.000,    0.000,    0.036,    0.036,    0.111,    0.111,    0.000,    0.000,    0.000,    0.000,   -0.014,   -0.014,    0.727,    0.727,   -0.234,   -0.234,   -0.534,   -0.534,    0.086,    0.086
 4257,2020083100,    0.196,    0.196,    0.000,    0.000,    0.000,    0.000,    0.038,    0.038,    0.113,    0.113,    0.000,    0.000,    0.000,    0.000,   -0.015,   -0.015,    0.734,    0.734,   -0.240,   -0.240,   -0.531,   -0.531,    0.083,    0.083
 4257,2020083018,    0.196,    0.196,    0.000,    0.000,    0.000,    0.000,    0.036,    0.036,    0.112,    0.112,    0.000,    0.000,    0.000,    0.000,   -0.004,   -0.004,    0.735,    0.735,   -0.247,   -0.247,   -0.530,   -0.530,    0.080,    0.080
 4257,2020083012,    0.195,    0.195,    0.000,    0.000,    0.000,    0.000,    0.036,    0.036,    0.108,    0.108,    0.000,    0.000,    0.000,    0.000,   -0.002,   -0.002,    0.727,    0.727,   -0.236,   -0.236,   -0.534,   -0.534,    0.085,    0.085
 4257,2020083006,    0.196,    0.196,    0.000,    0.000,    0.000,    0.000,    0.034,    0.034,    0.114,    0.114,    0.000,    0.000,    0.000,    0.000,   -0.008,   -0.008,    0.737,    0.737,   -0.229,   -0.229,   -0.530,   -0.530,    0.087,    0.087
 4257,2020083000,    0.197,    0.197,    0.000,    0.000,    0.000,    0.000,    0.035,    0.035,    0.115,    0.115,    0.000,    0.000,    0.000,    0.000,   -0.008,   -0.008,    0.750,    0.750,   -0.236,   -0.236,   -0.524,   -0.524,    0.083,    0.083
